Date,Open,High,Low,Close,Volume,Neg,Fin
2017-01-02,2.71046,2.77738,2.54315,2.64353,68600,66,54075
2017-01-03,2.64353,2.677,2.50968,2.677,55500,33,42331
2017-01-04,2.677,2.677,2.54315,2.54315,67900,32,52704
2017-01-05,2.50968,2.64353,2.47622,2.54315,222600,87,168863
2017-01-06,2.54315,2.61007,2.50968,2.54315,63100,31,47797
2017-01-09,2.54315,2.57661,2.44276,2.44276,67900,45,50772
2017-01-10,2.50968,2.50968,2.34237,2.37583,101300,47,73919
2017-01-11,2.37583,2.54315,2.37583,2.44276,127600,91,93057
2017-01-12,2.44276,2.47622,2.30891,2.4093,321800,119,227545
2017-01-13,2.37583,2.44276,2.34237,2.37583,127800,59,90815
2017-01-16,2.4093,2.44276,2.34237,2.37583,76000,39,54153
2017-01-17,2.4093,2.87777,2.34237,2.81085,1148800,409,912514
2017-01-18,2.87777,3.84818,2.87777,3.64741,2084300,1002,2107666
2017-01-19,4.11588,4.41704,3.58048,3.74779,1690900,787,2015130
2017-01-20,3.91511,4.11588,3.64741,3.74779,1737500,557,1975247
2017-01-23,3.17917,3.2712,2.94492,3.02858,248900,306,926401
2017-01-24,3.05368,3.51382,3.05368,3.2712,197200,217,766082
2017-01-26,3.3465,3.37996,3.02021,3.05368,100400,125,377470
2017-01-27,3.04531,3.21264,2.76086,2.80269,181700,152,641883
2017-01-30,2.92818,2.92818,2.50987,2.50987,127900,124,396731
2017-01-31,2.63537,2.74413,2.56007,2.63537,43400,54,137436
2017-02-01,2.71903,2.71903,2.53497,2.56844,64800,42,201239
2017-02-02,2.5517,2.66883,2.54334,2.59353,9900,16,30996
2017-02-03,2.5266,2.59353,2.5266,2.56007,21500,32,65218
2017-02-06,2.53497,2.64373,2.5266,2.54334,11200,28,34285
2017-02-07,2.5266,2.5266,2.43458,2.44294,22000,30,64582
2017-02-08,2.44294,2.50987,2.30908,2.35928,40900,43,117416
2017-02-09,2.76086,3.16244,2.76086,3.09551,436300,617,1551318
2017-02-10,3.05368,3.09551,2.76086,2.76086,171200,229,592565
2017-02-13,2.76086,2.83616,2.6772,2.75249,64100,56,209735
2017-02-14,2.72739,2.83616,2.69393,2.76923,23000,40,75585
2017-02-15,2.77759,2.81106,2.6772,2.76086,37200,50,121763
2017-02-16,2.75249,2.80269,2.72739,2.80269,38900,59,128120
2017-02-17,2.79432,3.05368,2.79432,2.84452,81500,123,282972
2017-02-20,2.91145,2.94492,2.83616,2.87799,25000,51,86155
2017-02-21,2.91145,2.91145,2.74413,2.74413,6500,19,21728
2017-02-22,3.20427,3.20427,2.84452,2.84452,235100,222,852238
2017-02-23,2.97838,2.97838,2.71066,2.71066,57900,65,193810
2017-02-24,2.71903,2.84452,2.71903,2.73576,3600,11,11870
2017-03-01,2.84452,2.84452,2.80269,2.80269,4400,7,14923
2017-03-02,2.71903,2.71903,2.6521,2.6521,33900,36,108134
2017-03-03,2.63537,2.73576,2.627,2.6772,10500,27,33248
2017-03-06,2.80269,2.80269,2.58517,2.58517,17500,30,55246
2017-03-07,2.66046,2.66046,2.56844,2.6019,8500,25,26402
2017-03-08,2.6772,2.6772,2.50151,2.50987,14800,29,44600
2017-03-09,2.50151,2.63537,2.50151,2.50151,18000,31,54275
2017-03-10,2.50987,2.5266,2.42621,2.51824,14500,27,43081
2017-03-13,2.51824,2.56844,2.44294,2.54334,2800,9,8400
2017-03-14,2.47641,2.54334,2.45131,2.45131,6800,15,20286
2017-03-15,2.46804,2.51824,2.42621,2.50987,9300,17,27425
2017-03-16,2.45131,2.49314,2.42621,2.48477,2000,9,5892
2017-03-17,2.50987,2.56844,2.38438,2.38438,21800,32,62995
2017-03-20,2.38438,2.49314,2.36765,2.36765,5400,13,15388
2017-03-21,2.45967,2.45967,2.34255,2.34255,8800,22,24864
2017-03-22,2.39274,2.48477,2.30072,2.34255,13200,25,37100
2017-03-23,2.34255,2.47641,2.30908,2.34255,22900,24,64761
2017-03-24,2.35928,2.50151,2.34255,2.34255,10800,21,31037
2017-03-27,2.31745,2.49314,2.31745,2.49314,12500,26,36406
2017-03-28,2.49314,2.59353,2.49314,2.49314,23000,46,69884
2017-03-29,2.5768,2.5768,2.45131,2.45131,5500,17,16531
2017-03-30,2.40111,2.49314,2.35091,2.36765,14100,24,40100
2017-03-31,2.32581,2.50151,2.32581,2.40948,600,5,1753
2017-04-03,2.40111,2.40111,2.40111,2.40111,300,1,861
2017-04-04,2.48477,2.48477,2.25888,2.32581,20600,39,57211
2017-04-05,2.45967,2.6772,2.30908,2.32581,217300,414,654023
2017-04-06,2.32581,2.41784,2.23379,2.23379,74200,77,202059
2017-04-07,2.25888,2.33418,2.13339,2.17522,40900,63,107404
2017-04-10,2.25052,2.25052,2.07483,2.07483,60500,44,152987
2017-04-11,2.09156,2.17522,2.04136,2.04136,27300,33,68084
2017-04-12,2.13339,2.13339,2.033,2.04973,24800,22,61533
2017-04-13,2.04973,2.16686,2.0079,2.0079,5100,18,12419
2017-04-17,2.15849,2.15849,1.99953,1.99953,21100,28,50731
2017-04-18,2.09156,2.09156,1.92424,2.01626,6700,15,16016
2017-04-19,2.02463,2.09156,1.96607,1.99953,8800,15,21228
2017-04-20,2.07483,2.07483,1.9326,1.99953,17900,21,42049
2017-04-24,1.99953,2.033,1.92424,1.99117,15800,25,37112
2017-04-25,1.99953,2.06646,1.87404,2.05809,51600,55,120520
2017-04-26,2.0079,2.0079,1.92424,1.96607,37700,35,88081
2017-04-27,1.96607,1.96607,1.84894,1.8824,16600,28,37787
2017-04-28,1.8824,2.01626,1.8824,1.97443,36900,28,86783
2017-05-02,2.01626,2.07483,1.99117,1.99117,10300,12,24893
2017-05-03,2.01626,2.05809,1.94097,1.94933,20800,23,49090
2017-05-04,2.02463,2.02463,1.91587,1.92424,12800,22,29499
2017-05-05,1.99953,1.99953,1.96607,1.9828,3200,7,7554
2017-05-08,1.96607,1.97443,1.92424,1.97443,2900,9,6805
2017-05-09,1.9326,1.99117,1.91587,1.9828,8000,22,18674
2017-05-10,2.0079,2.0079,1.9326,1.9326,1700,13,4042
2017-05-11,1.9828,1.99953,1.9075,1.9075,9500,15,22265
2017-05-12,1.91587,1.91587,1.91587,1.91587,1700,1,3893
2017-05-15,1.91587,1.96607,1.91587,1.96607,2100,4,4911
2017-05-16,1.96607,2.14176,1.89914,2.02463,54900,89,135315
2017-05-17,2.02463,2.21705,2.02463,2.15012,54400,67,137969
2017-05-18,1.85731,1.94097,1.84057,1.8824,31200,51,70118
2017-05-19,1.9326,1.9828,1.8824,1.94097,45100,20,101973
2017-05-22,1.89077,1.9577,1.71508,1.71508,33500,38,71670
2017-05-23,1.71508,1.75691,1.63142,1.67325,34200,39,68668
2017-05-24,1.72345,1.84894,1.72345,1.84894,28800,23,61569
2017-05-25,1.87404,1.92424,1.71508,1.71508,38300,56,81434
2017-05-26,1.74854,1.79874,1.74854,1.79874,4100,8,8752
2017-05-29,1.79874,1.81547,1.79874,1.81547,400,2,862
2017-05-30,1.74854,1.81547,1.67325,1.75691,44800,50,92305
2017-05-31,1.75691,1.75691,1.68998,1.68998,8900,13,18186
2017-06-01,1.69835,1.76528,1.63142,1.65652,125500,93,251324
2017-06-02,1.67325,1.71508,1.63978,1.63978,26900,21,52925
2017-06-05,1.64815,1.70671,1.64815,1.70671,6600,12,13271
2017-06-06,1.67325,1.75691,1.67325,1.71508,29500,24,60498
2017-06-07,1.74018,1.74018,1.67325,1.67325,18600,16,37399
2017-06-08,1.67325,1.68161,1.64815,1.64815,2900,9,5808
2017-06-09,1.65652,1.67325,1.63978,1.65652,9500,7,18875
2017-06-12,1.69835,1.69835,1.58959,1.68998,38000,30,73037
2017-06-13,1.71508,1.71508,1.65652,1.65652,600,6,1205
2017-06-14,1.67325,1.72345,1.63978,1.64815,13700,13,27163
2017-06-16,1.68161,1.68998,1.58959,1.58959,8600,16,16660
2017-06-19,1.67325,1.67325,1.60632,1.60632,3200,11,6274
2017-06-20,1.61468,1.62305,1.57285,1.62305,6400,19,12157
2017-06-21,1.62305,1.64815,1.57285,1.58122,16100,18,30950
2017-06-22,1.61468,1.69835,1.54775,1.69835,26300,27,51903
2017-06-23,1.68998,1.74018,1.66488,1.71508,14400,17,29584
2017-06-26,1.74018,1.74018,1.63978,1.71508,3600,8,7386
2017-06-27,1.73181,1.74018,1.68161,1.71508,14400,19,29116
2017-06-28,1.72345,1.72345,1.72345,1.72345,200,1,412
2017-06-29,1.72345,1.74854,1.63142,1.63142,31300,41,62649
2017-06-30,1.63142,1.71508,1.63142,1.71508,5100,6,10331
2017-07-03,1.71508,1.74018,1.60632,1.65652,53500,52,106438
2017-07-04,1.67325,1.67325,1.62305,1.67325,6400,11,12532
2017-07-05,1.68998,1.68998,1.64815,1.65652,2300,9,4567
2017-07-06,1.68998,1.68998,1.63142,1.63142,45800,16,89500
2017-07-07,1.68998,1.69835,1.63142,1.68161,1200,7,2390
2017-07-10,1.68998,1.68998,1.63142,1.63978,1700,10,3341
2017-07-11,1.67325,1.67325,1.61468,1.65652,1300,6,2539
2017-07-12,1.66488,1.69835,1.63978,1.69835,5400,11,10865
2017-07-13,1.68998,1.72345,1.68998,1.71508,8800,14,18003
2017-07-14,1.71508,1.86567,1.68998,1.84057,108800,129,233415
2017-07-17,1.84057,2.17522,1.84057,2.04973,229600,264,562710
2017-07-18,2.13339,2.18359,1.96607,2.09993,126900,153,316075
2017-07-19,2.11666,2.25888,2.05809,2.25888,165100,212,427005
2017-07-20,2.30072,2.41784,2.25888,2.28398,92900,143,256779
2017-07-21,2.21705,2.30072,2.09993,2.17522,73200,86,190994
2017-07-24,2.17522,2.17522,2.12502,2.17522,21700,29,56019
2017-07-25,2.20869,2.29235,2.18359,2.18359,20000,37,53600
2017-07-26,2.18359,2.26725,2.17522,2.17522,10700,17,27969
2017-07-27,2.17522,2.24215,2.11666,2.24215,22300,21,57751
2017-07-28,2.20032,2.25888,2.15012,2.23379,19600,28,51615
2017-07-31,2.23379,2.29235,2.16686,2.16686,8700,19,22857
2017-08-01,2.21705,2.21705,2.033,2.09156,49500,43,126436
2017-08-02,2.09156,2.09156,1.99117,2.0079,33400,60,80840
2017-08-03,1.99117,2.06646,1.99117,2.033,5500,19,13199
2017-08-04,2.11666,2.24215,2.08319,2.16686,30900,29,80338
2017-08-07,2.20032,2.25052,2.14176,2.15849,20800,42,54210
2017-08-08,2.10829,2.20869,2.10829,2.13339,7400,15,19052
2017-08-09,2.14176,2.14176,2.09156,2.09156,8900,12,22492
2017-08-10,2.09993,2.13339,2.09993,2.10829,5600,8,14138
2017-08-11,2.09993,2.11666,2.09993,2.10829,5600,9,14118
2017-08-14,2.20869,2.20869,2.09156,2.11666,5500,13,14008
2017-08-15,2.09993,2.17522,2.09156,2.14176,2300,7,5911
2017-08-16,2.05809,2.05809,2.02463,2.02463,4300,9,10458
2017-08-17,2.16686,2.16686,2.0079,2.0079,1400,6,3379
2017-08-18,2.08319,2.09156,2.02463,2.09156,16500,17,41202
2017-08-21,2.0079,2.09156,1.94933,1.96607,14200,25,34083
2017-08-22,2.04973,2.04973,1.9075,1.9075,22500,41,52025
2017-08-23,1.92424,1.96607,1.91587,1.9577,8400,9,19563
2017-08-24,1.99953,2.02463,1.96607,1.99117,11400,19,27192
2017-08-25,2.0079,2.0079,1.94097,1.99117,3600,5,8388
2017-08-28,1.99953,1.99953,1.8824,1.94933,15200,28,35169
2017-08-29,1.9326,1.94097,1.84894,1.87404,71100,63,160322
2017-08-30,1.87404,1.87404,1.83221,1.83221,9500,16,21029
2017-08-31,1.86567,1.86567,1.81547,1.82384,7700,17,16888
2017-09-01,1.83221,1.87404,1.79874,1.81547,24000,32,52009
2017-09-04,1.82384,1.82384,1.80711,1.80711,3000,10,6522
2017-09-05,1.79874,1.84894,1.79874,1.84057,2000,7,4316
2017-09-06,1.85731,1.85731,1.79874,1.79874,9500,19,20573
2017-09-08,1.79874,1.79874,1.79038,1.79874,6300,14,13538
2017-09-11,1.85731,1.85731,1.79038,1.79038,16300,12,35073
2017-09-12,1.79038,1.79038,1.71508,1.71508,33400,32,69789
2017-09-13,1.75691,1.79874,1.71508,1.79874,15300,24,32040
2017-09-14,1.79874,1.79874,1.73181,1.73181,12400,19,26079
2017-09-15,1.79874,1.82384,1.73181,1.80711,16600,31,35009
2017-09-18,1.79874,1.79874,1.79038,1.79874,2000,3,4295
2017-09-19,1.79038,1.79038,1.73181,1.79038,6200,7,13174
2017-09-20,1.79038,1.89914,1.79038,1.85731,41400,63,91470
2017-09-21,1.89914,1.94097,1.78201,1.78201,26600,48,59432
2017-09-22,1.83221,1.86567,1.82384,1.82384,6400,10,14010
2017-09-25,1.86567,1.86567,1.79874,1.79874,8900,12,19277
2017-09-26,1.80711,1.80711,1.74854,1.74854,14100,18,29750
2017-09-27,1.74854,1.74854,1.74854,1.74854,4800,5,10032
2017-09-28,1.74018,1.75691,1.72345,1.72345,7000,16,14516
2017-09-29,1.73181,1.82384,1.71508,1.73181,23900,31,49627
2017-10-02,1.72345,1.72345,1.68998,1.68998,9900,17,20126
2017-10-03,1.68998,1.71508,1.67325,1.68161,31500,36,63192
2017-10-04,1.71508,1.71508,1.65652,1.65652,12900,16,25641
2017-10-05,1.69835,1.69835,1.64815,1.68998,18100,14,36038
2017-10-06,1.65652,1.67325,1.62305,1.67325,4000,18,7877
2017-10-09,1.64815,1.66488,1.64815,1.64815,700,3,1389
2017-10-10,1.73181,1.75691,1.67325,1.75691,12700,19,26379
2017-10-11,1.71508,1.71508,1.68161,1.71508,4700,9,9532
2017-10-13,1.67325,1.73181,1.67325,1.73181,11300,12,22688
2017-10-16,1.71508,1.71508,1.66488,1.71508,6900,11,14082
2017-10-17,1.67325,1.71508,1.67325,1.67325,7700,11,15509
2017-10-18,1.68998,1.68998,1.66488,1.66488,2100,7,4198
2017-10-19,1.66488,1.68161,1.65652,1.68161,4400,10,8811
2017-10-20,1.69835,1.71508,1.69835,1.70671,3300,4,6714
2017-10-23,1.70671,1.70671,1.65652,1.65652,4000,10,7985
2017-10-24,1.69835,1.69835,1.69835,1.69835,100,1,203
2017-10-26,1.71508,1.71508,1.64815,1.68998,4900,5,9986
2017-10-27,1.63142,1.66488,1.62305,1.66488,4000,6,7823
2017-10-30,1.67325,1.67325,1.63142,1.63978,13800,18,27509
2017-10-31,1.63978,1.63978,1.63978,1.63978,1900,4,3724
2017-11-01,1.63142,1.67325,1.62305,1.67325,10300,14,20431
2017-11-03,1.61468,1.64815,1.61468,1.61468,15700,14,30353
2017-11-06,1.61468,1.66488,1.61468,1.66488,5700,11,11058
2017-11-08,1.59795,1.66488,1.57285,1.64815,1700,9,3248
2017-11-09,1.66488,1.66488,1.63142,1.63142,1500,6,2935
2017-11-10,1.92424,2.04973,1.81547,1.82384,146800,220,335097
2017-11-13,1.79038,1.84057,1.75691,1.75691,23400,33,49677
2017-11-14,1.74854,1.81547,1.74854,1.79874,9300,15,19986
2017-11-16,1.73181,1.74018,1.64815,1.64815,52500,62,106276
2017-11-17,1.63978,1.74018,1.63978,1.74018,5800,13,11799
2017-11-21,1.71508,1.74018,1.69835,1.74018,2200,10,4492
2017-11-22,1.69835,1.71508,1.67325,1.71508,10600,11,21375
2017-11-23,1.67325,1.71508,1.64815,1.71508,10000,17,19970
2017-11-24,1.72345,1.72345,1.67325,1.72345,12600,8,25866
2017-11-27,1.68998,1.68998,1.68998,1.68998,600,1,1212
2017-11-28,1.70671,1.70671,1.67325,1.67325,20800,18,41770
2017-11-29,1.69835,1.69835,1.65652,1.69835,1900,5,3824
2017-11-30,1.63142,1.69835,1.63142,1.69835,2600,5,5108
2017-12-01,1.69835,1.74018,1.69835,1.71508,11600,15,23896
2017-12-04,1.71508,1.71508,1.67325,1.71508,4200,9,8450
2017-12-05,1.68161,1.74018,1.67325,1.71508,7000,12,14078
2017-12-06,1.66488,1.72345,1.66488,1.72345,1300,2,2594
2017-12-07,1.72345,1.72345,1.65652,1.72345,1000,6,1996
2017-12-08,1.70671,1.70671,1.63978,1.69835,4100,9,8238
2017-12-11,1.69835,1.69835,1.62305,1.62305,5000,13,9872
2017-12-12,1.64815,1.67325,1.62305,1.67325,9000,23,17761
2017-12-13,1.70671,1.70671,1.65652,1.68998,14400,32,28863
2017-12-14,1.64815,1.67325,1.63142,1.63978,22100,16,43316
2017-12-15,1.67325,1.72345,1.67325,1.67325,13100,21,26649
2017-12-18,1.73181,1.80711,1.72345,1.72345,49300,56,103773
2017-12-19,1.68998,1.72345,1.67325,1.72345,3200,5,6421
2017-12-20,1.71508,1.71508,1.65652,1.69835,10800,13,21824
2017-12-21,1.67325,1.67325,1.61468,1.66488,62700,49,122134
2017-12-22,1.67325,1.67325,1.67325,1.67325,100,1,200
2017-12-26,1.69835,1.69835,1.63142,1.67325,7200,14,14117
2017-12-27,1.63142,1.71508,1.62305,1.70671,28900,35,57389
2017-12-28,1.67325,1.70671,1.67325,1.70671,300,2,608
2018-01-02,1.67325,1.67325,1.65652,1.66488,4600,6,9176
2018-01-03,1.65652,1.69835,1.64815,1.67325,6200,10,12415
2018-01-04,1.68998,1.68998,1.63142,1.68998,6700,12,13240
2018-01-05,1.65652,1.67325,1.63142,1.67325,9800,19,19326
2018-01-08,1.67325,1.67325,1.63978,1.63978,6000,9,11849
2018-01-09,1.65652,1.67325,1.63142,1.64815,5900,7,11651
2018-01-10,1.64815,1.67325,1.63978,1.67325,5300,5,10513
2018-01-11,1.67325,1.67325,1.64815,1.67325,600,4,1188
2018-01-12,1.63978,1.68161,1.63978,1.68161,2100,5,4176
2018-01-16,1.63978,1.72345,1.63978,1.71508,22500,19,45807
2018-01-17,1.75691,1.9075,1.72345,1.8824,198900,216,430725
2018-01-18,1.8824,1.91587,1.72345,1.75691,123800,67,266739
2018-01-19,1.75691,1.82384,1.73181,1.74854,34100,25,72582
2018-01-22,1.71508,1.77364,1.71508,1.77364,5900,7,12149
2018-01-23,1.72345,1.75691,1.67325,1.75691,28200,19,57078
2018-01-24,1.68161,1.68161,1.68161,1.68161,6000,5,12060
2018-01-26,1.68161,1.68161,1.68161,1.68161,2500,3,5025
2018-01-29,1.68161,1.68161,1.66488,1.67325,18200,19,36407
2018-01-30,1.67325,1.67325,1.65652,1.65652,15300,13,30368
2018-01-31,1.65652,1.71508,1.64815,1.64815,26000,14,51731
2018-02-01,1.71508,1.71508,1.65652,1.65652,1200,5,2446
2018-02-02,1.65652,1.65652,1.63142,1.63142,16400,23,32231
2018-02-05,1.67325,1.67325,1.61468,1.63142,10100,13,19710
2018-02-06,1.61468,1.71508,1.61468,1.63142,56100,35,111352
2018-02-07,1.67325,1.71508,1.67325,1.69835,17700,28,35686
2018-02-08,1.67325,1.68998,1.63978,1.64815,16800,18,33389
2018-02-09,1.65652,1.65652,1.65652,1.65652,1000,1,1980
2018-02-14,1.63978,1.64815,1.63978,1.64815,300,2,590
2018-02-15,1.67325,1.68161,1.66488,1.68161,7800,17,15620
2018-02-16,1.67325,1.70671,1.66488,1.68998,10300,16,20721
2018-02-19,1.70671,1.70671,1.65652,1.68998,3700,7,7394
2018-02-20,1.68998,1.68998,1.63978,1.63978,10800,13,21383
2018-02-21,1.67325,1.67325,1.67325,1.67325,2100,7,4200
2018-02-22,1.68998,1.68998,1.63978,1.67325,3200,8,6338
2018-02-23,1.67325,1.67325,1.63142,1.63142,5500,10,10854
2018-02-26,1.64815,1.66488,1.62305,1.63142,6400,11,12487
2018-02-27,1.63978,1.63978,1.58959,1.62305,10900,15,21116
2018-02-28,1.65652,1.65652,1.65652,1.65652,100,1,198
2018-03-02,1.64815,1.64815,1.58959,1.58959,1700,6,3273
2018-03-05,1.56449,1.59795,1.56449,1.58122,9200,9,17489
2018-03-06,1.62305,1.62305,1.58959,1.58959,10200,4,19388
2018-03-07,1.58959,1.58959,1.53102,1.58959,6400,16,11843
2018-03-08,1.58959,1.70671,1.58959,1.67325,19600,36,38706
2018-03-09,1.68998,1.68998,1.61468,1.65652,5800,14,11273
2018-03-12,1.63142,1.68998,1.61468,1.62305,8600,15,16708
2018-03-13,1.65652,1.65652,1.58122,1.60632,9800,12,18817
2018-03-14,1.63142,1.64815,1.63142,1.64815,700,5,1371
2018-03-16,1.60632,1.60632,1.59795,1.59795,900,4,1720
2018-03-19,1.58122,1.58959,1.58122,1.58959,2300,6,4366
2018-03-20,1.58122,1.63978,1.56449,1.58122,9300,17,17877
2018-03-21,1.58122,1.58959,1.54775,1.55612,8200,13,15291
2018-03-22,1.55612,1.58122,1.53939,1.58122,4400,8,8124
2018-03-23,1.58959,1.58959,1.58959,1.58959,100,1,190
2018-03-26,1.55612,1.55612,1.53102,1.53102,8300,11,15303
2018-03-27,1.53102,1.53102,1.43899,1.45573,9600,15,16975
2018-03-28,1.50592,1.58959,1.50592,1.50592,6200,17,11369
2018-03-29,1.48082,1.51429,1.48082,1.48082,600,4,1073
2018-04-02,1.46409,1.46409,1.43063,1.43063,19500,13,33555
2018-04-03,1.42226,1.43063,1.42226,1.42226,13500,10,23000
2018-04-04,1.42226,1.42226,1.3386,1.42226,17200,28,28143
2018-04-05,1.42226,1.48082,1.42226,1.44736,4400,19,7600
2018-04-06,1.48082,1.58122,1.48082,1.58122,25100,21,45523
2018-04-09,1.53102,1.53102,1.50592,1.50592,4400,7,7991
2018-04-10,1.58959,1.58959,1.57285,1.57285,6100,8,11577
2018-04-11,1.57285,1.58959,1.48919,1.51429,14000,16,26328
2018-04-13,1.56449,1.57285,1.56449,1.57285,3100,6,5803
2018-04-16,1.56449,1.56449,1.56449,1.56449,200,2,374
2018-04-17,1.48919,1.49756,1.48919,1.48919,2800,9,4994
2018-04-18,1.55612,1.55612,1.50592,1.50592,1500,7,2713
2018-04-19,1.52266,1.55612,1.51429,1.54775,1900,4,3453
2018-04-20,1.56449,1.57285,1.56449,1.57285,400,4,749
2018-04-23,1.50592,1.50592,1.50592,1.50592,1000,2,1800
2018-04-24,1.50592,1.53939,1.50592,1.53939,2200,5,4008
2018-04-25,1.54775,1.54775,1.49756,1.49756,1800,4,3234
2018-04-26,1.50592,1.58122,1.50592,1.52266,18500,21,34099
2018-04-27,1.53102,1.57285,1.53102,1.53939,4100,5,7522
2018-04-30,1.53939,1.57285,1.52266,1.52266,11300,18,20944
2018-05-02,1.56449,1.56449,1.51429,1.55612,5100,13,9297
2018-05-03,1.55612,1.55612,1.50592,1.50592,2200,5,4038
2018-05-04,1.57285,1.57285,1.54775,1.54775,1600,4,2965
2018-05-07,1.55612,1.55612,1.51429,1.51429,700,2,1277
2018-05-08,1.57285,1.57285,1.51429,1.52266,2300,8,4223
2018-05-09,1.57285,1.57285,1.51429,1.51429,1100,4,2005
2018-05-10,1.51429,1.66488,1.51429,1.58959,61400,49,117779
2018-05-11,1.63142,1.72345,1.61468,1.66488,38700,51,77311
2018-05-14,1.73181,1.73181,1.61468,1.61468,19100,24,37861
2018-05-15,1.61468,1.63978,1.58959,1.58959,15700,21,30104
2018-05-16,1.58959,1.58959,1.56449,1.56449,8600,8,16208
2018-05-18,1.52266,1.59795,1.43063,1.58959,16800,24,29883
2018-05-21,1.56449,1.56449,1.56449,1.56449,500,1,935
2018-05-22,1.43899,1.55612,1.43899,1.55612,1200,6,2102
2018-05-23,1.53939,1.53939,1.53939,1.53939,100,1,184
2018-05-24,1.43899,1.43899,1.43899,1.43899,500,1,860
2018-05-25,1.55612,1.55612,1.43899,1.53939,3300,9,5801
2018-05-28,1.43063,1.43063,1.42226,1.43063,4400,7,7519
2018-05-29,1.42226,1.60632,1.42226,1.57285,10700,19,19674
2018-05-30,1.45573,1.55612,1.43899,1.48082,3600,12,6293
2018-06-01,1.54775,1.54775,1.35533,1.42226,8500,18,14207
2018-06-04,1.49756,1.49756,1.49756,1.49756,300,1,537
2018-06-06,1.41389,1.42226,1.41389,1.42226,4600,10,7775
2018-06-07,1.48919,1.49756,1.3386,1.3386,18600,20,30218
2018-06-08,1.42226,1.42226,1.42226,1.42226,100,1,170
2018-06-11,1.3386,1.3386,1.29677,1.29677,4700,15,7394
2018-06-12,1.35533,1.35533,1.2633,1.2633,5600,13,8704
2018-06-13,1.22984,1.2382,1.17127,1.22147,14100,37,19949
2018-06-14,1.2382,1.28003,1.2382,1.27167,3900,15,5831
2018-06-15,1.28003,1.28003,1.17127,1.17127,1100,5,1597
2018-06-18,1.22984,1.22984,1.17127,1.17127,5900,9,8283
2018-06-19,1.17127,1.28003,1.17127,1.28003,11400,29,17176
2018-06-20,1.2884,1.42226,1.2884,1.42226,13200,32,22198
2018-06-21,1.3888,1.40553,1.3888,1.40553,900,3,1501
2018-06-22,1.42226,1.43063,1.42226,1.42226,4900,6,8350
2018-06-25,1.45573,1.45573,1.3637,1.3637,2100,5,3434
2018-06-26,1.3637,1.44736,1.3386,1.35533,8500,23,14028
2018-06-27,1.45573,1.45573,1.3386,1.3386,12800,17,21406
2018-06-28,1.3386,1.3386,1.3386,1.3386,300,1,480
2018-06-29,1.30513,1.40553,1.29677,1.3386,1400,12,2232
2018-07-02,1.3386,1.3637,1.3386,1.34696,2100,4,3376
2018-07-03,1.34696,1.35533,1.3386,1.34696,6800,8,10910
2018-07-04,1.35533,1.37206,1.2633,1.3386,9900,28,15462
2018-07-05,1.30513,1.35533,1.2884,1.35533,2700,13,4229
2018-07-06,1.3135,1.3386,1.2884,1.3386,5400,10,8386
2018-07-10,1.3386,1.3386,1.2633,1.2633,6700,12,10239
2018-07-11,1.27167,1.3386,1.25494,1.3386,7700,10,11617
2018-07-12,1.29677,1.34696,1.29677,1.3386,1400,5,2236
2018-07-13,1.3386,1.3888,1.3386,1.34696,4600,13,7459
2018-07-16,1.30513,1.3386,1.29677,1.3386,1900,13,2983
2018-07-17,1.33023,1.3888,1.33023,1.37206,19300,56,31010
2018-07-18,1.3888,1.40553,1.3386,1.38043,2200,8,3584
2018-07-19,1.38043,1.40553,1.38043,1.40553,16300,22,27227
2018-07-20,1.41389,1.53102,1.41389,1.50592,32600,47,57044
2018-07-23,1.50592,1.63142,1.50592,1.60632,21400,60,40494
2018-07-24,1.62305,1.70671,1.60632,1.70671,55600,66,109802
2018-07-25,1.69835,1.70671,1.59795,1.66488,7500,16,14731
2018-07-26,1.69835,1.69835,1.68998,1.68998,300,3,608
2018-07-27,1.59795,1.63978,1.58959,1.63978,9200,8,17547
2018-07-30,1.63978,1.63978,1.63978,1.63978,400,1,784
2018-07-31,1.58959,1.58959,1.50592,1.50592,10200,12,18415
2018-08-01,1.51429,1.51429,1.50592,1.50592,5400,6,9724
2018-08-02,1.48082,1.54775,1.48082,1.54775,1000,4,1822
2018-08-03,1.54775,1.55612,1.48082,1.48082,3000,4,5416
2018-08-07,1.50592,1.50592,1.50592,1.50592,100,1,180
2018-08-08,1.43899,1.43899,1.43899,1.43899,1500,2,2580
2018-08-09,1.43899,1.43899,1.43063,1.43063,3500,4,5997
2018-08-10,1.49756,1.49756,1.46409,1.46409,700,7,1239
2018-08-13,1.42226,1.42226,1.39716,1.39716,2000,2,3370
2018-08-14,1.40553,1.40553,1.40553,1.40553,2100,4,3528
2018-08-15,1.43063,1.50592,1.38043,1.50592,14300,19,25189
2018-08-16,1.50592,1.58122,1.50592,1.51429,2100,5,3794
2018-08-17,1.52266,1.54775,1.43063,1.43063,11000,10,19624
2018-08-20,1.50592,1.50592,1.42226,1.50592,3300,11,5796
2018-08-27,1.43899,1.49756,1.43899,1.49756,5300,8,9393
2018-08-28,1.43899,1.46409,1.3888,1.3888,1700,8,2887
2018-08-29,1.41389,1.41389,1.41389,1.41389,100,1,169
2018-08-30,1.37206,1.38043,1.29677,1.3386,17300,24,28000
2018-08-31,1.32187,1.39716,1.32187,1.39716,1100,3,1747
2018-09-03,1.32187,1.35533,1.29677,1.35533,2500,9,3908
2018-09-04,1.30513,1.30513,1.2884,1.29677,6800,9,10547
2018-09-05,1.3386,1.43063,1.3386,1.43063,4300,10,7062
2018-09-06,1.43063,1.50592,1.43063,1.50592,13800,18,24459
2018-09-10,1.50592,1.57285,1.50592,1.57285,17100,21,31402
2018-09-11,1.58959,1.63142,1.58959,1.63142,18100,20,34815
2018-09-12,1.66488,1.67325,1.61468,1.66488,26500,26,52868
2018-09-13,1.67325,1.71508,1.52266,1.66488,17900,22,34983
2018-09-14,1.66488,1.66488,1.66488,1.66488,100,1,199
2018-09-17,1.58959,1.58959,1.50592,1.50592,7400,9,13528
2018-09-18,1.52266,1.54775,1.52266,1.54775,400,2,731
2018-09-19,1.51429,1.52266,1.50592,1.52266,9500,15,17160
2018-09-20,1.50592,1.55612,1.43063,1.43063,10300,18,18038
2018-09-21,1.47246,1.49756,1.43899,1.43899,4600,9,8104
2018-09-24,1.49756,1.49756,1.38043,1.38043,3200,8,5393
2018-09-25,1.45573,1.45573,1.34696,1.34696,9300,28,15146
2018-09-26,1.3637,1.42226,1.3637,1.42226,2200,10,3679
2018-09-27,1.3888,1.43899,1.3888,1.43899,3400,7,5806
2018-09-28,1.43063,1.49756,1.42226,1.42226,3600,6,6181
2018-10-01,1.42226,1.42226,1.42226,1.42226,1000,2,1700
2018-10-02,1.42226,1.42226,1.42226,1.42226,700,1,1190
2018-10-03,1.49756,1.49756,1.3637,1.42226,21500,32,36342
2018-10-04,1.43899,1.48919,1.42226,1.42226,800,8,1392
2018-10-05,1.48082,1.48082,1.45573,1.46409,800,7,1408
2018-10-08,1.42226,1.42226,1.38043,1.38043,1200,5,2010
2018-10-09,1.39716,1.39716,1.38043,1.3888,1400,6,2327
2018-10-10,1.43899,1.43899,1.43899,1.43899,600,1,1032
2018-10-15,1.38043,1.43899,1.35533,1.35533,8700,16,14258
2018-10-16,1.3386,1.42226,1.3386,1.42226,4900,14,8085
2018-10-17,1.38043,1.48919,1.34696,1.48919,27700,34,46149
2018-10-18,1.48919,1.52266,1.41389,1.49756,40500,36,69802
2018-10-19,1.43899,1.46409,1.40553,1.40553,13200,24,22590
2018-10-22,1.40553,1.45573,1.40553,1.45573,3800,10,6553
2018-10-23,1.41389,1.41389,1.37206,1.38043,30100,48,49896
2018-10-24,1.43899,1.44736,1.38043,1.43899,4500,12,7667
2018-10-25,1.43899,1.63142,1.39716,1.40553,31300,56,55625
2018-10-26,1.44736,1.48919,1.43063,1.46409,21100,20,37230
2018-10-29,1.46409,1.50592,1.42226,1.45573,6300,13,10930
2018-10-30,1.45573,1.45573,1.37206,1.37206,6200,9,10285
2018-10-31,1.42226,1.48082,1.3888,1.3888,9400,17,15974
2018-11-01,1.39716,1.39716,1.38043,1.3888,6100,10,10137
2018-11-05,1.38043,1.45573,1.37206,1.44736,7000,13,11768
2018-11-06,1.39716,1.43899,1.39716,1.41389,2800,8,4698
2018-11-07,1.39716,1.39716,1.37206,1.3888,3300,11,5466
2018-11-08,1.3888,1.44736,1.3888,1.42226,13200,6,22002
2018-11-09,1.44736,1.44736,1.3888,1.3888,3700,8,6354
2018-11-13,1.39716,1.39716,1.3386,1.34696,14900,19,24318
2018-11-14,1.3637,1.3637,1.3637,1.3637,1500,2,2445
2018-11-16,1.3637,1.3637,1.3637,1.3637,300,1,489
2018-11-19,1.35533,1.3637,1.3135,1.3135,8800,12,14067
2018-11-21,1.33023,1.34696,1.3135,1.34696,5000,10,7896
2018-11-22,1.3386,1.34696,1.3386,1.3386,300,3,481
2018-11-23,1.32187,1.32187,1.25494,1.25494,6400,12,9791
2018-11-26,1.25494,1.28003,1.2382,1.25494,15900,15,23972
2018-11-27,1.30513,1.33023,1.25494,1.30513,5500,15,8551
2018-11-28,1.25494,1.28003,1.25494,1.25494,11100,14,16782
2018-11-29,1.27167,1.27167,1.25494,1.25494,2200,3,3302
2018-11-30,1.25494,1.33023,1.25494,1.33023,6800,8,10728
2018-12-03,1.29677,1.29677,1.27167,1.27167,3400,12,5255
2018-12-04,1.27167,1.37206,1.27167,1.37206,6800,14,10662
2018-12-05,1.3386,1.38043,1.30513,1.38043,2500,11,4041
2018-12-06,1.38043,1.38043,1.30513,1.30513,5500,12,8629
2018-12-07,1.30513,1.3135,1.29677,1.29677,6000,11,9336
2018-12-10,1.30513,1.30513,1.29677,1.29677,5600,7,8690
2018-12-11,1.30513,1.30513,1.2633,1.2633,11200,11,17299
2018-12-12,1.2633,1.2633,1.24657,1.2633,3400,8,5102
2018-12-13,1.2633,1.2633,1.2633,1.2633,500,1,755
2018-12-14,1.24657,1.25494,1.22147,1.22147,7500,19,11112
2018-12-17,1.2131,1.27167,1.20474,1.2131,7500,14,10933
2018-12-18,1.18801,1.2131,1.17127,1.2131,11700,12,16469
2018-12-19,1.17964,1.20474,1.17127,1.17127,7000,8,9857
2018-12-20,1.2131,1.25494,1.17964,1.17964,10600,16,15219
2018-12-21,1.2131,1.2131,1.17127,1.17127,2000,5,2840
2018-12-27,1.17127,1.28003,1.17127,1.24657,14200,28,20887
2018-12-28,1.25494,1.25494,1.25494,1.25494,500,2,750
2019-01-02,1.24657,1.25494,1.24657,1.25494,1800,3,2698
2019-01-03,1.2382,1.2382,1.18801,1.18801,7600,15,10993
2019-01-04,1.22984,1.24657,1.18801,1.18801,1600,8,2308
2019-01-07,1.17964,1.2131,1.17127,1.17127,4500,11,6366
2019-01-08,1.17127,1.17127,1.16291,1.16291,9000,9,12596
2019-01-09,1.22147,1.22147,1.16291,1.16291,5100,15,7197
2019-01-11,1.2131,1.2131,1.2131,1.2131,900,6,1305
2019-01-14,1.17964,1.2131,1.17127,1.17127,3000,8,4226
2019-01-15,1.17127,1.2382,1.17127,1.17127,9100,16,12951
2019-01-16,1.17127,1.22147,1.16291,1.16291,4300,12,6046
2019-01-17,1.17127,1.17964,1.14617,1.14617,17000,24,23730
2019-01-18,1.15454,1.18801,1.14617,1.18801,6500,10,9048
2019-01-21,1.20474,1.2131,1.16291,1.17127,12600,17,17687
2019-01-22,1.17127,1.25494,1.17127,1.17964,17600,35,25421
2019-01-23,1.22147,1.22147,1.16291,1.16291,5600,16,7885
2019-01-24,1.20474,1.22147,1.20474,1.22147,2300,14,3317
2019-01-29,1.17127,1.22147,1.17127,1.22147,10600,21,15192
2019-01-30,1.22984,1.22984,1.2131,1.2131,4200,8,6102
2019-01-31,1.22147,1.22147,1.17964,1.17964,9600,16,13589
2019-02-01,1.20474,1.25494,1.19637,1.25494,20500,27,29938
2019-02-04,1.22984,1.63978,1.22984,1.54775,344200,493,611515
2019-02-05,1.48919,1.56449,1.3637,1.3888,57800,124,97980
2019-02-06,1.37206,1.41389,1.35533,1.3637,3400,15,5649
2019-02-07,1.43063,1.43063,1.34696,1.34696,21700,28,35813
2019-02-08,1.38043,1.38043,1.3135,1.3637,13500,26,21707
2019-02-11,1.35533,1.35533,1.30513,1.30513,1900,13,2992
2019-02-12,1.3386,1.42226,1.25494,1.3386,26100,46,42269
2019-02-13,1.39716,1.39716,1.3135,1.38043,9600,15,15704
2019-02-14,1.30513,1.30513,1.29677,1.30513,9200,19,14318
2019-02-15,1.30513,1.32187,1.24657,1.24657,48100,51,72408
2019-02-18,1.2131,1.2884,1.2131,1.2884,7200,13,10674
2019-02-19,1.2884,1.3386,1.25494,1.30513,14000,30,21647
2019-02-20,1.32187,1.32187,1.27167,1.30513,11300,19,17557
2019-02-21,1.32187,1.32187,1.22984,1.22984,10900,30,16410
2019-02-22,1.25494,1.27167,1.2382,1.27167,9400,15,14217
2019-02-25,1.2884,1.29677,1.24657,1.2884,10000,17,15406
2019-02-26,1.2884,1.29677,1.24657,1.29677,6800,21,10271
2019-02-27,1.29677,1.32187,1.25494,1.29677,21000,33,32642
2019-02-28,1.33023,1.42226,1.3135,1.39716,48900,71,80278
2019-03-01,1.38043,1.41389,1.2884,1.40553,47500,58,77643
2019-03-06,1.41389,1.53939,1.41389,1.50592,29900,46,52526
2019-03-07,1.48919,1.50592,1.39716,1.46409,11800,42,20338
2019-03-08,1.46409,1.46409,1.39716,1.39716,400,4,682
2019-03-11,1.3888,1.43899,1.38043,1.43899,4700,8,7788
2019-03-12,1.43899,1.44736,1.3637,1.37206,2200,15,3653
2019-03-13,1.43899,1.43899,1.38043,1.38043,1200,9,2033
2019-03-14,1.43899,1.43899,1.3637,1.41389,1400,13,2360
2019-03-15,1.41389,1.41389,1.3637,1.3637,5700,11,9437
2019-03-18,1.35533,1.38043,1.3386,1.34696,8600,19,13848
2019-03-19,1.34696,1.34696,1.3386,1.34696,6700,6,10735
2019-03-20,1.40553,1.40553,1.32187,1.32187,5000,11,8006
2019-03-21,1.3135,1.3135,1.29677,1.30513,8800,11,13709
2019-03-22,1.33023,1.33023,1.2884,1.32187,27200,18,41999
2019-03-25,1.2633,1.27167,1.2633,1.2633,1000,5,1515
2019-03-26,1.2633,1.2633,1.2633,1.2633,800,1,1208
2019-03-27,1.2633,1.2633,1.22147,1.22147,10600,13,15769
2019-03-28,1.2382,1.25494,1.2382,1.25494,600,4,896
2019-03-29,1.25494,1.38043,1.25494,1.3386,12500,31,19944
2019-04-01,1.35533,1.37206,1.32187,1.37206,1600,11,2586
2019-04-02,1.37206,1.37206,1.2884,1.3386,6000,16,9452
2019-04-03,1.30513,1.3135,1.30513,1.3135,200,2,313
2019-04-04,1.32187,1.3386,1.27167,1.3386,4000,18,6170
2019-04-05,1.3386,1.3386,1.32187,1.32187,1400,3,2224
2019-04-08,1.32187,1.33023,1.28003,1.33023,1700,5,2666
2019-04-09,1.28003,1.32187,1.28003,1.32187,1000,4,1555
2019-04-11,1.27167,1.3135,1.2633,1.3135,3100,9,4796
2019-04-12,1.2633,1.29677,1.2633,1.29677,15800,9,23895
2019-04-15,1.2633,1.2633,1.24657,1.24657,3800,10,5706
2019-04-16,1.24657,1.24657,1.24657,1.24657,1000,1,1490
2019-04-17,1.28003,1.28003,1.25494,1.25494,800,4,1218
2019-04-18,1.25494,1.25494,1.2382,1.25494,2700,5,4020
2019-04-22,1.25494,1.3135,1.25494,1.27167,5600,10,8505
2019-04-23,1.27167,1.27167,1.22147,1.22984,5800,13,8554
2019-04-24,1.22984,1.3135,1.22147,1.2884,1400,8,2086
2019-04-25,1.30513,1.30513,1.22147,1.22147,4300,12,6415
2019-04-26,1.22147,1.28003,1.20474,1.25494,11000,17,16254
2019-04-29,1.20474,1.2131,1.20474,1.20474,3500,10,5043
2019-04-30,1.2382,1.28003,1.2382,1.27167,1500,11,2250
2019-05-02,1.27167,1.27167,1.2131,1.22984,1800,10,2645
2019-05-03,1.20474,1.20474,1.17964,1.17964,5100,13,7313
2019-05-06,1.17127,1.17964,1.17127,1.17127,1000,6,1401
2019-05-07,1.17127,1.17127,1.15454,1.17127,6600,11,9152
2019-05-08,1.22147,1.22147,1.2131,1.2131,1600,6,2321
2019-05-09,1.2131,1.2131,1.2131,1.2131,100,1,145
2019-05-10,1.19637,1.19637,1.19637,1.19637,1300,4,1859
2019-05-13,1.16291,1.17127,1.16291,1.16291,4300,7,5998
2019-05-14,1.16291,1.17127,1.10434,1.10434,12000,17,16340
2019-05-15,1.09598,1.18801,1.09598,1.16291,3400,21,4591
2019-05-16,1.11271,1.12944,1.11271,1.11271,2600,9,3460
2019-05-17,1.11271,1.16291,1.09598,1.15454,5300,18,6997
2019-05-20,1.14617,1.14617,1.14617,1.14617,200,1,274
2019-05-21,1.10434,1.12944,1.09598,1.09598,4200,10,5545
2019-05-22,1.10434,1.15454,1.10434,1.12944,1600,10,2174
2019-05-23,1.10434,1.12108,1.09598,1.12108,300,3,397
2019-05-24,1.09598,1.09598,1.09598,1.09598,1000,3,1310
2019-05-27,1.09598,1.12944,1.09598,1.12944,800,5,1052
2019-05-28,1.09598,1.09598,1.05415,1.07088,9900,13,12817
2019-05-29,1.07088,1.12108,1.07088,1.07088,5400,10,6918
2019-05-30,1.07088,1.11271,1.06251,1.08761,1900,9,2438
2019-05-31,1.05415,1.10434,1.05415,1.08761,19500,7,25280
2019-06-04,1.07924,1.18801,1.05415,1.12108,34300,55,46541
2019-06-05,1.15454,1.17127,1.12108,1.12944,6000,19,8222
2019-06-07,1.14617,1.16291,1.09598,1.12944,12200,26,16478
2019-06-10,1.11271,1.12944,1.11271,1.12944,400,3,536
2019-06-11,1.12944,1.12944,1.10434,1.10434,1600,5,2137
2019-06-12,1.09598,1.12944,1.08761,1.12108,3600,9,4718
2019-06-13,1.09598,1.09598,1.07924,1.09598,3000,10,3901
2019-06-14,1.07088,1.12944,1.07088,1.11271,1800,11,2352
2019-06-17,1.17127,1.38043,1.17127,1.22147,168900,274,260231
2019-06-18,1.2131,1.25494,1.16291,1.17127,25600,57,36308
2019-06-19,1.16291,1.16291,1.12944,1.12944,23600,27,32163
2019-06-21,1.12108,1.16291,1.12108,1.16291,5600,16,7573
2019-06-24,1.17127,1.17127,1.12944,1.13781,1600,9,2191
2019-06-25,1.13781,1.15454,1.12944,1.15454,3100,11,4215
2019-06-26,1.17127,1.19637,1.14617,1.15454,4800,17,6746
2019-06-27,1.13781,1.13781,1.13781,1.13781,100,1,136
2019-06-28,1.12944,1.12944,1.10434,1.11271,3100,15,4130
2019-07-01,1.16291,1.16291,1.11271,1.15454,2400,10,3256
2019-07-02,1.12108,1.12944,1.12108,1.12108,300,3,403
2019-07-03,1.11271,1.15454,1.11271,1.12108,2000,13,2697
2019-07-04,1.15454,1.15454,1.15454,1.15454,100,1,138
2019-07-05,1.15454,1.43063,1.08761,1.38043,247700,270,388234
2019-07-08,1.47246,1.50592,1.3386,1.35533,126000,183,214198
2019-07-10,1.3386,1.40553,1.2884,1.2884,42900,55,69337
2019-07-11,1.3386,1.3888,1.29677,1.29677,33500,41,54574
2019-07-12,1.3135,1.37206,1.2884,1.2884,13100,18,20610
2019-07-15,1.33023,1.33023,1.2884,1.2884,1100,6,1709
2019-07-16,1.2884,1.33023,1.24657,1.27167,16000,32,24288
2019-07-17,1.2633,1.2884,1.25494,1.2884,10900,17,16517
2019-07-18,1.2884,1.32187,1.2884,1.32187,1900,7,2951
2019-07-19,1.3135,1.32187,1.2633,1.27167,9200,33,14052
2019-07-22,1.2633,1.2633,1.24657,1.24657,5100,14,7652
2019-07-23,1.2633,1.29677,1.25494,1.29677,3100,8,4790
2019-07-24,1.30513,1.30513,1.28003,1.29677,5300,13,8214
2019-07-25,1.2633,1.29677,1.25494,1.25494,3000,11,4541
2019-07-26,1.25494,1.28003,1.22984,1.22984,7700,17,11534
2019-07-29,1.33023,1.33023,1.2633,1.27167,3000,10,4747
2019-07-30,1.29677,1.34696,1.2633,1.30513,33000,59,50815
2019-07-31,1.32187,1.41389,1.3135,1.3386,43900,94,70902
2019-08-01,1.3386,1.45573,1.3386,1.37206,30500,69,51060
2019-08-02,1.37206,1.38043,1.32187,1.38043,16900,32,27444
2019-08-05,1.40553,1.40553,1.29677,1.3637,10500,32,16722
2019-08-06,1.35533,1.37206,1.32187,1.32187,23200,41,37062
2019-08-07,1.3135,1.35533,1.2884,1.3386,15300,30,24046
2019-08-08,1.29677,1.3386,1.29677,1.33023,1700,7,2691
2019-08-12,1.35533,1.3637,1.2884,1.2884,20500,39,32284
2019-08-13,1.34696,1.34696,1.29677,1.29677,7200,10,11425
2019-08-14,1.29677,1.39716,1.29677,1.3386,42200,75,68143
2019-08-15,1.38043,1.38043,1.30513,1.37206,20800,49,33571
2019-08-16,1.32187,1.37206,1.30513,1.3637,5400,27,8598
2019-08-19,1.33023,1.3637,1.3135,1.3135,2200,12,3507
2019-08-20,1.3135,1.3135,1.2633,1.2884,13300,22,20467
2019-08-21,1.3135,1.3135,1.25494,1.25494,5300,19,8036
2019-08-22,1.25494,1.2633,1.22147,1.25494,10500,18,15442
2019-08-23,1.2131,1.2131,1.2131,1.2131,1300,7,1885
2019-08-26,1.2131,1.2633,1.19637,1.19637,4400,15,6549
2019-08-27,1.2131,1.24657,1.2131,1.24657,1900,3,2779
2019-08-28,1.24657,1.28003,1.2131,1.28003,1900,5,2804
2019-08-29,1.27167,1.2884,1.2131,1.28003,3700,15,5468
2019-08-30,1.25494,1.28003,1.22147,1.22147,6000,24,8873
2019-09-02,1.20474,1.3135,1.18801,1.18801,38900,59,56846
2019-09-03,1.2131,1.24657,1.20474,1.24657,10100,21,14722
2019-09-04,1.25494,1.2884,1.2382,1.2884,16600,41,25070
2019-09-05,1.30513,1.30513,1.22984,1.28003,16600,37,25217
2019-09-06,1.28003,1.28003,1.25494,1.25494,1700,10,2556
2019-09-09,1.28003,1.28003,1.22147,1.25494,16300,37,24311
2019-09-10,1.25494,1.25494,1.22984,1.2382,14600,21,21681
2019-09-11,1.2382,1.2382,1.22984,1.2382,1000,5,1479
2019-09-12,1.24657,1.25494,1.22984,1.22984,17500,30,26060
2019-09-13,1.2633,1.82384,1.2633,1.43063,907400,1183,1780658
2019-09-16,1.46409,1.58959,1.3135,1.32187,265200,381,454868
2019-09-17,1.3386,1.3888,1.30513,1.3386,65100,111,105097
2019-09-18,1.38043,1.38043,1.30513,1.3135,33100,60,52898
2019-09-19,1.35533,1.35533,1.3135,1.32187,36500,44,58430
2019-09-20,1.33023,1.35533,1.3135,1.35533,26800,49,42429
2019-09-23,1.3386,1.35533,1.32187,1.33023,5900,18,9443
2019-09-24,1.3637,1.75691,1.3637,1.42226,613100,956,1151315
2019-09-25,1.48082,1.64815,1.48082,1.50592,311400,505,583034
2019-09-26,1.58122,1.63142,1.50592,1.51429,55800,142,103606
2019-09-27,1.59795,1.59795,1.49756,1.49756,39700,73,73035
2019-09-30,1.58122,1.58959,1.50592,1.52266,53600,90,99640
2019-10-01,1.51429,1.55612,1.50592,1.53939,19200,46,34956
2019-10-02,1.55612,1.55612,1.48082,1.52266,24200,47,43913
2019-10-03,1.50592,1.58959,1.45573,1.48082,82700,101,150746
2019-10-04,1.48082,1.52266,1.42226,1.42226,25900,47,44527
2019-10-07,1.59795,1.59795,1.48919,1.48919,82700,136,152774
2019-10-08,1.49756,1.54775,1.44736,1.44736,20500,75,36485
2019-10-09,1.44736,1.51429,1.43063,1.46409,12400,57,21779
2019-10-10,1.45573,1.52266,1.45573,1.50592,19100,54,34224
2019-10-11,1.50592,1.53939,1.47246,1.48919,25700,24,46057
2019-10-14,1.45573,1.47246,1.44736,1.46409,3800,21,6606
2019-10-15,1.43899,1.45573,1.42226,1.42226,13400,38,22873
2019-10-16,1.41389,1.41389,1.38043,1.38043,13100,43,21904
2019-10-17,1.3888,1.42226,1.38043,1.41389,8800,28,14806
2019-10-18,1.42226,1.45573,1.40553,1.42226,6600,29,11226
2019-10-21,1.44736,1.44736,1.39716,1.39716,15600,26,26362
2019-10-22,1.39716,1.39716,1.3386,1.3637,23200,50,37867
2019-10-23,1.3637,1.3637,1.33023,1.3386,20800,29,33570
2019-10-24,1.3386,1.34696,1.33023,1.34696,5600,17,8963
2019-10-25,1.3637,1.37206,1.33023,1.33023,8400,24,13639
2019-10-28,1.33023,1.39716,1.32187,1.32187,8000,28,12870
2019-10-29,1.38043,1.38043,1.33023,1.34696,4000,26,6463
2019-10-30,1.3386,1.3386,1.33023,1.3386,900,6,1433
2019-10-31,1.32187,1.32187,1.29677,1.30513,12900,36,20068
2019-11-01,1.2884,1.3135,1.27167,1.2884,24200,57,37107
2019-11-04,1.28003,1.29677,1.27167,1.2884,12500,24,19159
2019-11-05,1.3386,1.39716,1.30513,1.30513,17900,45,28820
2019-11-06,1.30513,1.3386,1.27167,1.2884,5700,22,8843
2019-11-07,1.3386,1.34696,1.32187,1.32187,4600,18,7296
2019-11-08,1.32187,1.34696,1.28003,1.2884,4900,17,7708
2019-11-11,1.35533,1.35533,1.28003,1.2884,4100,18,6401
2019-11-12,1.2884,1.30513,1.2633,1.30513,19100,23,29022
2019-11-13,1.30513,1.30513,1.24657,1.2884,17700,39,26709
2019-11-14,1.29677,1.29677,1.2633,1.2633,2500,15,3817
2019-11-18,1.25494,1.30513,1.25494,1.30513,3100,14,4761
2019-11-19,1.3135,1.3135,1.2633,1.27167,5600,18,8568
2019-11-21,1.29677,1.29677,1.2633,1.2633,6100,17,9310
2019-11-22,1.2884,1.30513,1.27167,1.29677,8000,26,12304
2019-11-25,1.29677,1.3637,1.29677,1.3135,22400,71,35707
2019-11-26,1.3135,1.3386,1.28003,1.3386,7300,26,11523
2019-11-27,1.29677,1.29677,1.29677,1.29677,1400,3,2170
2019-11-28,1.33023,1.33023,1.28003,1.3135,4800,14,7463
2019-11-29,1.29677,1.29677,1.25494,1.28003,14500,40,22048
2019-12-02,1.2884,1.32187,1.25494,1.25494,24400,42,36872
2019-12-03,1.27167,1.27167,1.25494,1.27167,2900,17,4368
2019-12-04,1.25494,1.32187,1.2382,1.25494,18600,37,28419
2019-12-05,1.25494,1.2633,1.25494,1.25494,5800,12,8701
2019-12-06,1.2633,1.2884,1.24657,1.25494,4500,13,6804
2019-12-09,1.2633,1.44736,1.2633,1.42226,171900,234,285944
2019-12-10,1.52266,1.52266,1.34696,1.34696,241600,394,410445
2019-12-11,1.39716,1.43063,1.3135,1.3135,41100,92,65880
2019-12-12,1.3386,1.37206,1.3135,1.3135,41000,96,65944
2019-12-13,1.34696,1.41389,1.34696,1.34696,33700,81,55100
2019-12-16,1.35533,1.42226,1.35533,1.42226,31500,75,51976
2019-12-17,1.42226,1.44736,1.3386,1.37206,63900,133,105385
2019-12-18,1.38043,1.65652,1.3637,1.58122,480400,614,881204
2019-12-19,1.75691,3.16244,1.75691,2.93655,2269100,3169,6949194
2019-12-20,3.80664,3.84847,2.42621,2.5266,1214200,2067,4680810
2019-12-23,2.59353,2.91145,2.45967,2.45967,318100,630,1002857
2019-12-26,2.48477,2.6521,2.18359,2.28398,275700,606,785414
2019-12-27,2.37601,2.41784,2.17522,2.24215,118700,299,322325
2019-12-30,2.34255,2.34255,2.19195,2.19195,84300,166,226751
2020-01-02,2.13339,2.13339,1.96607,2.07483,193400,307,471927
2020-01-03,2.07483,2.07483,1.89914,1.96607,255800,368,600198
2020-01-06,1.94933,2.15012,1.94933,2.02463,171200,278,422966
2020-01-07,2.02463,2.06646,1.94933,1.9828,68600,166,162731
2020-01-08,2.01626,2.11666,1.96607,1.97443,99600,166,243922
2020-01-09,2.01626,2.01626,1.79874,1.84894,96200,154,220804
2020-01-10,1.87404,2.88635,1.87404,2.76086,1602000,2538,4764876
2020-01-13,2.53497,2.53497,2.25888,2.30072,537500,877,1524336
2020-01-14,2.31745,2.50987,2.19195,2.34255,340400,578,966525
2020-01-15,2.34255,2.35091,2.26725,2.26725,84900,195,233296
2020-01-16,2.26725,2.30072,2.20032,2.25052,66600,191,177505
2020-01-17,2.20032,2.30072,2.18359,2.23379,70700,203,188515
2020-01-20,2.36765,2.48477,2.35091,2.39274,289600,533,836644
2020-01-21,2.46804,3.09551,2.27562,2.42621,927600,1570,2995043
2020-01-22,2.46804,2.88635,2.46804,2.5517,356300,657,1134553
2020-01-23,2.63537,2.6772,2.50151,2.5266,130000,265,399955
2020-01-24,2.54334,2.61027,2.30908,2.37601,152500,283,445788
2020-01-27,2.32581,2.35091,2.25888,2.32581,78300,219,215202
2020-01-28,2.34255,2.93655,2.34255,2.43458,330400,592,1062186
2020-01-29,2.56007,2.75249,2.45967,2.50987,275200,599,850230
2020-01-30,2.50987,2.5517,2.34255,2.40948,91000,181,260989
2020-01-31,2.41784,2.64373,2.41784,2.41784,79000,224,235298
2020-02-03,2.40948,2.46804,2.34255,2.40111,73700,146,212756
2020-02-04,2.42621,2.54334,2.35928,2.40948,80200,155,234750
2020-02-05,2.42621,2.46804,2.40948,2.40948,36900,91,107148
2020-02-06,2.7,3.2,2.62,3.0,621300,1055,1841123
2020-02-07,3.0,3.12,2.78,2.83,254400,407,736509
2020-02-10,2.84,2.84,2.68,2.73,92300,173,251938
2020-02-11,2.73,2.8,2.7,2.72,72800,113,198741
2020-02-12,2.71,2.77,2.65,2.71,54000,119,146324
2020-02-13,2.73,2.73,2.68,2.7,22700,60,61364
2020-02-14,2.72,2.8,2.66,2.67,49400,107,134372
2020-02-17,2.67,2.7,2.58,2.64,27300,93,71463
2020-02-18,2.61,2.61,2.56,2.6,20900,57,53933
2020-02-19,2.53,2.64,2.52,2.56,24800,81,63725
2020-02-20,2.56,2.6,2.42,2.57,22100,66,55308
2020-02-21,2.46,2.5,2.39,2.4,64400,119,156254
2020-02-26,2.37,2.37,2.08,2.2,52700,102,116206
2020-02-27,2.2,2.39,2.16,2.35,20600,72,46607
2020-02-28,2.36,2.36,2.16,2.23,27800,66,60936
2020-03-02,2.28,2.38,2.22,2.26,37800,88,86046
2020-03-03,2.37,2.37,2.16,2.16,30000,90,67885
2020-03-04,2.2,2.21,2.17,2.18,13700,39,30137
2020-03-05,2.15,2.26,2.09,2.09,20900,48,44934
2020-03-06,2.11,2.11,1.95,2.04,15300,54,31302
2020-03-09,1.94,1.94,1.8,1.8,21400,46,39113
2020-03-10,2.0,2.0,1.81,1.87,13400,42,25216
2020-03-11,2.0,2.0,1.75,1.8,12900,43,24201
2020-03-12,1.75,1.75,1.52,1.6,13000,40,20957
2020-03-13,1.6,1.84,1.6,1.77,28500,46,48490
2020-03-16,1.72,1.72,1.5,1.5,34400,46,54744
2020-03-17,1.52,1.6,1.5,1.5,11500,23,17405
2020-03-18,1.45,1.45,1.15,1.33,30700,50,39357
2020-03-19,1.33,1.33,1.02,1.13,34800,56,39807
2020-03-20,1.24,1.25,1.18,1.18,20700,51,25053
2020-03-23,1.21,1.21,1.1,1.1,8500,22,9626
2020-03-24,1.2,1.28,1.11,1.19,13700,37,16271
2020-03-25,1.16,1.3,1.16,1.28,23200,59,28722
2020-03-26,1.24,1.33,1.23,1.26,32300,74,41548
2020-03-27,1.25,1.29,1.25,1.27,9000,28,11394
2020-03-30,1.27,1.35,1.25,1.31,11400,36,14824
2020-03-31,1.35,1.45,1.35,1.45,31000,61,43476
2020-04-01,1.45,1.45,1.3,1.39,17900,32,24454
2020-04-02,1.42,1.45,1.33,1.33,8400,23,11799
2020-04-03,1.3,1.39,1.15,1.17,30200,44,35734
2020-04-06,1.38,1.6,1.28,1.6,86800,114,126571
2020-04-07,1.62,2.18,1.62,2.17,270300,473,553519
2020-04-08,2.45,3.3,2.4,3.29,841400,1406,2450442
2020-04-09,3.8,4.97,3.05,3.35,1129300,2036,4401525
2020-04-13,3.5,3.6,2.86,2.91,285200,722,898039
2020-04-14,2.91,2.91,2.55,2.66,228500,495,622665
2020-04-15,2.6,2.6,2.25,2.4,248600,426,591576
2020-04-16,2.5,3.19,2.5,3.1,964600,1835,2885594
2020-04-17,3.07,3.07,2.75,2.78,268500,583,766133
2020-04-20,2.75,2.85,2.71,2.74,79400,212,219220
2020-04-22,2.83,2.88,2.66,2.71,98500,263,272662
2020-04-23,2.71,2.79,2.65,2.65,55900,155,150625
2020-04-24,2.69,2.69,2.35,2.5,58100,144,142988
2020-04-27,2.41,2.58,2.36,2.49,34900,85,86057
2020-04-28,2.49,2.7,2.48,2.49,92600,204,236383
2020-04-29,2.51,2.68,2.51,2.58,45700,111,118271
2020-04-30,2.6,2.6,2.41,2.48,30900,86,77147
2020-05-04,2.4,2.53,2.38,2.38,37700,78,91402
2020-05-05,2.41,2.48,2.38,2.38,23900,69,57921
2020-05-06,2.39,2.49,2.38,2.38,9700,33,23481
2020-05-07,2.4,2.42,2.18,2.34,25400,98,58885
2020-05-08,2.27,2.46,2.22,2.34,15400,64,35922
2020-05-11,2.27,2.3,2.18,2.21,27500,74,61268
2020-05-12,2.21,2.27,2.15,2.16,30700,77,67401
2020-05-13,2.18,2.2,2.05,2.05,15900,50,33523
2020-05-14,2.05,2.1,1.95,2.03,16500,30,33628
2020-05-15,2.05,2.1,2.0,2.03,9900,24,20278
2020-05-18,2.03,2.22,2.03,2.11,17200,67,37188
2020-05-19,2.06,2.74,2.05,2.43,295500,491,741736
2020-05-20,2.44,2.67,2.35,2.35,124600,273,308327
2020-05-21,2.41,2.41,2.24,2.24,82000,158,187030
2020-05-22,2.28,2.31,2.23,2.23,19100,70,43075
2020-05-25,2.3,2.34,2.26,2.28,44100,85,100986
2020-05-26,2.33,2.35,2.27,2.3,19300,58,44607
2020-05-27,2.32,2.33,2.28,2.33,20200,50,46731
2020-05-28,2.27,2.69,2.27,2.42,219900,404,550135
2020-05-29,2.54,2.54,2.33,2.34,70600,150,167222
2020-06-01,2.35,2.44,2.33,2.42,49600,127,118336
2020-06-02,2.42,2.84,2.42,2.65,511700,1080,1369311
2020-06-03,2.76,2.95,2.53,2.62,216800,360,581767
2020-06-04,2.64,2.64,2.53,2.55,54800,99,140542
2020-06-05,2.61,2.64,2.54,2.58,50200,98,129703
2020-06-08,2.5,2.59,2.49,2.54,53800,122,137049
2020-06-09,2.54,2.68,2.54,2.56,49400,106,129168
2020-06-10,2.59,2.82,2.55,2.58,95100,179,254258
2020-06-12,2.5,2.5,2.37,2.5,67500,104,165420
2020-06-15,2.5,2.5,2.41,2.49,16700,51,40515
2020-06-16,2.51,2.6,2.51,2.6,42400,120,109122
2020-06-17,2.53,2.79,2.52,2.58,266100,411,708145
2020-06-18,2.53,2.65,2.51,2.56,56200,134,143947
2020-06-19,2.55,2.65,2.53,2.63,52300,93,134379
2020-06-22,2.63,2.7,2.58,2.65,58000,124,153214
2020-06-23,2.65,2.75,2.65,2.65,49400,95,133512
2020-06-24,2.65,2.7,2.4,2.48,92000,190,229809
2020-06-25,2.45,2.55,2.45,2.5,17200,52,42581
2020-06-26,2.59,2.78,2.4,2.49,87000,199,225790
2020-06-29,2.49,2.56,2.44,2.56,22000,63,54280
2020-06-30,2.56,2.56,2.48,2.52,17700,48,44327
2020-07-01,2.47,2.53,2.47,2.53,15800,52,39629
2020-07-02,2.59,2.6,2.5,2.51,7200,37,18305
2020-07-03,2.52,2.54,2.5,2.53,16800,52,42307
2020-07-06,2.55,2.65,2.5,2.5,21300,57,54623
2020-07-07,2.5,2.55,2.48,2.5,17700,54,44213
2020-07-08,2.5,2.52,2.48,2.49,22300,72,55596
2020-07-09,2.46,2.5,2.45,2.47,13800,55,34085
2020-07-10,2.46,2.49,2.45,2.48,8300,28,20440
2020-07-13,2.5,2.5,2.45,2.47,18700,59,46299
2020-07-14,2.47,2.47,2.4,2.44,42400,83,102526
2020-07-15,2.45,2.45,2.37,2.42,31600,106,75900
2020-07-16,2.42,2.42,2.35,2.37,24900,78,58897
2020-07-17,2.35,2.41,2.35,2.36,22100,77,52291
2020-07-20,2.41,2.55,2.35,2.43,66700,152,161911
2020-07-21,2.42,2.45,2.36,2.4,24400,85,58622
2020-07-22,2.4,2.43,2.35,2.35,14000,57,33234
2020-07-23,2.34,2.35,2.3,2.3,22600,52,52437
2020-07-24,2.3,2.36,2.3,2.3,47000,57,108633
2020-07-27,2.35,2.35,2.29,2.3,20900,40,48112
2020-07-28,2.31,2.31,2.28,2.28,17800,31,40765
2020-07-29,2.27,2.27,2.21,2.23,37000,72,82910
2020-07-30,2.23,2.29,2.21,2.22,11500,36,25777
2020-07-31,2.28,2.64,2.26,2.4,260600,450,641618
2020-08-03,2.4,2.55,2.23,2.29,48500,139,113251
2020-08-04,2.35,2.35,2.2,2.2,57500,84,129646
2020-08-05,2.26,2.3,2.21,2.26,17400,46,39172
2020-08-06,2.34,2.34,2.27,2.28,4700,33,10757
2020-08-07,2.31,2.39,2.25,2.25,17100,49,39554
2020-08-10,2.27,2.27,2.2,2.2,14800,22,32709
2020-08-11,2.21,2.28,2.2,2.2,18100,44,40428
2020-08-12,2.26,2.26,2.2,2.25,8700,43,19391
2020-08-13,2.21,2.25,2.21,2.23,17500,40,38761
2020-08-14,2.2,2.23,2.2,2.22,19900,36,43881
2020-08-17,2.21,2.21,2.16,2.21,14500,19,31858
2020-08-18,2.16,2.22,2.1,2.17,19000,23,41049
2020-08-19,2.24,2.24,2.17,2.17,8200,25,18078
2020-08-20,2.13,2.2,2.13,2.18,3000,17,6500
2020-08-21,2.2,2.23,2.16,2.2,1200,9,2626
2020-08-24,2.2,2.24,2.15,2.17,5700,18,12511
2020-08-25,2.2,2.29,2.19,2.21,7300,32,16383
2020-08-26,2.2,2.25,2.18,2.2,8800,20,19374
2020-08-27,2.15,2.23,2.14,2.23,13500,33,29241
2020-08-28,2.23,2.3,2.23,2.23,13800,26,30999
2020-08-31,2.2,2.23,2.1,2.19,7700,24,16573
2020-09-01,2.19,2.23,2.15,2.15,10600,21,23000
2020-09-02,2.15,2.2,2.11,2.2,5100,25,10935
2020-09-03,2.15,2.22,2.12,2.16,10000,30,21850
2020-09-04,2.19,2.22,2.11,2.11,3000,14,6430
2020-09-08,2.12,2.15,2.11,2.12,4400,22,9315
2020-09-09,2.15,2.15,2.12,2.12,4400,11,9336
2020-09-10,2.1,2.27,2.1,2.17,17500,30,38304
2020-09-11,2.13,2.13,2.07,2.08,7500,28,15729
2020-09-14,2.08,2.09,2.05,2.07,11900,20,24550
2020-09-15,2.14,2.14,2.06,2.1,2200,12,4617
2020-09-16,2.1,2.1,2.05,2.05,3300,18,6860
2020-09-17,2.05,2.05,2.05,2.05,5400,4,11070
2020-09-18,2.05,2.05,2.03,2.04,9600,15,19627
2020-09-21,2.03,2.03,2.0,2.0,21800,15,43806
2020-09-22,2.01,2.02,2.0,2.0,1700,5,3414
2020-09-23,2.0,2.08,2.0,2.02,3200,18,6502
2020-09-24,2.01,2.07,2.0,2.01,2000,9,4030
2020-09-25,2.01,2.14,2.0,2.06,11600,27,24151
2020-09-28,2.01,2.12,2.01,2.12,8800,20,17826
2020-09-29,2.02,2.1,1.95,1.95,45900,65,91185
2020-09-30,1.97,2.0,1.96,1.99,8200,21,16243
2020-10-01,2.03,2.03,1.99,1.99,11900,29,23807
2020-10-02,1.99,1.99,1.97,1.98,1000,6,1976
2020-10-05,1.98,1.98,1.95,1.98,9600,15,18757
2020-10-06,1.99,2.1,1.96,1.96,5100,26,10230
2020-10-07,2.05,2.05,1.96,1.96,5400,16,10775
2020-10-08,1.96,2.05,1.96,2.01,3400,21,6852
2020-10-09,2.01,2.02,1.97,1.97,7000,19,13945
2020-10-13,1.97,2.02,1.97,1.98,10700,36,21244
2020-10-14,1.98,2.17,1.98,2.03,38700,83,79683
2020-10-15,2.03,2.13,2.0,2.13,67600,75,140878
2020-10-16,2.16,2.69,2.16,2.31,362600,687,895250
2020-10-19,2.31,2.44,2.22,2.23,53400,146,123198
2020-10-20,2.21,2.29,2.1,2.17,266700,255,585620
2020-10-21,2.18,2.22,2.08,2.08,27700,72,59038
2020-10-22,2.07,2.12,2.05,2.05,20600,50,42961
2020-10-23,2.06,2.12,2.04,2.1,18900,51,38923
2020-10-26,2.08,2.08,2.0,2.02,13500,47,27661
2020-10-27,2.09,3.05,2.09,2.29,1149900,1920,2987348
2020-10-28,2.16,2.25,1.88,1.88,474400,679,971528
2020-10-29,1.97,2.0,1.9,1.96,133600,263,260576
2020-10-30,1.95,1.95,1.8,1.85,46700,134,87621
2020-11-03,2.0,2.08,1.88,1.88,49200,128,96406
2020-11-04,1.95,1.98,1.85,1.9,31800,70,60780
2020-11-05,1.88,1.93,1.88,1.92,31800,71,60387
2020-11-06,1.88,2.0,1.88,1.99,29900,78,57787
2020-11-09,1.99,2.06,1.97,2.01,63700,95,127563
2020-11-10,2.0,2.0,1.94,1.96,31600,55,61956
2020-11-11,1.92,1.99,1.92,1.94,17400,46,33830
2020-11-12,1.95,1.95,1.9,1.9,14300,36,27434
2020-11-13,1.92,1.96,1.9,1.95,9500,35,18270
2020-11-16,1.95,1.95,1.89,1.92,36800,59,70084
2020-11-17,1.9,1.94,1.9,1.94,7000,20,13510
2020-11-18,1.9,1.93,1.9,1.92,10000,37,19181
2020-11-19,1.95,1.95,1.91,1.91,11200,32,21471
2020-11-20,1.95,2.42,1.95,2.18,718200,1435,1613625
2020-11-23,2.16,2.4,2.1,2.13,376400,558,852366
2020-11-24,2.21,2.21,2.0,2.07,105400,222,219315
2020-11-25,2.05,2.08,2.0,2.08,63800,180,129548
2020-11-26,2.06,2.13,2.02,2.08,64400,123,134158
2020-11-27,2.06,2.11,2.03,2.05,67700,130,139099
2020-11-30,2.07,2.07,2.01,2.04,27500,62,55794
2020-12-01,2.01,2.06,2.01,2.04,17500,45,35714
2020-12-02,2.04,2.05,2.02,2.02,28200,50,57531
2020-12-03,2.02,2.1,2.02,2.06,42700,75,88140
2020-12-04,2.08,2.26,2.05,2.05,160200,316,344944
2020-12-07,2.07,2.19,2.07,2.1,59100,110,125241
2020-12-08,2.1,2.13,2.05,2.08,55300,88,114991
2020-12-09,2.07,2.1,2.05,2.06,34400,65,71207
2020-12-10,2.08,2.08,2.01,2.07,18800,39,38357
2020-12-11,2.04,2.06,2.04,2.06,6100,19,12533
2020-12-14,2.06,2.08,2.03,2.05,12400,47,25491
2020-12-15,2.08,2.08,2.0,2.07,18200,53,37362
2020-12-16,2.03,2.07,2.03,2.06,11800,33,24108
2020-12-17,1.91,1.91,1.91,1.91,114500,100,218695
2020-12-18,1.89,1.89,1.89,1.89,80400,137,151956
2020-12-21,1.83,1.83,1.83,1.83,38600,85,70638
2020-12-22,1.77,1.77,1.77,1.77,37300,62,66021
2020-12-23,1.7,1.7,1.7,1.7,29500,56,50150
2020-12-28,1.56,1.56,1.56,1.56,51600,112,80496
