Date,Open,High,Low,Close,Volume,Neg,Fin
2020-11-11,5.64,6.78,5.61,6.5,14185000,31920,89141249
2020-11-12,6.72,7.09,6.05,6.1,10719500,18325,69878670
2020-11-13,6.09,6.48,6.07,6.42,2830900,5263,17863106
2020-11-16,6.53,6.98,6.53,6.8,5568700,15201,38045469
2020-11-17,6.9,7.05,6.72,6.73,3922900,7473,26923703
2020-11-18,6.84,6.86,6.54,6.73,1352500,2920,9027158
2020-11-19,6.73,6.8,6.63,6.8,2059000,1410,13888155
2020-11-20,6.76,6.82,6.74,6.8,1317700,2254,8924684
2020-11-23,6.82,6.89,6.75,6.81,1813900,1604,12313045
2020-11-24,6.81,6.92,6.7,6.8,1432500,2923,9771499
2020-11-25,6.8,6.81,6.68,6.73,1917200,2632,12888953
2020-11-26,6.71,6.72,6.61,6.67,1194800,4700,7970680
2020-11-27,6.67,6.77,6.6,6.74,507300,1793,3401830
2020-11-30,6.78,6.8,6.65,6.65,1456400,3816,9806611
2020-12-01,6.7,6.88,6.67,6.8,1095100,2920,7398016
2020-12-02,6.8,6.9,6.72,6.9,737800,2347,5024646
2020-12-03,7.0,7.0,6.9,6.9,769100,2214,5339180
2020-12-04,6.92,6.98,6.84,6.97,302600,897,2092899
2020-12-07,7.0,7.3,6.98,7.24,2056700,3500,14785938
2020-12-08,7.29,7.6,7.27,7.45,1153500,4066,8607437
2020-12-09,7.59,7.59,7.31,7.39,958700,3770,7121290
2020-12-10,7.49,7.49,7.19,7.33,1360700,2897,9973085
2020-12-11,7.25,7.31,7.16,7.24,892500,3484,6436560
2020-12-14,7.34,7.56,7.22,7.35,2181400,4158,15968507
2020-12-15,7.36,7.44,7.2,7.32,3563000,4590,26151329
2020-12-16,7.31,7.45,7.25,7.38,3449500,7822,25462090
2020-12-17,7.37,7.48,7.37,7.48,1239200,2975,9189885
2020-12-18,7.5,7.6,7.43,7.54,2275600,5554,17170131
2020-12-21,7.54,8.04,7.42,7.94,4203100,8495,33026830
2020-12-22,8.1,9.25,8.06,9.09,5929300,12380,50984827
2020-12-23,9.39,10.37,9.36,9.66,10695300,20337,104984593
2020-12-28,9.79,10.1,9.79,9.91,5044200,11985,50036974
2020-12-29,9.96,10.72,9.93,10.34,5365200,10688,55357694
2020-12-30,10.4,10.8,10.0,10.0,5575800,11757,57963298
2021-01-04,10.39,10.76,10.03,10.53,5003800,10052,52023426
2021-01-05,10.56,10.85,10.18,10.31,5088800,11236,53355708
2021-01-06,10.4,10.5,10.1,10.11,2569000,6514,26393153
2021-01-07,10.17,10.49,10.17,10.37,3661200,6818,37933965
2021-01-08,10.39,10.69,10.22,10.66,3022600,8115,31473059
2021-01-11,10.5,11.58,10.41,11.5,6549300,12097,73456792
2021-01-12,11.66,12.12,11.57,11.92,6202600,16643,73669227
2021-01-13,11.94,12.78,11.94,12.33,5075000,13278,62789153
2021-01-14,12.56,13.06,12.35,12.89,6825500,14329,87665420
2021-01-15,12.9,13.79,12.81,13.05,11450700,28590,151618617
2021-01-18,13.32,13.52,12.91,13.13,5244800,13270,69379839
2021-01-19,13.25,13.38,11.96,11.96,9051700,17208,112435691
2021-01-20,12.18,13.1,11.52,13.0,14854400,33174,184159792
2021-01-21,13.55,13.9,12.45,12.82,18842500,40346,249489621
2021-01-22,12.64,13.18,12.21,12.36,10922900,24912,137343156
2021-01-26,12.65,12.82,11.79,12.22,9108200,22063,112516212
2021-01-27,12.09,12.16,11.62,11.75,7635700,15869,90671412
2021-01-28,11.7,12.3,11.05,12.22,7492300,20176,87238401
2021-01-29,12.0,12.19,11.52,11.84,5445300,12965,64668435
2021-02-01,12.18,12.48,11.97,12.45,4156600,9113,50771597
2021-02-02,12.65,12.75,12.31,12.43,5177700,12321,64620027
2021-02-03,12.46,12.53,12.11,12.11,3479900,7154,42857043
2021-02-04,12.11,12.29,11.95,11.97,3466700,9452,41917959
2021-02-05,12.1,12.12,11.62,11.72,4058100,7948,48291508
2021-02-08,11.85,12.09,11.45,11.9,9070700,13539,108025664
2021-02-09,12.06,12.09,11.76,11.85,4039500,7582,48072345
2021-02-10,11.29,11.58,10.8,11.0,15897900,31323,175825180
2021-02-11,10.96,10.96,10.33,10.41,6367600,10714,67381543
2021-02-12,10.19,11.14,9.9,11.1,11423600,22623,121538424
2021-02-17,11.14,11.34,10.92,10.98,7852700,8359,86978739
2021-02-18,10.98,11.07,10.15,10.36,8750500,18254,91771724
2021-02-19,10.36,10.68,10.05,10.17,6520400,12314,67117072
2021-02-22,9.85,10.31,9.58,10.1,5103600,11875,51152488
2021-02-23,10.2,10.67,10.12,10.61,4190000,9340,43560480
2021-02-24,11.54,11.88,10.86,11.11,11202600,19190,126964884
2021-02-25,11.1,11.32,10.7,10.81,5141300,9141,56449303
2021-02-26,10.82,10.95,10.07,10.19,5618600,13966,58224942
2021-03-01,10.27,10.59,9.83,9.83,5299700,9335,52981320
2021-03-02,9.81,9.91,9.24,9.63,5551400,9919,52817736
2021-03-03,9.69,10.04,9.25,9.93,3792300,9781,36129426
2021-03-04,9.9,10.19,9.46,9.52,4338100,8992,42430137
2021-03-05,9.57,9.62,9.03,9.19,5006800,10290,46265276
2021-03-08,9.09,9.26,8.51,8.81,5602500,12171,49956048
2021-03-09,8.78,9.27,8.68,8.89,4243200,9460,38278024
2021-03-10,8.99,9.73,8.9,9.72,4855700,13239,45275069
2021-03-11,9.75,9.97,9.45,9.64,3544900,7773,34503598
2021-03-12,9.67,10.0,9.59,9.88,2265000,5226,22199944
2021-03-15,9.88,10.16,9.84,9.87,3271100,6088,32626353
2021-03-16,9.96,9.97,9.57,9.67,1739700,5925,16927996
2021-03-17,9.65,9.77,9.5,9.6,1895000,5185,18272401
2021-03-18,9.6,9.84,9.26,9.33,2558500,7770,24495662
2021-03-19,9.34,9.61,9.29,9.35,1534200,5198,14415839
2021-03-22,9.39,9.49,9.26,9.28,1502700,3437,14041751
2021-03-23,9.21,9.41,8.92,8.94,20240400,5942,182341504
2021-03-24,8.97,9.37,8.91,9.02,3856100,6747,35251769
2021-03-25,9.02,9.35,8.93,9.2,2449900,7334,22506883
2021-03-26,9.31,9.37,8.92,9.1,1452800,3633,13254846
2021-03-29,9.02,9.17,8.88,9.0,2376000,5150,21386142
2021-03-30,8.85,8.97,8.62,8.91,6525100,11628,57545291
2021-03-31,8.88,9.11,8.82,8.84,3585400,8134,32102997
2021-04-01,8.85,8.97,8.3,8.53,10593600,15507,90416575
2021-04-05,8.6,8.9,8.46,8.47,3488500,7059,30009735
2021-04-06,8.47,8.83,8.41,8.8,3895600,6174,33771918
2021-04-07,8.8,9.09,8.66,9.02,6218200,8758,55201019
2021-04-08,9.02,9.2,8.76,8.76,3590000,6494,31919884
2021-04-09,8.74,8.87,8.66,8.7,2385800,5024,20861499
2021-04-12,8.7,8.78,8.61,8.76,2074200,4296,18025499
2021-04-13,8.76,8.87,8.66,8.7,2852500,6201,24970232
2021-04-14,8.7,8.81,8.44,8.54,3257100,5637,28019389
2021-04-15,8.54,8.6,8.32,8.32,2726600,6603,22980119
2021-04-16,8.33,8.42,8.08,8.1,4206300,8778,34474768
2021-04-19,8.19,8.29,8.07,8.15,2234500,4994,18303276
2021-04-20,8.13,8.23,7.92,7.99,3569900,6534,28610508
2021-04-22,8.02,8.38,8.01,8.2,3567100,7781,29224052
2021-04-23,8.24,8.39,8.11,8.17,2289200,4704,18752632
2021-04-26,8.16,8.31,8.07,8.3,2224100,5369,18193105
2021-04-27,8.3,9.14,8.3,8.8,10755100,18794,94685438
2021-04-28,8.82,9.44,8.81,9.09,10290700,16531,94223080
2021-04-29,9.15,9.26,8.71,9.02,4246000,11403,37864969
2021-04-30,9.06,9.24,8.74,9.0,7893800,14114,71019198
2021-05-03,9.16,9.18,8.84,9.01,3374300,7279,30286234
2021-05-04,9.0,9.0,8.56,8.6,3306000,9281,28727854
2021-05-05,8.65,8.69,8.11,8.3,5723400,10857,47516803
2021-05-06,8.37,8.64,8.26,8.6,3444300,5904,29258403
2021-05-07,8.61,8.8,8.53,8.79,2309400,5434,20054548
2021-05-10,8.78,8.94,8.44,8.49,2275400,5988,19560012
2021-05-11,8.41,8.43,8.05,8.27,3606600,6999,29640494
2021-05-12,8.22,8.68,8.21,8.57,4051000,8040,34404620
2021-05-13,8.61,8.9,8.33,8.56,4572200,10896,39470796
2021-05-14,8.62,8.65,8.46,8.52,2570400,4540,21942569
2021-05-17,8.46,8.52,8.17,8.32,3003000,5526,24907339
2021-05-18,8.33,8.53,8.27,8.53,2354000,5967,19811002
2021-05-19,8.41,8.51,8.3,8.39,1679500,5411,14117078
2021-05-20,8.38,8.44,8.25,8.3,1677300,6152,13944966
2021-05-21,8.35,8.35,8.21,8.3,1772000,6171,14649813
2021-05-24,8.32,8.75,8.3,8.68,3348800,6075,28661787
2021-05-25,8.76,8.81,8.5,8.56,2512200,7299,21678214
2021-05-26,8.61,8.69,8.38,8.4,2354500,6114,20048772
2021-05-27,8.45,8.81,8.42,8.7,6839500,7487,59430088
2021-05-28,8.77,9.16,8.73,9.1,4499000,8582,40759201
2021-05-31,9.3,9.69,9.3,9.5,6239500,12417,59294698
2021-06-01,9.7,10.04,9.53,9.98,7471700,15288,73473354
2021-06-02,10.01,10.32,9.75,9.97,6257300,12117,62112335
2021-06-04,10.06,10.06,9.78,9.87,3682300,10618,36419149
2021-06-07,10.0,10.35,9.96,10.11,5912800,10566,59957235
2021-06-08,10.12,10.25,9.53,9.78,5727700,14496,56138138
2021-06-09,9.85,9.85,9.58,9.6,2671200,7338,25900586
2021-06-10,9.6,9.69,9.27,9.44,3062800,6677,28937855
2021-06-11,9.49,9.56,9.32,9.46,1915100,4393,18080014
2021-06-14,9.58,10.05,9.58,9.9,5585100,10993,55233975
2021-06-15,10.0,10.78,9.95,10.7,10056300,21708,105256188
2021-06-16,10.81,10.95,10.3,10.4,8125900,19159,85880979
2021-06-17,10.42,10.69,10.01,10.03,4160400,9912,42507269
2021-06-18,10.07,10.42,9.82,10.1,10130700,12898,102743032
2021-06-21,10.22,10.62,10.22,10.48,5718400,9426,59677809
2021-06-22,10.48,10.57,10.25,10.35,3284200,6099,34149836
2021-06-23,10.38,10.56,10.17,10.31,2992300,6868,30879828
2021-06-24,10.36,10.46,9.95,10.11,3634100,10218,36834462
2021-06-25,10.15,10.22,9.6,9.86,3816600,9467,37726275
2021-06-28,9.9,10.03,9.69,9.95,2474200,6310,24398035
2021-06-29,9.95,9.95,9.71,9.73,1522100,3331,14926488
2021-06-30,9.72,9.93,9.63,9.92,3196700,7585,31345909
2021-07-01,9.98,10.15,9.9,10.06,4221600,13167,42294267
2021-07-02,10.1,10.25,9.95,10.18,3266800,7266,33019979
2021-07-05,10.18,10.32,9.96,10.09,3577000,7987,36305846
2021-07-06,10.05,10.25,9.91,10.1,3044200,7949,30676147
2021-07-07,10.2,10.27,10.02,10.27,3309300,9020,33624092
2021-07-08,10.1,10.43,9.95,10.34,3021300,7241,30928068
2021-07-12,10.35,10.36,10.17,10.23,1796100,4416,18398627
2021-07-13,10.19,10.4,10.11,10.37,1969500,5800,20271695
2021-07-14,10.4,10.57,9.95,10.37,3992900,10231,41343164
2021-07-15,10.29,10.35,9.98,10.1,3520700,10091,35553335
2021-07-16,10.13,10.14,9.81,9.83,2948000,8879,29302418
2021-07-19,9.76,9.76,9.35,9.35,3375100,9456,31884059
2021-07-20,9.35,9.43,9.07,9.28,3297700,8607,30520350
2021-07-21,9.28,9.41,9.23,9.3,2079200,6786,19334184
2021-07-22,9.25,9.35,9.17,9.25,1786900,4206,16514097
2021-07-23,9.25,9.3,9.07,9.15,2161800,4848,19836891
2021-07-26,9.13,9.26,9.02,9.25,1644100,3815,15084770
2021-07-27,9.16,9.25,8.58,9.08,7316200,18005,64812794
2021-07-28,8.98,9.11,8.87,8.9,2072300,6215,18592609
2021-07-29,8.93,9.19,8.78,9.19,2716600,5146,24523402
2021-07-30,9.09,9.16,8.35,8.75,6861700,17058,59667811
2021-08-02,8.87,9.04,8.66,8.69,3672900,11454,32185685
2021-08-03,8.63,8.71,8.44,8.53,1842600,5279,15815135
2021-08-04,8.53,9.04,8.53,8.6,2536500,5423,22248558
2021-08-05,8.68,9.12,8.59,9.06,2845000,5676,25371319
2021-08-06,9.06,9.09,8.82,8.82,1727200,5038,15401951
2021-08-09,8.84,9.07,8.72,8.95,1460500,4309,13041663
2021-08-10,8.95,9.08,8.9,9.08,995400,2556,8935633
2021-08-11,9.08,9.12,8.9,8.95,1603200,3273,14350212
2021-08-12,8.81,8.84,8.08,8.16,6174000,13780,51405159
2021-08-13,8.22,8.32,7.63,7.73,4480500,8344,35295669
2021-08-16,7.73,7.81,6.83,7.0,7204100,18201,51349925
2021-08-17,6.96,7.45,6.9,7.32,5174300,13293,37415767
2021-08-18,7.3,8.06,7.29,8.04,5421500,11767,42293712
2021-08-19,7.8,8.12,7.6,8.0,3038800,7605,23931118
2021-08-20,7.9,8.37,7.9,8.19,1940700,4830,15855686
2021-08-23,8.21,8.45,8.0,8.26,2253700,5122,18478051
2021-08-24,8.32,8.35,8.2,8.25,2301400,4120,18992698
2021-08-25,8.2,8.55,8.2,8.47,2018200,5818,17045479
2021-08-26,8.44,8.49,8.3,8.35,1318200,3432,11039365
2021-08-27,8.3,8.45,8.27,8.28,482700,1702,4026534
2021-08-30,8.22,8.33,8.02,8.05,1095600,2957,8892955
2021-08-31,8.05,8.12,7.92,8.0,1526600,3683,12204871
2021-09-01,8.03,8.14,8.01,8.02,1023200,2648,8242453
2021-09-02,8.02,8.07,7.92,7.99,1295900,4428,10368972
2021-09-03,8.05,8.05,7.67,7.89,1781300,6412,13926965
2021-09-06,7.83,7.95,7.76,7.8,697900,2454,5463090
2021-09-08,7.77,7.9,7.55,7.67,5362700,7657,41193222
2021-09-09,8.06,8.3,7.83,8.29,3277600,6921,26492991
2021-09-10,8.4,8.7,8.31,8.42,2298900,5886,19472747
2021-09-13,8.52,8.59,8.23,8.28,1888100,5556,15710885
2021-09-14,8.35,8.59,8.27,8.5,1714800,3760,14459541
2021-09-15,8.59,9.22,8.5,9.19,4465100,8411,40106355
2021-09-16,9.04,9.32,8.8,9.28,2930700,6339,26825747
2021-09-17,9.24,9.7,8.95,9.7,4761400,5702,45081781
2021-09-20,9.44,9.58,8.95,9.03,4169500,8640,38591254
2021-09-21,8.5,8.6,7.72,7.75,13118300,23615,105734826
2021-09-22,7.86,7.94,7.34,7.4,7197600,16828,54085964
2021-09-23,7.44,7.9,7.39,7.77,5998800,9513,45398964
2021-09-24,7.74,8.11,7.7,8.01,4715000,12146,37593737
2021-09-27,8.01,8.01,7.66,7.76,2052700,4988,15983300
2021-09-28,7.71,7.73,7.37,7.51,2480800,6907,18585630
2021-09-29,7.6,7.7,7.41,7.44,1513100,4107,11422673
2021-09-30,7.48,7.99,7.4,7.99,4049500,6441,31417728
2021-10-01,7.85,8.05,7.82,7.88,3165300,6795,25177632
2021-10-04,7.9,7.9,7.68,7.8,1135900,2597,8820879
2021-10-05,7.81,8.24,7.81,8.0,2737000,7683,22108703
2021-10-06,7.9,8.2,7.71,8.1,2623000,8718,20928754
2021-10-07,8.11,8.15,7.97,8.15,1320600,4485,10689372
2021-10-08,8.12,8.32,8.07,8.15,1724700,5478,14093559
2021-10-11,8.14,8.2,7.98,8.18,961700,2887,7791959
2021-10-13,8.22,8.69,8.16,8.56,2697600,6865,22961220
2021-10-14,8.6,8.65,8.25,8.32,1480300,4456,12415470
2021-10-15,8.37,8.95,8.31,8.67,2911100,7365,25451889
2021-10-18,8.67,8.68,8.51,8.55,1279900,3774,10995919
2021-10-19,8.51,8.7,8.2,8.4,1608000,4542,13643698
2021-10-20,8.44,8.52,8.31,8.34,879800,3016,7388615
2021-10-21,8.14,8.26,7.69,7.81,2134700,7162,16862662
2021-10-22,7.8,7.8,7.21,7.65,2269600,8394,17025233
2021-10-25,7.74,8.17,7.74,8.04,1326300,4665,10623238
2021-10-26,7.99,8.04,7.67,7.8,1611500,4719,12584259
2021-10-27,7.83,7.99,7.61,7.67,1100700,4509,8556027
2021-10-28,7.64,8.04,7.55,7.85,1730600,5273,13565539
2021-10-29,7.9,8.02,7.62,7.88,1627200,5669,12675940
2021-11-01,7.87,8.05,7.81,8.0,1213600,3809,9618073
2021-11-03,7.9,8.28,7.85,7.95,2498700,8227,20027562
2021-11-04,7.92,8.25,7.84,7.9,1436000,4152,11515033
2021-11-05,7.97,8.25,7.95,8.2,1076500,3941,8788253
2021-11-08,8.15,8.2,7.9,7.9,671400,2363,5392886
2021-11-09,7.95,8.05,7.71,7.71,2070000,5099,16151331
2021-11-10,7.61,8.13,7.45,8.09,2764100,6204,21660235
2021-11-11,8.14,8.28,7.98,8.15,3032800,3976,24706360
2021-11-12,8.14,8.27,8.01,8.26,929200,3046,7544825
2021-11-16,8.28,8.55,8.07,8.46,2214400,6501,18527115
2021-11-17,8.53,8.6,7.95,7.97,1427700,4206,11708410
2021-11-18,8.04,8.23,7.9,7.98,1084700,3123,8670412
2021-11-19,8.02,8.14,7.9,8.14,1692600,4262,13640485
2021-11-22,8.15,8.41,7.97,8.01,918100,3030,7489382
2021-11-23,8.03,8.06,7.55,7.66,1979800,6416,15254070
2021-11-24,7.62,7.76,7.53,7.57,1149000,3998,8742599
2021-11-25,7.58,7.68,7.52,7.53,942400,3366,7153053
2021-11-26,7.32,7.65,7.3,7.46,1535900,5789,11506894
2021-11-29,7.69,7.7,7.33,7.48,2057300,7929,15314597
2021-11-30,7.4,7.85,7.21,7.85,3610200,8079,27306319
2021-12-01,7.9,8.15,7.76,7.77,3498300,10995,27756542
2021-12-02,7.8,8.0,7.69,7.75,1073100,4389,8373653
2021-12-03,7.72,7.96,7.55,7.65,1562000,5683,12002247
2021-12-06,7.7,7.73,7.57,7.58,1041900,3277,7958371
2021-12-07,7.66,7.98,7.48,7.85,2989900,7892,23149989
2021-12-08,7.85,8.1,7.65,7.88,1563200,5565,12319612
2021-12-09,7.82,8.04,7.8,8.0,1187700,4292,9431685
2021-12-10,8.02,8.19,8.01,8.04,1001300,3258,8072936
2021-12-13,8.05,8.14,7.91,8.0,1224400,3717,9872677
2021-12-14,8.0,8.09,7.67,7.7,1252400,4223,9881804
2021-12-15,7.71,7.74,7.23,7.45,2434200,6329,17979782
2021-12-16,7.5,7.5,7.16,7.22,2485300,6511,18084494
2021-12-17,7.23,7.25,6.85,6.86,5539400,10957,38291289
2021-12-20,6.86,6.93,6.65,6.74,2578800,7672,17544154
2021-12-21,6.86,6.89,6.41,6.53,3051800,8620,20052653
2021-12-22,6.57,6.63,6.38,6.4,2010200,5047,12990423
2021-12-23,6.4,6.53,6.32,6.39,1603300,4936,10298844
2021-12-27,6.39,6.8,6.39,6.71,3538900,7479,23718098
2021-12-28,6.75,6.92,6.61,6.71,1924600,7322,12994162
2021-12-29,6.75,6.85,6.66,6.7,1408400,6483,9549114
2021-12-30,6.7,6.8,6.49,6.55,2967600,11076,19550920
