Date,Open,High,Low,Close,Volume,Neg,Fin
2010-12-02,1.1957303683283973,1.1957303683283973,1.1957303683283973,1.1957303683283973,1000,7,2780
2010-12-08,1.2903570759591174,1.2903570759591174,1.2903570759591174,1.2903570759591174,300,2,900
2010-12-13,1.7290737832417538,2.580714151918235,1.7290737832417538,2.580714151918235,2100,8,12203
2010-12-14,2.5764071537432565,2.5764071537432565,2.5764071537432565,2.5764071537432565,100,1,599
2010-12-22,2.193603113677613,2.193603113677613,2.1075806137646342,2.1075806137646342,200,2,1000
2010-12-27,2.1548988618961027,2.159196071438865,2.1548988618961027,2.1548988618961027,500,4,2506
2010-12-28,2.240921361809081,2.240921361809081,2.2366143636341027,2.2366143636341027,200,2,1041
2011-01-06,2.5678127346577315,2.5678127346577315,2.5678127346577315,2.5678127346577315,200,2,1194
2011-01-07,2.1807016964171098,2.1807016964171098,2.1807016964171098,2.1807016964171098,1200,4,6084
2011-01-11,2.073173571525886,2.073173571525886,2.073173571525886,2.073173571525886,300,3,1446
2011-01-12,2.223712946373599,2.223712946373599,2.223712946373599,2.223712946373599,300,3,1551
2011-01-17,2.1075806137646342,2.1075806137646342,2.1075806137646342,2.1075806137646342,200,2,980
2011-01-18,1.9140299889604315,1.9140299889604315,1.9140299889604315,1.9140299889604315,3400,5,15130
2011-01-19,1.9140299889604315,1.9140299889604315,1.9140299889604315,1.9140299889604315,1000,4,4450
2011-01-20,1.935535613938676,1.935535613938676,1.935535613938676,1.935535613938676,100,1,450
2011-01-21,1.978546863895165,1.978546863895165,1.978546863895165,1.978546863895165,3000,5,13800
2011-02-02,1.8710187390039417,1.8710187390039417,1.806501864069208,1.806501864069208,7800,11,33824
2011-02-03,1.8667117408289635,1.8667117408289635,1.8667117408289635,1.8667117408289635,100,1,434
2011-02-07,1.8624145312862008,1.8624145312862008,1.8624145312862008,1.8624145312862008,100,1,433
2011-02-14,1.8667117408289635,1.8667117408289635,1.8495131140256973,1.8495131140256973,200,2,864
2011-02-15,1.8667117408289635,1.8667117408289635,1.8667117408289635,1.8667117408289635,100,1,434
2011-02-16,1.8710187390039417,1.8710187390039417,1.8710187390039417,1.8710187390039417,400,2,1740
2011-02-22,1.8710187390039417,1.8710187390039417,1.8710187390039417,1.8710187390039417,100,1,435
2011-02-23,1.8710187390039417,1.8710187390039417,1.8710187390039417,1.8710187390039417,100,1,435
2011-03-22,1.6731611160247606,1.6731611160247606,1.6731611160247606,1.6731611160247606,100,1,389
2011-03-28,1.5398203679803135,1.5398203679803135,1.5269189507198098,1.5269189507198098,1600,4,5695
2011-04-01,1.3806767854148592,1.3806767854148592,1.3806767854148592,1.3806767854148592,3400,4,10914
2011-04-04,1.6774583255675233,1.6774583255675233,1.6774583255675233,1.6774583255675233,600,3,2340
2011-04-07,1.806501864069208,2.4860874442875147,1.806501864069208,2.4860874442875147,400,2,1838
2011-05-04,2.122048212179676,2.122048212179676,2.11754544136038,2.11754544136038,300,3,1415
2011-05-11,1.7084295578985047,1.798347933433396,1.7084295578985047,1.798347933433396,900,9,3500
2011-05-25,1.798347933433396,1.798347933433396,1.798347933433396,1.798347933433396,2400,2,9600
2011-05-27,1.879270555961912,1.888256520336072,1.874777573774832,1.874777573774832,400,3,1675
2011-05-30,1.798347933433396,1.798347933433396,1.798347933433396,1.798347933433396,700,3,2800
2011-06-02,1.798347933433396,1.798347933433396,1.798347933433396,1.798347933433396,100,1,400
2011-06-03,1.798347933433396,1.798347933433396,1.798347933433396,1.798347933433396,200,1,800
2011-06-07,1.798347933433396,1.798347933433396,1.798347933433396,1.798347933433396,100,1,400
2011-06-08,1.798347933433396,1.798347933433396,1.798347933433396,1.798347933433396,400,1,1600
2011-06-09,1.798347933433396,1.798347933433396,1.798347933433396,1.798347933433396,500,2,2000
2011-06-13,1.798347933433396,1.798347933433396,1.798347933433396,1.798347933433396,500,2,2000
2011-06-14,1.798347933433396,1.798347933433396,1.798347933433396,1.798347933433396,500,2,2000
2011-06-20,1.798347933433396,1.798347933433396,1.798347933433396,1.798347933433396,500,3,2000
2011-06-24,1.667963352318139,1.667963352318139,1.663470370131059,1.663470370131059,11000,4,40702
2011-06-27,1.663470370131059,1.663470370131059,1.663470370131059,1.663470370131059,600,2,2220
2011-06-28,1.663470370131059,1.663470370131059,1.6409858819312282,1.6409858819312282,500,3,1830
2011-06-29,1.663470370131059,1.663470370131059,1.663470370131059,1.663470370131059,100,1,370
2011-06-30,1.663470370131059,1.663470370131059,1.663470370131059,1.663470370131059,1200,3,4440
2011-07-06,1.663470370131059,1.663470370131059,1.663470370131059,1.663470370131059,600,2,2220
2011-07-07,1.663470370131059,1.663470370131059,1.663470370131059,1.663470370131059,1400,1,5180
2011-07-12,1.663470370131059,1.663470370131059,1.663470370131059,1.663470370131059,100,1,370
2011-07-22,1.663470370131059,1.663470370131059,1.663470370131059,1.663470370131059,100,1,370
2011-08-11,1.5735519945961676,1.5735519945961676,1.5735519945961676,1.5735519945961676,200,2,700
2011-09-02,1.5735519945961676,1.5735519945961676,1.5735519945961676,1.5735519945961676,100,1,350
2011-09-05,1.5735519945961676,1.5735519945961676,1.5735519945961676,1.5735519945961676,100,1,350
2011-09-19,1.798347933433396,1.798347933433396,1.798347933433396,1.798347933433396,200,2,800
2011-09-20,1.798347933433396,1.798347933433396,1.798347933433396,1.798347933433396,2900,3,11600
2011-09-22,1.5735519945961676,1.5735519945961676,1.5735519945961676,1.5735519945961676,600,3,2100
2011-10-14,1.7488859748466548,1.7533887456659505,1.7488859748466548,1.7533887456659505,200,2,779
2011-11-14,1.663470370131059,1.6724563345052186,1.663470370131059,1.6724563345052186,200,2,742
2011-11-17,1.5735519945961676,1.5735519945961676,1.5735519945961676,1.5735519945961676,2700,5,9450
2011-11-18,1.5735519945961676,1.76686769222719,1.5735519945961676,1.76686769222719,1300,3,4593
2011-11-21,1.5780449767832474,1.5780449767832474,1.5735519945961676,1.5735519945961676,1800,3,6301
2011-11-28,1.5780449767832474,1.5780449767832474,1.5780449767832474,1.5780449767832474,100,1,351
2011-12-01,1.6904380518857536,1.6904380518857536,1.6904380518857536,1.6904380518857536,300,1,1128
2011-12-02,1.685945069698674,1.685945069698674,1.685945069698674,1.685945069698674,700,3,2625
2011-12-14,1.5735519945961676,1.5735519945961676,1.5735519945961676,1.5735519945961676,100,1,350
2012-01-02,1.5735519945961676,1.5735519945961676,1.5735519945961676,1.5735519945961676,1200,3,4200
2012-02-14,1.5735519945961676,1.5735519945961676,1.5735519945961676,1.5735519945961676,400,2,1400
2012-03-06,2.0231340836384084,2.0231340836384084,2.0231340836384084,2.0231340836384084,100,1,450
2012-03-14,2.193975081701816,2.193975081701816,2.193975081701816,2.193975081701816,100,1,488
2012-03-26,2.2029708347081915,2.2029708347081915,2.2029708347081915,2.2029708347081915,100,1,490
2012-04-02,2.292889210243083,2.292889210243083,2.292889210243083,2.292889210243083,200,1,1020
2012-04-04,2.288396228056003,2.288396228056003,2.288396228056003,2.288396228056003,20100,1,102309
2012-04-11,2.292889210243083,2.292889210243083,2.292889210243083,2.292889210243083,200,1,1020
2012-04-13,2.3333456271912327,2.3333456271912327,2.3333456271912327,2.3333456271912327,200,2,1038
2012-04-16,2.3333456271912327,2.3333456271912327,2.3333456271912327,2.3333456271912327,200,1,1038
2012-04-19,2.3333456271912327,2.3333456271912327,2.3333456271912327,2.3333456271912327,200,1,1038
2012-04-20,2.337848398010528,2.337848398010528,2.337848398010528,2.337848398010528,200,1,1040
2012-04-27,2.0361627531177184,2.0361627531177184,2.0361627531177184,2.0361627531177184,100,1,425
2012-05-09,2.0361627531177184,2.0361627531177184,2.0361627531177184,2.0361627531177184,400,2,1700
2012-05-14,2.639827701869814,2.639827701869814,2.639827701869814,2.639827701869814,200,2,1102
2012-05-28,2.6829466267806787,2.6829466267806787,2.6829466267806787,2.6829466267806787,400,1,2240
2012-06-18,2.6829466267806787,2.6829466267806787,2.6829466267806787,2.6829466267806787,100,1,560
2012-08-24,2.874588468302788,2.874588468302788,2.874588468302788,2.874588468302788,100,1,600
2012-10-16,2.635041060716259,2.635041060716259,2.635041060716259,2.635041060716259,100,1,550
2012-10-17,2.6589938437484686,2.6589938437484686,2.6589938437484686,2.6589938437484686,200,2,1110
2012-10-18,2.635041060716259,2.635041060716259,2.635041060716259,2.635041060716259,200,2,1100
2012-11-12,2.6829466267806787,2.6829466267806787,2.6829466267806787,2.6829466267806787,200,1,1120
2012-11-13,2.6829466267806787,2.6829466267806787,2.6829466267806787,2.6829466267806787,300,1,1680
2012-11-27,2.635041060716259,2.635041060716259,2.635041060716259,2.635041060716259,200,2,1100
2012-11-28,2.635041060716259,2.635041060716259,2.635041060716259,2.635041060716259,200,2,1100
2012-11-30,2.635041060716259,2.635041060716259,2.3906972233439574,2.3906972233439574,300,3,1548
2012-12-06,2.395493653129729,2.395493653129729,2.395493653129729,2.395493653129729,100,1,500
2012-12-20,2.203851811607619,2.203851811607619,2.108030890846564,2.108030890846564,2800,8,12836
2012-12-21,2.084078107814354,2.084078107814354,1.6816380715236956,1.6816380715236956,10900,14,41812
2012-12-26,1.7247569964345597,1.7247569964345597,1.4325075929978388,1.437294234151394,8100,16,24715
2012-12-27,1.4851998002158138,1.4851998002158138,1.437294234151394,1.437294234151394,1100,4,3400
2012-12-28,1.4899962300015854,1.494782871155141,1.437294234151394,1.437294234151394,7600,13,23515
2013-01-02,1.533115154912449,1.533115154912449,1.4899962300015854,1.4899962300015854,6300,5,19626
2013-02-14,1.7007944247701337,1.7007944247701337,1.7007944247701337,1.7007944247701337,200,2,710
2013-02-18,1.7007944247701337,1.7007944247701337,1.7007944247701337,1.7007944247701337,200,2,710
2013-03-07,1.676841641737924,1.676841641737924,1.676841641737924,1.676841641737924,500,2,1750
2013-03-27,1.7247569964345597,1.7247569964345597,1.7247569964345597,1.7247569964345597,300,2,1080
2013-04-17,1.7247569964345597,1.7247569964345597,1.7247569964345597,1.7247569964345597,6000,6,21600
2013-05-07,1.94228977016762,1.94228977016762,1.94228977016762,1.94228977016762,400,1,1500
2013-05-09,1.94228977016762,1.94228977016762,1.94228977016762,1.94228977016762,200,1,750
2013-05-15,1.94228977016762,1.94228977016762,1.94228977016762,1.94228977016762,200,1,750
2013-06-03,1.8128057432162208,1.8128057432162208,1.8128057432162208,1.8128057432162208,100,1,350
2013-07-10,1.94228977016762,1.94228977016762,1.94228977016762,1.94228977016762,200,1,750
2013-09-18,2.0230068314196026,2.0230068314196026,2.0230068314196026,2.0230068314196026,100,1,375
2013-10-23,1.936690672540148,1.936690672540148,1.936690672540148,1.936690672540148,100,1,359
2013-12-06,1.888139056749481,1.888139056749481,1.888139056749481,1.888139056749481,100,1,350
2013-12-10,1.888139056749481,1.888139056749481,1.888139056749481,1.888139056749481,100,1,350
2014-03-11,1.3540712830521513,1.3540712830521513,1.3540712830521513,1.3540712830521513,200,2,502
2014-03-12,1.3648583557540293,1.3648583557540293,1.3648583557540293,1.3648583557540293,100,1,253
2014-03-26,1.461961587335362,1.461961587335362,1.461961587335362,1.461961587335362,100,1,271
2014-03-31,1.6184035074092389,1.6184035074092389,1.6184035074092389,1.6184035074092389,200,2,600
2014-04-01,1.6184035074092389,1.6184035074092389,1.6184035074092389,1.6184035074092389,100,1,300
2014-04-03,1.6184035074092389,1.6184035074092389,1.6184035074092389,1.6184035074092389,100,1,300
2014-04-04,1.6184035074092389,1.6184035074092389,1.6184035074092389,1.6184035074092389,800,5,2400
2014-04-07,1.5644583552676337,1.5644583552676337,1.5644583552676337,1.5644583552676337,300,1,870
2014-04-08,1.4565680509844228,1.4565680509844228,1.4565680509844228,1.4565680509844228,1500,2,4050
2014-04-09,1.4565680509844228,1.4565680509844228,1.4565680509844228,1.4565680509844228,500,2,1350
2014-04-16,1.6184035074092389,1.6184035074092389,1.6184035074092389,1.6184035074092389,500,2,1500
2014-06-02,1.709525884706681,1.709525884706681,1.709525884706681,1.709525884706681,1700,5,5100
2014-06-11,1.709525884706681,1.709525884706681,1.709525884706681,1.709525884706681,300,1,900
2014-06-18,1.709525884706681,1.709525884706681,1.709525884706681,1.709525884706681,1500,3,4500
2014-07-16,1.709525884706681,1.709525884706681,1.709525884706681,1.709525884706681,100,1,300
2014-08-26,1.6753341923766816,1.6753341923766816,1.6753341923766816,1.6753341923766816,200,2,588
2014-08-27,1.6468394839963123,1.6468394839963123,1.6468394839963123,1.6468394839963123,100,1,289
2014-08-28,1.6468394839963123,1.6468394839963123,1.6468394839963123,1.6468394839963123,200,2,578
2014-09-01,1.6468394839963123,1.6468394839963123,1.6468394839963123,1.6468394839963123,200,2,578
2014-09-02,1.6468394839963123,1.6468394839963123,1.572759115386683,1.6012538237670515,6100,14,17148
2014-09-03,1.5955568398174211,1.5955568398174211,1.5955568398174211,1.5955568398174211,5000,8,14000
2014-09-04,1.6468394839963123,1.6468394839963123,1.5955568398174211,1.5955568398174211,300,2,849
2014-09-05,1.6468394839963123,1.6468394839963123,1.5955568398174211,1.5955568398174211,900,5,2556
2014-09-08,1.5955568398174211,1.5955568398174211,1.5670621314370523,1.5670621314370523,900,5,2502
2014-09-15,1.572759115386683,1.572759115386683,1.572759115386683,1.572759115386683,100,1,276
2014-09-17,1.5670621314370523,1.5670621314370523,1.5670621314370523,1.5670621314370523,100,1,275
2014-09-18,1.5670621314370523,1.5670621314370523,1.5670621314370523,1.5670621314370523,300,2,825
2014-10-01,1.63218590156917,1.63218590156917,1.63218590156917,1.63218590156917,100,1,275
2014-10-08,1.6262539904463589,1.6262539904463589,1.6262539904463589,1.6262539904463589,100,1,274
2014-10-09,1.6262539904463589,1.638127601324197,1.6262539904463589,1.63218590156917,1400,3,3851
2014-10-10,1.780571777329394,1.780571777329394,1.780571777329394,1.780571777329394,500,1,1500
2014-10-21,1.780571777329394,1.780571777329394,1.780571777329394,1.780571777329394,100,1,300
2014-11-05,1.661865034447658,1.661865034447658,1.661865034447658,1.661865034447658,100,1,280
2014-11-07,1.63218590156917,1.63218590156917,1.63218590156917,1.63218590156917,300,3,825
2014-11-18,1.543158291565922,1.543158291565922,1.543158291565922,1.543158291565922,100,1,260
2014-11-19,1.543158291565922,1.543158291565922,1.543158291565922,1.543158291565922,100,1,260
2014-12-10,1.4838098144411616,1.4838098144411616,1.4838098144411616,1.4838098144411616,300,2,750
2015-02-19,1.4838098144411616,1.4838098144411616,1.4838098144411616,1.4838098144411616,10700,4,26750
2015-03-03,1.513479158687434,1.513479158687434,1.513479158687434,1.513479158687434,4300,2,10965
2015-03-16,1.63218590156917,1.63218590156917,1.513479158687434,1.513479158687434,2300,6,6245
2015-03-17,1.63218590156917,1.63218590156917,1.6025165573228977,1.6025165573228977,300,2,815
2015-04-06,1.6025165573228977,1.6025165573228977,1.6025165573228977,1.6025165573228977,400,2,1080
2015-04-07,1.6025165573228977,1.6025165573228977,1.6025165573228977,1.6025165573228977,200,2,540
2015-04-22,1.780571777329394,1.780571777329394,1.780571777329394,1.780571777329394,500,1,1500
2015-04-28,1.780571777329394,1.780571777329394,1.780571777329394,1.780571777329394,600,2,1800
2015-05-12,1.7867092497287385,1.7867092497287385,1.7867092497287385,1.7867092497287385,5000,1,14400
2015-05-18,1.7991212353784491,1.8611615863625708,1.7991212353784491,1.8611615863625708,6100,5,17700
2015-05-19,1.8673577905552103,1.8673577905552103,1.8673577905552103,1.8673577905552103,800,1,2408
2015-05-22,1.7060607089022664,1.7060607089022664,1.7060607089022664,1.7060607089022664,1300,3,3575
2015-05-25,1.7060607089022664,1.7060607089022664,1.7060607089022664,1.7060607089022664,700,1,1925
2015-06-12,1.6874525190599163,1.6874525190599163,1.6874525190599163,1.6874525190599163,7000,4,19040
2015-07-02,1.7060607089022664,1.7060607089022664,1.7060607089022664,1.7060607089022664,7000,6,19250
2015-07-03,1.6192061752509392,1.6192061752509392,1.6192061752509392,1.6192061752509392,100,1,261
2015-07-17,1.6192061752509392,1.7370808843943273,1.6192061752509392,1.7370808843943273,500,3,1324
2015-07-22,1.7060607089022664,1.7060607089022664,1.7060607089022664,1.7060607089022664,9900,4,27225
2015-07-23,1.9231921487144763,1.9231921487144763,1.9231921487144763,1.9231921487144763,5000,1,15500
2015-07-27,1.563371817091673,1.563371817091673,1.563371817091673,1.563371817091673,600,2,1512
2015-07-30,1.7060607089022664,1.7060607089022664,1.7060607089022664,1.7060607089022664,10000,2,27500
2015-08-04,1.7060607089022664,1.7060607089022664,1.7060607089022664,1.7060607089022664,100,1,275
2015-09-15,1.4020747354387295,1.4020747354387295,1.4020747354387295,1.4020747354387295,400,2,904
2015-09-16,1.395868742613874,1.395868742613874,1.395868742613874,1.395868742613874,100,1,225
2015-10-02,1.5509598314419624,1.5509598314419624,1.5509598314419624,1.5509598314419624,1400,2,3500
2016-01-26,1.426888918105935,1.426888918105935,1.426888918105935,1.426888918105935,200,2,460
2016-01-27,1.426888918105935,1.426888918105935,1.426888918105935,1.426888918105935,100,1,230
2016-02-17,1.395868742613874,1.395868742613874,1.395868742613874,1.395868742613874,500,3,1125
2016-09-21,1.4461040031456684,1.4461040031456684,1.4461040031456684,1.4461040031456684,2700,4,5427
2016-09-22,1.4892718712176118,1.6475540541480704,1.4604932925029828,1.546829028646869,25700,28,52894
2016-09-23,1.6259701201120986,1.6259701201120986,1.4461040031456684,1.5108558052535832,11700,9,24601
2016-09-26,1.6475540541480704,1.6547486988267277,1.5828022520401557,1.6187754754334414,2200,8,5025
2016-09-27,1.7266951456133,1.8705782505542283,1.7266951456133,1.8705782505542283,2000,7,4970
2016-09-28,1.8705782505542283,1.8705782505542283,1.8705782505542283,1.8705782505542283,1200,1,3120
2016-09-29,2.086417590913945,2.086417590913945,2.086417590913945,2.086417590913945,100,1,290
2016-09-30,1.9784979207340865,2.0504443675206585,1.9784979207340865,2.0504443675206585,1300,5,3675
2016-10-13,2.086417590913945,2.086417590913945,2.086417590913945,2.086417590913945,200,2,580
2016-10-24,2.086417590913945,2.086417590913945,2.086417590913945,2.086417590913945,1200,1,3480
2016-10-28,1.8417996718396,2.086417590913945,1.8417996718396,2.086417590913945,400,4,1092
2016-11-07,2.143974748343202,2.143974748343202,2.143974748343202,2.143974748343202,200,1,596
2016-11-14,2.143974748343202,2.143974748343202,2.143974748343202,2.143974748343202,400,1,1192
2016-11-16,2.143974748343202,2.143974748343202,2.143974748343202,2.143974748343202,400,1,1192
2016-11-17,2.5180864830011616,2.5180864830011616,2.5180864830011616,2.5180864830011616,1000,1,3500
2016-11-22,2.0288604334846867,2.0288604334846867,2.0288604334846867,2.0288604334846867,1000,2,2820
2016-11-25,2.0288604334846867,2.0288604334846867,2.0288604334846867,2.0288604334846867,1200,4,3384
2016-11-28,1.9065514739475145,1.9928872100914008,1.9065514739475145,1.9425246973408004,1000,4,2684
2016-12-05,2.0144711441273726,2.0144711441273726,2.0144711441273726,2.0144711441273726,400,3,1120
2016-12-08,2.302256931273661,2.302256931273661,2.230310484487089,2.230310484487089,200,2,630
2016-12-09,2.3238408653096325,2.3238408653096325,2.3238408653096325,2.3238408653096325,7600,11,24548
2016-12-15,2.086417590913945,2.086417590913945,2.086417590913945,2.086417590913945,500,2,1450
2016-12-16,2.3238408653096325,2.3238408653096325,2.3238408653096325,2.3238408653096325,1700,1,5491
2016-12-19,2.6763686659316206,2.6763686659316206,2.302256931273661,2.302256931273661,900,4,3036
2016-12-20,2.4965123375974057,2.4965123375974057,2.4965123375974057,2.4965123375974057,300,2,1041
2016-12-26,2.172753327057831,2.172753327057831,2.172753327057831,2.172753327057831,2000,6,6040
2017-01-02,2.2878676419163466,2.2878676419163466,2.2878676419163466,2.2878676419163466,100,1,318
2017-01-03,2.295062286595004,2.295062286595004,2.295062286595004,2.295062286595004,100,1,319
2017-01-06,2.295062286595004,2.295062286595004,2.295062286595004,2.295062286595004,300,2,957
2017-01-09,2.489317692918749,2.489317692918749,2.489317692918749,2.489317692918749,200,1,692
2017-01-10,2.482123048240092,2.482123048240092,2.482123048240092,2.482123048240092,200,1,690
2017-01-12,2.474928403561434,2.489317692918749,2.474928403561434,2.489317692918749,3500,5,12099
2017-01-16,2.489317692918749,2.489317692918749,2.489317692918749,2.489317692918749,200,2,692
2017-02-06,2.870624072255365,2.870624072255365,2.870624072255365,2.870624072255365,200,1,798
2017-03-03,2.949765163720594,2.949765163720594,2.949765163720594,2.949765163720594,100,1,410
2017-03-14,3.374239411129154,3.374239411129154,3.374239411129154,3.374239411129154,200,2,938
2017-03-17,3.2159572281986955,3.2159572281986955,3.2159572281986955,3.2159572281986955,100,1,447
2017-04-12,3.237541162234667,3.237541162234667,3.237541162234667,3.237541162234667,100,1,450
2017-05-04,2.9732970355675223,2.9732970355675223,2.9732970355675223,2.9732970355675223,2600,7,9360
2017-05-10,2.95677382438715,2.95677382438715,2.9319987962488083,2.9319987962488083,500,3,1778
2017-05-11,2.915475585068436,2.915475585068436,2.9072237681104665,2.9072237681104665,1700,9,5991
2017-05-26,2.8907005569300943,2.8907005569300943,2.8907005569300943,2.8907005569300943,2600,3,9100
2017-06-06,3.0641453311629205,3.0641453311629205,2.808113866924882,2.808113866924882,1300,7,4544
2017-06-07,3.2128052886251885,3.2128052886251885,3.2128052886251885,3.2128052886251885,200,2,778
2017-06-09,3.1797686548966606,3.1797686548966606,3.1797686548966606,3.1797686548966606,100,1,385
2017-06-14,3.1797686548966606,3.1797686548966606,3.1797686548966606,3.1797686548966606,300,1,1155
2017-06-28,3.1797686548966606,3.1797686548966606,3.1797686548966606,3.1797686548966606,300,2,1155
2017-06-29,2.5851092477831563,3.171516837938691,2.5851092477831563,3.171516837938691,200,2,697
2017-07-05,3.1797686548966606,3.1797686548966606,3.1797686548966606,3.1797686548966606,1100,2,4235
2017-07-06,3.1797686548966606,3.1797686548966606,3.1797686548966606,3.1797686548966606,100,1,385
2017-07-10,3.138480204210162,3.138480204210162,3.138480204210162,3.138480204210162,200,1,760
2017-07-11,2.527297585916286,3.0558837255727345,2.527297585916286,2.8989621625202804,1400,10,4670
2017-07-12,3.138480204210162,3.138480204210162,3.138480204210162,3.138480204210162,100,1,380
2017-07-14,3.138480204210162,3.138480204210162,3.138480204210162,3.138480204210162,300,2,1140
2017-07-17,2.79159065574451,2.95677382438715,2.79159065574451,2.95677382438715,500,3,1730
2017-07-18,3.138480204210162,3.138480204210162,3.105443570481634,3.105443570481634,300,3,1132
2017-07-20,3.138480204210162,3.138480204210162,3.138480204210162,3.138480204210162,1300,3,4940
2017-07-21,3.138480204210162,3.138480204210162,3.138480204210162,3.138480204210162,1300,3,4940
2017-07-24,3.1797686548966606,3.1797686548966606,3.1797686548966606,3.1797686548966606,700,2,2695
2017-07-26,3.972647864381333,3.972647864381333,3.972647864381333,3.972647864381333,1200,6,5772
2017-08-01,3.972647864381333,3.972647864381333,3.972647864381333,3.972647864381333,100,1,481
2017-08-03,3.972647864381333,3.972647864381333,3.972647864381333,3.972647864381333,700,4,3367
2017-08-07,4.046982737428575,4.046982737428575,4.046982737428575,4.046982737428575,500,2,2450
2017-08-08,4.046982737428575,4.046982737428575,4.046982737428575,4.046982737428575,500,1,2450
2017-08-09,4.9389718480988325,4.955485270646989,4.740752045727664,4.955485270646989,8500,9,50970
2017-08-10,4.955485270646989,4.955485270646989,4.955485270646989,4.955485270646989,1600,5,9600
2017-08-17,4.955485270646989,4.955485270646989,4.955485270646989,4.955485270646989,600,1,3600
2017-08-24,4.947233453689018,4.947233453689018,4.947233453689018,4.947233453689018,100,1,599
2017-09-13,4.137831033023973,4.740752045727664,4.137831033023973,4.740752045727664,200,2,1075
2017-09-18,4.542532243356495,4.542532243356495,4.286500779118457,4.286500779118457,400,4,2139
2017-09-19,4.294762384708643,4.294762384708643,4.294762384708643,4.294762384708643,300,1,1560
2017-09-20,4.947233453689018,5.351924875389324,4.459945553351284,4.459945553351284,800,7,4783
2017-10-03,4.25062544204733,4.25062544204733,4.25062544204733,4.25062544204733,200,2,1006
2017-10-10,4.698504309084011,4.698504309084011,4.242168063812827,4.242168063812827,200,2,1058
2017-10-16,4.639341815971353,4.639341815971353,4.639341815971353,4.639341815971353,200,2,1098
2017-10-17,4.478788670366814,4.478788670366814,4.3942834084472935,4.3942834084472935,1100,2,5730
2017-10-19,4.352025883171425,4.352025883171425,4.352025883171425,4.352025883171425,100,1,515
2017-10-20,4.343578293569138,4.343578293569138,4.343578293569138,4.343578293569138,600,2,3084
2017-10-25,4.123862654851941,4.123862654851941,4.123862654851941,4.123862654851941,200,2,976
2017-10-26,4.064709950371498,4.064709950371498,4.064709950371498,4.064709950371498,200,2,962
2017-11-01,3.3041625930958114,3.3041625930958114,3.3041625930958114,3.3041625930958114,700,4,2737
2017-11-22,3.794289196776145,3.794289196776145,3.794289196776145,3.794289196776145,400,1,1796
2017-11-27,3.777394017571571,3.777394017571571,3.777394017571571,3.777394017571571,300,3,1341
2017-12-01,3.844994311654301,3.844994311654301,3.844994311654301,3.844994311654301,200,2,910
2017-12-07,4.225272884608252,4.225272884608252,4.225272884608252,4.225272884608252,200,2,1000
2017-12-11,4.225272884608252,4.225272884608252,4.225272884608252,4.225272884608252,300,3,1500
2017-12-13,4.05626236076921,4.225272884608252,4.05626236076921,4.225272884608252,900,3,4480
2017-12-15,4.208367916771461,4.208367916771461,4.208367916771461,4.208367916771461,100,1,498
2017-12-18,4.208367916771461,4.208367916771461,4.208367916771461,4.208367916771461,300,1,1494
2017-12-21,4.208367916771461,4.208367916771461,4.208367916771461,4.208367916771461,800,2,3984
2017-12-26,4.05626236076921,4.208367916771461,4.05626236076921,4.199920327169174,300,3,1475
2018-01-02,4.208367916771461,4.208367916771461,4.208367916771461,4.208367916771461,1000,1,4980
2018-01-03,4.208367916771461,4.208367916771461,4.208367916771461,4.208367916771461,500,1,2490
2018-01-04,4.191462948934672,4.208367916771461,4.191462948934672,4.208367916771461,300,2,1492
2018-01-05,4.208367916771461,4.225272884608252,4.208367916771461,4.225272884608252,1500,4,7474
2018-01-08,4.225272884608252,4.225272884608252,4.225272884608252,4.225272884608252,2000,2,10000
2018-01-09,4.639341815971353,4.639341815971353,4.630894226369064,4.630894226369064,200,2,1097
2018-01-10,4.639341815971353,4.639341815971353,4.639341815971353,4.639341815971353,400,2,2196
2018-01-11,4.935115127005783,4.935115127005783,4.935115127005783,4.935115127005783,100,1,584
2018-01-12,4.647799194205856,4.647799194205856,4.647799194205856,4.647799194205856,100,1,550
2018-01-18,4.436531145090946,4.436531145090946,4.436531145090946,4.436531145090946,200,2,1050
2018-01-24,4.85905745468855,4.85905745468855,4.85905745468855,4.85905745468855,100,1,575
2018-01-26,4.867514832923053,5.061877914201172,4.867514832923053,5.061877914201172,600,4,3555
2018-01-29,5.053420535966668,5.061877914201172,5.053420535966668,5.061877914201172,400,4,2395
2018-01-30,4.926667537403496,4.926667537403496,4.926667537403496,4.926667537403496,200,1,1166
2018-01-31,4.918210159168992,4.918210159168992,4.918210159168992,4.918210159168992,600,2,3492
2018-02-14,5.087220683008034,5.087220683008034,4.918210159168992,4.918210159168992,200,2,1184
2018-02-15,5.078773093405746,5.078773093405746,5.011172799323016,5.070325503803459,600,4,3594
2018-02-16,5.070325503803459,5.070325503803459,5.070325503803459,5.070325503803459,100,1,600
2018-02-19,5.087220683008034,5.087220683008034,5.070325503803459,5.070325503803459,600,3,3606
2018-02-23,4.94356271660807,4.94356271660807,4.918210159168992,4.918210159168992,300,3,1750
2018-02-26,4.656246783808142,5.070325503803459,4.656246783808142,4.656246783808142,400,4,2300
2018-03-08,5.070325503803459,5.070325503803459,5.070325503803459,5.070325503803459,400,4,2400
2018-03-12,5.070325503803459,5.070325503803459,5.070325503803459,5.070325503803459,300,2,1800
2018-03-14,5.070325503803459,5.070325503803459,5.070325503803459,5.070325503803459,1300,3,7800
2018-03-16,5.492851813401063,5.492851813401063,5.492851813401063,5.492851813401063,600,2,3900
2018-03-19,5.6618623372401045,5.6618623372401045,5.6618623372401045,5.6618623372401045,1700,2,11390
2018-04-03,5.915378122998667,5.915378122998667,5.915378122998667,5.915378122998667,4200,6,29400
2018-04-11,5.90693053339638,5.90693053339638,5.90693053339638,5.90693053339638,500,1,3495
2018-04-12,5.492851813401063,5.492851813401063,5.492851813401063,5.492851813401063,100,1,650
2018-04-13,5.915378122998667,5.915378122998667,5.915378122998667,5.915378122998667,300,1,2100
2018-04-18,5.90693053339638,5.90693053339638,5.90693053339638,5.90693053339638,1400,3,9786
2018-04-19,5.915378122998667,5.915378122998667,5.915378122998667,5.915378122998667,1700,4,11900
2018-04-20,6.33790443259627,6.35480940043306,6.33790443259627,6.35480940043306,600,3,4502
2018-04-24,6.667477890672066,6.675925480274353,6.667477890672066,6.675925480274353,300,3,2369
2018-04-25,6.675925480274353,6.675925480274353,6.675925480274353,6.675925480274353,200,1,1580
2018-05-02,6.68437306987664,6.68437306987664,6.68437306987664,6.68437306987664,100,1,791
2018-05-03,6.760430742193874,6.760430742193874,6.760430742193874,6.760430742193874,100,1,800
2018-05-10,6.236494202839959,6.236494202839959,6.236494202839959,6.236494202839959,300,1,2214
2018-05-15,6.236494202839959,6.236494202839959,6.236494202839959,6.236494202839959,100,1,738
2018-06-05,5.90693053339638,5.90693053339638,5.90693053339638,5.90693053339638,100,1,699
2018-07-16,5.104125650844824,5.163278355325268,5.104125650844824,5.163278355325268,300,3,1823
2018-07-17,5.171725944927555,5.171725944927555,5.171725944927555,5.171725944927555,500,3,3060
2018-07-18,5.171725944927555,5.171725944927555,4.664694373410431,4.664694373410431,1600,9,9604
2018-07-20,4.656246783808142,4.656246783808142,4.656246783808142,4.656246783808142,100,1,551
2018-08-10,4.673151751644934,4.673151751644934,4.673151751644934,4.673151751644934,200,1,1106
2018-08-14,4.723847077890873,4.732304456125376,4.723847077890873,4.732304456125376,600,3,3357
2018-08-15,4.52949378524497,4.52949378524497,4.52949378524497,4.52949378524497,200,1,1072
2018-08-16,4.52949378524497,4.52949378524497,4.52949378524497,4.52949378524497,300,2,1608
2018-08-21,4.444988523325449,4.444988523325449,4.444988523325449,4.444988523325449,100,1,526
2018-08-24,4.444988523325449,4.444988523325449,4.444988523325449,4.444988523325449,200,1,1052
2018-08-28,4.31822573613006,4.31822573613006,4.31822573613006,4.31822573613006,100,1,511
2018-09-13,4.326673325732347,4.326673325732347,4.326673325732347,4.326673325732347,100,1,512
2018-09-18,4.233720474210539,4.233720474210539,4.233720474210539,4.233720474210539,100,1,501
2018-10-03,4.242168063812827,4.242168063812827,4.242168063812827,4.242168063812827,100,1,502
2018-10-11,4.563293932286335,4.563293932286335,4.563293932286335,4.563293932286335,100,1,540
2018-10-19,4.563293932286335,4.563293932286335,4.563293932286335,4.563293932286335,200,2,1080
2018-10-22,4.563293932286335,4.563293932286335,4.563293932286335,4.563293932286335,100,1,540
2018-10-24,4.308564356133006,4.782510350760523,4.308564356133006,4.782510350760523,1000,6,5330
2018-10-25,4.739420791746307,4.739420791746307,4.739420791746307,4.739420791746307,1500,5,8250
2018-10-26,4.739420791746307,4.739420791746307,4.739420791746307,4.739420791746307,100,1,550
2018-10-29,4.782510350760523,4.782510350760523,4.782510350760523,4.782510350760523,500,2,2775
2018-11-01,4.782510350760523,4.782510350760523,4.782510350760523,4.782510350760523,100,1,555
2018-11-09,4.782510350760523,4.782510350760523,4.782510350760523,4.782510350760523,200,1,1110
2018-11-21,4.317188141115179,4.782510350760523,4.317188141115179,4.782510350760523,2100,10,11241
2018-11-23,4.222395026736789,4.308564356133006,4.222395026736789,4.308564356133006,500,4,2480
2018-11-28,4.058670364294312,4.058670364294312,3.903559698201792,3.903559698201792,10100,26,46108
2018-11-29,4.213781030386833,4.213781030386833,3.8001525874734456,3.8001525874734456,5100,11,23257
2018-11-30,3.834628150137705,3.834628150137705,3.834628150137705,3.834628150137705,100,1,445
2018-12-03,4.050056367944356,4.101759923308529,3.877707920519706,3.877707920519706,1200,3,5606
2018-12-06,3.938035260866052,3.938035260866052,3.903559698201792,3.903559698201792,500,3,2276
2018-12-11,3.912183483183965,3.912183483183965,3.912183483183965,3.912183483183965,100,1,454
2018-12-12,3.894945701851835,3.894945701851835,3.8087763724556174,3.8087763724556174,1900,8,8550
2018-12-17,4.222395026736789,4.222395026736789,4.222395026736789,4.222395026736789,100,1,490
2018-12-18,4.231018811718962,4.308564356133006,4.231018811718962,4.308564356133006,1400,7,6989
2018-12-19,4.308564356133006,4.308564356133006,4.308564356133006,4.308564356133006,200,2,1000
2018-12-26,4.2999503597830495,4.308564356133006,3.894945701851835,4.308564356133006,1300,5,6426
2018-12-27,4.739420791746307,4.739420791746307,4.739420791746307,4.739420791746307,700,6,3850
2018-12-28,4.739420791746307,4.782510350760523,4.739420791746307,4.782510350760523,1900,4,10475
2019-01-02,4.722192799046393,4.722192799046393,4.65325146235009,4.65325146235009,500,4,2716
2019-01-03,4.024204590262269,4.65325146235009,4.024204590262269,4.2740985821009625,3500,18,18394
2019-01-04,4.558468136603916,4.558468136603916,4.265484585751006,4.265484585751006,1400,4,7039
2019-01-07,4.265484585751006,4.265484585751006,4.222395026736789,4.265484585751006,22300,14,110329
2019-01-08,4.567082132953873,4.567082132953873,4.308564356133006,4.308564356133006,400,4,2060
2019-01-09,4.308564356133006,4.308564356133006,4.291336363433093,4.291336363433093,200,2,998
2019-01-10,4.308564356133006,4.308564356133006,4.308564356133006,4.308564356133006,100,1,500
2019-01-11,3.972501034898096,4.041432582962183,3.955263253565966,3.963887038548138,9600,22,44214
2019-01-14,3.963887038548138,4.050056367944356,3.894945701851835,3.894945701851835,3500,22,16120
2019-01-15,3.998352812580182,3.998352812580182,3.877707920519706,3.877707920519706,4600,21,20845
2019-01-16,3.920797479533922,3.938035260866052,3.920797479533922,3.920797479533922,2800,14,12788
2019-01-17,3.877707920519706,3.920797479533922,3.877707920519706,3.920797479533922,400,4,1810
2019-01-18,3.877707920519706,3.920797479533922,3.877707920519706,3.920797479533922,800,3,3635
2019-01-21,3.920797479533922,3.920797479533922,3.920797479533922,3.920797479533922,500,2,2275
2019-01-22,3.920797479533922,3.920797479533922,3.920797479533922,3.920797479533922,1000,7,4550
2019-01-23,3.963887038548138,4.006966808930139,3.963887038548138,3.963887038548138,1700,9,7884
2019-01-24,4.041432582962183,4.170691471372615,4.041432582962183,4.170691471372615,800,3,3812
2019-01-28,4.179315256354789,4.179315256354789,3.929411475883879,3.929411475883879,800,6,3845
2019-01-29,4.265484585751006,4.265484585751006,4.222395026736789,4.222395026736789,700,5,3450
2019-01-30,4.222395026736789,4.222395026736789,3.972501034898096,3.972501034898096,2100,9,9712
2019-01-31,3.920797479533922,3.920797479533922,3.877707920519706,3.877707920519706,3100,5,13981
2019-02-01,3.963887038548138,4.093136138326356,3.963887038548138,4.093136138326356,1700,5,7855
2019-02-04,4.093136138326356,4.127611700990615,4.093136138326356,4.127611700990615,1200,6,5716
2019-02-05,4.110373919658485,4.110373919658485,4.110373919658485,4.110373919658485,100,1,477
2019-02-06,4.093136138326356,4.101759923308529,4.093136138326356,4.101759923308529,600,2,2854
2019-02-08,4.136225697340572,4.144839693690529,4.136225697340572,4.144839693690529,200,2,961
2019-02-11,4.239632808068919,4.2999503597830495,4.239632808068919,4.2999503597830495,1000,6,4982
2019-02-12,4.222395026736789,4.222395026736789,4.222395026736789,4.222395026736789,200,2,980
2019-02-13,3.972501034898096,3.972501034898096,3.877707920519706,3.877707920519706,300,3,1371
2019-02-14,4.136225697340572,4.136225697340572,4.127611700990615,4.136225697340572,1000,4,4794
2019-02-15,4.127611700990615,4.222395026736789,4.127611700990615,4.136225697340572,400,3,1939
2019-02-18,4.222395026736789,4.222395026736789,4.179315256354789,4.179315256354789,900,5,4393
2019-02-19,4.179315256354789,4.179315256354789,4.136225697340572,4.153463478672702,1800,7,8669
2019-02-20,4.101759923308529,4.136225697340572,3.963887038548138,4.136225697340572,1000,8,4707
2019-02-21,4.136225697340572,4.179315256354789,4.127611700990615,4.127611700990615,400,4,1924
2019-02-22,4.144839693690529,4.144839693690529,4.144839693690529,4.144839693690529,200,1,962
2019-02-25,4.222395026736789,4.222395026736789,3.963887038548138,3.963887038548138,2900,12,13938
2019-02-26,4.222395026736789,4.222395026736789,4.015590593912311,4.015590593912311,400,3,1936
2019-02-27,4.136225697340572,4.136225697340572,3.972501034898096,3.972501034898096,1000,4,4630
2019-02-28,4.179315256354789,4.2999503597830495,4.179315256354789,4.179315256354789,3400,10,16722
2019-03-01,4.308564356133006,4.308564356133006,4.308564356133006,4.308564356133006,100,1,500
2019-03-06,4.308564356133006,4.308564356133006,4.308564356133006,4.308564356133006,3700,11,18500
2019-03-07,4.2999503597830495,4.308564356133006,4.136225697340572,4.136225697340572,2200,6,10977
2019-03-08,4.231018811718962,4.231018811718962,4.136225697340572,4.136225697340572,300,2,1462
2019-03-11,4.308564356133006,4.308564356133006,4.041432582962183,4.041432582962183,1500,6,7073
2019-03-12,4.144839693690529,4.144839693690529,4.144839693690529,4.144839693690529,100,1,481
2019-03-13,4.222395026736789,4.222395026736789,4.222395026736789,4.222395026736789,400,2,1960
2019-03-14,4.394743474161438,4.73080679539635,4.394743474161438,4.696341021364306,400,4,2153
2019-03-15,4.65325146235009,4.65325146235009,4.601547906985917,4.601547906985917,200,2,1074
2019-03-20,4.317188141115179,4.65325146235009,4.317188141115179,4.65325146235009,600,3,3195
2019-03-21,4.317188141115179,4.65325146235009,4.317188141115179,4.644637466000133,400,3,2120
2019-03-26,4.644637466000133,4.644637466000133,4.644637466000133,4.644637466000133,100,1,539
2019-03-27,4.480912803557656,4.480912803557656,4.334416133815092,4.334416133815092,500,2,2532
2019-03-29,4.567082132953873,4.601547906985917,4.567082132953873,4.601547906985917,300,3,1598
2019-04-01,4.65325146235009,4.65325146235009,4.610171691968089,4.610171691968089,500,3,2695
2019-04-02,4.480912803557656,4.480912803557656,4.480912803557656,4.480912803557656,400,2,2080
2019-04-03,4.334416133815092,4.420595251843525,4.317188141115179,4.420595251843525,2200,5,11162
2019-04-04,4.636023469650176,4.636023469650176,4.636023469650176,4.636023469650176,1100,2,5918
2019-04-05,4.636023469650176,4.636023469650176,4.636023469650176,4.636023469650176,300,2,1614
2019-04-10,4.627399684668003,4.627399684668003,4.187929252704746,4.239632808068919,600,6,3030
2019-04-11,4.222395026736789,4.567082132953873,4.222395026736789,4.567082132953873,300,3,1515
2019-04-24,4.558468136603916,4.558468136603916,4.558468136603916,4.558468136603916,100,1,529
2019-04-26,4.567082132953873,4.627399684668003,4.567082132953873,4.627399684668003,700,2,3724
2019-04-30,4.334416133815092,4.334416133815092,4.325802137465136,4.325802137465136,900,2,4519
2019-05-02,4.334416133815092,4.334416133815092,4.308564356133006,4.308564356133006,200,2,1003
2019-05-03,4.610171691968089,4.610171691968089,4.394743474161438,4.610171691968089,2000,5,10250
2019-05-06,4.394743474161438,4.43782324454344,4.394743474161438,4.43782324454344,400,3,2050
2019-05-08,4.446447029525612,4.446447029525612,4.446447029525612,4.446447029525612,100,1,516
2019-05-09,4.446447029525612,4.446447029525612,4.446447029525612,4.446447029525612,600,1,3096
2019-05-10,4.446447029525612,4.446447029525612,4.446447029525612,4.446447029525612,200,1,1032
2019-05-21,4.446447029525612,4.446447029525612,4.446447029525612,4.446447029525612,100,1,516
2019-05-23,4.446447029525612,4.446447029525612,4.446447029525612,4.446447029525612,300,1,1548
2019-05-24,4.317188141115179,4.532616358921829,4.317188141115179,4.480912803557656,700,4,3623
2019-05-27,4.43782324454344,4.43782324454344,4.43782324454344,4.43782324454344,100,1,515
2019-05-28,4.231018811718962,4.231018811718962,4.222395026736789,4.222395026736789,200,2,981
2019-05-29,4.222395026736789,4.222395026736789,4.222395026736789,4.222395026736789,400,3,1960
2019-05-30,4.222395026736789,4.222395026736789,4.222395026736789,4.222395026736789,200,1,980
2019-06-03,4.472298807207699,4.472298807207699,4.472298807207699,4.472298807207699,100,1,519
2019-06-06,4.144839693690529,4.222395026736789,4.144839693690529,4.222395026736789,400,4,1942
2019-06-10,4.308564356133006,4.308564356133006,4.308564356133006,4.308564356133006,400,2,2000
2019-06-11,4.429209248193483,4.429209248193483,4.308564356133006,4.308564356133006,800,3,4027
2019-06-13,4.472298807207699,4.472298807207699,4.472298807207699,4.472298807207699,100,1,519
2019-06-14,4.231018811718962,4.429209248193483,3.8087763724556174,3.8087763724556174,10500,23,46917
2019-06-17,4.006966808930139,4.127611700990615,4.006966808930139,4.024204590262269,2000,15,9402
2019-06-18,4.136225697340572,4.256870589401049,4.136225697340572,4.153463478672702,2200,5,10674
2019-06-19,4.153463478672702,4.265484585751006,4.153463478672702,4.265484585751006,1000,4,4872
2019-06-21,4.343039918797266,5.454646781862561,4.334416133815092,5.402943226498388,7200,22,37758
2019-06-24,5.342625674784257,5.342625674784257,5.127197456977608,5.127197456977608,1600,9,9799
2019-06-25,4.661875247332263,4.696341021364306,4.65325146235009,4.65325146235009,1200,8,6518
2019-06-27,4.65325146235009,4.65325146235009,4.5239925739396565,4.5239925739396565,300,3,1591
2019-07-01,4.162077475022659,4.420595251843525,4.162077475022659,4.420595251843525,1500,12,7369
2019-07-02,4.308564356133006,4.394743474161438,4.308564356133006,4.394743474161438,1300,9,6550
2019-07-03,4.82559990977474,4.82559990977474,4.558468136603916,4.558468136603916,1800,11,9839
2019-07-05,4.429209248193483,4.610171691968089,4.429209248193483,4.455061025875569,400,4,2087
2019-07-08,4.455061025875569,4.567082132953873,4.455061025875569,4.455061025875569,3000,9,15535
2019-07-10,4.515378577589699,4.696341021364306,4.515378577589699,4.696341021364306,2300,10,12474
2019-07-11,4.696341021364306,4.903155242821,4.67048924368222,4.903155242821,500,5,2768
2019-07-15,5.127197456977608,5.170287015991823,4.911769239170956,4.954858798185173,5700,21,33833
2019-07-16,4.96347279453513,5.153049234659693,4.96347279453513,5.00655256491713,600,5,3525
2019-07-17,5.135811453327564,5.135811453327564,4.74804457672848,4.782510350760523,10000,33,55741
2019-07-18,4.834213906124696,4.851451687456826,4.834213906124696,4.834213906124696,600,5,3370
2019-07-19,5.11858346062765,5.11858346062765,4.842827902474654,4.842827902474654,1400,6,8252
2019-07-22,5.11858346062765,5.11858346062765,4.851451687456826,5.092731682945564,2800,16,16389
2019-07-23,5.092731682945564,5.092731682945564,4.920383235520913,4.920383235520913,200,2,1162
2019-07-24,4.920383235520913,4.920383235520913,4.851451687456826,4.851451687456826,1100,9,6253
2019-07-25,4.920383235520913,4.920383235520913,4.920383235520913,4.920383235520913,200,2,1142
2019-07-26,4.937621016853043,4.946235013203,4.911769239170956,4.911769239170956,1200,6,6857
2019-07-29,4.842827902474654,4.86867968015674,4.842827902474654,4.86867968015674,700,3,3937
2019-07-30,4.86867968015674,4.86867968015674,4.86867968015674,4.86867968015674,100,1,565
2019-07-31,4.782510350760523,4.82559990977474,4.782510350760523,4.782510350760523,2800,6,15651
2019-08-02,4.782510350760523,5.2736843380879534,4.782510350760523,5.2736843380879534,3300,9,19395
2019-08-05,5.170287015991823,5.170287015991823,5.144435238309736,5.144435238309736,700,6,4190
2019-08-06,5.153049234659693,5.153049234659693,5.08410789796339,5.144435238309736,800,6,4774
2019-08-07,4.782510350760523,5.144435238309736,4.782510350760523,5.144435238309736,700,3,3932
2019-08-12,4.834213906124696,5.170287015991823,4.480912803557656,5.170287015991823,4300,15,25291
2019-08-14,5.16166323100965,5.16166323100965,5.153049234659693,5.153049234659693,700,3,4188
2019-08-15,4.791124347110481,4.791124347110481,4.791124347110481,4.791124347110481,100,1,556
2019-08-19,5.16166323100965,5.170287015991823,5.1013456792955205,5.144435238309736,800,6,4774
2019-08-20,5.135811453327564,5.428795004180475,5.135811453327564,5.428795004180475,500,4,3082
2019-08-21,5.601143451605124,5.601143451605124,4.842827902474654,4.842827902474654,1300,10,7853
2019-08-22,5.170287015991823,5.170287015991823,5.170287015991823,5.170287015991823,200,1,1200
2019-08-23,5.17890101234178,5.17890101234178,5.170287015991823,5.170287015991823,1600,6,9615
2019-08-26,5.16166323100965,5.170287015991823,5.16166323100965,5.170287015991823,300,3,1799
2019-08-29,4.67048924368222,5.04102812758139,4.67048924368222,5.04102812758139,300,3,1711
2019-08-30,5.153049234659693,5.153049234659693,5.153049234659693,5.153049234659693,500,3,2990
2019-09-02,4.765272569428394,5.135811453327564,4.765272569428394,5.135811453327564,200,2,1149
2019-09-03,5.153049234659693,5.153049234659693,5.153049234659693,5.153049234659693,500,3,2990
2019-09-04,5.170287015991823,5.170287015991823,5.153049234659693,5.153049234659693,200,2,1198
2019-09-05,5.170287015991823,5.497736340876777,4.756658573078437,5.109959675645477,9600,48,56889
2019-09-06,4.96347279453513,4.96347279453513,4.80836212844261,4.82559990977474,3100,14,17411
2019-09-09,4.989324572217217,4.989324572217217,4.851451687456826,4.851451687456826,600,6,3421
2019-09-10,4.65325146235009,4.972086790885086,4.65325146235009,4.911769239170956,700,3,3847
2019-09-11,4.96347279453513,5.127197456977608,4.96347279453513,5.127197456977608,2300,3,13304
2019-09-12,5.342625674784257,5.342625674784257,4.782510350760523,4.782510350760523,1500,6,9055
2019-09-13,4.782510350760523,4.782510350760523,4.782510350760523,4.782510350760523,100,1,555
2019-09-17,5.16166323100965,9.565020701521046,5.16166323100965,9.565020701521046,88700,415,904796
2019-09-18,13.356559292644535,28.44516811272445,12.063989985804634,28.44516811272445,357900,1945,8775802
2019-09-19,22.404554229156066,24.558846195854784,15.553931029725254,16.803420566183156,230400,1128,5225594
2019-09-20,17.665133437409757,18.95770274424966,10.77142067896473,12.38282531433963,114400,571,1819618
2019-09-23,11.340149999338422,11.340149999338422,9.75459714164561,9.75459714164561,46700,240,565443
2019-09-24,8.763625382008575,16.372564130569852,8.617138500898228,14.649138388116652,95900,523,1483890
2019-09-25,16.11404635374899,17.665133437409757,14.649138388116652,15.510841470711036,90000,472,1698088
2019-09-26,15.605634585089428,16.157135912763206,12.925702857031236,14.13210283447492,25900,167,422340
2019-09-27,13.787415728257836,13.787415728257836,11.977820656408417,12.581025539446369,20900,112,308319
2019-09-30,12.87399930166706,15.984787465338556,12.87399930166706,15.079994823729956,31500,193,544126
2019-10-01,15.123074594111957,15.812448806546122,14.218281952503352,14.56295927008822,28000,119,471219
2019-10-02,14.64051460313448,14.64051460313448,13.020495971409623,13.03772396410954,10500,63,166634
2019-10-03,13.365183077626709,14.08902306409292,13.141131074837883,13.658166628479618,9200,62,145678
2019-10-04,13.873594846286268,13.959764175682484,13.442738410672968,13.485818181054968,3700,25,58749
2019-10-07,13.787415728257836,13.787415728257836,12.934326642013408,13.313479522262536,2800,22,43516
2019-10-08,13.675394621179532,13.77880173190788,12.925702857031236,13.528907740069185,13200,59,202834
2019-10-09,13.141131074837883,13.606463073115446,13.141131074837883,13.141131074837883,2500,17,38736
2019-10-10,12.934326642013408,13.141131074837883,12.710274639224584,12.710274639224584,4200,28,62769
2019-10-11,12.73612641690667,13.58061129543336,12.73612641690667,12.761978194588757,900,9,13637
2019-10-14,12.925702857031236,12.925702857031236,12.537935980432149,12.891237082999192,5400,34,79727
2019-10-15,13.141131074837883,13.141131074837883,12.529321984082191,12.529321984082191,5100,34,75397
2019-10-16,12.494846421417932,12.494846421417932,12.15015931520085,12.15015931520085,6700,40,95803
2019-10-17,12.40006309567176,12.40006309567176,11.977820656408417,11.995058437740546,5000,33,70062
2019-10-18,12.01228643044046,12.15015931520085,11.995058437740546,12.15015931520085,1800,10,25143
2019-10-21,11.745154657269635,12.08984176348672,11.65898532787342,11.65898532787342,4300,26,58471
2019-10-22,12.063989985804634,12.40006309567176,11.771006434951724,12.063989985804634,5900,39,82663
2019-10-23,12.081227767136763,12.081227767136763,11.779630219933894,11.779630219933894,3400,18,47226
2019-10-24,11.943354882376372,11.943354882376372,11.590053779809333,11.590053779809333,700,7,9561
2019-10-25,11.374625562002684,11.374625562002684,10.65078557553647,10.676637353218558,800,7,10177
2019-10-28,11.090256007499727,14.821477046909086,10.85759000836095,13.58061129543336,49100,303,785265
2019-10-29,13.62369106581536,13.864971061304097,10.94376912638938,12.839533527635018,23700,147,341882
2019-10-30,12.839533527635018,12.839533527635018,11.80548199761598,12.063989985804634,29200,88,410029
2019-10-31,11.891651327012198,12.3655875330075,11.633133550191332,12.22771464824711,6900,44,96272
2019-11-01,12.07260398215459,12.7533641982388,11.891651327012198,12.193248874215069,6200,50,88576
2019-11-04,12.10707954481885,12.40006309567176,11.891651327012198,11.960582875076286,8100,34,112933
2019-11-05,12.02952421177259,12.02952421177259,11.702074886887637,11.71930287958755,4000,30,54657
2019-11-06,11.81409599396594,12.04676199310472,11.66760911285559,11.73654066091968,2600,19,35889
2019-11-07,12.02952421177259,12.02952421177259,11.633133550191332,11.67622310920555,2400,15,32809
2019-11-08,11.633133550191332,11.633133550191332,11.5038746617809,11.5038746617809,1100,9,14825
2019-11-11,11.80548199761598,11.80548199761598,11.5038746617809,11.5038746617809,2200,16,29458
2019-11-12,11.52111244311303,11.52111244311303,11.297070228956422,11.297070228956422,1700,15,22532
2019-11-13,11.288446443974248,11.426329117366857,11.167811340545988,11.348773784320596,9600,15,125718
2019-11-14,11.4607948913989,11.4607948913989,11.029938455785596,11.124721781531772,2200,11,28449
2019-11-18,11.124721781531772,11.124721781531772,11.02132445943564,11.029938455785596,600,4,7690
2019-11-19,10.762806682614777,11.41770533238468,10.452585350429734,11.193663118228075,2900,14,37786
2019-11-21,11.185049121878118,12.055375989454676,11.185049121878118,11.67622310920555,14700,61,200301
2019-11-22,12.04676199310472,12.04676199310472,11.9347310973942,11.977820656408417,1900,16,26428
2019-11-25,11.710688883237593,12.003672434090502,11.710688883237593,11.891651327012198,700,7,9671
2019-11-26,11.943354882376372,11.943354882376372,11.4607948913989,11.839947771648026,1300,13,17724
2019-11-27,11.831333775298068,11.848561767997982,11.831333775298068,11.848561767997982,600,5,8242
2019-11-28,11.633133550191332,11.633133550191332,11.633133550191332,11.633133550191332,300,2,4050
2019-11-29,11.883037330662242,11.883037330662242,11.185049121878118,11.374625562002684,2100,15,27577
2019-12-02,11.374625562002684,11.874413545680069,11.202277114578033,11.434943113716812,4500,19,59203
2019-12-03,11.874413545680069,11.874413545680069,10.94376912638938,11.124721781531772,2700,19,35144
2019-12-04,10.85759000836095,11.081642011149771,10.85759000836095,10.85759000836095,11100,17,141162
2019-12-05,10.94376912638938,11.5038746617809,10.581844238840167,10.659399571886429,16300,27,209008
2019-12-06,10.728340908582732,11.098870003849685,10.728340908582732,10.85759000836095,5700,17,71606
2019-12-09,10.85759000836095,11.055790233467684,10.85759000836095,10.986848896771384,1300,8,16579
2019-12-10,11.06440422981764,11.702074886887637,10.685251349568514,10.85759000836095,12100,50,154597
2019-12-11,10.978234900421423,11.4607948913989,10.978234900421423,11.055790233467684,9400,34,121478
2019-12-12,11.047166448485513,11.555578217145072,10.85759000836095,10.883441786043036,4300,22,54834
2019-12-13,10.949182240004752,10.975259156227802,10.949182240004752,10.975259156227802,300,3,3786
2019-12-16,11.23595000940059,11.23595000940059,9.35895041611276,9.35895041611276,46600,118,549757
2019-12-17,9.454536409700632,10.1149656366725,9.402392365886746,9.55881470869619,25200,114,280606
2019-12-18,9.55881470869619,9.689160135282584,9.55881470869619,9.584881836287028,1900,10,21034
2019-12-19,9.71522726287342,10.097581025857131,9.706534957465738,9.776053823462776,8900,47,101364
2019-12-20,9.941168471679903,9.941168471679903,9.55881470869619,9.854264994867496,11700,36,130701
2019-12-23,9.810813256461294,9.810813256461294,9.610948963877862,9.654400702284065,1500,12,16715
2019-12-26,9.64570839687638,9.71522726287342,9.60225665847018,9.60225665847018,2500,17,27725
2019-12-27,9.689160135282584,9.71522726287342,9.56749722547166,9.56749722547166,1400,12,15534
2019-12-30,9.810813256461294,9.810813256461294,9.60225665847018,9.62833357469323,2200,14,24467
2020-01-02,9.671775524467218,9.802130739685827,9.55881470869619,9.758679001279624,4300,24,47962
2020-01-03,9.584881836287028,9.767371306687307,9.584881836287028,9.74998669587194,2400,15,26836
2020-01-06,9.74998669587194,9.74998669587194,9.64570839687638,9.741294390464256,6300,18,70058
2020-01-07,9.741294390464256,9.819505561868976,9.69785244069027,9.69785244069027,6900,28,77400
2020-01-08,9.732611873688787,9.732611873688787,9.6804678298749,9.6804678298749,6400,13,71398
2020-01-09,9.6804678298749,9.6804678298749,9.6804678298749,9.6804678298749,3000,9,33420
2020-01-10,9.671775524467218,9.723919568281104,9.471911231883784,9.723919568281104,3700,19,40966
2020-01-13,9.74998669587194,9.74998669587194,9.428469282109797,9.723919568281104,3000,19,33337
2020-01-14,9.732611873688787,9.732611873688787,9.471911231883784,9.64570839687638,1200,9,13263
2020-01-15,9.541430097880824,10.12364815344797,9.524055275697672,9.64570839687638,15800,65,178579
2020-01-16,9.993302726861575,9.993302726861575,9.515362970289988,9.515362970289988,7000,41,78620
2020-01-17,9.889024427866016,11.73126458815533,9.889024427866016,11.479266040390227,43000,195,552497
2020-01-20,13.034748219915915,13.6430334030739,11.86161980337394,12.026724662958854,73800,305,1054443
2020-01-21,12.80011470570175,12.80011470570175,11.470573734982544,11.73126458815533,15100,67,209416
2020-01-22,11.948513491554133,12.487279808715073,11.626996077791988,12.096243528955894,3900,26,53648
2020-01-23,12.096243528955894,12.157070089545249,11.209882881809756,11.314161180805312,15200,47,201245
2020-01-24,11.818168064967736,11.818168064967736,11.114287099589664,11.76602402115385,7400,39,97007
2020-01-27,10.42779074502696,11.209882881809756,10.419108228251492,10.645039648425762,18200,87,224805
2020-01-28,10.992633978410955,10.992633978410955,10.653731953833445,10.853596246416878,3300,30,41184
2020-01-29,11.096912277406512,11.105604582814196,10.714558514422798,10.853596246416878,3000,23,37630
2020-01-30,10.775385075012156,10.775385075012156,10.262685885442046,10.42779074502696,4600,18,56051
2020-01-31,10.618972520834925,10.645039648425762,10.42779074502696,10.42779074502696,2200,15,26742
2020-02-03,10.436483050434644,11.28808426458226,10.436483050434644,11.105604582814196,8600,45,106215
2020-02-04,11.279401747806794,11.64437089997514,10.86228855182456,10.86228855182456,4900,28,63370
2020-02-05,10.975259156227802,11.514025473388749,10.740625642013637,10.853596246416878,5700,42,71983
2020-02-06,10.975259156227802,11.070845149815678,10.410415922843807,10.86228855182456,7200,22,87143
2020-02-07,10.479934788840849,10.775385075012156,10.280070496257416,10.775385075012156,6300,34,76233
2020-02-10,10.332204751439086,10.688491386831965,10.25400336866658,10.688491386831965,3200,30,38281
2020-02-11,10.83621163560151,10.83621163560151,10.445175355842329,10.679799081424282,6000,35,73567
2020-02-12,10.314829929255934,10.810144508010676,10.314829929255934,10.749317947421318,6700,39,81360
2020-02-13,10.671106776016597,10.671106776016597,10.645039648425762,10.645039648425762,600,3,7365
2020-02-14,10.62766482624261,10.653731953833445,10.62766482624261,10.645039648425762,2600,7,31839
2020-02-17,10.775385075012156,10.775385075012156,10.653731953833445,10.653731953833445,300,2,3692
2020-02-18,10.445175355842329,10.59290539324409,10.349589362254454,10.540761349430204,1000,9,12048
2020-02-19,10.62766482624261,10.62766482624261,10.55814596024557,10.584213087836408,1300,5,15840
2020-02-20,10.679799081424282,10.679799081424282,10.679799081424282,10.679799081424282,300,3,3687
2020-02-21,10.25400336866658,10.59290539324409,10.210551630260376,10.59290539324409,1500,11,17857
2020-02-26,10.55814596024557,10.55814596024557,9.654400702284065,10.15840758644649,3100,21,36570
2020-02-27,9.64570839687638,9.949850988455372,9.471911231883784,9.949850988455372,1600,10,17881
2020-02-28,10.758010252829004,10.758010252829004,8.941837220130525,8.941837220130525,4600,39,49966
2020-03-02,9.202528073303313,9.454536409700632,8.759347749730244,9.245979811709516,8500,47,88379
2020-03-03,9.15039381812164,9.167768640304793,8.889693176316639,9.098249774307757,4200,19,43920
2020-03-04,9.106942079715438,9.211220378710996,8.907077787132007,8.907077787132007,1200,12,12483
2020-03-05,8.646377145327003,8.646377145327003,8.41175341974505,8.646377145327003,1600,12,15779
2020-03-06,8.516031718740608,8.516031718740608,7.820843058770221,8.333542248340327,1800,11,17363
2020-03-09,8.177129694163098,8.177129694163098,8.177129694163098,8.177129694163098,100,1,941
2020-03-11,7.9859479183551345,8.516031718740608,7.560152205597433,7.603603944003636,2100,16,18863
2020-03-12,6.951867022439451,7.534085078006597,6.951867022439451,7.525392772598914,1200,7,9865
2020-03-13,7.525392772598914,7.959880790764298,7.125664187432048,7.560152205597433,3900,19,33595
2020-03-16,7.438489295786506,7.438489295786506,7.429806779011039,7.429806779011039,400,4,3422
2020-03-17,6.951867022439451,7.429806779011039,6.326197228466101,6.326197228466101,2700,19,21327
2020-03-18,6.213226624062859,6.213226624062859,5.2138953725134805,5.648393179311081,1300,10,8365
2020-03-19,5.1270016843332895,6.082881197476465,4.518706712543092,6.082881197476465,5800,28,33617
2020-03-20,6.09157350288415,6.09157350288415,4.979271646931528,4.979271646931528,6100,36,38083
2020-03-23,4.640369622354018,4.944512213933009,4.605610189355498,4.944512213933009,3600,19,19720
2020-03-24,5.048790512928567,5.71791204530812,5.040098207520884,5.1530688119241255,2900,17,17390
2020-03-25,5.639700873903397,5.648393179311081,5.474596014318484,5.474596014318484,800,6,5136
2020-03-26,5.2138953725134805,5.952535770890072,5.1270016843332895,5.952535770890072,1700,12,10767
2020-03-27,5.648393179311081,5.761353995082107,5.387692537506077,5.700527434492752,3200,20,20393
2020-03-30,5.752671478306639,6.143707758065821,5.318173671509038,5.544114880315522,1800,9,12121
2020-03-31,5.544114880315522,5.969910593073223,5.544114880315522,5.648393179311081,2000,16,13217
2020-04-01,5.648393179311081,5.648393179311081,4.649061927761702,5.43114427591228,4800,25,28751
2020-04-02,5.604941440904878,6.082881197476465,5.604941440904878,5.631008568495713,900,8,5934
2020-04-03,6.039429459070262,6.039429459070262,5.135684201108758,5.1530688119241255,1800,12,10754
2020-04-06,6.074188892068782,6.300130100875266,6.074188892068782,6.161092368881188,4300,20,30652
2020-04-07,6.439167832869344,7.473248728785026,6.413090916646292,6.447850349644812,5600,26,44430
2020-04-08,6.256678362469063,6.256678362469063,5.822190344303678,6.247986057061379,1900,10,13239
2020-04-09,6.665099253043612,6.682483863858979,5.952535770890072,5.952535770890072,1100,9,8017
2020-04-13,6.387023789055457,6.508686698866383,6.274053184652215,6.508686698866383,1500,9,10963
2020-04-14,6.5347538264572185,7.02138588843649,6.5347538264572185,6.708550991449815,2000,12,15665
2020-04-15,6.639032125452776,6.691166380634448,6.6303398200450925,6.6303398200450925,1700,9,12993
2020-04-16,6.691166380634448,6.691166380634448,6.691166380634448,6.691166380634448,1900,4,14630
2020-04-17,6.795444679630005,6.795444679630005,6.691166380634448,6.691166380634448,900,2,6990
2020-04-20,6.6042726924542565,6.6042726924542565,6.187159496472024,6.213226624062859,1100,10,8007
2020-04-22,6.265370667876747,6.73461811904065,6.265370667876747,6.73461811904065,400,4,2991
2020-04-23,6.778069857446854,7.030068405211957,6.230611234878227,6.230611234878227,4300,22,33358
2020-04-24,6.004670026071743,6.204534318655176,5.952535770890072,6.204534318655176,800,5,5516
2020-04-27,6.274053184652215,6.864963545627044,6.004670026071743,6.126332935882669,12500,49,93391
2020-04-28,6.274053184652215,6.274053184652215,6.030737153662579,6.030737153662579,3400,17,23886
2020-04-29,6.082881197476465,6.274053184652215,6.013362331479427,6.274053184652215,1600,13,11337
2020-04-30,6.274053184652215,6.274053184652215,6.013362331479427,6.013362331479427,1300,5,9299
2020-05-04,5.935151160074705,5.952535770890072,5.639700873903397,5.770046300489791,4700,28,31163
2020-05-05,6.447850349644812,6.508686698866383,5.995977720664059,6.126332935882669,6400,34,46252
2020-05-06,6.126332935882669,6.126332935882669,6.082881197476465,6.082881197476465,200,2,1405
2020-05-07,5.770046300489791,6.074188892068782,5.770046300489791,5.778738605897475,1200,11,8095
2020-05-08,5.80480573348831,5.891709210300717,5.80480573348831,5.891709210300717,200,2,1346
2020-05-11,5.700527434492752,5.700527434492752,5.648393179311081,5.6831526123096,2200,7,14340
2020-05-12,5.726594562083587,5.735286867491272,5.726594562083587,5.726594562083587,400,4,2637
2020-05-13,5.71791204530812,5.71791204530812,5.474596014318484,5.474596014318484,600,5,3872
2020-05-14,5.474596014318484,5.474596014318484,5.474596014318484,5.474596014318484,300,3,1890
2020-05-15,5.474596014318484,5.474596014318484,5.474596014318484,5.474596014318484,100,1,630
2020-05-19,5.387692537506077,7.907746535582627,5.387692537506077,7.907746535582627,6400,32,49187
2020-05-20,7.994640223762818,10.9318074178216,7.299451563792429,7.638363377002156,70100,413,748468
2020-05-21,7.638363377002156,9.0374232137184,7.638363377002156,7.907746535582627,18700,122,178626
2020-05-22,8.10761082816606,8.10761082816606,7.716564759774662,7.73394937059003,3200,21,28960
2020-05-25,8.046784267576705,8.472579980334405,7.403739651420203,7.829535364177904,3300,31,30609
2020-05-26,7.872987102584107,8.124985650349211,7.308143869200113,7.308143869200113,7900,56,69440
2020-05-27,7.39504734601252,7.629671071594471,7.377662735197152,7.377662735197152,2800,17,24054
2020-05-28,7.299451563792429,7.39504734601252,7.256009614018441,7.39504734601252,3200,15,26948
2020-05-29,7.308143869200113,7.342903302198632,7.047453016027325,7.090904754433528,1000,10,8265
2020-06-01,7.125664187432048,7.812160541994753,7.125664187432048,7.681805326776143,2500,19,21419
2020-06-02,7.707882242999194,7.707882242999194,7.238625003203074,7.560152205597433,4900,43,42078
2020-06-03,7.647045893777624,7.968573096171982,7.603603944003636,7.73394937059003,5500,34,48879
2020-06-04,7.812160541994753,7.820843058770221,7.551459900189749,7.551459900189749,2700,16,23924
2020-06-05,7.560152205597433,7.820843058770221,7.473248728785026,7.820843058770221,2100,17,18360
2020-06-08,7.803468236587069,7.820843058770221,7.73394937059003,7.73394937059003,4500,16,40340
2020-06-09,7.177798442613719,7.864294797176424,7.177798442613719,7.73394937059003,5900,19,52705
2020-06-10,7.864294797176424,8.516031718740608,7.864294797176424,8.064159089759855,9500,58,90090
2020-06-12,7.742641675997714,9.993302726861575,7.481941034192711,9.69785244069027,49800,204,517368
2020-06-15,9.046115519126085,9.37632523829591,8.25534086556782,8.646377145327003,15100,72,151535
2020-06-16,8.69852118914089,9.993302726861575,8.69852118914089,9.732611873688787,31400,144,343875
2020-06-17,9.637016091468698,9.637016091468698,8.689828883733206,9.089557468900072,15700,56,165691
2020-06-18,9.028730908310717,9.332873499889706,8.863626048725804,8.881000870908954,6400,33,65934
2020-06-19,9.106942079715438,9.211220378710996,8.429138030560418,8.768040055137927,3200,17,32595
2020-06-22,8.924452609315157,9.584881836287028,8.924452609315157,9.0374232137184,9300,39,99970
2020-06-23,9.35895041611276,12.16576239495293,9.34156580529739,10.236618757851211,57900,304,715532
2020-06-24,10.271378190849733,10.42779074502696,9.66309300769175,9.819505561868976,6400,33,74585
2020-06-25,10.227926452443526,10.731943125238168,9.906409038681383,9.915091555456852,4800,32,56262
2020-06-26,9.880332122458334,10.419108228251492,9.732611873688787,10.236618757851211,1800,13,20726
2020-06-29,10.141032764263338,10.236618757851211,9.949850988455372,9.993302726861575,3100,15,36054
2020-06-30,9.906409038681383,9.906409038681383,9.55881470869619,9.689160135282584,14200,31,159703
2020-07-01,10.04544677067546,10.340897056846767,9.6804678298749,10.15840758644649,3300,20,38276
2020-07-02,10.323512446031405,10.340897056846767,9.55881470869619,9.654400702284065,3100,21,35053
2020-07-03,9.871649605682864,9.941168471679903,9.741294390464256,9.836890172684347,1600,16,18074
2020-07-06,9.993302726861575,10.332204751439086,9.71522726287342,9.819505561868976,3600,31,40800
2020-07-07,9.880332122458334,9.880332122458334,9.741294390464256,9.819505561868976,1100,9,12423
2020-07-08,9.819505561868976,9.923783860864535,9.706534957465738,9.706534957465738,3300,15,37309
2020-07-09,9.767371306687307,10.42779074502696,9.71522726287342,9.723919568281104,5500,41,64634
2020-07-10,9.906409038681383,9.906409038681383,9.385017543703594,9.723919568281104,7800,47,85631
2020-07-13,9.463228715108317,9.854264994867496,9.463228715108317,9.64570839687638,4400,36,48276
2020-07-14,9.802130739685827,9.802130739685827,9.471911231883784,9.471911231883784,1700,11,18650
2020-07-15,9.610948963877862,9.828197867276662,9.454536409700632,9.828197867276662,2500,21,27882
2020-07-16,9.6804678298749,9.6804678298749,9.12431690189859,9.34156580529739,4500,28,48286
2020-07-17,9.367632932888226,9.428469282109797,9.141701512713958,9.22859520089415,4400,37,46828
2020-07-20,9.237287506301833,9.671775524467218,9.202528073303313,9.34156580529739,3200,25,34614
2020-07-21,9.272046939300353,9.272046939300353,8.993971475312195,8.993971475312195,2700,23,28329
2020-07-22,8.889693176316639,9.11563438512312,8.863626048725804,9.046115519126085,2400,21,24766
2020-07-23,8.907077787132007,8.950519736905992,8.689828883733206,8.933144914722842,4900,34,49891
2020-07-24,8.785414877321081,9.020038602903032,8.689828883733206,8.741972927547092,2600,18,26274
2020-07-27,8.898385481724322,9.32419098311424,8.898385481724322,9.167768640304793,2500,13,26265
2020-07-28,9.367632932888226,9.367632932888226,9.080874952124605,9.298114066891188,500,5,5317
2020-07-29,9.298114066891188,9.66309300769175,8.863626048725804,9.089557468900072,5100,32,54266
2020-07-30,9.53784745848982,9.904686239411394,9.171008677568244,9.35442806802903,4900,36,51291
2020-07-31,9.372771964801553,9.49199750519073,9.198524522727029,9.49199750519073,2300,16,23480
2020-08-03,9.53784745848982,9.96888987811522,9.446137763259424,9.446137763259424,2300,11,24509
2020-08-04,9.446137763259424,9.785470487654433,9.446137763259424,9.620385205333951,2900,16,30609
2020-08-05,9.620385205333951,10.179815325102576,9.40027802132812,9.96888987811522,10900,47,116063
2020-08-06,9.5653633036486,10.179815325102576,9.5653633036486,10.033083728186831,4600,29,50355
2020-08-07,10.124793423417223,10.124793423417223,9.60204130856143,9.60204130856143,3800,18,40608
2020-08-10,9.611213256947693,9.611213256947693,9.381943913187817,9.510331613331036,3900,20,40185
2020-08-11,9.629557153720214,9.629557153720214,9.464481660031948,9.464481660031948,1200,8,12413
2020-08-12,9.693751003791824,9.702922952178085,9.49199750519073,9.49199750519073,1100,7,11521
2020-08-13,9.49199750519073,9.49199750519073,9.033439240406546,9.381943913187817,1900,17,19330
2020-08-14,9.171008677568244,9.207696471113287,8.895879591877062,9.042611188792804,3100,25,30614
2020-08-17,9.391115861574075,9.391115861574075,9.01510513226624,9.01510513226624,1600,13,15910
2020-08-18,9.01510513226624,9.01510513226624,9.01510513226624,9.01510513226624,100,1,983
2020-08-19,9.024267292020284,9.180180625954504,9.024267292020284,9.180180625954504,700,6,6985
2020-08-20,9.235202527639856,9.235202527639856,9.106814827496631,9.106814827496631,1300,8,13028
2020-08-21,9.106814827496631,9.207696471113287,9.106814827496631,9.207696471113287,1200,5,12036
2020-08-24,9.35442806802903,9.35442806802903,9.35442806802903,9.35442806802903,200,2,2040
2020-08-25,9.345256119642771,9.345256119642771,9.106814827496631,9.171008677568244,1400,9,14108
2020-08-26,9.171008677568244,9.574535252034863,9.152664780795725,9.345256119642771,4200,25,42546
2020-08-27,9.345256119642771,9.35442806802903,9.198524522727029,9.35442806802903,3000,7,30232
2020-08-28,9.528675510103556,10.01473983141431,9.501159664944774,9.501159664944774,10100,30,107076
2020-08-31,9.381943913187817,9.381943913187817,9.12514893563694,9.345256119642771,1700,9,17046
2020-09-01,9.14349283240946,9.684588844037778,8.895879591877062,9.684588844037778,3000,19,30255
2020-09-02,9.812976544181,9.812976544181,9.629557153720214,9.629557153720214,1900,12,20071
2020-09-03,9.785470487654433,9.785470487654433,9.446137763259424,9.629557153720214,800,8,8357
2020-09-04,9.427793866486905,9.629557153720214,9.40027802132812,9.629557153720214,700,7,7209
2020-09-08,9.822148492567262,9.822148492567262,9.35442806802903,9.363600016415292,500,5,5231
2020-09-09,9.629557153720214,9.629557153720214,9.629557153720214,9.629557153720214,100,1,1050
2020-09-10,9.35442806802903,9.721266848950606,9.171008677568244,9.171008677568244,1000,8,10170
2020-09-11,9.171008677568244,9.171008677568244,9.171008677568244,9.171008677568244,700,5,7000
2020-09-14,9.180180625954504,9.528675510103556,9.180180625954504,9.262718372798638,2000,9,20256
2020-09-15,9.262718372798638,9.262718372798638,9.171008677568244,9.171008677568244,300,3,3020
2020-09-16,9.171008677568244,9.171008677568244,9.171008677568244,9.171008677568244,300,2,3000
2020-09-17,9.07012703395159,9.07012703395159,9.060955085565327,9.060955085565327,500,4,4943
2020-09-18,9.106814827496631,9.106814827496631,8.950901493562412,8.960073441948673,1600,11,15729
2020-09-21,8.987589287107456,9.115976987250678,8.950901493562412,8.987589287107456,2500,15,24479
2020-09-22,8.987589287107456,9.40027802132812,8.987589287107456,9.40027802132812,13000,45,129933
2020-09-23,9.693751003791824,9.702922952178085,9.29940616634368,9.40027802132812,7500,33,78162
2020-09-24,9.23604435001042,9.254701483013848,9.012139176704832,9.254701483013848,6800,26,66614
2020-09-28,9.068120364347337,9.422635257309144,8.956167777694544,8.956167777694544,16200,60,159643
2020-09-30,8.993482043701404,9.142748896361056,8.993482043701404,9.142748896361056,1300,6,12548
2020-10-01,9.142748896361056,9.142748896361056,8.722934037887244,8.956167777694544,5600,14,53528
2020-10-02,8.769576870395818,8.853543757543466,8.722934037887244,8.853543757543466,3800,16,35741
2020-10-05,8.853543757543466,8.853543757543466,8.676291205378671,8.676291205378671,1400,11,13165
2020-10-06,8.769576870395818,8.937510644691114,8.769576870395818,8.769576870395818,1000,7,9421
2020-10-07,9.049463231343909,9.142748896361056,8.722934037887244,9.086777497350766,2100,14,20115
2020-10-08,8.94683921119283,9.09610606385248,8.94683921119283,9.09610606385248,300,3,2893
2020-10-09,9.086777497350766,9.226715783508704,9.086777497350766,9.217387217006989,2200,12,21466
2020-10-13,9.142748896361056,9.394639769171784,9.142748896361056,9.394639769171784,1300,6,12823
2020-10-14,9.38531120267007,9.66519756361816,9.23604435001042,9.23604435001042,3000,15,30198
2020-10-15,9.422635257309144,10.06635528908854,9.23604435001042,9.23604435001042,77100,78,796177
2020-10-16,9.32933980365978,9.338668370161496,9.32933980365978,9.32933980365978,1200,4,12001
2020-10-19,9.32933980365978,9.609216375975656,9.273368404649494,9.609216375975656,1600,10,16067
2020-10-20,9.58123067647051,9.58123067647051,9.422635257309144,9.422635257309144,600,4,6077
2020-10-21,9.32933980365978,9.32933980365978,9.264039838147776,9.264039838147776,1000,2,9944
2020-10-22,9.282696971151209,9.282696971151209,9.245372916512132,9.245372916512132,700,6,6956
2020-10-23,9.264039838147776,9.534587843961935,9.264039838147776,9.32933980365978,3000,14,30071
2020-10-26,9.32933980365978,9.32933980365978,9.189401517501844,9.189401517501844,4000,10,39582
2020-10-27,9.189401517501844,9.189401517501844,9.030806098340475,9.030806098340475,2800,10,27198
2020-10-28,9.012139176704832,9.012139176704832,8.862872324045181,8.862872324045181,3900,11,37306
2020-10-29,8.862872324045181,8.862872324045181,8.834886624540038,8.834886624540038,1600,4,15158
2020-10-30,8.834886624540038,8.834886624540038,8.816229491536609,8.816229491536609,2700,6,25527
2020-11-03,8.825558058038323,9.13342032985934,8.816229491536609,8.844215191041751,5700,14,54060
2020-11-04,9.049463231343909,9.049463231343909,8.825558058038323,8.825558058038323,500,5,4766
2020-11-05,9.114763196855913,9.590559242972226,9.114763196855913,9.562573543467082,4600,37,45959
2020-11-06,9.32933980365978,9.46927808981772,9.32933980365978,9.459949523316004,800,5,8042
2020-11-09,9.459949523316004,9.459949523316004,9.142748896361056,9.152087251494986,5200,17,51487
2020-11-10,9.450620956814287,9.450620956814287,9.152087251494986,9.375982636168356,2000,10,19832
2020-11-11,9.38531120267007,9.38531120267007,9.34799693666321,9.34799693666321,900,5,9037
2020-11-12,9.226715783508704,9.226715783508704,9.002810610203118,9.012139176704832,3500,19,34199
2020-11-13,9.19873008400356,9.19873008400356,9.19873008400356,9.19873008400356,500,5,4930
2020-11-16,9.23604435001042,9.23604435001042,9.189401517501844,9.189401517501844,1100,2,10840
2020-11-17,9.23604435001042,9.32933980365978,9.23604435001042,9.310682670656352,600,4,5978
2020-11-18,9.34799693666321,9.34799693666321,9.34799693666321,9.34799693666321,400,3,4008
2020-11-19,9.34799693666321,9.34799693666321,9.124091763357624,9.152087251494986,500,5,4920
2020-11-23,9.34799693666321,9.34799693666321,9.105434630354196,9.124091763357624,2700,8,26452
2020-11-26,9.301354104154637,9.338668370161496,9.301354104154637,9.338668370161496,1500,7,14967
2020-11-30,9.226715783508704,9.226715783508704,9.19873008400356,9.19873008400356,400,4,3951
2020-12-01,9.189401517501844,9.338668370161496,9.189401517501844,9.32933980365978,1200,6,11916
2020-12-02,9.217387217006989,9.32933980365978,9.189401517501844,9.32933980365978,2200,7,21750
2020-12-03,9.189401517501844,9.32933980365978,9.189401517501844,9.19873008400356,2000,10,19931
2020-12-04,9.422635257309144,9.70251182962502,9.189401517501844,9.32933980365978,6800,10,69539
2020-12-07,9.422635257309144,9.422635257309144,9.189401517501844,9.19873008400356,8300,31,82004
2020-12-08,9.189401517501844,9.208058650505274,9.189401517501844,9.19873008400356,4300,12,42392
2020-12-09,9.19873008400356,9.19873008400356,9.114763196855913,9.114763196855913,600,6,5905
2020-12-10,9.124091763357624,9.23604435001042,9.124091763357624,9.23604435001042,400,2,3924
2020-12-14,9.217387217006989,9.282696971151209,9.021467743206548,9.282696971151209,2800,17,27425
2020-12-15,9.32933980365978,9.32933980365978,9.320011237158068,9.320011237158068,500,5,4998
2020-12-16,9.320011237158068,9.320011237158068,9.040134664842194,9.310682670656352,2000,11,19782
2020-12-17,9.320011237158068,9.320011237158068,9.068120364347337,9.18007295100013,500,4,4927
2020-12-18,9.189401517501844,9.189401517501844,9.189401517501844,9.189401517501844,100,1,985
2020-12-21,9.18007295100013,9.282696971151209,9.142748896361056,9.19873008400356,1500,11,14778
2020-12-22,9.19873008400356,9.19873008400356,9.142748896361056,9.142748896361056,500,2,4918
2020-12-23,9.09610606385248,9.282696971151209,9.09610606385248,9.282696971151209,600,5,5920
2020-12-28,9.23604435001042,9.282696971151209,9.23604435001042,9.282696971151209,1800,6,17905
2020-12-29,9.282696971151209,9.282696971151209,9.142748896361056,9.254701483013848,1900,10,18718
2020-12-30,9.273368404649494,9.282696971151209,9.189401517501844,9.19873008400356,2300,19,22752
2021-01-04,9.170744384498414,10.075683855590256,9.170744384498414,10.075683855590256,10700,42,109387
2021-01-05,9.982388401940891,10.06635528908854,9.963731268937462,9.963731268937462,1100,8,11773
2021-01-06,9.282696971151209,9.842450115782956,9.282696971151209,9.609216375975656,8300,39,84175
2021-01-07,9.842450115782956,9.85177868228467,9.46927808981772,9.758493017267522,2100,11,21969
2021-01-08,9.46927808981772,10.02904102308168,9.46927808981772,9.83312154928124,4000,21,41695
2021-01-11,10.02904102308168,10.02904102308168,9.515930710958507,9.70251182962502,1600,13,16719
2021-01-12,9.515930710958507,9.70251182962502,9.403978124305716,9.693183263123304,3400,15,34881
2021-01-13,9.34799693666321,9.70251182962502,9.226715783508704,9.637211864113016,7700,29,78318
2021-01-14,9.609216375975656,9.64654043061473,9.338668370161496,9.338668370161496,4100,19,41654
2021-01-15,9.32933980365978,9.609216375975656,9.32933980365978,9.58123067647051,800,8,8194
2021-01-18,9.571902109968796,9.571902109968796,9.32933980365978,9.562573543467082,400,4,4075
2021-01-19,9.320011237158068,9.562573543467082,9.310682670656352,9.562573543467082,1400,6,14008
2021-01-20,9.553244976965368,9.58123067647051,9.292025537652924,9.310682670656352,7700,18,77105
2021-01-21,9.282696971151209,9.422635257309144,9.23604435001042,9.282696971151209,2400,13,23855
2021-01-22,9.515930710958507,9.590559242972226,9.292025537652924,9.292025537652924,1500,8,15284
2021-01-26,9.19873008400356,9.19873008400356,9.105434630354196,9.105434630354196,1800,8,17708
2021-01-27,9.105434630354196,9.320011237158068,9.021467743206548,9.320011237158068,1000,6,9812
2021-01-28,9.320011237158068,9.320011237158068,9.012139176704832,9.19873008400356,2700,14,26353
2021-01-29,9.086777497350766,9.18007295100013,9.058791797845624,9.18007295100013,400,4,3901
2021-02-01,9.18007295100013,9.18007295100013,9.040134664842194,9.049463231343909,700,5,6837
2021-02-02,9.049463231343909,9.049463231343909,9.002810610203118,9.049463231343909,500,5,4840
2021-02-03,9.002810610203118,9.13342032985934,8.872200890546896,8.9281820781894,4500,23,43202
2021-02-04,8.881529457048611,8.881529457048611,8.862872324045181,8.862872324045181,500,4,4754
2021-02-05,8.853543757543466,8.956167777694544,8.816229491536609,8.94683921119283,1300,9,12374
2021-02-08,9.049463231343909,9.105434630354196,9.049463231343909,9.086777497350766,1000,3,9728
2021-02-11,9.077448930849052,9.189401517501844,8.778905436897533,8.778905436897533,2500,13,23856
2021-02-12,8.592324318231023,8.94683921119283,8.592324318231023,8.94683921119283,1200,10,11230
2021-02-17,8.918853511687686,9.142748896361056,8.918853511687686,9.13342032985934,1600,8,15435
2021-02-18,8.704276904883814,8.862872324045181,8.704276904883814,8.844215191041751,1000,6,9470
2021-02-19,8.993482043701404,8.993482043701404,8.676291205378671,8.676291205378671,800,7,7542
2021-02-22,8.629638584237881,8.73226260438896,8.629638584237881,8.722934037887244,800,7,7454
2021-02-23,8.769576870395818,8.769576870395818,8.722934037887244,8.722934037887244,300,3,2812
2021-02-24,8.722934037887244,9.058791797845624,8.722934037887244,9.002810610203118,500,4,4802
2021-02-25,8.769576870395818,9.030806098340475,8.722934037887244,8.722934037887244,800,6,7532
2021-03-01,8.722934037887244,8.722934037887244,8.303109390781218,8.303109390781218,1800,13,16297
2021-03-02,8.713605471385529,8.713605471385529,8.097871139111279,8.424390543935726,5000,14,45342
2021-03-03,8.676291205378671,8.94683921119283,8.209823725764071,8.209823725764071,1500,14,13874
2021-03-04,8.349762011922008,8.853543757543466,8.349762011922008,8.349762011922008,400,4,3684
2021-03-05,8.359090578423723,8.377747711427153,8.349762011922008,8.377747711427153,1100,3,9855
2021-03-08,8.377747711427153,8.405733410932296,8.359090578423723,8.359090578423723,600,5,5386
2021-03-09,8.461714598574801,8.461714598574801,8.461714598574801,8.461714598574801,100,1,907
2021-03-10,8.676291205378671,8.676291205378671,8.66695285024474,8.676291205378671,1300,3,12089
2021-03-11,8.64829571724131,8.64829571724131,8.396404844430581,8.49902886458166,800,8,7288
2021-03-12,8.396404844430581,8.396404844430581,8.359090578423723,8.359090578423723,200,2,1796
2021-03-15,8.359090578423723,8.359090578423723,8.349762011922008,8.349762011922008,400,3,3581
2021-03-16,8.359090578423723,8.480371731578229,8.359090578423723,8.480371731578229,200,2,1805
2021-03-17,8.471043165076516,8.760248303894103,8.471043165076516,8.750919737392389,800,8,7449
2021-03-18,8.368419144925438,8.620310017736166,8.349762011922008,8.620310017736166,1700,7,15317
2021-03-19,8.573667185227594,8.582995751729309,8.461714598574801,8.582995751729309,900,5,8247
2021-03-22,8.629638584237881,8.629638584237881,8.629638584237881,8.629638584237881,300,2,2775
2021-03-23,8.49902886458166,8.49902886458166,8.387076277928866,8.489700298079944,1100,11,9942
2021-03-24,8.555000263591948,8.722934037887244,8.461714598574801,8.564338618725877,600,4,5502
2021-03-25,8.461714598574801,8.461714598574801,8.461714598574801,8.461714598574801,300,2,2721
2021-03-26,8.452386032073086,8.452386032073086,8.452386032073086,8.452386032073086,200,2,1812
2021-03-29,8.424390543935726,8.424390543935726,8.359090578423723,8.396404844430581,700,6,6297
2021-03-30,8.480371731578229,8.582995751729309,7.883294532307409,8.41506197743401,14500,29,128716
2021-03-31,8.51768599758509,8.51768599758509,8.060547084472205,8.060547084472205,1000,9,9000
2021-04-01,8.069875650973918,8.564338618725877,8.069875650973918,8.349762011922008,1500,14,13369
2021-04-05,8.452386032073086,8.564338618725877,8.172499671124996,8.480371731578229,4500,21,40280
2021-04-06,8.64829571724131,8.64829571724131,8.489700298079944,8.489700298079944,1200,5,10942
2021-04-07,8.582995751729309,8.806900925034894,8.219152292265786,8.741591170890675,3600,26,32770
2021-04-08,8.83913489092172,9.690745893701555,8.418223705639734,8.584630453309357,26400,117,251730
2021-04-09,8.516110027798335,8.653150878820378,8.320337383481132,8.486744131150754,5200,18,44827
2021-04-12,8.995753006375482,8.995753006375482,8.437800970071454,8.545475924445917,3700,23,32748
2021-04-13,8.545475924445917,8.594419085525216,8.486744131150754,8.545475924445917,1500,12,13115
2021-04-14,8.643362246604518,8.78040309762656,8.643362246604518,8.71188267211554,1900,10,16989
2021-04-15,8.71188267211554,8.79019172984242,8.623784982172797,8.79019172984242,500,5,4453
2021-04-16,8.672728143252098,8.80976899427414,8.662939511036237,8.80976899427414,900,5,8025
2021-04-19,8.80976899427414,8.937021213080323,8.80976899427414,8.897866684216881,1600,11,14558
2021-04-20,8.868500787569301,8.907655316432741,8.868500787569301,8.907655316432741,400,4,3633
2021-04-22,8.84892352313758,9.201314282908546,8.653150878820378,8.653150878820378,6500,21,59505
2021-04-23,8.83913489092172,9.338355133930587,8.81955762649,8.81955762649,4500,16,41383
2021-04-26,8.907655316432741,9.299200605067147,8.858712155353441,8.878289419785162,2000,11,18459
2021-04-27,8.917443948648602,9.005541638591342,8.917443948648602,9.005541638591342,500,4,4590
2021-04-28,9.005541638591342,9.005541638591342,8.71188267211554,8.7706144654107,1200,10,10866
2021-04-29,8.741248568763119,8.956598477512044,8.741248568763119,8.956598477512044,400,4,3627
2021-04-30,8.985964374159623,8.995753006375482,8.7706144654107,8.878289419785162,2200,11,19859
2021-05-03,8.956598477512044,9.113216592965806,8.7706144654107,8.858712155353441,1700,14,15473
2021-05-04,8.80976899427414,9.152371121829246,8.80976899427414,9.152371121829246,2700,17,25114
2021-05-05,9.250257443987849,9.250257443987849,9.113216592965806,9.142582489613384,700,4,6537
2021-05-07,9.152371121829246,9.602648203758813,9.132793857397523,9.602648203758813,2900,14,27707
2021-05-10,9.48518461716849,9.48518461716849,9.005541638591342,9.132793857397523,5000,23,47189
2021-05-11,9.025118903023063,9.44603008830505,9.025118903023063,9.397086927225748,1200,9,11342
2021-05-12,9.279623340635428,9.279623340635428,8.966387109727902,8.966387109727902,1400,5,13046
2021-05-13,9.025118903023063,9.103427960749944,9.025118903023063,9.103427960749944,200,2,1852
2021-05-14,9.103427960749944,9.181737018476827,9.103427960749944,9.103427960749944,600,6,5589
2021-05-17,9.201314282908546,9.49497324938435,8.878289419785162,9.279623340635428,1800,12,16898
2021-05-18,8.995753006375482,9.093639328534085,8.985964374159623,8.985964374159623,500,5,4602
2021-05-19,9.279623340635428,9.279623340635428,8.995753006375482,9.103427960749944,600,5,5566
2021-05-20,9.025118903023063,9.123005225181666,8.985964374159623,9.123005225181666,1000,7,9211
2021-05-21,9.015330270807205,9.054484799670645,9.015330270807205,9.054484799670645,600,4,5534
2021-05-24,9.054484799670645,9.171948386260963,9.054484799670645,9.171948386260963,300,2,2787
2021-05-25,9.162159754045105,9.48518461716849,9.162159754045105,9.47539598495263,1300,4,12532
2021-05-26,9.455818720520911,9.455818720520911,9.455818720520911,9.455818720520911,800,4,7728
2021-05-27,9.338355133930587,9.592859571542954,9.289411972851289,9.338355133930587,2100,14,20255
2021-05-28,9.230680179556126,9.230680179556126,9.181737018476827,9.181737018476827,1600,7,15049
2021-05-31,9.152371121829246,9.162159754045105,9.152371121829246,9.162159754045105,500,3,4679
2021-06-01,9.553705042679512,9.553705042679512,9.240468811771986,9.240468811771986,1500,10,14454
2021-06-02,9.240468811771986,9.308989237283008,9.201314282908546,9.299200605067147,1200,8,11346
2021-06-04,9.563493674895373,9.671168629269834,9.220891547340267,9.671168629269834,2900,15,28301
2021-06-07,9.661379997053974,9.671168629269834,9.41666419165747,9.671168629269834,700,7,6889
2021-06-08,9.671168629269834,10.571722793128968,9.671168629269834,10.375950148811764,13800,55,138794
2021-06-09,10.375950148811764,10.884959024036492,9.592859571542954,9.886518538018755,6400,39,67251
2021-06-10,10.00398212460908,10.552145528697247,9.847364009155315,10.278063826653163,6300,27,66065
2021-06-11,9.798420848076017,10.278063826653163,9.690745893701555,10.1214457111994,2200,13,22183
2021-06-14,10.268275194437305,10.327006987732466,9.798420848076017,10.327006987732466,3800,25,38988
2021-06-15,10.375950148811764,10.375950148811764,10.04313665347252,10.229120665573864,1800,13,18689
2021-06-16,10.131234343415262,10.131234343415262,9.945250331313918,10.0725025501201,900,6,9280
2021-06-17,9.906095802450476,10.278063826653163,9.896307170234618,9.945250331313918,800,7,8191
2021-06-18,9.857152641371178,9.935461699098058,9.827786744723596,9.9256730668822,800,8,8075
2021-06-21,10.04313665347252,10.180177504494562,9.808209480291875,10.170388872278702,1800,7,18327
2021-06-22,10.248697930005584,10.248697930005584,10.219332033358002,10.219332033358002,200,2,2091
2021-06-23,10.209543401142142,10.366161516595906,10.209543401142142,10.278063826653163,3600,16,37664
2021-06-24,10.258486562221444,10.278063826653163,10.180177504494562,10.278063826653163,1100,5,11534
2021-06-25,9.91588443466634,10.268275194437305,9.91588443466634,10.258486562221444,1300,9,13392
2021-06-28,10.268275194437305,10.375950148811764,9.906095802450476,10.366161516595906,6100,32,63992
2021-06-29,10.375950148811764,10.747918173014453,10.00398212460908,10.65003185085585,4300,31,46212
2021-06-30,10.561934160913108,10.73812954079859,10.1214457111994,10.375950148811764,6500,36,69374
2021-07-01,10.03334802125666,10.375950148811764,10.03334802125666,10.375950148811764,1400,7,14745
2021-07-02,10.04313665347252,10.464047838754508,10.04313665347252,10.268275194437305,600,6,6286
2021-07-05,10.395527413243483,10.395527413243483,10.04313665347252,10.346584252164185,2200,11,22892
2021-07-06,10.219332033358002,10.219332033358002,9.886518538018755,10.219332033358002,1900,16,19585
2021-07-07,9.99419349239322,10.219332033358002,9.99419349239322,10.219332033358002,600,5,6218
2021-07-08,10.08229118233596,10.08229118233596,9.99419349239322,10.03334802125666,500,5,5127
2021-07-12,10.04313665347252,10.219332033358002,9.984404860177358,10.03334802125666,1700,11,17405
2021-07-13,10.03334802125666,10.209543401142142,10.03334802125666,10.04313665347252,600,5,6216
2021-07-14,10.01377075682494,10.209543401142142,9.886518538018755,10.15081160784698,5200,14,53113
2021-07-15,10.04313665347252,10.15081160784698,9.984404860177358,10.10186844676768,1500,8,15382
2021-07-16,10.06271391790424,10.06271391790424,10.06271391790424,10.06271391790424,100,1,1028
2021-07-19,9.945250331313918,10.15081160784698,9.906095802450476,10.15081160784698,1500,12,15313
2021-07-21,9.886518538018755,10.375950148811764,9.690745893701555,9.91588443466634,14300,68,145175
2021-07-22,10.08229118233596,10.08229118233596,9.592859571542954,9.592859571542954,2800,20,27826
2021-07-23,9.935461699098058,9.935461699098058,9.504761881600212,9.837575376939457,2400,11,24061
2021-07-26,9.866941273587036,9.866941273587036,9.553705042679512,9.778843583644296,2100,11,20917
2021-07-27,9.788632215860156,9.788632215860156,9.720111790349137,9.729900422564995,500,4,4974
2021-07-28,9.426452823873332,9.700534525917414,9.406875559441607,9.592859571542954,1500,10,14642
2021-07-29,9.455818720520911,9.739689054780854,9.455818720520911,9.710323158133274,1900,11,18758
2021-07-30,9.534127778247791,9.710323158133274,9.49497324938435,9.641802732622253,1500,9,14634
2021-08-02,9.583070939327092,9.583070939327092,9.171948386260963,9.171948386260963,1900,14,18143
2021-08-03,9.729900422564995,9.729900422564995,9.201314282908546,9.47539598495263,2700,21,26113
2021-08-04,9.211102915124409,9.48518461716849,8.985964374159623,9.48518461716849,2700,16,25129
2021-08-05,8.92723258086446,9.671168629269834,8.81955762649,9.308989237283008,3800,25,35183
2021-08-06,9.563493674895373,9.563493674895373,8.81955762649,8.84892352313758,5900,31,54115
2021-08-09,8.80976899427414,8.868500787569301,8.613996349956938,8.613996349956938,1900,13,16956
2021-08-10,8.633573614388657,8.741248568763119,8.613996349956938,8.731459936547258,1000,7,8855
2021-08-11,8.985964374159623,8.985964374159623,8.672728143252098,8.672728143252098,5600,18,50323
2021-08-12,8.71188267211554,8.71188267211554,8.643362246604518,8.643362246604518,500,3,4423
2021-08-13,8.643362246604518,8.80976899427414,8.408435073423874,8.80976899427414,8300,17,72985
2021-08-16,8.613996349956938,8.613996349956938,8.565053188877636,8.565053188877636,400,3,3505
2021-08-17,8.565053188877636,8.565053188877636,8.565053188877636,8.565053188877636,100,1,875
2021-08-18,8.565053188877636,8.594419085525216,8.565053188877636,8.594419085525216,1300,6,11425
2021-08-20,8.447589602287316,8.565053188877636,8.447589602287316,8.565053188877636,500,3,4363
2021-08-24,8.672728143252098,8.682516775467958,8.574841821093496,8.682516775467958,600,6,5300
2021-08-25,8.594419085525216,8.82934625870586,8.574841821093496,8.721671304331398,900,8,7967
2021-08-27,8.643362246604518,8.75103720097898,8.574841821093496,8.75103720097898,900,8,7949
2021-08-30,8.7706144654107,8.7706144654107,8.574841821093496,8.731459936547258,800,7,7103
2021-08-31,8.83913489092172,8.83913489092172,8.467166866719035,8.467166866719035,1600,6,14055
2021-09-01,8.496532763366615,8.496532763366615,8.486744131150754,8.496532763366615,1200,5,10415
2021-09-02,8.496532763366615,8.516110027798335,8.476955498934895,8.476955498934895,1500,8,13027
2021-09-03,8.574841821093496,8.604207717741076,8.486744131150754,8.486744131150754,600,5,5225
2021-09-06,8.476955498934895,8.486744131150754,8.476955498934895,8.476955498934895,400,3,3465
2021-09-08,8.486744131150754,8.486744131150754,8.476955498934895,8.476955498934895,400,4,3465
2021-09-09,8.535687292230056,8.662939511036237,8.467166866719035,8.662939511036237,400,3,3487
2021-09-10,8.662939511036237,8.662939511036237,8.662939511036237,8.662939511036237,100,1,885
2021-09-13,8.662939511036237,8.662939511036237,8.662939511036237,8.662939511036237,700,3,6195
2021-09-14,8.662939511036237,8.662939511036237,8.662939511036237,8.662939511036237,100,1,885
2021-09-20,8.496532763366615,8.506321395582475,8.467166866719035,8.467166866719035,700,7,6070
2021-09-21,8.760825833194838,8.760825833194838,8.516110027798335,8.516110027798335,700,7,6146
2021-09-22,8.476955498934895,8.476955498934895,8.467166866719035,8.476955498934895,800,6,6927
2021-09-23,8.496532763366615,8.496532763366615,8.496532763366615,8.496532763366615,100,1,868
2021-09-24,8.467166866719035,8.486744131150754,8.467166866719035,8.486744131150754,200,2,1732
2021-09-27,8.467166866719035,8.467166866719035,8.467166866719035,8.467166866719035,300,1,2595
2021-09-28,8.467166866719035,8.467166866719035,8.467166866719035,8.467166866719035,200,2,1730
2021-09-29,8.467166866719035,8.467166866719035,8.467166866719035,8.467166866719035,300,2,2595
2021-09-30,8.467166866719035,8.467166866719035,8.467166866719035,8.467166866719035,500,2,4325
2021-10-01,8.476955498934895,8.476955498934895,8.476955498934895,8.476955498934895,400,3,3464
2021-10-04,8.476955498934895,8.496532763366615,8.467166866719035,8.467166866719035,700,6,6061
2021-10-05,8.760825833194838,8.78040309762656,8.760825833194838,8.78040309762656,1200,6,10742
2021-10-07,8.476955498934895,8.476955498934895,8.467166866719035,8.467166866719035,600,4,5193
2021-10-08,8.467166866719035,8.467166866719035,8.467166866719035,8.467166866719035,600,1,5190
2021-10-13,8.467166866719035,8.476955498934895,8.467166866719035,8.467166866719035,700,3,6057
2021-10-14,8.516110027798335,8.516110027798335,8.467166866719035,8.467166866719035,1300,4,11270
2021-10-15,8.476955498934895,8.565053188877636,8.467166866719035,8.565053188877636,400,3,3472
2021-10-18,8.496532763366615,8.496532763366615,8.486744131150754,8.486744131150754,200,2,1735
2021-10-19,8.486744131150754,8.486744131150754,8.486744131150754,8.486744131150754,100,1,867
2021-10-21,8.486744131150754,8.486744131150754,8.486744131150754,8.486744131150754,200,2,1734
2021-10-22,8.467166866719035,8.467166866719035,8.467166866719035,8.467166866719035,1000,5,8650
2021-10-25,8.467166866719035,8.467166866719035,8.467166866719035,8.467166866719035,100,1,865
2021-10-26,8.486744131150754,8.486744131150754,8.476955498934895,8.476955498934895,600,4,5196
2021-10-27,8.467166866719035,8.467166866719035,8.467166866719035,8.467166866719035,1200,3,10380
2021-10-28,8.467166866719035,8.467166866719035,8.467166866719035,8.467166866719035,200,2,1730
2021-10-29,8.467166866719035,8.467166866719035,8.467166866719035,8.467166866719035,1700,5,14705
2021-11-01,8.467166866719035,8.467166866719035,8.467166866719035,8.467166866719035,700,1,6055
2021-11-03,8.467166866719035,8.467166866719035,8.467166866719035,8.467166866719035,100,1,865
2021-11-04,8.486744131150754,8.506321395582475,8.486744131150754,8.506321395582475,200,2,1736
2021-11-05,8.467166866719035,8.476955498934895,8.467166866719035,8.467166866719035,600,3,5192
2021-11-08,8.467166866719035,8.467166866719035,8.467166866719035,8.467166866719035,100,1,865
2021-11-09,8.467166866719035,8.467166866719035,8.467166866719035,8.467166866719035,300,1,2595
2021-11-10,8.467166866719035,8.467166866719035,8.467166866719035,8.467166866719035,300,3,2595
2021-11-11,8.467166866719035,8.565053188877636,8.467166866719035,8.467166866719035,500,5,4335
2021-11-12,8.467166866719035,8.467166866719035,8.467166866719035,8.467166866719035,500,1,4325
2021-11-16,8.467166866719035,8.467166866719035,8.467166866719035,8.467166866719035,1300,4,11245
2021-11-17,8.467166866719035,8.467166866719035,8.467166866719035,8.467166866719035,100,1,865
2021-11-18,8.467166866719035,8.467166866719035,8.467166866719035,8.467166866719035,4000,7,34600
2021-11-19,8.476955498934895,8.613996349956938,8.476955498934895,8.476955498934895,1500,6,13017
2021-11-22,8.476955498934895,8.476955498934895,8.476955498934895,8.476955498934895,1500,2,12990
2021-11-23,8.486744131150754,8.486744131150754,8.476955498934895,8.476955498934895,900,6,7800
2021-11-24,8.476955498934895,8.476955498934895,8.476955498934895,8.476955498934895,1000,4,8660
2021-11-25,8.516110027798335,8.516110027798335,8.476955498934895,8.476955498934895,600,4,5208
2021-11-26,8.486744131150754,8.486744131150754,8.486744131150754,8.486744131150754,100,1,867
2021-11-29,8.486744131150754,8.486744131150754,8.476955498934895,8.476955498934895,3200,4,27729
2021-11-30,8.476955498934895,8.496532763366615,8.476955498934895,8.476955498934895,3400,7,29484
2021-12-01,8.613996349956938,8.613996349956938,8.613996349956938,8.613996349956938,300,2,2640
2021-12-03,8.486744131150754,8.81955762649,8.486744131150754,8.81955762649,1500,8,13327
2021-12-06,8.51,8.83,8.3,8.83,1400,7,11754
2021-12-08,8.95,8.95,8.95,8.95,100,1,895
2021-12-13,8.22,8.41,8.22,8.4,700,6,5841
2021-12-14,8.96,8.96,8.96,8.96,100,1,896
2021-12-16,8.42,8.9,8.34,8.4,600,6,5087
2021-12-20,8.66,8.66,8.66,8.66,200,1,1732
2021-12-21,8.66,8.66,8.66,8.66,300,2,2598
2021-12-22,8.66,8.66,8.66,8.66,100,1,866
2021-12-27,8.64,8.64,8.4,8.59,600,5,5096
2021-12-28,8.41,8.54,8.41,8.54,300,3,2547
2021-12-29,8.87,8.87,8.6,8.6,400,3,3467
2021-12-30,8.87,8.87,8.87,8.87,100,1,887
