Date,Open,High,Low,Close,Volume,Neg,Fin
2010-01-04,2.9,2.91,2.75,2.79,4546300,1536,12736907
2010-01-05,2.78,2.98,2.57,2.83,10473800,3217,29665460
2010-01-06,2.81,2.93,2.74,2.83,5533100,1470,15673364
2010-01-07,2.8,2.89,2.78,2.8,4675300,1159,13215902
2010-01-08,2.82,2.87,2.72,2.77,6319400,1549,17616374
2010-01-11,2.82,2.88,2.75,2.76,4706800,1232,13173264
2010-01-12,2.79,2.79,2.68,2.73,3106500,948,8479804
2010-01-13,2.85,3.43,2.85,3.16,37137400,8860,120054140
2010-01-14,3.3,3.36,3.08,3.1,6696100,2125,21514710
2010-01-15,3.09,3.13,2.89,2.95,4905900,1809,14611030
2010-01-18,3.0,3.3,2.96,3.05,5433700,1865,17056957
2010-01-19,3.08,3.23,3.04,3.11,3060100,1013,9501656
2010-01-20,3.13,3.19,3.02,3.11,4047600,1243,12542274
2010-01-21,3.15,3.19,3.03,3.1,1914400,690,5914586
2010-01-22,3.15,3.7,3.04,3.7,13589500,3704,45320633
2010-01-26,3.8,3.93,3.4,3.4,13266900,5126,49006426
2010-01-27,3.46,3.63,3.36,3.4,4899500,1794,16974885
2010-01-28,3.49,4.01,3.39,3.85,15102000,4353,57068958
2010-01-29,3.8,3.9,3.35,3.35,10174800,3392,37485555
2010-02-01,3.48,3.54,3.26,3.4,6411300,4058,21894352
2010-02-02,3.42,3.5,3.28,3.35,4544500,2053,15291415
2010-02-03,3.37,3.55,3.33,3.37,6955400,3801,23954754
2010-02-04,3.42,3.43,2.81,2.99,5923400,2255,18813976
2010-02-05,2.84,2.95,2.52,2.79,6072200,2329,16924611
2010-02-08,2.85,3.07,2.82,2.93,5328800,2462,15682704
2010-02-09,3.04,3.16,2.93,2.95,4832400,1654,14770688
2010-02-10,3.03,3.05,2.86,2.89,2163200,777,6307386
2011-01-10,1.44,1.63,1.14,1.41,19321900,5107,28031268
2011-01-11,1.41,1.46,1.19,1.21,23409200,6179,30813915
2011-01-12,1.17,1.36,1.14,1.27,25357200,4049,31772524
2011-01-13,1.29,1.33,1.25,1.28,11383200,1736,14612382
2011-01-14,1.27,1.31,1.26,1.28,7556300,1264,9694488
2011-01-17,1.28,1.42,1.27,1.31,11011200,1610,14926206
2011-01-18,1.36,1.37,1.34,1.35,3248800,560,4401308
2011-01-19,1.42,1.9,1.39,1.9,31191900,4856,47233704
2011-01-20,1.82,2.31,1.67,2.16,48006100,9184,97104080
2011-01-21,2.31,2.35,2.11,2.11,38588700,8466,86089105
2011-01-24,2.01,2.22,1.95,2.2,19011400,4936,39657052
2011-01-26,2.21,2.47,2.16,2.35,25468500,4831,59860981
2011-01-27,2.37,2.54,2.36,2.44,23482100,5436,57385002
2011-01-28,2.55,2.73,2.48,2.73,32661700,7662,84636675
2011-01-31,2.79,2.88,2.7,2.7,22225000,4404,62195796
2011-02-01,2.71,2.8,2.62,2.65,13852900,3252,37716294
2011-02-02,2.73,2.77,2.51,2.59,8677200,3107,23270852
2011-02-03,2.63,2.64,2.07,2.07,15382900,8144,36721488
2011-02-04,2.12,2.3,2.06,2.3,19594000,12196,42958469
2011-02-07,2.3,2.63,2.3,2.62,18188400,11555,45412209
2011-02-08,2.71,2.75,2.43,2.45,17832900,7290,47504839
2011-02-09,2.52,2.61,2.33,2.55,19935700,12044,49607589
2011-02-10,2.6,2.66,2.56,2.6,9924400,4524,25830479
2011-02-11,2.62,2.76,2.52,2.54,15468100,4095,40989429
2011-02-14,2.6,2.67,2.53,2.58,8698400,1967,22613681
2011-02-15,2.6,2.61,2.48,2.52,5405700,2759,13693798
2011-02-16,2.52,2.56,2.46,2.5,7260700,6304,18246808
2011-02-17,2.48,2.52,2.44,2.46,3143400,1172,7787293
2011-02-18,2.47,2.47,2.38,2.39,2910600,740,7020046
2011-02-21,2.38,2.48,2.35,2.42,5116200,1872,12380257
2011-02-22,2.4,2.42,2.33,2.33,2938400,975,6952568
2011-02-23,2.35,2.43,2.33,2.35,4182400,1307,9935721
2011-02-24,2.38,2.39,2.26,2.31,2731700,1321,6364285
2011-02-25,2.3,2.3,2.21,2.22,3418400,2025,7698264
2011-02-28,2.23,2.52,2.15,2.5,9619300,2725,22494867
2011-03-01,2.53,2.53,2.2,2.2,12260500,4324,28850458
2011-03-02,2.1,2.13,1.81,1.81,26168700,6152,52351271
2011-03-03,1.83,2.09,1.83,2.01,25503700,6543,50199623
2011-03-04,2.02,2.16,1.97,2.03,11023300,1986,22881968
2011-03-09,2.06,2.1,1.96,1.99,4425000,1015,8918293
2011-03-10,1.99,2.0,1.89,1.91,5491200,1255,10609420
2011-03-11,1.87,2.12,1.86,2.08,10099800,1916,20361159
2011-03-14,2.06,2.12,2.0,2.01,5207600,1112,10658401
2011-03-15,1.97,2.05,1.9,2.01,5796100,1193,11507438
2011-03-16,2.06,2.26,2.03,2.25,17903700,5187,38646740
2011-03-17,2.29,2.37,2.22,2.25,17882200,4573,41198813
2011-03-18,2.26,2.34,2.15,2.17,9894000,2473,22313755
2011-03-21,2.22,2.23,2.03,2.06,8822300,1784,18547244
2011-03-22,2.1,2.14,2.03,2.05,15504300,5227,32251655
2011-03-23,2.01,2.06,1.93,2.02,16861600,2469,33386818
2011-03-24,2.01,2.04,1.97,2.02,6554500,772,13154737
2011-03-25,2.03,2.08,1.97,2.0,11709700,1410,23649699
2011-03-28,2.04,2.06,2.0,2.02,4442100,1037,9026267
2011-03-29,2.03,2.03,1.99,2.01,3542200,497,7136623
2011-03-30,2.02,2.07,2.01,2.03,3400900,489,6920713
2011-03-31,2.04,2.05,2.01,2.01,2188100,349,4428207
2011-04-01,2.02,2.03,1.93,1.93,4797300,1101,9483201
2011-04-04,1.97,2.05,1.94,1.98,7454800,1321,14877754
2011-04-05,1.99,2.03,1.98,1.99,1943700,417,3884162
2011-04-06,1.99,2.01,1.91,1.93,4751300,724,9295069
2011-04-07,1.95,1.97,1.89,1.91,4762100,877,9205939
2011-04-08,1.93,1.97,1.9,1.95,3339400,746,6450920
2011-04-11,2.08,2.33,2.05,2.22,28677100,6420,63136174
2011-04-12,2.32,2.39,2.16,2.19,16577100,3750,38159767
2011-04-13,2.25,2.27,2.13,2.16,7752000,2116,16991649
2011-04-14,2.19,2.46,2.05,2.1,19875800,6280,45081162
2011-04-15,2.17,2.21,2.02,2.1,10185400,2904,21583496
2011-04-18,2.09,2.09,1.98,2.0,4180000,785,8440102
2011-04-19,2.04,2.1,1.99,2.09,5279800,1581,10815380
2011-04-20,2.11,2.23,2.1,2.2,6544000,1303,14178744
2011-04-25,2.21,2.28,2.11,2.11,5698400,1051,12420679
2011-04-26,2.05,2.1,1.98,1.98,13801100,2780,27926258
2011-04-27,2.0,2.02,1.89,1.91,10615500,2057,20707041
2011-04-28,1.89,1.93,1.64,1.71,8075400,1440,14605372
2011-04-29,1.75,1.8,1.62,1.73,6226000,1512,10737345
2011-05-02,1.77,1.84,1.7,1.8,4558700,842,8130208
2011-05-03,1.83,1.87,1.71,1.73,4817600,863,8676032
2011-05-04,1.75,1.8,1.69,1.8,6983700,1435,12211846
2011-05-05,1.81,1.83,1.75,1.77,3506800,723,6229333
2011-05-06,1.79,1.97,1.77,1.86,6980100,1911,12925090
2011-05-09,1.94,1.95,1.83,1.85,4702200,1217,8867559
2011-05-10,1.88,1.88,1.78,1.78,2546600,505,4629274
2011-05-11,1.75,1.77,1.69,1.7,3343400,778,5784039
2011-05-12,1.7,1.75,1.64,1.68,3351800,1294,5688137
2011-05-13,1.69,1.72,1.63,1.63,2137400,685,3555686
2011-05-16,1.64,1.69,1.53,1.56,2951500,2415,4786930
2011-05-17,1.57,1.58,1.44,1.47,6887700,2693,10271099
2011-05-18,1.49,1.53,1.42,1.44,4738700,2446,6920930
2011-05-19,1.45,1.49,1.42,1.43,3104600,622,4498056
2011-05-20,1.44,1.53,1.4,1.47,6975000,1776,10175817
2011-05-23,1.46,1.48,1.39,1.39,4368000,1418,6228584
2011-05-24,1.39,1.43,1.3,1.31,5645900,1717,7745741
2011-05-25,1.28,1.35,1.17,1.18,12896400,2375,16032658
2011-05-26,1.2,1.21,1.06,1.08,15874700,3965,17655094
2011-05-27,1.08,1.14,1.03,1.1,11061200,2030,11949567
2011-05-30,1.13,1.31,1.1,1.31,14616600,2402,17547960
2011-05-31,1.34,1.46,1.32,1.38,20663500,3947,28540027
2011-06-01,1.35,1.37,1.22,1.22,9045700,1823,11754443
2011-06-02,1.19,1.3,1.16,1.24,13912700,2444,17151678
2011-06-03,1.22,1.31,1.2,1.22,10278000,1470,12880335
2011-06-06,1.23,1.27,1.16,1.16,8014900,1410,9670327
2011-06-07,1.18,1.2,1.13,1.17,5479400,828,6412612
2011-06-08,1.18,1.22,1.15,1.16,5476300,758,6472937
2011-06-09,1.18,1.18,1.14,1.15,4238800,490,4900130
2011-06-10,1.16,1.16,1.13,1.13,3004100,444,3429244
2011-06-13,1.13,1.17,1.12,1.13,3698200,471,4247213
2011-06-14,1.17,1.2,1.13,1.14,7197700,874,8380619
2011-06-15,1.15,1.16,1.09,1.09,5949200,932,6639777
2011-06-16,1.1,1.11,1.01,1.05,9389600,1399,9844669
2011-06-17,1.06,1.07,0.99,1.03,5651300,773,5801469
2011-06-20,1.02,1.06,0.99,1.02,4908900,960,5031129
2011-06-21,1.02,1.05,1.0,1.01,3855000,534,3931214
2011-06-22,1.01,1.03,1.0,1.0,3064300,495,3098763
2011-06-24,1.02,1.02,0.95,0.97,4347800,837,4285092
2011-06-27,0.98,0.99,0.84,0.84,9027700,1318,8158223
2011-06-28,0.86,0.93,0.74,0.93,17874800,2782,15123707
2011-06-29,0.97,1.12,0.95,1.09,27397100,5985,28367141
2011-06-30,1.09,1.16,0.96,0.98,25160700,7412,26759107
2011-07-01,0.97,1.03,0.95,0.97,10992600,3524,10817350
2011-07-04,0.98,1.01,0.96,0.97,7043200,1048,6902983
2011-07-05,0.99,1.02,0.97,0.98,8014700,1165,7965727
2011-07-06,0.99,1.04,0.98,1.0,9815900,1414,9844854
2011-07-07,1.01,1.02,0.96,0.97,5811300,846,5714566
2011-07-08,0.98,0.98,0.88,0.89,8260600,939,7721976
2011-07-11,0.88,0.94,0.8,0.86,14217100,3158,12259688
2011-07-12,0.85,0.87,0.78,0.79,8551400,1491,7036962
2011-07-13,0.81,0.83,0.78,0.79,7482400,1058,6007971
2011-07-14,0.8,0.81,0.76,0.78,8142600,1118,6403917
2011-07-15,0.79,0.98,0.79,0.98,33105300,3424,29545264
2011-07-18,0.96,0.98,0.86,0.86,24510100,2639,22422552
2011-07-19,0.87,0.9,0.83,0.83,14224100,1687,12237386
2011-07-20,0.84,0.87,0.8,0.81,8498300,1119,7091347
2011-07-21,0.82,0.86,0.8,0.85,9246100,1140,7745600
2011-07-22,0.85,0.87,0.77,0.79,9059900,1075,7430948
2011-07-25,0.8,0.8,0.75,0.78,6619200,1106,5135648
2011-07-26,0.78,0.78,0.73,0.73,5147700,687,3872918
2011-07-27,0.71,0.73,0.67,0.7,4806900,1880,3378495
2011-07-28,0.72,0.79,0.71,0.72,9980000,1344,7438455
2011-07-29,0.72,0.79,0.71,0.73,9097500,943,6790413
2011-08-01,0.75,0.77,0.71,0.71,6750100,623,4960042
2011-08-02,0.72,0.73,0.68,0.68,3648100,682,2562439
2011-08-03,0.67,0.68,0.6,0.62,7407700,1153,4706247
2011-08-04,0.6,0.61,0.53,0.53,6480700,974,3687929
2011-08-05,0.52,0.59,0.49,0.57,10188700,1387,5534009
2011-08-08,0.51,0.53,0.46,0.48,5136500,709,2565951
2011-08-09,0.53,0.53,0.48,0.52,3758800,451,1929762
2011-08-10,0.51,0.56,0.49,0.51,10429700,1280,5542577
2011-08-11,0.53,0.54,0.52,0.52,3249900,382,1715720
2011-08-12,0.53,0.53,0.51,0.52,2293500,343,1194126
2011-08-15,0.53,0.6,0.52,0.54,9351400,1462,5192787
2011-08-16,0.53,0.54,0.52,0.52,3544900,344,1862384
2011-08-17,0.53,0.54,0.52,0.53,1729800,181,910098
2011-08-18,0.51,0.51,0.49,0.5,3236700,426,1626773
2011-08-19,0.5,0.51,0.49,0.51,1636600,192,824342
2011-08-22,0.52,0.53,0.49,0.5,4500800,355,2280328
2011-08-23,0.49,0.51,0.48,0.49,3454900,360,1701181
2011-08-24,0.49,0.5,0.48,0.5,2187000,214,1072749
2011-08-25,0.5,0.51,0.48,0.51,3403100,291,1702530
2011-08-26,0.5,0.58,0.49,0.58,8833000,775,4700976
2011-08-29,0.58,0.62,0.57,0.58,17595600,2297,10491707
2011-08-30,0.56,0.6,0.54,0.56,10732300,809,6070867
2011-08-31,0.57,0.59,0.53,0.55,8445800,778,4706372
2011-09-01,0.56,0.57,0.53,0.54,5868400,873,3213928
2011-09-02,0.53,0.53,0.51,0.51,3245600,558,1688099
2011-09-05,0.5,0.51,0.48,0.5,3790300,324,1870111
2011-09-06,0.5,0.52,0.5,0.51,2884000,279,1469777
2011-09-08,0.54,0.54,0.52,0.52,2326200,251,1229700
2011-09-09,0.51,0.52,0.5,0.52,1421500,185,727341
2011-09-12,0.51,0.55,0.49,0.54,6547800,687,3451000
2011-09-13,0.54,0.56,0.52,0.52,5549900,459,2984129
2011-09-14,0.53,0.58,0.52,0.55,15060100,1160,8412215
2011-09-15,0.56,0.58,0.53,0.54,7116400,638,3978365
2011-09-16,0.54,0.57,0.52,0.53,13398500,870,7265959
2011-09-19,0.53,0.54,0.51,0.52,5798200,369,3012361
2011-09-20,0.52,0.54,0.51,0.53,10214700,636,5386650
2011-09-21,0.53,0.54,0.5,0.5,9147000,588,4682017
2011-09-22,0.49,0.5,0.47,0.48,9379900,626,4528597
2011-09-23,0.48,0.49,0.47,0.48,2475400,227,1190162
2011-09-26,0.5,0.52,0.48,0.49,6230300,537,3113953
2011-09-27,0.51,0.52,0.49,0.5,9064300,450,4629992
2011-09-28,0.5,0.51,0.49,0.49,2455700,158,1223067
2011-09-29,0.5,0.51,0.47,0.49,3142800,267,1530297
2011-09-30,0.49,0.51,0.48,0.48,4803000,378,2362738
2011-10-03,0.48,0.48,0.45,0.45,6083800,640,2792195
2011-10-04,0.44,0.45,0.41,0.43,6640200,486,2865133
2011-10-05,0.44,0.47,0.43,0.43,6359000,530,2815761
2011-10-06,0.44,0.45,0.43,0.44,2745000,217,1209846
2011-10-07,0.44,0.45,0.41,0.42,3740800,325,1594136
2011-10-10,0.42,0.43,0.4,0.41,5549000,326,2299787
2011-10-11,0.42,0.42,0.39,0.41,5608400,736,2268303
2011-10-13,0.41,0.45,0.41,0.43,8014100,508,3439172
2011-10-14,0.43,0.44,0.4,0.42,6866700,672,2852486
2011-10-17,0.42,0.45,0.41,0.42,9996700,579,4303952
2011-10-18,0.43,0.43,0.4,0.41,7497600,522,3044883
2011-10-19,0.41,0.46,0.4,0.45,17019800,1008,7531130
2011-10-20,0.45,0.46,0.42,0.43,8985400,457,3945068
2011-10-21,0.43,0.44,0.39,0.4,21447200,1148,8675064
2011-10-24,0.4,0.41,0.36,0.36,17922900,1131,6838526
2011-10-25,0.37,0.37,0.34,0.36,15719000,941,5698233
2011-10-26,0.36,0.39,0.36,0.37,13327800,729,4942655
2011-10-27,0.38,0.39,0.37,0.38,7416400,420,2811320
2011-10-28,0.38,0.39,0.37,0.39,2501600,187,951189
2011-10-31,0.37,0.4,0.37,0.39,6626700,409,2563747
2011-11-01,0.38,0.39,0.37,0.38,2828600,185,1074899
2011-11-03,0.39,0.42,0.39,0.42,8533000,623,3458377
2011-11-04,0.43,0.43,0.4,0.41,8854300,528,3690766
2011-11-07,0.41,0.42,0.4,0.4,1507700,173,608217
2011-11-08,0.41,0.41,0.38,0.38,6188700,294,2407714
2011-11-09,0.37,0.4,0.37,0.4,10395800,419,4001166
2011-11-10,0.4,0.41,0.39,0.4,7599800,384,3039693
2011-11-11,0.34,0.37,0.32,0.35,31127000,1751,10834167
2011-11-14,0.33,0.35,0.31,0.31,11337500,963,3709285
2011-11-16,0.31,0.33,0.29,0.31,14267200,553,4416651
2011-11-17,0.3,0.32,0.27,0.28,15017200,911,4478086
2011-11-18,0.28,0.29,0.21,0.23,18554200,1253,4541044
2011-11-21,0.23,0.24,0.21,0.24,10693400,554,2439901
2011-11-22,0.23,0.25,0.23,0.23,8749200,381,2084337
2011-11-23,0.22,0.24,0.22,0.23,6585500,306,1500322
2011-11-24,0.23,0.24,0.22,0.23,4538000,278,1037488
2011-11-25,0.23,0.25,0.22,0.22,7407200,552,1764327
2011-11-28,0.23,0.25,0.22,0.22,8654900,411,2020631
2011-11-29,0.23,0.24,0.21,0.22,8711200,376,1958291
2011-11-30,0.22,0.23,0.2,0.21,10011200,560,2122085
2011-12-01,0.21,0.21,0.19,0.19,4916000,525,980142
2011-12-02,0.2,0.21,0.19,0.2,6511800,285,1289184
2011-12-05,0.2,0.21,0.19,0.2,3802100,235,750868
2011-12-06,0.2,0.21,0.19,0.19,1669100,126,329565
2011-12-07,0.2,0.2,0.18,0.19,2628100,177,497738
2011-12-08,0.19,0.19,0.18,0.18,1974500,140,359554
2011-12-09,0.18,0.18,0.15,0.17,6829000,494,1122501
2011-12-12,0.16,0.17,0.15,0.17,3755200,296,603772
2011-12-13,0.17,0.17,0.15,0.15,1894000,218,295657
2011-12-14,0.15,0.16,0.14,0.14,1682900,217,250777
2011-12-15,0.14,0.16,0.13,0.14,3918600,232,572555
2011-12-16,0.15,0.15,0.14,0.14,874800,88,125751
2011-12-19,0.14,0.14,0.13,0.13,2109800,165,282038
2011-12-20,0.13,0.14,0.13,0.13,991700,89,131056
2011-12-21,0.13,0.14,0.13,0.14,527400,77,71930
2011-12-22,0.14,0.16,0.13,0.15,5111600,305,762354
2011-12-23,0.15,0.16,0.14,0.15,1538600,104,230790
2011-12-26,0.15,0.16,0.14,0.15,1137200,99,174458
2011-12-27,0.15,0.16,0.14,0.15,972700,96,145866
2011-12-28,0.15,0.15,0.14,0.15,487400,49,72729
2011-12-29,0.15,0.16,0.14,0.15,1030400,94,153066
2012-01-02,0.15,0.16,0.15,0.15,401900,106,60683
2012-01-03,0.15,0.18,0.15,0.17,7426500,503,1252031
2012-01-04,0.18,0.42,0.17,0.42,44360500,3138,13120023
2012-01-05,0.37,0.38,0.23,0.26,35024800,2360,10143054
2012-01-06,0.26,0.34,0.25,0.3,36540600,2852,11272873
2012-01-09,0.29,0.35,0.29,0.31,17352800,1392,5552297
2012-01-10,0.32,0.33,0.28,0.29,10381800,983,3072386
2012-01-11,0.29,0.29,0.25,0.26,12082400,1260,3246071
2012-01-12,0.27,0.33,0.26,0.33,35772700,2339,10952948
2012-01-13,0.33,0.36,0.29,0.31,32775600,2719,10746696
2012-01-16,0.31,0.33,0.29,0.3,8405800,1009,2581756
2012-01-17,0.31,0.31,0.29,0.29,3439300,308,1026991
2012-01-18,0.3,0.31,0.28,0.29,6342800,452,1856842
2012-01-19,0.29,0.29,0.27,0.28,5003600,371,1400121
2012-01-20,0.28,0.31,0.27,0.29,7580000,590,2201210
2012-01-23,0.3,0.33,0.29,0.32,14330200,867,4474707
2012-01-24,0.33,0.42,0.32,0.39,37617700,1872,13345684
2012-01-26,0.41,0.46,0.37,0.38,56117400,3797,23286487
2012-01-27,0.39,0.41,0.35,0.36,15314900,1307,5795830
2012-01-30,0.37,0.4,0.35,0.38,11693100,1089,4428693
2012-01-31,0.39,0.41,0.38,0.39,7759700,796,3063756
2012-02-01,0.4,0.44,0.39,0.41,22236600,1788,9231526
2012-02-02,0.42,0.42,0.38,0.38,11070300,734,4383176
2012-02-03,0.38,0.39,0.36,0.37,9704100,752,3633660
2012-02-06,0.37,0.38,0.36,0.36,4512800,297,1663817
2012-02-07,0.37,0.37,0.34,0.34,6028600,660,2124070
2012-02-08,0.34,0.36,0.31,0.33,27200900,1821,9037335
2012-02-09,0.33,0.33,0.3,0.31,14970300,876,4676317
2012-02-10,0.31,0.36,0.29,0.35,27621100,1178,8943888
2012-02-13,0.35,0.35,0.31,0.32,24817900,1319,8091057
2012-02-14,0.32,0.32,0.3,0.3,19552800,818,6012278
2012-02-15,0.3,0.31,0.28,0.29,18159700,1878,5332700
2012-02-16,0.29,0.31,0.29,0.3,6906300,517,2065977
2012-02-17,0.3,0.31,0.29,0.3,3017400,237,904498
2012-02-22,0.3,0.32,0.3,0.31,5900300,355,1815511
2012-02-23,0.32,0.32,0.29,0.3,6182300,332,1876837
2012-02-24,0.3,0.3,0.29,0.29,1966100,158,575725
2012-02-27,0.29,0.29,0.26,0.27,18030800,1239,4971029
2012-02-28,0.27,0.28,0.27,0.28,2931800,1089,810234
2012-02-29,0.27,0.28,0.25,0.26,17862900,842,4716212
2012-03-01,0.33,0.36,0.31,0.33,67431900,3429,22495633
2012-03-02,0.32,0.33,0.29,0.29,16864100,879,5160947
2012-03-05,0.3,0.3,0.29,0.29,4838400,247,1410965
2012-03-06,0.29,0.3,0.28,0.28,6249100,393,1782707
2012-03-07,0.28,0.29,0.27,0.27,7891200,419,2205262
2012-03-08,0.28,0.29,0.27,0.28,2265500,166,638557
2012-03-09,0.28,0.29,0.28,0.28,1351000,125,384118
2012-03-12,0.29,0.3,0.27,0.28,3498600,265,987053
2012-03-13,0.28,0.29,0.27,0.28,4137100,264,1159023
2012-03-14,0.28,0.32,0.28,0.3,25007400,2104,7545737
2012-03-15,0.31,0.38,0.29,0.38,71960600,3330,24105457
2012-03-16,0.37,0.4,0.34,0.36,59772400,2934,22108337
2012-03-19,0.36,0.38,0.33,0.33,45854000,5954,16239884
2012-03-20,0.31,0.33,0.28,0.29,52098200,3022,15754104
2012-03-21,0.29,0.3,0.28,0.29,12666700,875,3673718
2012-03-22,0.29,0.3,0.27,0.29,13769100,604,3929419
2012-03-23,0.29,0.3,0.28,0.29,11355600,499,3241985
2012-03-26,0.29,0.3,0.28,0.29,4856300,241,1410130
2012-03-27,0.3,0.32,0.29,0.3,36470200,1436,11172542
2012-03-28,0.31,0.33,0.29,0.32,28177200,969,8809899
2012-03-29,0.31,0.32,0.29,0.31,19020800,507,5837817
2012-03-30,0.32,0.33,0.3,0.31,9616000,1282,3039577
2012-04-02,0.31,0.32,0.3,0.3,7277200,321,2238236
2012-04-03,0.3,0.31,0.28,0.29,16014000,821,4712827
2012-04-04,0.29,0.31,0.28,0.3,8929900,788,2659843
2012-04-05,0.3,0.31,0.29,0.3,5336100,1070,1600676
2012-04-09,0.3,0.31,0.28,0.28,8549200,383,2482182
2012-04-10,0.28,0.29,0.26,0.27,15904500,773,4338427
2012-04-11,0.28,0.28,0.26,0.27,7467300,219,2021596
2012-04-12,0.3,0.31,0.28,0.3,25882800,1108,7720233
2012-04-13,0.3,0.31,0.29,0.31,6666600,267,2006373
2012-04-16,0.3,0.33,0.3,0.32,18819700,1772,5876436
2012-04-17,0.32,0.33,0.31,0.31,10277000,1451,3285226
2012-04-18,0.32,0.34,0.31,0.33,12672100,1270,4143933
2012-04-19,0.33,0.34,0.32,0.34,9414400,996,3112687
2012-04-20,0.33,0.33,0.31,0.32,12547100,453,4033314
2012-04-23,0.3,0.32,0.3,0.31,9359900,314,2882478
2012-04-24,0.31,0.32,0.3,0.31,3066000,189,950574
2012-04-25,0.3,0.32,0.3,0.31,5016800,257,1537300
2012-04-26,0.31,0.34,0.3,0.33,15836400,995,5159105
2012-04-27,0.32,0.33,0.31,0.31,7791600,282,2487331
2012-04-30,0.32,0.33,0.31,0.32,6855900,222,2193421
2012-05-02,0.32,0.32,0.31,0.31,3127800,414,986368
2012-05-03,0.31,0.32,0.31,0.31,1583200,85,499799
2012-05-04,0.32,0.32,0.3,0.3,4762800,171,1469291
2012-05-07,0.3,0.31,0.29,0.3,5833200,277,1749332
2012-05-08,0.29,0.3,0.28,0.29,4010400,194,1162131
2012-05-09,0.29,0.31,0.29,0.3,8268600,325,2465197
2012-05-10,0.31,0.31,0.29,0.3,3081800,141,924444
2012-05-11,0.3,0.3,0.28,0.28,4366300,184,1269019
2012-05-14,0.28,0.29,0.27,0.28,6087200,323,1704010
2012-05-15,0.28,0.29,0.27,0.27,2622000,137,717134
2012-05-16,0.28,0.29,0.27,0.27,1589800,143,441345
2012-05-17,0.28,0.28,0.23,0.26,11884600,574,3051207
2012-05-18,0.26,0.27,0.24,0.25,9444700,405,2341341
2012-05-21,0.25,0.26,0.25,0.25,674100,58,169728
2012-05-22,0.25,0.25,0.22,0.23,7421200,711,1725723
2012-05-23,0.22,0.24,0.21,0.23,5308900,277,1183656
2012-05-24,0.24,0.26,0.23,0.25,8648900,266,2141000
2012-05-25,0.25,0.27,0.25,0.25,7331200,270,1897149
2012-05-28,0.26,0.27,0.24,0.25,4271000,131,1075196
2012-05-29,0.26,0.26,0.24,0.25,4226900,134,1031858
2012-05-30,0.24,0.25,0.23,0.24,2484500,117,587522
2012-05-31,0.23,0.25,0.22,0.24,3399200,144,808016
2012-06-01,0.23,0.25,0.22,0.23,5520200,208,1291963
2012-06-04,0.24,0.25,0.23,0.24,2853900,113,685179
2012-06-05,0.25,0.26,0.24,0.25,5464900,187,1369436
2012-06-06,0.25,0.26,0.24,0.25,1546100,102,386553
2012-06-08,0.25,0.28,0.25,0.26,5062400,482,1330525
2012-06-11,0.26,0.28,0.25,0.26,3295900,231,860347
2012-06-12,0.27,0.27,0.25,0.26,2549600,116,664443
2012-06-13,0.26,0.27,0.25,0.26,1089100,108,282680
2012-06-14,0.26,0.27,0.24,0.24,7122900,635,1780757
2012-06-15,0.25,0.26,0.23,0.26,5921900,556,1466542
2012-06-18,0.26,0.34,0.26,0.27,37186900,2088,11107263
2012-06-19,0.28,0.32,0.27,0.3,27104800,858,8205057
2012-06-20,0.31,0.33,0.3,0.31,16122000,609,5061123
2012-06-21,0.31,0.32,0.28,0.3,13813700,929,4109030
2012-06-22,0.3,0.3,0.27,0.28,13216700,402,3765687
2012-06-25,0.28,0.28,0.26,0.26,5737900,346,1530515
2012-06-26,0.26,0.28,0.26,0.27,4731900,232,1269478
2012-06-27,0.27,0.28,0.25,0.26,5413000,228,1426622
2012-06-28,0.26,0.26,0.23,0.24,18203400,1177,4351454
2012-06-29,0.25,0.26,0.23,0.24,4762700,226,1157920
2012-07-02,0.25,0.26,0.24,0.25,5167000,193,1291689
2012-07-03,0.26,0.27,0.25,0.25,7748900,300,2015979
2012-07-04,0.26,0.27,0.24,0.25,27980600,342,7259060
2012-07-05,0.25,0.26,0.24,0.25,2264300,142,565954
2012-07-06,0.25,0.26,0.24,0.25,1634900,87,408482
2012-07-10,0.26,0.26,0.25,0.25,2745100,130,687122
2012-07-11,0.25,0.26,0.24,0.25,1350000,95,337840
2012-07-12,0.26,0.26,0.24,0.25,2003900,96,501177
2012-07-13,0.25,0.26,0.25,0.25,1425700,68,356989
2012-07-16,0.24,0.26,0.24,0.25,1872800,82,467796
2012-07-17,0.25,0.26,0.25,0.25,1334600,82,333804
2012-07-18,0.25,0.26,0.21,0.26,17554600,593,4155843
2012-07-19,0.26,0.28,0.24,0.27,11600500,931,3090499
2012-07-20,0.27,0.28,0.26,0.28,2684700,138,726042
2012-07-23,0.27,0.28,0.26,0.28,2438000,140,663553
2012-07-24,0.28,0.3,0.27,0.29,14104500,714,4069236
2012-07-25,0.3,0.31,0.28,0.29,7262100,385,2147411
2012-07-26,0.3,0.3,0.28,0.3,1710800,106,497677
2012-07-27,0.3,0.31,0.3,0.3,3022900,217,911191
2012-07-30,0.3,0.31,0.29,0.31,2937700,158,885195
2012-07-31,0.3,0.34,0.3,0.31,12601000,601,4045432
2012-08-01,0.31,0.32,0.3,0.31,4534900,581,1407596
2012-08-02,0.32,0.32,0.28,0.28,9389900,1068,2752204
2012-08-03,0.28,0.31,0.28,0.29,9938100,412,2910792
2012-08-06,0.29,0.31,0.28,0.29,7182600,284,2097726
2012-08-07,0.29,0.3,0.27,0.28,6900400,257,1948037
2012-08-08,0.28,0.29,0.27,0.28,1764200,95,493882
2012-08-09,0.28,0.29,0.27,0.28,1789700,98,499754
2012-08-10,0.29,0.29,0.27,0.27,1726100,86,470825
2012-08-13,0.27,0.28,0.26,0.27,2939900,169,794036
2012-08-14,0.27,0.29,0.26,0.28,3665400,374,1019651
2012-08-15,0.27,0.28,0.27,0.27,839300,69,227348
2012-08-16,0.27,0.28,0.26,0.27,2213000,102,596613
2012-08-17,0.27,0.28,0.26,0.28,1151600,70,314507
2012-08-20,0.31,0.32,0.29,0.29,16720600,728,5104154
2012-08-21,0.3,0.3,0.29,0.29,4156400,143,1224285
2012-08-22,0.29,0.32,0.28,0.32,10105800,445,3095725
2012-08-23,0.32,0.32,0.29,0.29,7449900,514,2264507
2012-08-24,0.3,0.31,0.29,0.31,2138800,119,639158
2012-08-27,0.3,0.31,0.29,0.3,616300,73,184698
2012-08-28,0.29,0.3,0.28,0.28,3726900,186,1074249
2012-08-29,0.29,0.29,0.28,0.29,1561800,101,445758
2012-08-30,0.28,0.29,0.28,0.28,1775800,73,498808
2012-08-31,0.28,0.29,0.28,0.28,810700,123,227924
2012-09-03,0.28,0.28,0.26,0.27,10944000,482,2969250
2012-09-04,0.27,0.28,0.26,0.26,2107600,148,555153
2012-09-05,0.27,0.27,0.26,0.27,1073900,108,286884
2012-09-06,0.28,0.28,0.26,0.27,961800,69,261814
2012-09-10,0.27,0.28,0.27,0.27,848300,56,230282
2012-09-11,0.28,0.28,0.26,0.27,1195600,84,323217
2012-09-12,0.28,0.28,0.26,0.27,1687900,116,456232
2012-09-13,0.27,0.28,0.26,0.26,1098600,96,295961
2012-09-14,0.27,0.28,0.26,0.26,1192300,99,318489
2012-09-17,0.27,0.28,0.26,0.26,972500,80,260589
2012-09-18,0.26,0.28,0.26,0.27,680800,49,182971
2012-09-19,0.27,0.28,0.26,0.27,1326700,92,355678
2012-09-20,0.27,0.27,0.25,0.26,3114300,425,811748
2012-09-21,0.26,0.27,0.25,0.26,1903300,125,494956
2012-09-24,0.26,0.26,0.25,0.26,1212500,136,311252
2012-09-25,0.25,0.26,0.25,0.25,1476300,109,369626
2012-09-26,0.25,0.26,0.25,0.25,1413500,313,354966
2012-09-27,0.25,0.26,0.24,0.25,2254400,181,562537
2012-09-28,0.25,0.25,0.24,0.24,1264600,64,306490
2012-10-01,0.24,0.26,0.24,0.24,716400,78,175652
2012-10-02,0.25,0.26,0.24,0.24,1374100,118,338978
2012-10-03,0.25,0.25,0.24,0.25,143500,21,35376
2012-10-04,0.25,0.26,0.24,0.25,1329200,94,336206
2012-10-05,0.25,0.26,0.25,0.25,308400,35,77872
2012-10-08,0.25,0.25,0.24,0.25,618600,79,153587
2012-10-09,0.24,0.25,0.24,0.24,283600,25,69160
2012-10-10,0.25,0.25,0.24,0.24,235500,50,57043
2012-10-11,0.25,0.25,0.24,0.24,502200,33,121364
2012-10-15,0.24,0.25,0.24,0.24,653900,40,157106
2012-10-16,0.25,0.25,0.24,0.24,678600,74,164082
2012-10-17,0.24,0.25,0.23,0.24,2290700,132,548895
2012-10-18,0.24,0.24,0.23,0.24,565400,56,135625
2012-10-19,0.23,0.24,0.23,0.24,666100,44,154883
2012-10-22,0.24,0.24,0.23,0.23,393100,27,91669
2012-10-23,0.23,0.24,0.23,0.23,654100,59,150651
2012-10-24,0.23,0.24,0.22,0.22,1408500,100,322541
2012-10-25,0.23,0.25,0.22,0.25,2344000,103,551843
2012-10-26,0.24,0.25,0.23,0.24,776800,95,186941
2012-10-29,0.24,0.24,0.23,0.23,851300,52,196094
2012-10-30,0.23,0.24,0.22,0.23,1697600,74,389146
2012-10-31,0.23,0.25,0.23,0.24,3127200,164,741217
2012-11-01,0.24,0.25,0.23,0.25,1745700,114,423493
2012-11-05,0.25,0.25,0.23,0.23,1314100,87,312737
2012-11-06,0.25,0.25,0.24,0.24,1889000,134,458257
2012-11-07,0.25,0.26,0.24,0.26,3197600,274,809815
2012-11-08,0.26,0.27,0.24,0.24,7721100,341,1958413
2012-11-09,0.24,0.26,0.24,0.25,3273400,245,810177
2012-11-12,0.25,0.25,0.24,0.24,1596000,98,386909
2012-11-13,0.24,0.25,0.23,0.24,1970400,105,472773
2012-11-14,0.24,0.25,0.23,0.24,786000,62,188532
2012-11-16,0.24,0.25,0.23,0.24,848400,44,201262
2012-11-19,0.23,0.24,0.23,0.23,317700,44,73320
2012-11-21,0.24,0.25,0.23,0.25,1945300,154,469545
2012-11-22,0.26,0.26,0.25,0.25,4726100,237,1211876
2012-11-23,0.24,0.26,0.24,0.25,1450100,123,361287
2012-11-26,0.25,0.26,0.24,0.24,1084900,92,269546
2012-11-27,0.24,0.25,0.24,0.25,1162500,82,288824
2012-11-28,0.25,0.25,0.24,0.24,318800,25,78882
2012-11-29,0.24,0.25,0.24,0.25,262600,34,63489
2012-11-30,0.25,0.25,0.23,0.25,2621900,163,644465
2012-12-03,0.25,0.25,0.24,0.24,1272300,71,312679
2012-12-04,0.25,0.25,0.23,0.24,1417900,80,341823
2012-12-05,0.24,0.24,0.23,0.24,798100,54,190104
2012-12-06,0.24,0.25,0.23,0.23,681300,54,159818
2012-12-07,0.24,0.24,0.23,0.24,426200,34,100582
2012-12-10,0.24,0.26,0.24,0.26,4836500,310,1199647
2012-12-11,0.25,0.27,0.25,0.26,2444700,145,632570
2012-12-12,0.26,0.26,0.25,0.26,1074800,65,276101
2012-12-13,0.26,0.26,0.24,0.25,1276000,68,319881
2012-12-14,0.25,0.25,0.24,0.24,572500,54,142722
2012-12-17,0.24,0.25,0.24,0.24,358700,42,86769
2012-12-18,0.24,0.25,0.24,0.24,507100,38,125016
2012-12-19,0.24,0.25,0.24,0.24,247300,22,59611
2012-12-20,0.24,0.25,0.24,0.25,497300,61,122787
2012-12-21,0.25,0.25,0.24,0.24,1347700,71,324788
2012-12-26,0.24,0.25,0.23,0.23,1212900,55,290986
2012-12-27,0.24,0.24,0.23,0.24,338400,24,79031
2012-12-28,0.24,0.24,0.23,0.24,459400,33,108271
2013-01-02,0.24,0.25,0.24,0.24,834900,72,200988
2013-01-03,0.24,0.25,0.24,0.25,731200,48,180235
2013-01-04,0.25,0.25,0.24,0.25,767900,67,186882
2013-01-07,0.25,0.25,0.24,0.25,252200,31,61548
2013-01-08,0.25,0.25,0.24,0.24,573900,36,139175
2013-01-09,0.25,0.25,0.24,0.24,308400,37,75023
2013-01-10,0.25,0.25,0.24,0.25,374100,29,92067
2013-01-11,0.24,0.25,0.24,0.24,269700,28,65093
2013-01-14,0.24,0.25,0.24,0.24,486000,39,118270
2013-01-15,0.24,0.25,0.23,0.24,1202000,76,290339
2013-01-16,0.24,0.25,0.23,0.25,1037600,55,249807
2013-01-17,0.24,0.25,0.23,0.25,1068800,140,256253
2013-01-18,0.24,0.25,0.24,0.24,414600,87,99807
2013-01-21,0.24,0.26,0.24,0.26,2736000,163,683872
2013-01-22,0.26,0.29,0.26,0.28,12630700,822,3514245
2013-01-23,0.3,0.33,0.28,0.32,15846300,864,4814210
2013-01-24,0.32,0.35,0.3,0.3,16859200,1375,5542524
2013-01-28,0.32,0.33,0.3,0.3,6143600,393,1922534
2013-01-29,0.31,0.31,0.28,0.3,5146000,326,1523887
2013-01-30,0.3,0.32,0.29,0.32,4318500,343,1327298
2013-01-31,0.32,0.35,0.31,0.34,7728300,1796,2527564
2013-02-01,0.35,0.39,0.33,0.38,13059900,875,4802748
2013-02-04,0.39,0.43,0.36,0.39,16704800,1311,6577591
2013-02-05,0.4,0.41,0.36,0.37,10049900,552,3875601
2013-02-06,0.39,0.39,0.36,0.37,4873400,305,1819816
2013-02-07,0.37,0.41,0.37,0.4,5516500,430,2173003
2013-02-08,0.39,0.4,0.38,0.4,2571000,138,1009522
2013-02-13,0.42,0.6,0.41,0.6,15129400,1568,7126304
2013-02-14,0.56,0.57,0.49,0.52,31144600,4147,16679256
2013-02-15,0.54,0.63,0.52,0.58,27008600,6176,15755628
2013-02-18,0.59,0.72,0.59,0.69,30194700,7057,20502590
2013-02-19,0.73,0.78,0.66,0.67,38946800,5538,27944544
2013-02-20,0.67,0.7,0.6,0.6,21989000,2278,14235578
2013-02-21,0.63,0.64,0.5,0.55,25615800,3119,14377562
2013-02-22,0.56,0.62,0.53,0.55,22741100,2872,12958487
2013-02-25,0.57,0.67,0.57,0.66,22998200,4698,14054355
2013-02-26,0.66,0.71,0.62,0.66,24530700,3772,16304743
2013-02-27,0.67,0.7,0.65,0.69,18363800,7562,12479283
2013-02-28,0.75,0.79,0.68,0.68,32009100,7326,23453071
2013-03-01,0.63,0.73,0.62,0.72,23454700,3975,15862355
2013-03-04,0.72,0.74,0.67,0.69,11170600,2312,7831011
2013-03-05,0.7,0.72,0.68,0.7,6990800,785,4899418
2013-03-06,0.7,0.71,0.64,0.69,11820600,1420,8021491
2013-03-07,0.68,0.7,0.66,0.67,11220100,973,7587720
2013-03-08,0.67,0.67,0.62,0.66,10808800,810,7036524
2013-03-11,0.64,0.67,0.62,0.64,6099500,1186,3901867
2013-03-12,0.63,0.66,0.62,0.62,5730000,604,3652223
2013-03-13,0.63,0.63,0.54,0.54,13501100,947,7933915
2013-03-14,0.53,0.64,0.51,0.64,15128600,4591,8421608
2013-03-15,0.63,0.67,0.6,0.64,16241300,1855,10282094
2013-03-18,0.63,0.67,0.62,0.62,11399700,1560,7357781
2013-03-19,0.62,0.64,0.57,0.57,14506800,2185,8739337
2013-03-20,0.59,0.61,0.55,0.56,12446100,1142,7232763
2013-03-21,0.57,0.59,0.55,0.57,6960400,1009,3954831
2013-03-22,0.58,0.6,0.57,0.59,5446700,965,3198059
2013-03-25,0.6,0.63,0.58,0.59,5685500,913,3437226
2013-03-26,0.66,0.71,0.64,0.67,22993300,2224,15442292
2013-03-27,0.62,0.64,0.59,0.59,15170400,1877,9311385
2013-03-28,0.6,0.6,0.57,0.58,5875700,650,3415514
2013-04-01,0.58,0.61,0.56,0.59,7004300,724,4104477
2013-04-02,0.59,0.6,0.57,0.57,4281200,430,2487165
2013-04-03,0.57,0.58,0.54,0.55,5897000,548,3296574
2013-04-04,0.54,0.58,0.53,0.56,7213600,970,4024633
2013-04-05,0.56,0.57,0.53,0.53,3526100,341,1917721
2013-04-08,0.54,0.54,0.46,0.5,7452800,1496,3732183
2013-04-09,0.5,0.51,0.44,0.44,6314200,786,2979445
2013-04-10,0.44,0.45,0.41,0.42,7433800,730,3189113
2013-04-11,0.42,0.49,0.42,0.48,11526000,1669,5287735
2013-04-12,0.49,0.52,0.47,0.48,10183700,2689,5019631
2013-04-15,0.51,0.53,0.48,0.49,6817000,598,3445757
2013-04-16,0.49,0.49,0.45,0.46,5837600,448,2735305
2013-04-17,0.45,0.48,0.44,0.46,3977000,444,1823331
2013-04-18,0.46,0.48,0.45,0.47,3436800,1085,1602005
2013-04-19,0.48,0.5,0.47,0.5,4096200,776,1981758
2013-04-22,0.5,0.51,0.47,0.49,4634700,434,2277588
2013-04-23,0.48,0.49,0.46,0.47,3045300,262,1439898
2013-04-24,0.47,0.47,0.45,0.45,1915200,141,876182
2013-04-25,0.45,0.48,0.44,0.47,3475500,464,1604295
2013-04-26,0.46,0.48,0.45,0.47,2224400,209,1029552
2013-04-29,0.47,0.51,0.46,0.5,5687400,539,2750579
2013-04-30,0.5,0.56,0.49,0.52,11450800,1027,5986096
2013-05-02,0.52,0.52,0.49,0.5,4653700,305,2350627
2013-05-03,0.51,0.52,0.49,0.51,3561900,376,1809557
2013-05-06,0.51,0.52,0.49,0.5,3066300,438,1549153
2013-05-07,0.5,0.51,0.47,0.49,4333100,282,2118714
2013-05-08,0.49,0.49,0.47,0.48,1326900,190,638783
2013-05-09,0.48,0.56,0.48,0.55,13572800,1386,7158077
2013-05-10,0.55,0.57,0.53,0.54,9382300,650,5186272
2013-05-13,0.54,0.57,0.54,0.56,3533700,578,1967644
2013-05-14,0.56,0.65,0.56,0.63,11151800,1295,6759935
2013-05-15,0.65,0.68,0.6,0.61,14239400,1703,9136642
2013-05-16,0.61,0.63,0.59,0.59,5088100,662,3098158
2013-05-17,0.61,0.67,0.61,0.67,10020000,873,6475284
2013-05-20,0.7,0.73,0.67,0.67,17448000,3019,12132313
2013-05-21,0.68,0.71,0.66,0.69,12137200,1100,8297849
2013-05-22,0.71,0.73,0.68,0.7,10110900,1196,7109130
2013-05-23,0.7,0.75,0.67,0.69,21006300,4233,14914004
2013-05-24,0.68,0.7,0.6,0.6,10330500,1268,6714114
2013-05-27,0.59,0.67,0.58,0.58,14632200,1575,9112858
2013-05-28,0.61,0.62,0.56,0.57,10363300,791,6014157
2013-05-29,0.58,0.61,0.55,0.6,8593800,809,4973459
2013-05-31,0.61,0.62,0.58,0.58,5814700,401,3467668
2013-06-03,0.58,0.6,0.57,0.57,2577200,245,1490563
2013-06-04,0.57,0.59,0.53,0.55,5690800,613,3185097
2013-06-05,0.55,0.58,0.53,0.57,6023500,620,3355430
2013-06-06,0.58,0.58,0.56,0.56,2462400,262,1396307
2013-06-07,0.56,0.57,0.53,0.54,3407500,376,1862157
2013-06-10,0.54,0.55,0.53,0.55,1536700,154,830140
2013-06-11,0.54,0.57,0.54,0.56,4221200,443,2347927
2013-06-12,0.57,0.58,0.55,0.55,3999000,270,2241287
2013-06-13,0.55,0.56,0.54,0.55,1646500,179,901822
2013-06-14,0.56,0.6,0.55,0.59,7523700,547,4356290
2013-06-17,0.55,0.55,0.49,0.49,9524100,831,5026071
2013-06-18,0.5,0.52,0.45,0.45,8499500,707,4119572
2013-06-19,0.44,0.45,0.42,0.42,9312800,696,4019204
2013-06-20,0.42,0.45,0.41,0.44,5457400,390,2341319
2013-06-21,0.46,0.48,0.44,0.46,4667100,453,2126866
2013-06-24,0.46,0.48,0.42,0.42,5291100,641,2365018
2013-06-25,0.43,0.44,0.41,0.43,2711500,246,1152647
2013-06-26,0.44,0.46,0.43,0.46,4091100,276,1839865
2013-06-27,0.47,0.48,0.44,0.44,5900300,378,2719065
2013-06-28,0.45,0.46,0.43,0.44,2407800,181,1063757
2013-07-01,0.44,0.45,0.43,0.43,2960100,226,1297925
2013-07-02,0.43,0.46,0.41,0.41,4068900,337,1769908
2013-07-03,0.42,0.43,0.41,0.41,1717300,225,712666
2013-07-04,0.41,0.43,0.41,0.43,1436500,459,606749
2013-07-05,0.43,0.44,0.42,0.44,1740200,304,751584
2013-07-08,0.44,0.46,0.41,0.42,3842100,257,1655887
2013-07-10,0.42,0.43,0.41,0.42,1968300,208,827336
2013-07-11,0.42,0.43,0.41,0.41,1568000,171,658165
2013-07-12,0.42,0.43,0.4,0.41,2425600,241,997436
2013-07-15,0.41,0.42,0.38,0.39,3667300,302,1445227
2013-07-16,0.4,0.42,0.39,0.42,2416900,347,989546
2013-07-17,0.43,0.52,0.43,0.52,13659500,1814,6511977
2013-07-18,0.56,0.67,0.49,0.5,53210200,4950,30575760
2013-07-19,0.51,0.54,0.49,0.53,9698100,1032,5018889
2013-07-22,0.56,0.61,0.56,0.61,14401900,1366,8400617
2013-07-23,0.65,0.67,0.61,0.64,17540200,1304,11246530
2013-07-24,0.64,0.69,0.63,0.69,16368100,1272,10866501
2013-07-25,0.72,0.77,0.65,0.65,31197500,2563,22393523
2013-07-26,0.7,0.73,0.13,0.2,95348800,7705,36486888
2013-07-29,0.21,0.27,0.21,0.22,37814800,2749,8790160
2013-07-30,0.23,0.24,0.16,0.17,32200700,1882,6230644
2013-07-31,0.18,0.19,0.17,0.19,15962200,821,2900743
2013-08-01,0.2,0.21,0.18,0.19,22417200,1011,4333906
2013-08-02,0.18,0.19,0.17,0.17,11413000,613,2015605
2013-08-05,0.18,0.18,0.14,0.16,13082700,818,2040499
