Date,Open,High,Low,Close,Volume,Neg,Fin
2020-05-15,8.99,9.55,8.4,9.55,7545600,10508,66829221
2020-05-18,9.95,9.95,9.61,9.8,1265300,1337,12371204
2020-05-19,9.85,10.0,9.69,9.74,718700,636,7019779
2020-05-20,9.85,10.0,9.79,9.9,403900,566,3992342
2020-05-21,9.99,10.05,9.8,9.8,773000,499,7654682
2020-05-22,9.8,9.85,9.62,9.85,407200,398,3982132
2020-05-25,9.92,9.95,9.78,9.87,188900,212,1866475
2020-05-26,9.83,10.0,9.8,9.91,56600,117,559312
2020-05-27,9.87,9.9,9.76,9.76,61800,193,606800
2020-05-28,9.78,9.78,9.6,9.65,46600,138,450044
2020-05-29,9.59,9.85,9.5,9.5,227300,351,2184177
2020-06-01,9.44,9.8,9.2,9.8,81600,422,795319
2020-06-02,9.82,9.95,9.57,9.59,174300,718,1683089
2020-06-03,9.62,9.77,9.6,9.66,957600,262,9195945
2020-06-04,9.59,9.93,9.59,9.9,49900,227,490485
2020-06-05,9.9,10.57,9.88,9.88,470500,829,4890524
2020-06-08,10.0,10.19,9.65,9.7,299200,860,2926874
2020-06-09,9.68,10.03,9.68,9.81,127600,266,1256601
2020-06-10,10.05,10.09,9.69,9.95,49300,167,483084
2020-06-12,9.72,9.87,9.58,9.59,70800,170,685178
2020-06-15,9.57,9.69,9.15,9.4,53600,175,502012
2020-06-16,9.51,9.8,9.5,9.6,42000,140,404638
2020-06-17,9.74,9.8,9.52,9.78,31500,118,303865
2020-06-18,9.75,9.85,9.57,9.84,43800,99,426781
2020-06-19,9.85,9.86,9.37,9.37,42600,111,406429
2020-06-22,9.5,9.65,9.49,9.6,37300,104,356436
2020-06-23,9.77,9.78,9.51,9.72,34200,103,329322
2020-06-24,9.64,9.67,9.15,9.15,85300,325,792254
2020-06-25,9.2,9.49,9.16,9.35,25100,91,234069
2020-06-26,9.42,9.42,9.2,9.2,17000,73,157339
2020-06-29,9.42,9.42,9.14,9.15,24800,74,227576
2020-06-30,9.22,9.49,9.19,9.3,56100,276,523268
2020-07-01,9.2,9.58,9.2,9.5,44000,257,416909
2020-07-02,9.51,9.79,9.3,9.3,37500,282,359011
2020-07-03,9.45,9.6,9.31,9.6,32500,269,307657
2020-07-06,9.7,9.7,9.6,9.69,53400,322,515907
2020-07-07,9.79,9.82,9.65,9.81,86500,370,844808
2020-07-08,9.8,9.8,9.61,9.78,28500,86,277041
2020-07-09,9.77,9.89,9.7,9.86,33800,179,332096
2020-07-10,9.82,9.82,9.56,9.7,72200,333,696784
2020-07-13,9.76,9.76,9.37,9.37,45000,210,430052
2020-07-14,9.38,9.67,9.38,9.65,52200,298,501044
2020-07-15,9.7,9.7,9.49,9.68,39200,96,376520
2020-07-16,9.52,9.68,9.45,9.68,16400,65,156720
2020-07-17,9.68,9.8,9.55,9.8,52000,216,503836
2020-07-20,9.77,9.8,9.56,9.56,59900,143,584205
2020-07-21,9.66,9.78,9.55,9.65,82500,123,796027
2020-07-22,9.65,9.66,9.58,9.66,8800,44,84629
2020-07-23,9.64,9.66,9.38,9.38,20300,89,193359
2020-07-24,9.38,9.55,9.3,9.5,19200,34,181580
2020-07-27,9.6,9.75,9.31,9.69,138700,985,1321826
2020-07-28,9.65,9.71,9.46,9.69,92600,323,892153
2020-07-29,9.56,9.71,9.48,9.71,37700,305,364104
2020-07-30,9.64,9.73,9.5,9.65,76800,368,740703
2020-07-31,9.64,9.68,9.4,9.68,131700,705,1265670
2020-08-03,9.68,9.68,9.44,9.44,26100,155,248710
2020-08-04,9.44,9.65,9.23,9.65,86800,202,828181
2020-08-05,9.65,9.65,9.4,9.42,50200,176,475608
2020-08-06,9.53,9.53,9.34,9.38,37900,134,356350
2020-08-07,9.33,9.54,9.21,9.21,49200,151,458427
2020-08-10,9.26,9.5,9.17,9.17,39400,164,363767
2020-08-11,9.22,9.36,9.22,9.36,23900,86,222673
2020-08-12,9.3,9.44,9.24,9.35,18100,79,168827
2020-08-13,9.3,9.31,9.2,9.3,11800,40,109245
2020-08-14,9.31,9.35,9.23,9.26,19300,62,179328
2020-08-17,9.26,9.28,9.15,9.2,21300,104,195683
2020-08-18,9.28,9.31,9.18,9.2,17100,65,157518
2020-08-19,9.21,9.31,9.2,9.2,5700,28,52610
2020-08-20,9.15,9.31,9.15,9.31,21900,48,201290
2020-08-21,9.25,9.46,9.14,9.4,47900,413,447725
2020-08-24,9.46,9.68,9.43,9.57,104700,579,1005132
2020-08-25,9.61,9.67,9.42,9.65,41400,184,396457
2020-08-26,9.6,9.69,9.48,9.69,55100,307,530257
2020-08-27,9.75,9.75,9.24,9.24,54000,132,509031
2020-08-28,9.4,9.65,9.18,9.65,94600,584,886769
2020-08-31,9.6,9.87,9.51,9.8,165500,226,1616068
2020-09-01,9.8,9.94,9.79,9.85,120800,212,1193754
2020-09-02,9.75,9.99,9.46,9.5,2449000,238,23633617
2020-09-03,9.55,9.63,9.38,9.48,33000,106,313693
2020-09-04,9.68,9.68,9.46,9.46,13500,66,129139
2020-09-08,9.5,9.55,9.3,9.3,22100,92,208864
2020-09-09,9.48,9.61,9.3,9.58,24600,92,232640
2020-09-10,9.63,9.63,9.44,9.48,2600,19,24687
2020-09-11,9.46,9.55,9.34,9.35,10900,38,102602
2020-09-14,9.35,9.39,9.23,9.23,35600,98,331240
2020-09-15,9.28,9.3,9.23,9.25,20800,58,192451
2020-09-16,9.35,9.35,9.33,9.34,9800,27,91474
2020-09-17,9.27,9.39,9.27,9.36,6700,22,62390
2020-09-18,9.36,9.36,9.25,9.32,5500,37,51166
2020-09-21,9.23,9.29,9.2,9.22,45900,44,423734
2020-09-22,9.25,9.34,9.2,9.2,12800,52,118078
2020-09-23,9.2,9.3,9.14,9.17,65200,66,598715
2020-09-24,9.24,9.24,9.13,9.21,12500,33,115068
2020-09-25,9.24,9.29,9.14,9.27,12200,37,112660
2020-09-28,9.28,9.65,9.2,9.55,605700,282,5592705
2020-09-29,9.56,9.88,9.56,9.75,255500,690,2500008
2020-09-30,9.75,9.88,9.75,9.83,46800,142,460461
2020-10-01,9.85,10.33,9.85,10.09,92500,260,931077
2020-10-02,10.01,10.32,9.94,10.22,88700,249,906142
2020-10-05,10.22,10.5,9.91,10.12,87700,236,903513
2020-10-06,10.37,10.45,10.25,10.39,22600,119,233580
2020-10-07,10.4,10.49,10.39,10.44,15600,71,162763
2020-10-08,10.44,10.48,10.39,10.47,20200,64,211331
2020-10-09,10.47,10.5,10.13,10.25,72300,235,748107
2020-10-13,10.26,10.37,10.22,10.3,25200,92,259219
2020-10-14,10.36,10.5,10.14,10.29,53700,149,550662
2020-10-15,10.29,10.29,10.05,10.05,18600,82,189255
2020-10-16,10.08,10.16,10.05,10.05,16600,60,167714
2020-10-19,10.08,10.16,9.56,10.0,35400,118,348446
2020-10-20,10.06,10.09,9.92,9.94,17400,58,174534
2020-10-21,9.98,10.09,9.96,10.03,17000,68,170370
2020-10-22,9.94,10.0,9.93,9.94,16400,54,163322
2020-10-23,10.0,10.2,9.8,10.0,22700,71,226760
2020-10-26,10.04,10.04,9.86,9.86,17500,67,173289
2020-10-27,9.97,10.02,9.8,9.8,16100,68,159182
2020-10-28,9.79,10.0,9.39,9.45,46600,124,451050
2020-10-29,9.49,9.54,9.34,9.42,29700,67,279260
2020-10-30,9.46,9.75,9.46,9.74,20200,74,195123
2020-11-03,9.8,10.1,9.57,9.95,24000,96,238102
2020-11-04,9.95,10.05,9.8,9.8,46900,120,465374
2020-11-05,9.9,10.05,9.89,9.95,35600,104,355042
2020-11-06,9.96,10.0,9.75,9.95,23200,82,230689
2020-11-09,10.2,10.2,9.75,9.75,68100,197,681549
2020-11-10,9.73,10.15,9.73,9.95,32500,111,325003
2020-11-11,9.95,10.13,9.69,9.8,72700,194,711996
2020-11-12,9.88,9.88,9.69,9.73,27200,61,265096
2020-11-13,9.62,9.85,9.62,9.7,22600,61,220353
2020-11-16,9.72,9.8,9.3,9.3,160000,328,1517844
2020-11-17,9.4,9.53,9.35,9.45,59300,153,559703
2020-11-18,9.53,9.65,9.2,9.26,206700,248,1931443
2020-11-19,9.28,9.39,9.23,9.24,89300,376,829482
2020-11-20,9.31,9.68,9.14,9.2,155500,286,1451765
2020-11-23,9.28,9.35,9.24,9.25,53300,127,494878
2020-11-24,9.25,9.39,9.24,9.36,67900,143,633132
2020-11-25,9.35,9.46,9.28,9.38,38300,161,357510
2020-11-26,9.36,9.44,9.28,9.29,43400,136,405839
2020-11-27,9.28,9.42,9.25,9.32,31600,143,295457
2020-11-30,9.34,9.42,9.06,9.06,126400,253,1163934
2020-12-01,9.1,9.35,9.1,9.3,51000,134,471198
2020-12-02,9.31,9.4,9.19,9.19,93800,176,871293
2020-12-03,9.3,9.4,9.18,9.38,88400,258,822514
2020-12-04,9.36,9.42,9.15,9.18,149000,297,1374315
2020-12-07,9.29,9.34,9.1,9.12,201700,272,1857577
2020-12-08,9.14,9.28,9.14,9.18,43200,129,397894
2020-12-09,9.26,9.26,9.11,9.12,44900,139,412441
2020-12-10,9.12,9.23,8.93,9.11,51500,138,468484
2020-12-11,9.1,9.23,9.1,9.23,24700,100,227084
2020-12-14,9.23,9.35,9.02,9.28,69700,144,640951
2020-12-15,9.19,9.3,9.1,9.16,60000,110,549637
2020-12-16,9.25,9.34,9.12,9.12,166200,287,1535576
2020-12-17,9.19,9.27,9.17,9.17,65500,171,604540
2020-12-18,9.18,9.29,9.18,9.25,36700,103,339563
2020-12-21,9.16,9.33,9.12,9.3,86800,604,802651
2020-12-22,9.3,9.39,9.21,9.24,61100,193,568745
2020-12-23,9.2,9.33,9.13,9.2,26700,110,246878
2020-12-28,9.24,9.32,9.15,9.16,59700,166,549928
2020-12-29,9.17,9.6,9.17,9.55,125000,245,1183616
2020-12-30,9.6,9.89,9.3,9.3,205800,322,1995374
2021-01-04,9.4,9.5,9.31,9.35,47000,185,441486
2021-01-05,9.38,9.44,9.25,9.25,54300,190,504985
2021-01-06,9.28,9.49,9.2,9.2,39400,136,366966
2021-01-07,9.34,9.34,8.91,8.91,173700,380,1578462
2021-01-08,8.95,9.23,8.92,8.97,76500,240,688140
2021-01-11,8.9,9.05,8.9,8.99,49700,159,445709
2021-01-12,8.95,9.18,8.91,9.1,34200,114,310817
2021-01-13,9.12,9.43,9.1,9.19,201400,368,1872308
2021-01-14,9.24,9.28,9.02,9.02,260700,802,2385396
2021-01-15,9.05,9.08,8.95,9.0,48000,134,432220
2021-01-18,9.02,9.14,9.0,9.09,26400,96,239301
2021-01-19,9.08,9.13,8.93,8.99,23800,84,214317
2021-01-20,8.94,9.08,8.94,8.95,24400,130,219769
2021-01-21,8.95,9.05,8.9,8.9,100400,111,895865
2021-01-22,8.9,8.96,8.6,8.7,83800,191,733958
2021-01-26,8.7,8.81,8.58,8.58,52500,154,455356
2021-01-27,8.58,8.89,8.45,8.45,72200,444,614124
2021-01-28,8.48,8.66,8.4,8.61,27800,83,237306
2021-01-29,8.5,8.66,8.33,8.33,55400,119,467505
2021-02-01,8.37,8.89,8.32,8.72,20400,63,176588
2021-02-02,8.85,8.89,8.52,8.89,33200,80,292870
2021-02-03,8.89,8.97,8.8,8.86,20700,74,183632
2021-02-04,8.87,8.96,8.85,8.85,16200,62,144260
2021-02-05,8.87,8.96,8.84,8.84,13400,54,119670
2021-02-08,8.84,8.94,8.7,8.7,26900,83,235532
2021-02-09,8.72,8.81,8.5,8.59,31800,96,273817
2021-02-10,8.6,8.64,8.3,8.37,42800,126,363006
2021-02-11,8.44,8.61,8.35,8.53,14600,65,124523
2021-02-12,8.62,8.79,8.4,8.53,21800,86,185938
2021-02-17,8.62,8.8,8.4,8.57,26600,68,229784
2021-02-18,8.5,8.73,8.47,8.5,38700,84,330409
2021-02-19,8.67,8.67,8.34,8.44,43500,93,371363
2021-02-22,8.34,8.59,8.18,8.55,41500,162,345801
2021-02-23,8.56,8.58,8.36,8.51,11500,57,97637
2021-02-24,8.51,8.51,8.25,8.25,14900,67,124549
2021-02-25,8.35,8.35,8.18,8.18,37500,140,308459
2021-02-26,8.29,8.29,8.0,8.0,41100,110,332817
2021-03-01,8.03,8.49,7.83,7.83,28400,91,227492
2021-03-02,7.83,7.86,7.41,7.6,69000,174,523086
2021-03-03,7.62,7.62,7.29,7.29,65300,130,481583
2021-03-04,7.45,7.58,7.21,7.21,35000,99,255562
2021-03-05,7.31,7.55,7.22,7.4,16600,57,121897
2021-03-08,7.4,7.5,7.2,7.23,43500,77,317172
2021-03-09,7.3,7.3,7.15,7.15,17200,71,123925
2021-03-10,7.28,7.35,7.15,7.34,25300,107,183263
2021-03-11,7.46,7.5,7.17,7.4,31100,150,226434
2021-03-12,7.47,7.52,7.32,7.52,16000,61,118891
2021-03-15,7.51,7.55,7.33,7.52,12600,60,94065
2021-03-16,7.49,7.62,7.39,7.6,23200,52,173995
2021-03-17,7.56,7.58,7.41,7.45,23200,104,173598
2021-03-18,7.45,7.91,7.37,7.57,102500,116,792219
2021-03-19,7.68,7.85,7.56,7.63,22300,52,171798
2021-03-22,7.61,7.9,7.61,7.9,9300,36,72013
2021-03-23,7.75,8.0,7.75,7.83,22400,60,177545
2021-03-24,7.83,8.09,7.83,7.85,14100,43,111603
2021-03-25,7.85,7.93,7.7,7.93,9000,29,70507
2021-03-26,7.98,8.0,7.75,7.91,19600,53,155932
2021-03-29,7.9,8.09,7.81,7.81,12500,43,99993
2021-03-30,7.72,8.45,7.6,8.0,38800,102,315884
2021-03-31,8.05,8.05,7.67,7.75,39600,113,308973
2021-04-01,8.34,8.34,7.95,8.15,15500,67,126187
2021-04-05,8.29,8.34,7.85,7.85,130100,130,1051383
2021-04-06,7.95,8.05,7.93,7.93,12700,49,101221
2021-04-07,7.94,8.14,7.93,8.1,8500,58,68342
2021-04-08,8.1,8.2,7.93,8.1,58500,105,470177
2021-04-09,8.17,8.17,7.96,8.14,23700,73,190659
2021-04-12,8.15,8.15,7.96,7.99,49300,130,395704
2021-04-13,7.97,8.17,7.96,8.06,39300,56,316658
2021-04-14,8.06,8.25,7.57,7.57,221800,647,1708088
2021-04-15,7.61,7.8,7.3,7.74,187800,928,1416760
2021-04-16,7.7,7.9,7.55,7.8,59600,128,459369
2021-04-19,7.9,8.11,7.73,8.1,72700,165,581839
2021-04-20,8.08,8.3,7.93,8.27,43400,144,353028
2021-04-22,8.27,8.83,8.27,8.52,143500,364,1235992
2021-04-23,8.6,8.6,8.33,8.4,44400,81,375428
2021-04-26,8.56,8.73,8.41,8.65,73900,223,636157
2021-04-27,8.69,8.7,8.54,8.69,34900,122,300409
2021-04-28,8.73,8.78,8.52,8.62,39600,141,343214
2021-04-29,8.75,8.75,8.55,8.55,26100,83,224082
2021-04-30,8.56,8.67,8.25,8.25,31600,77,264346
2021-05-03,8.27,8.46,8.01,8.23,39800,111,325451
2021-05-04,8.55,8.55,8.2,8.25,19600,104,163050
2021-05-05,8.3,8.35,8.14,8.29,40700,64,336650
2021-05-06,8.3,8.3,8.11,8.25,9500,37,77822
2021-05-07,8.33,8.34,8.18,8.2,13800,43,113666
2021-05-10,8.34,8.61,8.23,8.57,35000,106,291884
2021-05-11,8.57,8.57,8.2,8.25,31100,133,258227
2021-05-12,8.37,8.38,8.0,8.0,25200,88,206648
2021-05-13,8.0,8.32,7.8,8.19,121800,207,989853
2021-05-14,8.2,8.3,8.05,8.06,17400,84,140875
2021-05-17,8.07,8.29,8.06,8.15,40700,88,332403
2021-05-18,8.27,8.27,8.03,8.25,15500,100,126333
2021-05-19,8.25,8.25,8.0,8.1,9700,44,78774
2021-05-20,8.08,8.2,7.92,8.2,23800,79,192932
2021-05-21,8.26,8.27,8.07,8.23,13500,77,110675
2021-05-24,8.23,8.31,8.04,8.21,18500,82,151561
2021-05-25,8.35,8.37,8.12,8.3,20600,54,169470
2021-05-26,8.38,8.59,8.18,8.3,30600,80,256674
2021-05-27,8.39,8.39,8.18,8.3,19000,58,157146
2021-05-28,8.55,8.55,8.16,8.25,58300,138,488108
2021-05-31,8.25,8.3,8.13,8.13,24300,86,199512
2021-06-01,8.25,8.35,8.21,8.22,35100,126,290683
2021-06-02,8.22,8.3,8.09,8.2,37100,179,303974
2021-06-04,8.21,8.45,8.15,8.44,17800,91,147023
2021-06-07,8.44,8.57,8.3,8.54,42600,137,361335
2021-06-08,8.56,8.58,8.3,8.4,38600,151,326831
2021-06-09,8.47,8.52,8.34,8.4,33400,80,281212
2021-06-10,8.5,8.5,8.38,8.45,35400,106,298811
2021-06-11,8.3,8.46,8.29,8.31,24500,108,204219
2021-06-14,8.31,8.48,8.31,8.39,21400,106,178991
2021-06-15,8.39,8.4,8.31,8.31,27600,111,230176
2021-06-16,8.31,8.81,8.31,8.56,99200,203,854197
2021-06-17,8.56,8.64,8.33,8.48,32900,137,278264
2021-06-18,8.45,8.56,8.31,8.53,24200,127,204014
2021-06-21,8.55,8.64,8.36,8.55,30300,105,257849
2021-06-22,8.6,8.6,8.4,8.42,33600,117,284227
2021-06-23,8.49,8.56,8.32,8.32,30500,121,257235
2021-06-24,8.31,8.45,8.31,8.32,12600,77,105116
2021-06-25,8.32,8.48,8.19,8.21,24800,114,205639
2021-06-28,8.19,8.21,8.01,8.11,17000,118,138061
2021-06-29,8.02,8.4,8.02,8.4,20600,103,168041
2021-06-30,8.54,8.57,8.16,8.2,51700,156,428462
2021-07-01,8.3,8.39,8.2,8.31,33600,127,277104
2021-07-02,8.31,8.41,8.2,8.21,23900,117,197599
2021-07-05,8.37,8.37,8.06,8.09,25900,111,211047
2021-07-06,8.13,8.17,7.84,7.84,56800,202,450682
2021-07-07,7.94,8.04,7.84,8.02,35400,143,280469
2021-07-08,7.9,7.9,7.59,7.66,88800,281,684028
2021-07-12,7.57,7.79,7.57,7.65,47800,195,365225
2021-07-13,7.62,7.7,7.56,7.69,33700,126,256745
2021-07-14,7.73,7.99,7.7,7.99,466800,157,3663584
2021-07-15,7.99,7.99,7.71,7.77,19600,134,153018
2021-07-16,7.76,7.83,7.61,7.69,24200,131,185949
2021-07-19,7.76,7.76,7.44,7.49,43500,204,326401
2021-07-20,7.58,7.58,7.37,7.45,130000,218,967597
2021-07-21,7.5,7.51,7.35,7.36,29900,112,220922
2021-07-22,7.42,7.47,7.3,7.37,29400,148,216306
2021-07-23,7.43,7.48,7.2,7.2,24900,126,180737
2021-07-26,7.2,7.25,7.08,7.15,25000,162,178649
2021-07-27,7.02,7.34,6.98,6.98,32100,194,225675
2021-07-28,6.97,7.05,6.91,6.94,27000,161,187865
2021-07-29,6.96,7.02,6.86,6.86,21500,146,148887
2021-07-30,6.87,6.97,6.62,6.62,48200,215,325748
2021-08-02,6.8,7.0,6.68,6.95,29900,173,203644
2021-08-03,6.84,6.96,6.62,6.79,31200,198,210762
2021-08-04,6.85,6.94,6.6,6.6,19700,107,130986
2021-08-05,6.58,6.87,6.5,6.5,41000,147,269759
2021-08-06,6.5,6.62,6.45,6.47,18100,118,117766
2021-08-09,6.48,6.57,6.47,6.48,12800,53,83108
2021-08-10,6.7,6.7,6.44,6.44,22900,157,148084
2021-08-11,6.48,6.55,6.43,6.43,26400,137,170223
2021-08-12,6.43,6.45,6.3,6.4,25000,140,159819
2021-08-13,6.48,6.48,6.01,6.05,45200,246,277383
2021-08-16,6.12,6.12,5.82,5.82,32500,205,193676
2021-08-17,5.89,6.3,5.8,6.13,32800,101,196855
2021-08-18,6.13,6.53,6.13,6.28,33600,184,214751
2021-08-19,6.26,6.26,5.95,5.95,52400,144,318740
2021-08-20,6.0,6.13,5.96,6.12,17500,66,106401
2021-08-23,6.12,6.15,5.98,5.98,29100,62,176146
2021-08-24,6.11,6.55,6.11,6.5,56300,124,359859
2021-08-25,6.6,6.92,6.53,6.66,42000,65,283701
2021-08-26,6.77,6.83,6.35,6.78,50500,183,331348
2021-08-27,6.92,6.92,6.55,6.91,15300,78,102606
2021-08-30,6.94,7.01,6.78,6.86,9100,35,62374
2021-08-31,6.9,7.01,6.74,6.8,17100,86,116786
2021-09-01,6.93,7.0,6.79,6.8,10300,55,71609
2021-09-02,6.91,6.91,6.54,6.61,29800,123,198482
2021-09-03,6.63,6.78,6.45,6.61,30600,75,201589
2021-09-06,6.72,6.72,6.41,6.41,11300,30,74291
2021-09-08,6.4,6.48,6.19,6.2,17000,45,106222
2021-09-09,6.2,6.2,5.93,5.98,34300,114,207093
2021-09-10,6.12,6.38,6.08,6.1,31200,61,195175
2021-09-13,6.06,6.53,6.06,6.49,28200,51,177118
2021-09-14,6.49,7.2,6.36,7.2,20600,51,139622
2021-09-15,7.04,7.28,6.63,6.67,62400,235,430375
2021-09-16,6.89,6.89,6.45,6.45,23400,127,156348
2021-09-17,6.42,6.43,6.16,6.16,38800,137,241717
2021-09-20,6.15,6.15,5.82,6.0,25100,117,149187
2021-09-21,5.91,6.1,5.91,5.94,34500,106,207264
2021-09-22,5.98,6.38,5.9,5.96,34900,110,212988
2021-09-23,5.93,6.08,5.91,5.99,27300,106,163534
2021-09-24,5.94,6.0,5.82,5.99,29600,100,175062
2021-09-27,5.91,5.95,5.72,5.72,38000,138,221890
2021-09-28,5.8,5.8,5.3,5.35,45900,122,254578
2021-09-29,5.39,6.47,5.36,6.36,169100,299,947145
2021-09-30,6.2,6.61,6.02,6.48,94000,341,590666
2021-10-01,6.46,6.58,6.3,6.3,38800,152,247196
2021-10-04,6.4,6.4,5.9,6.07,48200,196,292614
2021-10-05,6.2,6.23,5.79,5.8,25400,162,153490
2021-10-06,5.79,5.9,5.71,5.9,28100,114,163082
2021-10-07,5.93,6.2,5.74,5.74,37300,143,220144
2021-10-08,5.79,6.22,5.79,6.15,22200,71,132421
2021-10-11,6.15,6.15,5.99,6.12,8500,25,51550
2021-10-13,6.11,6.14,5.85,5.85,32500,126,195080
2021-10-14,5.86,5.99,5.72,5.72,18900,110,110064
2021-10-15,5.8,5.87,5.77,5.78,14700,34,85396
2021-10-18,5.91,5.94,5.71,5.82,13200,81,76928
2021-10-19,5.72,6.0,5.72,5.77,41900,195,246689
2021-10-20,5.74,5.87,5.74,5.75,13000,36,75156
2021-10-21,5.74,5.74,5.4,5.49,20300,84,112197
2021-10-22,5.55,5.55,5.22,5.27,25600,71,135821
2021-10-25,5.31,5.46,5.22,5.35,9500,45,50668
2021-10-26,5.44,5.44,5.16,5.16,3900,26,20516
2021-10-27,5.18,5.21,5.04,5.15,9700,43,49890
2021-10-28,5.14,5.15,5.07,5.1,5600,36,28643
2021-10-29,5.1,5.1,4.93,4.94,19300,77,95946
2021-11-01,5.0,5.09,4.85,4.85,35300,125,174028
2021-11-03,4.78,4.85,4.7,4.7,23700,96,113592
2021-11-04,4.71,4.8,4.63,4.68,24900,53,116863
2021-11-05,4.68,4.86,4.68,4.8,6900,40,33177
2021-11-08,4.8,5.06,4.8,4.98,22800,83,112161
2021-11-09,4.98,5.37,4.84,5.04,32900,88,167633
2021-11-10,5.05,5.18,5.04,5.1,14600,33,74314
2021-11-11,5.59,5.59,5.14,5.18,44800,79,238410
2021-11-12,5.18,5.27,5.08,5.15,13000,48,66980
2021-11-16,5.15,5.2,5.02,5.06,16400,29,83583
2021-11-17,5.13,5.14,5.0,5.0,13200,57,66721
2021-11-18,5.01,5.01,4.76,4.76,48100,182,232062
2021-11-19,4.8,4.82,4.71,4.73,20200,93,96204
2021-11-22,4.71,4.79,4.49,4.49,59300,155,276322
2021-11-23,4.48,4.49,4.35,4.35,20800,111,91731
2021-11-24,4.35,4.35,4.15,4.15,42700,128,180935
2021-11-25,4.24,4.27,4.13,4.18,27600,109,115485
2021-11-26,4.17,4.17,4.02,4.04,26100,73,105927
2021-11-29,4.1,4.23,4.1,4.23,10600,27,43988
2021-11-30,4.23,4.7,4.01,4.01,85900,448,368252
2021-12-01,4.1,4.25,3.94,3.94,26200,130,106609
2021-12-02,4.04,4.1,3.9,3.99,34300,65,135911
2021-12-03,3.93,4.43,3.93,4.32,78100,146,325639
2021-12-06,4.43,4.55,4.34,4.45,27200,165,121598
2021-12-07,4.61,4.78,4.48,4.48,21400,152,97791
2021-12-08,4.49,4.63,4.47,4.49,7800,71,35233
2021-12-09,4.48,4.48,4.2,4.2,16200,104,70261
2021-12-10,4.3,4.54,4.3,4.37,14300,63,63327
2021-12-13,4.29,4.5,4.29,4.49,4200,34,18637
2021-12-14,4.51,4.66,4.39,4.5,8500,59,38364
2021-12-15,4.4,4.49,4.29,4.41,8800,53,38801
2021-12-16,4.5,4.5,4.36,4.43,5300,43,23532
2021-12-17,4.43,4.49,4.38,4.45,14100,83,62507
2021-12-20,4.45,4.48,4.38,4.48,8900,60,39494
2021-12-21,4.48,4.48,4.25,4.25,12600,62,55192
2021-12-22,4.25,4.4,4.08,4.08,26100,150,111212
2021-12-23,4.09,4.44,4.06,4.07,25100,132,105934
2021-12-27,4.01,4.28,4.01,4.24,10300,74,43037
2021-12-28,4.33,4.33,4.16,4.2,16900,77,71270
2021-12-29,4.27,4.4,4.21,4.22,29700,69,128310
2021-12-30,4.15,4.29,4.15,4.2,15300,61,64683
