Date,Open,High,Low,Close,Volume,Neg,Fin
2018-03-28,4.0898,4.0898,4.0898,4.0898,100,1,248
2018-04-09,4.0898,4.0898,4.0898,4.0898,100,1,248
2018-04-11,4.07331,4.07331,4.07331,4.07331,1100,2,2717
2018-10-19,5.9533,8.14662,5.9533,8.14662,1200,10,4727
2018-10-22,10.96661,14.59466,10.96661,14.5122,7900,29,63579
2018-10-23,15.50167,27.21037,15.50167,27.21037,14900,76,201765
2018-10-24,42.89345,54.42075,37.91312,47.8078,11800,78,332289
2018-10-25,47.8078,47.8243,33.14719,33.14719,4000,20,113693
2018-10-26,33.14719,33.14719,19.78936,20.44901,2100,12,27819
2018-10-29,20.44901,20.44901,20.44901,20.44901,100,1,1240
2018-10-31,16.49114,16.49114,16.49114,16.49114,1100,3,11000
2018-11-06,10.71924,14.85852,10.71924,14.84202,3100,16,21514
2018-12-26,14.84202,14.84202,14.84202,14.84202,100,1,900
2019-01-10,7.42101,7.42101,7.42101,7.42101,200,2,900
2019-01-16,6.57996,7.40452,6.57996,7.40452,400,4,1648
2019-01-17,12.36835,12.36835,9.89468,10.71924,2200,15,15591
2019-01-18,10.71924,11.37888,10.71924,10.71924,700,5,4590
2019-02-07,8.22908,8.90521,8.22908,8.7403,1200,7,6189
2019-02-13,9.07013,9.07013,9.05363,9.07013,600,3,3298
2019-02-18,7.45399,7.45399,6.59646,6.59646,500,5,2156
2019-02-20,6.59646,6.59646,6.59646,6.59646,900,3,3600
2019-02-21,6.61295,7.0747,6.61295,7.0747,900,5,3665
2019-02-25,6.36558,6.36558,6.36558,6.36558,100,1,386
2019-02-26,6.38207,6.59646,6.38207,6.59646,1200,7,4663
2019-03-08,4.94734,4.94734,4.94734,4.94734,2300,11,6900
2019-03-11,5.60699,5.60699,5.60699,5.60699,100,1,340
2019-03-12,5.45857,5.45857,5.44208,5.44208,300,3,991
2019-03-13,5.2112,5.2112,5.2112,5.2112,1300,3,4108
2019-03-14,5.60699,7.68487,5.60699,7.53645,9100,32,39134
2019-03-15,8.24557,11.69222,8.24557,10.241,33400,153,218438
2019-03-18,11.04906,19.62445,11.04906,18.9813,81500,364,802750
2019-03-19,18.9813,18.9813,13.68764,15.12237,71100,214,725360
2019-03-20,14.39676,14.39676,13.19291,13.96799,24800,81,209507
2019-03-21,13.17642,13.17642,11.77467,11.80765,33700,69,245664
2019-03-22,11.5273,11.5438,10.70275,10.70275,2900,16,19580
2019-03-25,10.70275,10.70275,9.91117,9.91117,4400,12,27383
2019-03-26,9.74626,9.74626,8.13013,8.16311,5600,38,28681
2019-03-27,8.24557,13.35782,8.24557,10.70275,65100,249,473675
2019-03-28,10.80169,10.83468,9.49889,9.76275,6800,36,43754
2019-03-29,10.22451,10.22451,9.21855,9.89468,10300,45,61643
2019-04-01,9.35047,10.52135,8.42697,10.241,11200,33,61812
2019-04-02,8.90521,9.44942,8.41048,8.41048,26300,102,140119
2019-04-03,8.67434,9.49889,8.49294,8.54241,21400,59,113909
2019-04-04,9.05363,9.05363,8.08066,8.08066,43300,70,219269
2019-04-05,7.68487,7.91575,7.60241,7.60241,8200,25,38208
2019-04-08,7.6354,8.57539,7.6354,7.75083,7600,39,37855
2019-04-09,7.75083,8.24557,7.75083,7.84978,1100,7,5347
2019-04-10,8.16311,8.95469,8.06417,8.06417,29800,79,151794
2019-04-11,8.08066,8.24557,7.2561,7.2561,24500,73,113726
2019-04-12,7.50347,7.50347,7.19014,7.19014,1700,10,7500
2019-04-15,7.17364,7.2561,6.59646,6.67891,3900,21,16304
2019-04-16,6.59646,6.67891,6.10172,6.43154,11800,43,46628
2019-04-17,6.43154,6.43154,6.10172,6.39856,1900,13,7296
2019-04-18,6.15119,6.38207,6.15119,6.38207,900,7,3399
2019-04-22,6.08523,6.08523,5.85435,5.93681,4900,21,17763
2019-04-23,6.59646,6.59646,6.43154,6.43154,5600,15,22376
2019-04-24,5.80488,6.41505,5.80488,5.85435,3000,11,10809
2019-04-25,5.83786,5.83786,5.27716,5.5905,5700,38,19271
2019-04-26,4.98032,5.44208,4.98032,5.44208,8800,25,28440
2019-04-29,5.49155,5.49155,5.42558,5.42558,3600,11,11926
2019-04-30,5.11225,5.32664,5.11225,5.32664,5500,12,17711
2019-05-02,5.12874,5.27716,5.12874,5.22769,1300,10,4058
2019-05-03,5.06278,5.06278,5.01331,5.01331,6800,13,20841
2019-05-06,4.96383,4.96383,4.73296,4.89787,5100,20,14917
2019-05-07,4.86489,4.86489,4.50208,4.56805,6600,19,18434
2019-05-08,4.56805,4.94734,4.2877,4.56805,22100,57,61909
2019-05-09,4.56805,4.56805,4.37015,4.50208,4900,11,13315
2019-05-10,4.50208,4.50208,4.48559,4.48559,4400,7,12009
2019-05-13,4.48559,4.48559,4.48559,4.48559,700,1,1904
2019-05-14,4.13928,4.13928,3.9084,4.12278,13100,33,32740
2019-05-15,4.12278,4.12278,3.94138,3.94138,10800,19,26809
2019-05-16,3.64454,4.10629,3.64454,4.10629,1800,8,4306
2019-05-17,3.75998,3.95787,3.29823,3.29823,6000,24,13024
2019-05-20,3.54559,3.54559,3.14981,3.29823,6100,16,12181
2019-05-21,3.46314,3.95787,3.46314,3.54559,8400,21,19171
2019-05-22,3.46314,3.62805,3.13332,3.51261,85300,89,171968
2019-05-23,3.31472,3.46314,3.29823,3.33121,14700,33,29542
2019-05-24,3.29823,3.46314,3.26525,3.26525,36000,48,72100
2019-05-27,3.21577,3.29823,3.13332,3.29823,15600,18,30523
2019-05-28,3.19928,3.21577,3.13332,3.18279,15600,26,30074
2019-05-29,3.13332,3.13332,3.05086,3.13332,9700,24,18327
2019-05-30,3.01788,3.13332,3.01788,3.03437,26000,34,48159
2019-05-31,3.13332,3.13332,3.00139,3.08384,17900,23,33613
2019-06-03,3.21577,3.21577,3.05086,3.06735,2500,12,4706
2019-06-04,3.10033,3.13332,3.06735,3.10033,7000,40,13205
2019-06-05,3.10033,3.10033,2.93542,2.9684,17100,30,30622
2019-06-06,2.95191,2.95191,2.85297,2.88595,11300,16,19839
2019-06-07,2.9684,2.9684,2.72104,2.787,10600,27,18207
2019-06-10,2.63858,2.63858,2.34834,2.62869,3300,22,24728
2019-06-11,2.24279,2.24279,2.20981,2.20981,500,4,3368
2019-06-12,2.14385,2.20981,2.0449,2.0515,8700,17,56572
2019-06-13,2.01522,2.11416,1.97894,1.98223,1900,15,11650
2019-06-14,1.98223,1.98553,1.97894,1.98553,6900,12,41491
2019-06-17,1.98223,1.98883,1.97564,1.97894,10600,22,63805
2019-06-19,1.96904,1.96904,1.64911,1.92287,1200,5,6679
2019-06-21,1.82062,1.82062,1.6821,1.69859,22000,54,114678
2019-06-24,1.74806,1.74806,1.59964,1.61613,7400,33,37022
2019-06-25,1.50399,1.61613,1.50399,1.52378,2700,13,12803
2019-06-26,1.51718,1.51718,1.41494,1.51718,6500,23,28713
2019-06-27,1.52048,1.58315,1.51718,1.58315,1000,9,4680
2019-06-28,1.69199,1.69199,1.59964,1.64252,2500,19,12222
2019-07-01,1.63262,1.63262,1.63262,1.63262,200,1,990
2019-07-02,1.52708,1.53038,1.52708,1.53038,300,2,1391
2019-07-03,1.52708,1.60953,1.51059,1.60624,4500,14,20848
2019-07-04,1.57655,1.57655,1.57655,1.57655,2000,2,9560
2019-07-05,1.60624,1.60624,1.58315,1.58315,200,2,967
2019-07-08,1.60624,1.60624,1.52048,1.60294,900,7,4334
2019-07-10,1.66231,1.80743,1.66231,1.6656,8600,52,44438
2019-07-11,1.76125,1.79424,1.58645,1.58645,8800,40,45075
2019-07-12,1.64582,1.64582,1.64582,1.64582,100,1,499
2019-07-15,1.57985,1.70848,1.57985,1.6821,800,4,4082
2019-07-16,1.6821,1.69859,1.57985,1.64582,1000,4,5063
2019-07-17,1.64582,1.73157,1.58645,1.6821,2600,13,13243
2019-07-18,1.6821,1.6821,1.58315,1.64911,2300,11,11658
2019-07-19,1.74146,1.76455,1.70518,1.71178,4800,16,25293
2019-07-22,1.71178,1.74806,1.66231,1.66231,3700,15,19131
2019-07-23,1.71508,1.78104,1.71178,1.73157,3100,14,16190
2019-07-24,1.65571,1.78104,1.51718,1.72827,14400,53,71831
2019-07-25,1.90638,1.90638,1.74146,1.74146,1300,9,7076
2019-07-26,1.65571,1.71508,1.65571,1.71508,500,3,2528
2019-07-29,1.71508,1.71508,1.71508,1.71508,100,1,520
2019-07-30,1.64911,1.64911,1.64911,1.64911,2700,11,13500
2019-07-31,1.59304,1.71508,1.59304,1.64911,3100,17,15748
2019-08-01,1.81403,1.81403,1.77774,1.77774,1200,4,6484
2019-08-02,1.77115,1.77115,1.77115,1.77115,400,2,2148
2019-08-05,1.6656,1.70848,1.58315,1.70848,2200,9,11002
2019-08-06,1.64252,1.68869,1.60294,1.63922,2400,11,11962
2019-08-07,1.6722,1.6722,1.6722,1.6722,100,1,507
2019-08-08,1.64911,1.64911,1.59634,1.64911,7000,28,34242
2019-08-09,1.64911,1.71508,1.64911,1.71508,2300,8,11530
2019-08-13,1.59964,1.70518,1.59964,1.64911,4600,28,22930
2019-08-14,1.70518,1.70518,1.6821,1.68869,1200,9,6154
2019-08-15,1.58315,1.58315,1.58315,1.58315,100,1,480
2019-08-16,1.70189,1.70189,1.58645,1.66231,1700,7,8373
2019-08-21,1.4974,1.64582,1.4974,1.64582,9300,18,44062
2019-08-22,1.65901,1.65901,1.4941,1.61613,3100,10,14526
2019-08-23,1.64582,1.64582,1.64582,1.64582,100,1,499
2019-08-26,1.4941,1.4941,1.4809,1.4809,3100,13,13993
2019-08-27,1.32259,1.4842,1.31929,1.31929,5200,17,21469
2019-08-28,1.35227,1.70189,1.35227,1.61943,13500,35,66675
2019-08-29,1.61943,1.61943,1.42813,1.57325,8500,31,38974
2019-09-02,1.57325,1.69529,1.57325,1.68539,9700,31,48105
2019-09-03,1.69859,1.69859,1.57325,1.69529,1400,9,7094
2019-09-04,1.69859,1.94595,1.69859,1.94595,23700,83,134429
2019-09-05,1.94925,1.94925,1.74146,1.74146,8500,39,47185
2019-09-06,1.68539,1.68539,1.58645,1.58645,8600,24,42904
2019-09-09,1.59964,1.64582,1.59304,1.59304,7300,12,35307
2019-09-10,1.56996,1.56996,1.56666,1.56996,2700,8,12851
2019-09-11,1.52378,1.64911,1.52378,1.64252,1100,5,5308
2019-09-12,1.61613,1.61613,1.55017,1.55676,1200,8,5815
2019-09-13,1.55017,1.60953,1.55017,1.60953,2600,9,12238
2019-09-16,1.70848,1.70848,1.64582,1.64582,800,3,4125
2019-09-17,1.53697,1.64252,1.53697,1.58315,1600,11,7546
2019-09-18,1.53368,1.58315,1.53368,1.55017,3200,11,15110
2019-09-19,1.62273,1.62273,1.55347,1.59964,700,6,3371
2019-09-23,1.59964,1.69529,1.59964,1.69529,2700,8,13158
2019-09-24,1.60953,1.60953,1.60294,1.60294,1700,4,8265
2019-09-25,1.55017,1.59964,1.55017,1.59964,1600,5,7535
2019-09-26,1.62273,1.71508,1.59304,1.6722,13400,44,67340
2019-09-27,1.6689,2.46707,1.6689,2.03171,44100,174,271827
2019-09-30,2.17023,2.63858,2.17023,2.63858,81400,248,614897
2019-10-01,2.63858,2.63858,2.17023,2.30876,23500,116,167494
2019-10-02,2.37472,2.50335,2.18013,2.35823,11400,70,80146
2019-10-03,2.45058,2.6056,2.34174,2.34174,8700,32,63796
2019-10-04,2.34174,2.40771,2.24279,2.26918,4300,20,30359
2019-10-07,2.20981,2.20981,2.17023,2.17023,7500,18,49578
2019-10-08,2.30876,2.30876,2.29227,2.30876,2600,13,18185
2019-10-09,2.47037,2.47037,2.02841,2.07788,11700,50,74603
2019-10-10,2.09767,2.09767,2.01852,2.01852,1500,7,9506
2019-10-11,2.07458,2.14385,2.07129,2.07129,1800,9,11373
2019-10-14,2.07129,2.07129,2.00862,2.01192,1900,7,11719
2019-10-15,2.00862,2.01192,2.00862,2.01192,300,2,1829
2019-10-16,1.85031,1.88659,1.85031,1.8635,2700,16,15345
2019-10-17,1.88329,1.91297,1.8536,1.8536,3000,11,17179
2019-10-21,1.8668,1.8668,1.81403,1.8668,2800,10,15720
2019-10-22,1.84701,1.8635,1.76125,1.81403,2200,12,11915
2019-10-23,1.82062,1.82722,1.82062,1.82392,600,5,3317
2019-10-24,1.82392,1.82392,1.75466,1.75466,3200,8,17295
2019-10-25,1.91297,2.35823,1.91297,2.30216,21500,110,142132
2019-10-28,2.2395,2.24279,2.08118,2.20981,5400,31,35695
2019-10-29,2.11416,2.19662,2.03501,2.03501,300,3,1924
2019-10-30,2.18672,2.18672,2.0449,2.0449,1900,13,12008
2019-11-01,2.03501,2.03501,1.96574,1.96574,2800,11,17032
2019-11-04,2.0482,2.0515,1.97894,2.0449,1900,10,11752
2019-11-05,1.91297,1.94595,1.87999,1.94595,8700,31,49969
2019-11-06,1.94595,1.94595,1.88988,1.88988,900,5,5195
2019-11-07,1.91297,1.91297,1.87669,1.87669,4800,11,27411
2019-11-08,1.94595,1.96574,1.84371,1.84371,2200,11,12674
2019-11-11,1.84371,1.84371,1.79753,1.84371,2400,14,13306
2019-11-12,1.79753,1.84701,1.79094,1.84701,2600,10,14360
2019-11-13,1.84701,1.84701,1.81403,1.81403,400,2,2210
2019-11-14,1.94925,1.94925,1.80413,1.80413,1500,8,8298
2019-11-18,1.79094,1.79094,1.78104,1.78104,3300,15,17862
2019-11-19,1.78104,1.78104,1.72827,1.72827,2200,10,11689
2019-11-21,1.8602,1.8602,1.74806,1.74806,3100,9,16724
2019-11-22,1.80743,1.81073,1.73157,1.73157,5000,10,26565
2019-11-25,1.74806,1.74806,1.73487,1.73487,1400,3,7412
2019-11-26,1.73487,1.73487,1.71508,1.71508,1200,7,6286
2019-11-27,1.71838,1.74806,1.69859,1.70518,7500,28,38924
2019-11-28,1.76125,1.76125,1.71178,1.71178,1500,8,7838
2019-11-29,1.70848,1.75796,1.70848,1.71838,2500,12,13134
2019-12-02,1.71838,2.30546,1.71838,2.06469,62900,262,399274
2019-12-03,2.06799,2.56602,2.06799,2.30876,58800,287,419846
2019-12-04,2.37472,2.40111,2.06469,2.12736,17400,97,112764
2019-12-05,2.25929,2.25929,2.06469,2.11087,8400,32,53683
2019-12-06,2.11087,2.20322,2.06799,2.08118,8000,42,52127
2019-12-09,2.19992,2.32525,2.11087,2.14055,33000,113,220150
2019-12-10,2.32525,2.35823,2.14715,2.17683,17500,83,118930
2019-12-11,2.30876,2.37472,2.16034,2.18013,12700,39,86880
2019-12-12,2.18672,2.30546,2.18672,2.27578,10700,38,72318
2019-12-13,2.27908,2.47037,2.09437,2.17683,45600,149,312369
2019-12-16,2.2329,2.27578,2.16364,2.20981,18100,56,121493
2019-12-17,2.20981,2.20981,2.14715,2.16364,3200,9,21133
2019-12-18,2.14715,2.17683,2.09437,2.09437,9400,36,60530
2019-12-19,2.12406,2.14385,2.09437,2.09767,3400,13,21812
2019-12-20,2.08118,2.14715,2.08118,2.08118,1800,10,11549
2019-12-23,2.19332,2.19332,2.14385,2.17353,3000,11,19839
2019-12-26,2.35493,2.37143,2.24279,2.25929,28900,84,204521
2019-12-27,2.30876,2.30876,2.18013,2.20981,3500,17,23429
2019-12-30,2.20981,2.36483,2.20981,2.21641,13300,45,92248
2020-01-02,2.30876,2.30876,2.25599,2.30876,9000,27,62587
2020-01-03,2.27248,2.30876,2.24939,2.30876,5000,17,34490
2020-01-06,2.2329,2.2329,2.15044,2.17683,10600,23,70095
2020-01-07,2.17683,2.17683,2.08448,2.11087,3700,10,24106
2020-01-08,2.27248,3.03437,2.2395,2.67156,110900,351,908275
2020-01-09,3.13332,3.13332,2.67156,2.7837,70900,252,626045
2020-01-10,2.6089,2.7837,2.40771,2.49016,18000,80,137736
2020-01-13,2.49016,2.69795,2.47367,2.69795,15700,63,122481
2020-01-14,2.7969,3.13002,2.70455,2.76391,58800,169,522864
2020-01-15,2.82658,3.06735,2.82658,2.86946,38500,102,340622
2020-01-16,3.07395,3.31472,3.07395,3.19928,96100,281,925504
2020-01-17,3.29823,3.62145,3.20588,3.27844,75800,230,791373
2020-01-20,3.33121,3.51591,3.23226,3.41367,20800,92,208736
2020-01-21,3.49612,3.49612,3.23226,3.29163,18400,51,186012
2020-01-22,3.1696,3.28174,2.90244,3.1696,25700,88,241082
2020-01-23,3.43016,3.62805,3.26525,3.32461,42000,152,437333
2020-01-24,3.36419,3.42026,3.27184,3.30482,11400,34,115522
2020-01-27,3.27184,3.27514,3.24546,3.24546,5500,15,54467
2020-01-28,3.23226,3.23226,2.99809,3.08384,11300,26,108008
2020-01-29,3.06075,3.06075,2.90574,2.9684,6400,24,57392
2020-01-30,2.9684,3.03107,2.67816,2.76721,9200,36,80493
2020-01-31,2.73753,2.76721,2.64518,2.72104,2200,13,18179
2020-02-03,2.73093,2.73753,2.47367,2.58911,12800,68,102058
2020-02-04,2.64188,2.64518,2.6023,2.6056,2800,12,22215
2020-02-05,2.6056,2.6056,2.44069,2.58911,1600,8,12204
2020-02-06,2.46378,2.66167,2.46378,2.6023,2700,18,20567
2020-02-07,2.49016,2.62869,2.45718,2.6023,3500,19,26804
2020-02-10,2.58911,2.58911,2.38462,2.46707,4300,18,31996
2020-02-11,2.47037,2.47037,2.40771,2.40771,4400,19,32636
2020-02-12,2.40441,2.40771,2.37472,2.39781,2300,10,16640
2020-02-13,2.37472,2.40771,2.37472,2.40441,3200,8,23152
2020-02-14,2.47367,2.52314,2.47367,2.52314,2200,8,16515
2020-02-17,2.38792,2.53963,2.37472,2.37472,5100,20,37988
2020-02-18,2.37472,2.37472,2.29557,2.29557,1100,3,7896
2020-02-19,2.27578,2.37472,2.27578,2.35823,4500,11,31786
2020-02-20,2.27578,2.27578,2.27578,2.27578,400,2,2760
2020-02-21,2.28897,2.28897,2.28897,2.28897,200,1,1388
2020-02-26,2.12736,2.12736,2.11087,2.11087,700,4,4485
2020-02-27,1.97894,2.09437,1.90967,2.09437,8300,17,51092
2020-02-28,1.8536,2.0383,1.8536,1.91957,1200,11,6871
2020-03-02,1.91957,1.97894,1.91957,1.93276,2200,11,12835
2020-03-03,1.97894,1.97894,1.97894,1.97894,200,1,1200
2020-03-04,1.97894,1.97894,1.87999,1.87999,1300,4,7727
2020-03-05,1.84701,1.84701,1.81403,1.81732,1100,8,6071
2020-03-06,1.75466,1.75466,1.69859,1.69859,2100,4,11002
2020-03-09,1.63262,1.6821,1.45782,1.6821,2800,9,13245
2020-03-10,1.45782,1.6821,1.45782,1.6821,2400,12,11635
2020-03-11,1.62932,1.62932,1.46111,1.46441,400,4,1875
2020-03-12,1.45452,1.64911,1.45452,1.64582,2300,9,10732
2020-03-13,1.64582,1.64582,1.64582,1.64582,400,3,1996
2020-03-16,1.31929,1.45782,1.31929,1.31929,2200,9,8882
2020-03-19,1.15438,1.15438,0.98617,0.98617,5800,10,18272
2020-03-20,0.98947,0.98947,0.85754,0.85754,17100,36,51014
2020-03-23,0.85754,0.85754,0.72561,0.82456,2500,7,6122
2020-03-24,0.85754,1.02245,0.85754,0.87403,8600,21,24956
2020-03-25,0.87403,1.02245,0.87403,0.98947,1800,7,5344
2020-03-26,0.98947,1.4842,0.98947,1.1214,20200,63,74675
2020-03-27,1.02245,1.18736,1.02245,1.05543,3800,11,13590
2020-03-30,1.05543,1.05543,0.99277,0.99606,3400,8,10380
2020-03-31,1.05543,1.15438,1.05543,1.15438,4500,20,14662
2020-04-01,1.15438,1.28961,1.09171,1.09501,7100,32,25726
2020-04-02,1.09501,1.1214,1.02905,1.1214,5400,11,17694
2020-04-03,1.1214,1.1214,1.04224,1.06203,5600,9,18598
2020-04-06,1.07522,1.08512,1.07522,1.08512,300,3,983
2020-04-07,1.13789,1.13789,1.10491,1.13789,3100,7,10560
2020-04-08,1.13459,1.14119,1.00926,1.00926,11300,27,37836
2020-04-09,1.14119,1.23684,1.08842,1.19066,18500,39,63321
2020-04-13,1.19396,1.19396,1.07522,1.18736,2800,15,9935
2020-04-14,1.18736,1.25333,1.18736,1.21045,2800,14,10441
2020-04-15,1.28961,1.28961,1.18736,1.18736,1100,9,4127
2020-04-16,1.09831,1.35227,1.08842,1.31929,32400,54,119620
2020-04-17,1.31929,1.35227,1.29291,1.3028,7800,26,30926
2020-04-20,1.31929,1.31929,1.19396,1.19396,1300,6,5124
2020-04-22,1.22034,1.22034,1.22034,1.22034,1000,1,3700
2020-04-23,1.37206,1.97894,1.37206,1.51389,34400,175,176006
2020-04-24,1.51718,1.61613,1.24673,1.31929,38000,78,153634
2020-04-27,1.35227,1.35227,1.17417,1.22694,15700,55,59935
2020-04-28,1.22694,1.4842,1.18736,1.25333,24900,103,100223
2020-04-29,1.31599,1.36876,1.25662,1.27641,5500,26,21925
2020-04-30,1.27641,1.28631,1.23684,1.24673,2800,20,10678
2020-05-04,1.19396,1.24343,1.19396,1.20385,5400,19,19789
2020-05-05,1.20385,1.20385,1.20385,1.20385,800,3,2920
2020-05-06,1.15438,1.19396,1.1214,1.19396,11500,34,39703
2020-05-07,1.19396,1.25003,1.15438,1.15438,3500,16,12614
2020-05-08,1.15438,1.16427,1.09501,1.1148,5700,19,19721
2020-05-11,1.18736,1.22034,1.1082,1.22034,3000,12,10606
2020-05-12,1.21705,1.46441,1.15768,1.22034,23300,82,91523
2020-05-13,1.28631,1.51718,1.26322,1.26652,58400,200,246974
2020-05-14,1.22034,1.35227,1.17417,1.20385,12200,33,46470
2020-05-15,1.23684,1.23684,1.17087,1.19066,4400,17,15859
2020-05-18,1.21375,1.25333,1.15438,1.19066,3100,14,11136
2020-05-19,1.22034,1.22034,1.19066,1.21705,700,5,2576
2020-05-20,1.25333,1.33248,1.22034,1.22034,22700,31,85144
2020-05-21,1.21045,1.25333,1.17087,1.25333,1700,12,6298
2020-05-22,1.23684,1.23684,1.19396,1.19396,500,3,1852
2020-05-25,1.26652,1.26652,1.19396,1.20715,2700,13,9909
2020-05-26,1.28301,1.28301,1.23684,1.25333,900,6,3408
2020-05-27,1.22034,1.26322,1.17417,1.26322,700,6,2618
2020-05-28,1.26322,1.35227,1.26322,1.27312,11900,32,47212
2020-05-29,1.27312,1.38526,1.27312,1.28961,4900,15,20084
2020-06-01,1.35227,1.35227,1.28631,1.34238,2900,15,11629
2020-06-02,1.36217,1.44133,1.31929,1.31929,17200,46,70834
2020-06-03,1.32259,1.44792,1.22034,1.34898,26000,72,105412
2020-06-04,1.24013,1.38526,1.24013,1.33578,3500,25,14062
2020-06-05,1.35227,1.41164,1.31929,1.34568,7400,25,30134
2020-06-08,1.39845,2.69135,1.36876,2.69135,174400,720,1010653
2020-06-09,3.79296,6.59646,3.62475,6.59646,219400,1003,3323385
2020-06-10,7.27259,12.8301,6.92628,7.2561,370400,1858,11051442
2020-06-12,6.26663,7.2561,3.95787,5.78839,133900,602,2432527
2020-06-15,4.98032,5.11225,4.61752,4.62741,41700,223,607440
2020-06-16,5.27716,6.514,5.27716,5.60699,81700,403,1470784
2020-06-17,5.93681,6.26004,5.574,5.93681,33600,204,601525
2020-06-18,6.09842,6.10172,5.31344,5.37611,30500,177,530098
2020-06-19,5.60699,5.78179,5.28376,5.31015,16000,102,265189
2020-06-22,4.98032,5.05288,4.67029,4.91436,27300,141,402657
2020-06-23,4.76264,4.76264,4.30749,4.53506,23800,113,327863
2020-06-24,4.2877,4.41962,3.75998,4.32068,18600,92,229088
2020-06-25,4.35366,5.2112,4.35366,4.94734,53000,272,793130
2020-06-26,5.05618,5.14524,4.55155,4.55815,17800,93,256182
2020-06-29,4.55485,4.55485,3.99415,4.2877,8700,61,111268
2020-06-30,4.32068,4.77583,4.15906,4.61092,19800,113,262891
2020-07-01,4.78243,4.88138,4.55155,4.59443,16900,74,239970
2020-07-02,4.56145,4.70987,4.32068,4.49548,12700,59,174815
2020-07-03,4.61092,4.61092,4.36355,4.39984,4200,28,56892
2020-07-06,4.61092,4.6505,4.48229,4.48229,5200,36,72017
2020-07-07,4.48229,4.48229,4.33717,4.34047,6300,29,83936
2020-07-08,4.61092,4.76594,4.45261,4.45261,12100,81,167655
2020-07-09,4.45261,4.61752,4.43282,4.51857,6000,35,82959
2020-07-10,4.4592,4.51527,4.30419,4.41962,4800,30,64098
2020-07-13,4.32727,4.57134,4.32727,4.42292,6200,42,83772
2020-07-14,4.58454,4.60433,4.41962,4.48889,5900,36,80498
2020-07-15,4.56145,4.56805,4.4724,4.48229,3100,18,42258
2020-07-16,4.41962,4.49548,4.38994,4.41962,5900,22,79389
2020-07-17,4.41303,4.55155,4.41303,4.41633,11100,38,150408
2020-07-20,4.41633,4.75275,4.41633,4.50208,26800,122,370530
2020-07-21,4.50208,4.50208,4.30749,4.37345,5200,28,69405
2020-07-22,4.38994,4.45261,4.29429,4.29429,5400,27,72078
2020-07-23,4.32068,4.32068,4.12278,4.15577,3200,22,40834
2020-07-24,4.07991,4.07991,3.75998,3.95787,20500,53,243361
2020-07-27,3.85893,4.02384,3.82594,4.02384,1500,10,17580
2020-07-28,3.79956,3.79956,3.46314,3.75338,5400,25,60850
2020-07-29,3.727,3.727,3.50272,3.60826,11200,54,122976
2020-07-30,3.50272,4.12278,3.44995,4.12278,24400,91,276529
2020-07-31,4.2811,4.61752,4.12278,4.22173,25500,111,338908
2020-08-03,4.10629,4.25142,3.79296,4.02384,1700,12,20861
2020-08-04,3.99086,3.99086,3.7138,3.85563,2400,15,27696
2020-08-05,3.85563,3.97766,3.85563,3.95787,4500,18,53175
2020-08-06,3.77977,3.99086,3.77317,3.99086,900,7,10645
2020-08-07,3.99086,4.11619,3.75998,3.76658,1300,12,15217
2020-08-10,3.64454,3.64454,3.58187,3.59507,2800,18,30498
2020-08-11,3.59507,3.70721,3.29823,3.56209,4600,28,48064
2020-08-12,3.69401,3.69401,3.66433,3.67752,1500,6,16701
2020-08-13,3.65773,3.65773,3.65773,3.65773,600,1,6654
2020-08-14,3.51921,3.5291,3.44335,3.5258,1500,7,15945
2020-08-17,3.49942,3.5291,3.46644,3.46644,3800,19,40129
2020-08-18,3.46644,3.46644,3.23226,3.3477,1400,10,13929
2020-08-19,3.21577,3.24875,3.08054,3.23226,3100,14,29935
2020-08-20,3.23226,3.56209,3.1663,3.28503,4100,28,41111
2020-08-21,3.30153,3.61156,3.30153,3.3444,3500,14,37428
2020-08-24,3.62475,3.74349,3.39717,3.69401,7500,33,82805
2020-08-25,3.92159,3.95787,3.75338,3.76987,4400,20,51546
2020-08-26,3.82594,3.85563,3.63135,3.83584,2200,11,25430
2020-08-27,3.37738,3.69731,3.37738,3.67093,900,8,9661
2020-08-28,3.5291,3.5291,3.39717,3.5291,2100,7,21753
2020-08-31,3.66103,3.66103,3.65773,3.66103,400,4,4439
2020-09-01,3.47963,3.62805,3.47963,3.5291,1500,9,16193
2020-09-02,3.5291,3.62475,3.5291,3.62475,1900,8,20504
2020-09-03,3.5324,3.5324,3.46974,3.46974,4900,17,51754
2020-09-04,3.46314,3.62805,3.33451,3.43016,3500,12,37687
2020-09-08,3.351,3.55879,3.351,3.55879,900,6,9439
2020-09-09,3.55549,3.62805,3.55549,3.59837,400,4,4348
2020-09-10,3.75998,3.76328,3.46974,3.5291,6300,16,68857
2020-09-11,3.40377,3.5291,3.29823,3.29823,5500,11,57455
2020-09-14,3.32131,3.62475,3.32131,3.32461,700,4,7481
2020-09-16,3.32791,3.62475,3.29823,3.33121,1100,9,11265
2020-09-18,3.5291,3.5291,3.29823,3.29823,2000,13,21166
2020-09-21,3.49612,3.49612,3.29823,3.29823,1500,15,15410
2020-09-22,3.62145,3.62145,3.28174,3.29823,2500,19,25860
2020-09-23,3.30153,3.30153,3.22896,3.22896,1600,9,15879
2020-09-24,3.22896,3.33121,3.21577,3.23226,4600,12,46029
2020-09-25,3.23226,3.23226,3.20258,3.20258,200,2,1951
2020-09-28,3.44335,3.44335,3.20918,3.30153,1500,9,15043
2020-09-29,3.29823,3.30153,3.29823,3.30153,200,2,2001
2020-09-30,3.28174,3.28174,3.28174,3.28174,200,2,1990
2020-10-01,3.21577,3.21577,3.13661,3.13661,700,6,6721
2020-10-02,3.13661,3.13661,2.9684,2.9684,3400,19,31509
2020-10-05,2.98819,2.98819,2.92883,2.92883,800,8,7187
2020-10-06,2.93542,2.93542,2.93212,2.93212,600,3,5335
2020-10-07,3.08054,3.08054,3.08054,3.08054,100,1,934
2020-10-08,3.29823,3.29823,2.9816,3.04097,2100,19,19811
2020-10-09,3.03767,3.33121,3.03767,3.163,6100,38,60445
2020-10-13,3.163,3.31802,2.99149,3.31802,800,8,7543
2020-10-14,3.13332,3.31472,3.13332,3.21247,4300,17,42163
2020-10-15,3.30812,3.32461,3.21577,3.21577,6400,36,64067
2020-10-16,3.14321,3.18939,3.14321,3.1663,600,5,5767
2020-10-19,3.32461,3.58187,3.18939,3.18939,15200,99,157488
2020-10-20,3.44665,4.91106,3.44665,4.71646,194600,950,2641523
2020-10-21,5.11225,5.2046,3.82594,4.2844,89100,361,1213102
2020-10-22,4.2844,4.53506,3.8985,4.47569,15900,78,196727
2020-10-23,4.13268,4.21843,3.99745,4.12608,4400,36,54480
2020-10-26,4.12608,4.12608,3.89191,3.89191,6200,45,74268
2020-10-27,3.95787,4.45261,3.93808,4.05022,19000,103,246063
2020-10-28,4.05022,4.21843,3.85893,3.85893,8900,42,107171
2020-10-29,4.12278,4.38664,3.95787,4.12278,3300,18,41034
2020-10-30,8.23685,8.24423,6.26797,8.24423,52200,294,531337
2020-11-03,8.09675,10.32372,7.38146,8.95951,53800,327,690371
2020-11-04,9.39458,9.40196,8.14837,8.35484,17400,138,201466
2020-11-05,8.8489,8.8489,7.98614,8.14837,12000,60,134421
2020-11-06,8.03775,8.57606,8.03775,8.18524,13300,75,148181
2020-11-09,8.18524,8.84153,8.09675,8.11149,8800,55,99546
2020-11-10,8.11149,8.49495,7.29297,8.13362,13600,81,144487
2020-11-11,8.13362,8.13362,7.63218,7.66905,5800,44,61445
2020-11-12,7.81653,7.81653,7.38883,7.41096,3500,26,36049
2020-11-13,7.4552,8.11149,7.44783,8.00826,6600,33,69282
2020-11-16,7.60268,7.93452,7.46995,7.46995,6100,45,63420
2020-11-17,7.52894,7.84603,7.37409,7.46257,6400,35,65082
2020-11-18,7.58793,7.72067,7.01276,7.01276,19700,111,195398
2020-11-19,7.07912,7.61006,7.02013,7.39621,18300,136,183356
2020-11-20,7.30034,8.00826,7.13812,7.18973,53700,171,556896
2020-11-23,7.33722,7.78703,7.01276,7.07175,16200,79,157465
2020-11-24,7.44783,7.44783,7.057,7.057,6400,35,62459
2020-11-25,7.36671,7.36671,7.02013,7.02013,8500,51,81514
2020-11-26,7.02013,7.04963,6.75466,6.8579,10800,62,101213
2020-11-27,6.99801,6.99801,6.8579,6.8579,4900,29,45942
2020-11-30,6.8284,7.07175,6.55556,6.55556,9100,49,83558
2020-12-01,6.55556,6.6588,5.97301,6.22373,45600,176,382413
2020-12-02,6.12049,6.14999,5.56743,6.11312,20400,110,166046
2020-12-03,5.93614,6.04675,5.93614,6.04675,7200,45,58784
2020-12-04,6.04675,6.12049,5.95826,6.11312,3700,25,30344
2020-12-07,6.11312,6.52607,5.98038,6.52607,12600,55,106966
2020-12-08,5.98038,6.31222,5.98038,6.20161,18800,98,156859
2020-12-09,6.21635,6.21635,5.98776,6.14999,6600,35,54432
2020-12-10,6.07625,6.11312,6.00988,6.11312,4000,27,32843
2020-12-11,6.08362,6.11312,6.03938,6.09099,4700,26,38687
2020-12-14,6.11312,6.15736,6.00251,6.00251,5800,31,48006
2020-12-15,5.99513,6.04675,5.98038,5.98038,3100,16,25205
2020-12-16,5.98776,6.01725,5.91402,5.98776,2600,13,21071
2020-12-17,6.04675,6.04675,5.92876,6.00251,1100,8,8959
2020-12-18,5.98038,6.032,5.97301,5.97301,900,8,7340
2020-12-21,5.89927,5.97301,5.55269,5.97301,5300,34,42162
2020-12-22,5.98776,6.26797,5.92876,5.92876,6100,33,50543
2020-12-23,6.04675,6.0615,5.89189,5.89189,1500,14,12172
2020-12-28,3.58381,4.70467,3.42895,4.49819,1125300,4162,6456553
2020-12-29,4.57193,5.007,4.29172,4.40233,399500,1352,2475761
2020-12-30,4.36546,4.42445,4.21798,4.27697,143000,441,833768
2021-01-04,4.43183,4.49819,4.12949,4.12949,95000,317,542030
2021-01-05,4.09262,4.46132,4.05575,4.19585,214500,529,1246606
2021-01-06,4.25485,4.38021,4.15161,4.2106,90800,264,522526
2021-01-07,4.29172,4.42445,4.25485,4.37283,135800,350,802108
2021-01-08,4.4097,4.64567,4.4097,4.49082,137700,406,837320
2021-01-11,4.57193,4.57931,4.30647,4.46132,73400,215,442316
2021-01-12,4.36546,5.44208,4.36546,5.38308,357100,1053,2330566
2021-01-13,5.68542,6.11312,5.15449,6.06887,475900,1410,3648368
2021-01-14,5.89927,6.4892,5.45682,6.2606,345400,1057,2868197
2021-01-15,6.33434,6.41545,5.81078,6.26797,144700,493,1214882
2021-01-18,6.2311,6.26797,5.90664,6.0615,76600,244,635456
2021-01-19,6.2311,6.26797,5.71492,5.81078,113700,320,928860
2021-01-20,5.84028,6.0615,5.64118,5.78866,99500,269,789120
2021-01-21,5.82553,5.89927,5.27247,5.47157,127900,395,951004
2021-01-22,5.48632,5.48632,5.13974,5.13974,145200,347,1025425
2021-01-26,5.17661,5.19873,4.88902,4.94064,72400,184,493600
2021-01-27,4.97751,5.15449,4.67517,4.98488,57600,157,383903
2021-01-28,4.8079,5.14711,4.42445,4.99963,71100,159,471893
2021-01-29,5.16186,5.53056,4.79316,4.79316,128800,341,903387
2021-02-01,5.12499,5.12499,4.71942,5.02175,57100,143,381205
2021-02-02,5.08075,5.10287,4.57931,4.91114,171900,413,1120350
2021-02-03,4.87427,5.007,4.79316,4.88164,78100,217,517462
2021-02-04,4.93326,5.35359,4.83003,5.35359,160500,455,1115176
2021-02-05,5.53056,5.67805,5.16186,5.16923,161900,395,1197712
2021-02-08,5.27985,5.57481,5.25035,5.25035,94900,284,699506
2021-02-09,5.30934,5.36833,5.10287,5.28722,77200,186,547740
2021-02-10,5.24298,5.25035,5.05862,5.14711,47100,126,328729
2021-02-11,5.14711,5.55269,5.09549,5.29459,139900,366,1020088
2021-02-12,5.30934,5.37571,5.19136,5.22823,47300,88,336195
2021-02-17,5.33884,5.53056,5.10287,5.32409,167800,288,1208984
2021-02-18,5.32409,5.36833,5.13236,5.17661,46800,135,331602
2021-02-19,5.22085,5.2356,5.01438,5.08075,55600,158,385906
2021-02-22,5.05125,5.33146,4.84477,4.95539,57400,149,394267
2021-02-23,4.96276,5.066,4.79316,4.8669,29400,101,197910
2021-02-24,4.89639,4.99226,4.71942,4.94064,52700,161,346498
2021-02-25,4.94064,5.16186,4.64567,4.79316,63600,151,423444
2021-02-26,4.8079,4.85215,4.42445,4.71942,67900,176,431342
2021-03-01,4.72679,4.79316,4.52769,4.52769,60500,120,379662
2021-03-02,4.51294,4.94064,4.4392,4.65305,84600,189,530811
2021-03-03,4.79316,5.12499,4.57931,4.75629,58200,183,375626
2021-03-04,4.68992,4.74891,4.35071,4.35071,140500,379,869196
2021-03-05,4.35071,4.51294,4.33596,4.4097,49300,132,295726
2021-03-08,4.30647,4.37283,4.19585,4.2696,20800,98,120564
2021-03-09,4.28434,4.30647,4.05575,4.05575,127200,297,711595
2021-03-10,4.0705,4.16636,3.93776,3.98201,135600,248,743399
2021-03-11,4.01888,4.25485,3.96726,4.02625,111300,199,611895
2021-03-12,4.05575,4.18111,3.95251,4.05575,89800,195,487701
2021-03-15,4.041,4.2401,4.01888,4.02625,43900,119,243216
2021-03-16,4.07787,4.09262,4.01888,4.03362,12200,45,67039
2021-03-17,4.09262,4.09262,4.03362,4.07787,7600,40,41830
2021-03-18,4.18111,4.21798,3.87877,3.90827,40000,130,217847
2021-03-19,3.93776,4.09262,3.93039,3.95988,32800,81,176910
2021-03-22,4.05575,4.05575,3.95251,3.96726,13500,48,72859
2021-03-23,4.05575,4.08524,3.97463,4.01888,13400,47,73543
2021-03-24,4.02625,4.05575,3.93776,3.96726,39200,80,210691
2021-03-25,3.97463,4.4392,3.96726,4.4392,61000,161,343474
2021-03-26,4.55718,4.99963,4.46132,4.54244,111500,302,704736
2021-03-29,4.6678,4.6678,4.2401,4.36546,59200,177,351731
2021-03-30,4.35071,4.54244,4.25485,4.48344,39100,102,235462
2021-03-31,4.52769,4.53506,4.42445,4.42445,28100,60,170136
2021-04-01,4.6088,4.6088,4.39496,4.49819,84600,126,515086
2021-04-05,4.61618,4.61618,4.43183,4.49819,22300,55,136115
2021-04-06,4.4687,4.54244,4.18111,4.33596,289100,506,1688033
2021-04-07,4.4097,4.4097,4.20323,4.37283,62700,144,365332
2021-04-08,4.68254,4.93326,4.46132,4.49082,167000,357,1054747
2021-04-09,4.47607,4.54244,4.43183,4.43183,50300,107,303913
2021-04-12,4.44657,4.49082,4.42445,4.42445,44900,79,270994
2021-04-13,4.42445,4.46132,4.2401,4.2401,372700,471,2168673
2021-04-14,4.27697,4.32859,4.22535,4.29909,77100,152,446769
2021-04-15,4.31384,4.33596,4.24747,4.27697,31500,82,183062
2021-04-16,4.32859,4.75629,4.27697,4.46132,537100,1074,3327225
2021-04-19,4.64567,4.68254,4.42445,4.49082,206600,364,1267771
2021-04-20,4.57193,4.62355,4.38758,4.38758,141000,201,850784
2021-04-22,4.48344,4.49819,4.05575,4.31384,231100,329,1328902
2021-04-23,4.36546,4.4392,4.35071,4.36546,82200,175,489885
2021-04-26,4.42445,4.52031,4.37283,4.42445,40000,102,241464
2021-04-27,4.42445,4.60143,4.13686,4.27697,277100,375,1626858
2021-04-28,5.08075,5.08812,4.49819,5.08812,1006900,1533,6551786
2021-04-29,5.08812,5.88452,4.8374,5.34621,621000,1378,4589476
2021-04-30,5.53056,5.65592,4.8669,4.8669,592800,774,4198896
2021-05-03,4.94064,4.99963,4.80053,4.80053,102900,249,682517
2021-05-04,4.8669,5.22085,4.8669,5.07337,241500,495,1656344
2021-05-05,5.02175,5.34621,4.88164,5.08075,107300,247,752453
2021-05-06,5.22085,5.22085,4.85215,5.15449,228200,321,1553137
2021-05-07,5.15449,5.25772,5.09549,5.11762,43600,107,306363
2021-05-10,5.10287,5.22823,5.08812,5.08812,54900,151,385333
2021-05-11,5.08812,5.29459,4.99963,5.2061,54800,168,384809
2021-05-12,5.2061,5.25772,5.05125,5.05125,50200,120,349604
2021-05-13,5.13236,5.16186,4.99963,5.0365,45900,106,315690
2021-05-14,5.04387,5.08812,4.90377,4.96276,29500,77,199581
2021-05-17,5.08812,5.19873,5.066,5.13236,35100,91,243876
2021-05-18,5.15449,5.6633,5.15449,5.52319,218000,558,1605644
2021-05-19,5.47157,5.95826,5.08812,5.08812,288900,580,2147592
2021-05-20,5.28722,5.28722,5.0365,5.04387,58600,158,406728
2021-05-21,5.05125,5.16186,4.96276,5.05862,37700,104,259053
2021-05-24,5.15449,5.2061,5.02913,5.08075,25300,83,174482
2021-05-25,5.16186,5.24298,5.11024,5.11024,93800,210,657736
2021-05-26,5.33884,5.47157,4.8669,5.22823,290800,519,2070157
2021-05-27,5.32409,5.32409,5.16186,5.22823,58100,124,412680
2021-05-28,5.14711,5.2356,5.09549,5.22823,58400,111,408852
2021-05-31,5.17661,5.27985,5.15449,5.19136,65800,119,465284
2021-06-01,5.30934,5.73704,5.2356,5.42733,642200,1425,4756027
2021-06-02,5.50844,6.54081,5.50844,6.21635,886000,2146,7392111
2021-06-04,6.34909,7.17498,6.34909,7.07912,806100,2104,7545185
2021-06-07,6.41545,7.38146,6.02463,6.89477,480600,1296,4472189
2021-06-08,6.74729,7.27822,6.46707,6.57768,165500,471,1529432
2021-06-09,6.66617,6.71042,6.12787,6.34171,172300,467,1479088
2021-06-10,6.34909,6.82103,6.12049,6.23848,196000,516,1706753
2021-06-11,6.30484,6.6293,6.30484,6.41545,135100,369,1180147
2021-06-14,7.0,7.4,6.8,6.83,243300,597,1696734
2021-06-15,6.81,7.09,6.61,6.74,150200,297,1012371
2021-06-16,6.7,7.02,6.27,6.35,196500,480,1272323
2021-06-17,6.39,6.39,6.02,6.14,106800,315,656126
2021-06-18,6.14,6.24,5.91,6.11,120300,250,727683
2021-06-21,6.3,6.49,6.15,6.18,178900,471,1127712
2021-06-22,6.3,6.82,6.13,6.52,335400,828,2190859
2021-06-23,6.63,7.1,6.46,7.02,655300,1236,4474010
2021-06-24,8.38,8.63,7.35,7.35,633000,1512,5045125
2021-06-25,7.71,8.0,7.11,7.16,243300,661,1852773
2021-06-28,7.5,7.5,7.0,7.18,57300,166,410440
2021-06-29,7.17,7.6,7.02,7.02,81200,221,591247
2021-06-30,7.07,7.3,6.74,6.99,92700,253,644066
2021-07-01,7.0,7.18,6.8,6.8,48000,164,332696
2021-07-02,6.96,7.5,6.87,7.06,130900,418,938435
2021-07-05,7.2,7.45,7.14,7.21,81100,237,588682
2021-07-06,7.11,7.26,6.91,7.15,74600,213,525677
2021-07-07,7.2,7.2,6.82,6.94,88600,227,619113
2021-07-08,6.81,6.94,6.54,6.65,101900,208,684266
2021-07-12,6.65,7.0,6.57,6.62,38700,130,262226
2021-07-13,6.63,6.79,6.57,6.7,49100,123,326617
2021-07-14,6.7,7.65,6.58,7.52,281600,673,2042294
2021-07-15,7.4,7.53,7.19,7.2,131400,260,965685
2021-07-16,7.28,7.28,7.01,7.01,42000,108,297132
2021-07-19,7.07,7.45,7.06,7.22,203700,406,1484714
2021-07-20,7.25,8.39,7.25,8.23,350100,703,2778762
2021-07-21,8.11,8.2,7.62,7.99,189500,395,1488839
2021-07-22,7.97,7.97,7.64,7.78,64300,192,497790
2021-07-23,7.87,7.87,7.6,7.6,58200,118,446724
2021-07-26,7.65,7.79,7.27,7.3,50900,132,379855
2021-07-27,7.38,7.6,6.83,7.16,146200,294,1035074
2021-07-28,7.1,7.21,6.97,7.15,34700,171,245875
2021-07-29,7.29,7.29,6.9,7.19,37400,107,264880
2021-07-30,7.09,7.5,6.61,6.98,81900,197,579795
2021-08-02,7.19,7.91,7.15,7.66,342800,671,2619055
2021-08-03,7.72,7.73,7.2,7.55,55700,139,412439
2021-08-04,8.0,8.11,7.51,7.51,240100,489,1901997
2021-08-05,7.61,7.75,7.21,7.48,53500,131,399557
2021-08-06,7.6,7.7,7.42,7.6,25100,79,190889
2021-08-09,7.78,7.98,7.55,7.7,24600,92,188096
2021-08-10,6.7,8.3,6.66,7.79,1891700,2561,14096647
2021-08-11,7.99,7.99,7.35,7.57,230700,502,1749230
2021-08-12,7.47,8.14,7.1,7.3,685300,1313,5169217
2021-08-13,7.34,7.4,6.85,7.05,276600,589,1961555
2021-08-16,7.14,7.14,6.5,6.66,184200,432,1233153
2021-08-17,6.66,7.0,6.05,6.4,445900,739,2854004
2021-08-18,6.57,6.9,6.3,6.48,235200,500,1540437
2021-08-19,6.36,6.82,6.14,6.69,331000,449,2113173
2021-08-20,6.6,7.1,6.6,7.07,232200,401,1615301
2021-08-23,7.07,7.2,6.8,6.87,153100,311,1074956
2021-08-24,6.9,7.2,6.86,6.93,133400,267,932977
2021-08-25,6.93,6.98,6.71,6.85,130900,285,896579
2021-08-26,6.81,7.0,6.62,6.9,81500,207,550737
2021-08-27,6.98,7.08,6.8,6.9,30000,121,208197
2021-08-30,6.97,6.97,6.73,6.74,53100,155,359559
2021-08-31,6.66,6.87,6.6,6.6,46800,138,316456
2021-09-01,6.85,6.87,6.32,6.46,133600,304,867920
2021-09-02,6.45,6.57,6.1,6.25,141400,239,895343
2021-09-03,6.52,6.52,6.17,6.52,63000,149,403839
2021-09-06,6.7,6.7,6.28,6.3,294600,445,1867080
2021-09-08,6.32,6.38,5.5,5.5,426100,655,2451652
2021-09-09,5.53,6.09,5.45,6.09,183900,299,1038035
2021-09-10,6.01,6.18,5.91,5.91,73800,209,447020
2021-09-13,6.0,6.25,5.85,5.85,62500,175,374110
2021-09-14,6.1,6.1,5.68,5.94,86200,184,503661
2021-09-15,5.92,6.24,5.85,6.04,109000,196,659304
2021-09-16,6.05,6.08,5.82,6.0,51000,124,303922
2021-09-17,5.87,5.98,5.61,5.98,124200,215,712842
2021-09-20,5.6,5.6,4.95,5.08,1144100,1443,5905995
2021-09-21,5.3,5.46,4.96,5.25,232100,565,1208042
2021-09-22,5.4,5.67,5.23,5.42,147900,242,793804
2021-09-23,5.42,5.65,5.32,5.49,80800,200,440446
2021-09-24,5.41,5.49,5.37,5.44,44800,94,243045
2021-09-27,5.49,5.65,5.36,5.54,112100,201,622062
2021-09-28,5.54,5.6,5.01,5.1,392800,465,2014569
2021-09-29,5.18,5.19,4.77,4.77,816100,888,3967059
2021-09-30,4.89,4.91,4.55,4.59,250700,343,1182406
2021-10-01,4.88,5.12,4.5,4.75,400200,599,1918754
2021-10-04,4.9,4.9,4.65,4.72,149000,218,709557
2021-10-05,4.87,4.87,4.63,4.74,69200,134,326829
2021-10-06,4.74,4.84,4.45,4.6,94400,429,433347
2021-10-07,4.7,5.0,4.65,4.76,213600,315,1035895
2021-10-08,4.85,5.08,4.72,4.72,72500,159,351933
2021-10-11,4.85,4.95,4.75,4.86,36800,116,177439
2021-10-13,4.94,5.5,4.88,5.26,202800,434,1044482
2021-10-14,5.33,5.5,5.02,5.35,96800,246,511393
2021-10-15,5.23,5.49,5.23,5.35,19200,68,102511
2021-10-18,5.15,5.28,5.02,5.09,83900,214,430170
2021-10-19,5.13,5.17,4.95,5.0,118300,144,590245
2021-10-20,5.0,5.13,4.71,5.13,90500,241,443296
2021-10-21,5.0,5.0,4.59,4.67,127800,254,604823
2021-10-22,4.55,4.76,4.0,4.65,252600,500,1092365
2021-10-25,4.79,4.9,4.55,4.67,42200,122,197628
2021-10-26,4.6,4.85,4.42,4.54,42900,112,195729
2021-10-27,4.65,4.65,4.15,4.15,105700,402,450150
2021-10-28,4.1,4.2,3.91,3.91,111400,247,451725
2021-10-29,3.95,4.07,3.8,3.95,96800,189,381732
2021-11-01,4.05,4.15,3.93,4.12,145600,313,583968
2021-11-03,4.15,4.18,3.96,4.14,189000,327,767605
2021-11-04,4.24,4.38,4.0,4.0,171600,523,716720
2021-11-05,4.0,4.13,4.0,4.0,70800,159,288010
2021-11-08,4.05,4.19,3.86,3.86,158100,510,631687
2021-11-09,3.94,4.09,3.9,4.05,67300,151,271094
2021-11-10,4.08,4.2,4.01,4.02,80300,157,328372
2021-11-11,4.1,4.17,3.91,3.92,227200,866,912352
2021-11-12,3.97,4.35,3.88,4.2,217000,310,878546
2021-11-16,4.34,4.81,4.34,4.45,260000,562,1181202
2021-11-17,4.5,4.5,4.09,4.15,98400,285,415965
2021-11-18,4.17,4.28,3.93,3.93,156000,194,639707
2021-11-19,3.99,4.1,3.94,4.0,28500,96,115026
2021-11-22,3.95,4.08,3.76,3.84,47600,107,185809
2021-11-23,3.96,4.06,3.72,3.97,100500,193,385431
2021-11-24,4.08,4.08,3.78,3.89,54600,127,212081
2021-11-25,3.97,4.05,3.85,3.97,43300,121,170493
2021-11-26,3.84,3.93,3.72,3.87,81300,128,309161
2021-11-29,3.87,4.04,3.74,3.74,36900,73,140277
2021-11-30,3.78,3.8,3.53,3.56,43800,237,158979
2021-12-01,3.61,3.75,3.51,3.55,38300,110,139412
2021-12-02,3.68,3.68,3.45,3.53,62300,98,218232
2021-12-03,3.6,3.69,3.44,3.51,62700,159,221838
2021-12-06,3.53,3.68,3.5,3.61,52400,106,186592
2021-12-07,3.86,3.86,3.51,3.73,34300,107,124664
2021-12-08,3.7,3.8,3.68,3.8,30700,98,115130
2021-12-09,3.65,3.83,3.63,3.63,26900,86,99274
2021-12-10,3.83,4.12,3.71,4.04,81100,136,314514
2021-12-13,4.04,4.56,3.94,4.23,185700,353,794096
2021-12-14,4.28,4.31,4.06,4.18,81800,148,345915
2021-12-15,4.24,4.65,4.12,4.55,84500,211,375057
2021-12-16,4.56,4.67,4.33,4.4,37000,161,165539
2021-12-17,4.4,4.78,4.3,4.78,121000,332,560230
2021-12-20,4.8,5.19,4.6,4.97,192800,410,950562
2021-12-21,5.0,5.18,4.8,5.08,137400,295,693680
2021-12-22,5.08,5.28,4.95,5.21,75300,270,385277
2021-12-23,5.21,5.38,5.05,5.2,63700,187,332989
2021-12-27,5.29,5.29,4.94,5.1,86800,246,442250
2021-12-28,5.02,5.19,4.8,4.99,63400,234,314053
2021-12-29,4.9,4.94,4.82,4.83,32100,112,156687
2021-12-30,4.84,5.11,4.83,4.9,85400,195,420331
