Date,Open,High,Low,Close,Volume,Neg,Fin
2011-05-02,7.07299,7.78028,7.07299,7.07299,110800,44,332719
2011-05-03,7.75671,10.5859,7.5681,7.5681,47200,166,176973
2011-05-04,8.95912,9.43065,6.93153,7.12014,21600,67,76576
2011-05-05,8.01605,8.25182,6.97868,7.75671,16600,40,52642
2011-05-06,8.20467,8.20467,7.42664,8.15751,3100,10,10169
2011-05-09,8.01605,8.69977,8.01605,8.29897,3300,17,11642
2011-05-10,8.48758,8.48758,8.32255,8.48758,4600,12,16535
2011-05-11,8.48758,9.17131,8.01605,8.01605,2000,13,7044
2011-05-12,8.72335,11.43466,8.69977,10.13795,18900,74,81299
2011-05-13,10.63306,12.25984,10.37371,11.55254,16300,65,77544
2011-05-16,11.57612,13.20291,11.34035,12.61349,48800,93,260388
2011-05-17,12.96714,13.86305,12.73138,12.89641,22800,63,128703
2011-05-18,13.4151,13.43867,11.41109,11.55254,27100,84,138654
2011-05-19,11.81189,12.25984,10.37371,10.42087,7300,39,33507
2011-05-20,10.46802,10.4916,9.43065,9.64284,18600,63,77368
2011-05-23,9.7843,10.02006,9.7843,10.02006,3300,13,13770
2011-05-24,11.05744,11.05744,9.64284,9.68999,4700,18,20630
2011-05-25,10.09079,10.82167,10.09079,10.82167,2900,18,12914
2011-05-26,11.76474,12.02408,10.84525,11.26963,11800,35,57872
2011-05-27,11.26963,11.76474,11.26963,11.76474,200,2,977
2011-05-30,11.08101,11.08101,11.03386,11.05744,1700,7,7984
2011-05-31,10.60948,10.82167,9.54853,9.66642,10700,37,45579
2011-06-01,9.66642,9.7843,8.95912,9.00627,16500,54,65517
2011-06-02,9.02985,9.54853,9.02985,9.05342,9100,27,35634
2011-06-03,9.19488,9.19488,9.05342,9.05342,2600,3,10000
2011-06-06,9.05342,9.43065,9.05342,9.17131,1700,5,6676
2011-06-07,9.12415,9.12415,9.05342,9.12415,4500,11,17379
2011-06-08,8.72335,8.72335,8.72335,8.72335,500,2,1850
2011-06-09,8.72335,8.72335,8.72335,8.72335,13200,10,48840
2011-06-10,8.72335,8.72335,8.25182,8.69977,13200,16,47847
2011-06-13,8.27539,8.72335,8.25182,8.72335,2300,6,8218
2011-06-14,8.95912,8.95912,8.95912,8.95912,100,1,380
2011-06-15,8.74693,8.74693,8.60547,8.60547,2400,7,8886
2011-06-16,8.0632,8.81766,8.0632,8.81766,5400,9,18500
2011-06-17,8.39328,8.39328,8.0632,8.08678,1800,7,6317
2011-06-20,8.25182,8.48758,8.25182,8.48758,2500,6,8816
2011-06-21,8.48758,8.48758,8.48758,8.48758,2000,5,7200
2011-06-22,8.48758,8.48758,8.48758,8.48758,1500,3,5400
2011-06-24,7.6624,8.46401,7.42664,8.46401,10000,20,32350
2011-06-28,7.78028,7.78028,7.6624,7.78028,1900,4,6220
2011-06-29,7.30875,7.78028,7.07299,7.78028,1300,6,4082
2011-06-30,7.33233,7.78028,7.09656,7.78028,1100,6,3415
2011-07-01,7.78028,7.89817,7.54452,7.89817,1200,4,3955
2011-07-04,7.89817,8.13393,7.89817,8.13393,1400,5,4783
2011-07-05,8.13393,8.25182,8.13393,8.25182,1900,3,6635
2011-07-07,8.13393,8.13393,7.54452,7.54452,2500,7,8253
2011-07-08,8.08678,8.08678,8.08678,8.08678,400,1,1372
2011-07-11,8.15751,8.15751,7.6624,7.6624,1200,3,4026
2011-07-13,7.30875,7.30875,7.30875,7.30875,600,1,1860
2011-07-14,7.30875,7.30875,7.30875,7.30875,3500,5,10850
2011-07-18,7.30875,7.30875,7.30875,7.30875,100,1,310
2011-07-19,7.30875,7.54452,7.19087,7.54452,3400,8,10410
2011-07-20,7.54452,7.54452,7.54452,7.54452,100,1,320
2011-07-21,7.54452,8.20467,7.54452,8.13393,1700,5,5858
2011-07-22,8.13393,8.13393,7.30875,7.30875,1700,9,5368
2011-07-25,7.42664,7.42664,7.42664,7.42664,200,1,630
2011-07-26,7.30875,7.30875,7.21445,7.21445,800,2,2472
2011-07-27,7.09656,7.30875,7.07299,7.30875,2200,8,6631
2011-07-28,6.9551,6.9551,6.9551,6.9551,800,2,2360
2011-08-01,7.42664,7.42664,7.42664,7.42664,100,1,315
2011-08-02,7.42664,7.54452,7.42664,7.42664,2400,6,7580
2011-08-03,7.07299,7.07299,6.9551,7.07299,1000,3,2990
2011-08-08,6.9551,7.04941,5.91773,7.04941,800,4,2148
2011-08-10,7.04941,7.04941,7.04941,7.04941,300,1,897
2011-08-11,7.14372,7.14372,7.14372,7.14372,100,1,303
2011-08-12,7.14372,7.28518,7.14372,7.28518,300,2,921
2011-08-15,7.2616,7.2616,7.2616,7.2616,100,1,308
2011-08-24,7.19087,7.19087,7.19087,7.19087,200,1,610
2011-08-30,7.19087,7.19087,7.19087,7.19087,100,1,305
2011-09-01,7.30875,7.30875,7.30875,7.30875,200,2,620
2011-09-02,7.07299,7.07299,7.07299,7.07299,700,2,2100
2011-09-06,6.60145,7.07299,6.60145,7.07299,1300,3,3660
2011-09-13,6.38926,6.41284,6.38926,6.41284,400,2,1085
2011-09-14,6.41284,6.41284,6.36569,6.36569,3000,8,8134
2011-09-20,6.60145,6.60145,6.60145,6.60145,100,1,280
2011-09-26,6.48357,6.48357,6.48357,6.48357,100,1,275
2011-09-28,4.7389,4.99824,4.71532,4.7389,33300,49,68346
2011-09-29,4.71532,4.90394,4.69175,4.69175,6100,11,12253
2011-10-04,4.95109,4.95109,4.95109,4.95109,300,3,630
2011-10-06,4.95109,4.95109,4.95109,4.95109,300,2,630
2011-10-10,5.25759,5.25759,5.25759,5.25759,100,1,223
2011-10-11,5.35189,5.35189,5.35189,5.35189,500,3,1135
2011-10-13,5.7527,5.7527,5.7527,5.7527,1500,3,3660
2011-10-14,4.99824,4.99824,4.99824,4.99824,1900,6,4028
2011-10-17,4.83321,4.83321,4.71532,4.71532,3400,8,6925
2011-10-18,4.7389,4.83321,4.71532,4.83321,3300,7,6675
2011-10-19,4.71532,4.71532,4.4324,4.45598,8500,14,16113
2011-10-20,4.50313,4.71532,4.50313,4.71532,3700,5,7130
2011-10-25,5.11613,5.18686,5.11613,5.16328,1500,4,3282
2011-10-27,5.39905,5.91773,5.39905,5.91773,3700,13,8657
2011-10-31,5.77627,5.77627,5.77627,5.77627,200,1,490
2011-11-07,5.06897,5.7527,5.06897,5.70554,4400,10,10415
2011-11-08,5.09255,5.09255,5.09255,5.09255,3000,6,6480
2011-11-11,5.06897,5.06897,5.06897,5.06897,800,2,1720
2011-11-16,5.06897,5.06897,5.06897,5.06897,700,2,1505
2011-11-17,5.06897,5.06897,5.06897,5.06897,2000,3,4300
2011-11-18,5.06897,5.06897,5.06897,5.06897,14100,8,30315
2011-11-21,5.06897,5.06897,5.06897,5.06897,1000,2,2150
2011-11-22,5.06897,5.09255,4.95109,4.95109,3300,6,7091
2011-11-23,5.06897,5.06897,5.06897,5.06897,300,1,645
2011-11-29,4.71532,4.71532,4.71532,4.71532,300,3,600
2011-12-02,5.06897,5.06897,5.06897,5.06897,300,2,645
2011-12-05,4.71532,5.06897,4.71532,5.06897,5100,3,10948
2011-12-07,4.71532,4.71532,4.71532,4.71532,100,1,200
2011-12-08,4.71532,4.71532,4.71532,4.71532,300,1,600
2011-12-23,4.71532,4.71532,4.71532,4.71532,1000,1,2000
2011-12-29,4.92751,4.92751,4.92751,4.92751,3300,4,6897
2012-01-06,5.51693,5.51693,5.51693,5.51693,100,1,234
2012-01-18,4.95109,4.95109,4.95109,4.95109,800,2,1680
2012-01-26,4.47956,4.47956,4.47956,4.47956,600,3,1140
2012-01-27,5.1397,5.1397,5.1397,5.1397,300,2,654
2012-02-02,5.1397,5.1397,5.1397,5.1397,100,1,218
2012-02-07,5.16328,5.18686,5.16328,5.18686,500,5,1098
2012-02-08,6.34211,6.34211,6.34211,6.34211,300,2,807
2012-03-02,5.89416,5.89416,5.30474,5.30474,2500,7,5745
2012-03-06,4.97467,5.06897,4.97467,5.06897,1800,5,3806
2012-03-07,4.95109,5.54051,4.95109,4.97467,1800,16,3963
2012-03-12,5.54051,5.79985,5.09255,5.09255,3100,19,7361
2012-03-13,5.18686,5.65839,5.18686,5.65839,2600,5,6200
2012-03-14,5.7527,6.34211,5.7527,6.34211,4300,17,10818
2012-03-15,6.34211,6.83722,6.34211,6.81364,1400,4,3891
2012-03-16,6.83722,7.07299,6.83722,7.07299,4100,14,12203
2012-03-19,7.28518,7.30875,7.28518,7.30875,900,5,2788
2012-03-20,7.30875,7.30875,7.30875,7.30875,100,1,310
2012-03-21,7.09656,7.30875,7.07299,7.30875,1200,4,3611
2012-03-22,7.07299,7.07299,7.07299,7.07299,2700,6,8100
2012-03-23,7.07299,7.07299,7.07299,7.07299,200,1,600
2012-03-26,7.07299,7.07299,7.07299,7.07299,200,1,600
2012-03-27,6.9551,6.9551,6.9551,6.9551,700,4,2065
2012-03-30,7.07299,7.07299,7.07299,7.07299,100,1,300
2012-04-02,7.40306,7.40306,7.40306,7.40306,300,1,942
2012-04-03,7.28518,7.28518,7.28518,7.28518,700,3,2163
2012-04-09,6.71934,7.16729,6.71934,7.16729,600,3,1729
2012-04-13,7.19087,7.19087,7.19087,7.19087,100,1,305
2012-04-16,6.83722,6.83722,6.71934,6.71934,4300,9,12260
2012-04-17,6.48357,6.71934,6.48357,6.71934,1200,2,3400
2012-04-23,6.27138,6.69576,6.27138,6.69576,7200,14,19800
2012-04-24,6.2478,6.71934,6.2478,6.71934,1100,3,2935
2012-04-27,6.71934,6.71934,6.71934,6.71934,100,1,285
2012-05-02,6.12992,6.12992,6.12992,6.12992,700,4,1820
2012-05-04,7.28518,7.28518,7.28518,7.28518,100,1,309
2012-05-08,6.88437,6.93153,6.88437,6.93153,500,4,1464
2012-05-09,6.1535,6.2478,6.1535,6.2478,200,2,526
2012-05-11,6.36569,6.36569,6.36569,6.36569,500,2,1350
2012-05-14,6.34211,6.34211,6.31854,6.31854,1200,5,3227
2012-05-15,5.77627,5.77627,5.77627,5.77627,500,2,1225
2012-05-18,5.56408,5.56408,5.56408,5.56408,500,3,1180
2012-05-21,5.4462,5.46978,5.4462,5.46978,1300,3,3006
2012-05-22,5.49335,5.49335,5.49335,5.49335,100,1,233
2012-05-23,5.4462,5.4462,5.4462,5.4462,500,2,1155
2012-05-28,5.89416,5.89416,5.89416,5.89416,1500,2,3750
2012-05-30,5.42262,5.87058,5.42262,5.87058,3200,7,7588
2012-05-31,5.56408,5.56408,5.56408,5.56408,200,1,472
2012-06-08,5.39905,5.39905,5.39905,5.39905,1000,3,2290
2012-06-12,5.54051,5.54051,5.54051,5.54051,900,4,2115
2012-06-14,5.65839,5.65839,5.65839,5.65839,200,1,480
2012-06-15,5.42262,5.42262,5.42262,5.42262,300,2,690
2012-06-19,5.25759,5.25759,5.23401,5.23401,2500,3,5555
2012-06-20,5.09255,5.23401,5.09255,5.23401,1300,2,2838
2012-06-21,4.99824,4.99824,4.99824,4.99824,700,1,1484
2012-06-22,5.06897,5.1397,5.06897,5.1397,1500,2,3240
2012-06-27,5.23401,5.23401,5.23401,5.23401,300,1,666
2012-07-03,5.23401,5.23401,5.23401,5.23401,4700,2,10434
2012-07-04,5.23401,5.77627,5.23401,5.77627,1951800,11,4781675
2012-08-01,5.32832,5.32832,5.32832,5.32832,100,1,226
2012-08-20,5.18686,5.18686,5.18686,5.18686,100,1,220
2012-08-24,5.7527,5.7527,5.7527,5.7527,200,2,488
2012-09-03,5.4462,5.77627,5.28116,5.28116,700,3,1652
2012-09-11,5.28116,5.28116,5.28116,5.28116,200,1,448
2012-09-12,5.21043,5.21043,5.21043,5.21043,100,1,221
2012-09-27,5.89416,5.89416,5.89416,5.89416,300,3,750
2012-10-09,5.87058,5.87058,5.87058,5.87058,200,1,498
2012-10-16,5.82343,5.82343,5.82343,5.82343,300,1,741
2012-10-24,5.65839,5.65839,5.65839,5.65839,3000,2,7200
2012-11-05,5.65839,5.65839,5.65839,5.65839,200,1,480
2012-11-06,5.65839,5.65839,5.65839,5.65839,300,1,720
2012-11-12,5.18686,5.18686,5.18686,5.18686,300,1,660
2012-11-19,4.71532,4.71532,4.71532,4.71532,800,3,1600
2012-11-21,4.71532,4.71532,4.47956,4.71532,1600,3,3190
2012-11-22,4.71532,4.71532,4.71532,4.71532,1400,2,2800
2012-11-23,4.71532,5.58766,4.71532,5.58766,200,2,437
2012-11-28,4.95109,4.95109,4.95109,4.95109,1700,2,3570
2012-11-29,4.71532,5.30474,4.71532,5.30474,500,3,1025
2012-11-30,4.78605,5.54051,4.71532,5.54051,2600,10,5437
2012-12-03,4.78605,4.78605,4.47956,4.47956,6600,14,13251
2012-12-04,5.28116,5.28116,5.28116,5.28116,100,1,224
2012-12-05,4.62102,5.0454,4.62102,5.02182,600,5,1228
2012-12-10,5.30474,5.30474,5.16328,5.16328,200,2,444
2012-12-12,5.16328,5.16328,4.7389,4.7389,1000,2,2172
2012-12-19,4.76248,5.16328,4.7389,5.16328,900,7,1884
2012-12-20,5.35189,5.35189,5.35189,5.35189,200,2,454
2012-12-21,5.21043,5.63481,5.21043,5.63481,900,5,2007
2012-12-26,5.63481,5.63481,5.63481,5.63481,700,3,1673
2012-12-27,5.18686,5.18686,5.1397,5.1397,1000,5,2194
2012-12-28,4.95109,4.95109,4.66817,4.66817,5600,14,11490
2013-01-02,5.1397,5.1397,4.71532,4.71532,300,3,636
2013-01-07,4.99824,4.99824,4.99824,4.99824,100,1,212
2013-01-08,4.7389,5.0454,4.71532,5.0454,1000,4,2015
2013-01-09,5.0454,5.0454,5.0454,5.0454,200,2,428
2013-01-14,4.7389,5.1397,4.7389,5.1397,400,4,853
2013-01-17,5.42262,5.42262,5.42262,5.42262,100,1,230
2013-01-23,5.54051,6.9551,5.54051,6.9551,14000,24,37290
2013-01-24,7.07299,7.07299,6.83722,6.83722,4700,6,13740
2013-01-28,6.83722,6.83722,6.83722,6.83722,850000,5,2465000
2013-01-29,6.12992,6.83722,6.12992,6.83722,1300,4,3560
2013-02-04,6.1535,6.1535,6.12992,6.12992,1700,3,4427
2013-02-05,5.68197,5.68197,5.65839,5.65839,700,4,1683
2013-02-08,5.89416,5.89416,5.89416,5.89416,300,1,750
2013-02-15,5.68197,5.68197,5.68197,5.68197,600,1,1446
2013-02-18,6.53072,6.53072,6.53072,6.53072,100,1,277
2013-02-21,5.42262,5.65839,5.42262,5.65839,900,5,2110
2013-02-22,5.63481,5.63481,5.63481,5.63481,1100,4,2629
2013-02-28,6.93153,6.93153,6.93153,6.93153,3100,7,9114
2013-03-01,6.93153,6.93153,6.93153,6.93153,200,1,588
2013-03-06,6.2478,6.2478,6.2478,6.2478,400,3,1060
2013-03-25,6.22423,6.22423,6.22423,6.22423,100,1,264
2013-03-28,6.2478,6.2478,5.30474,5.30474,200,2,490
2013-04-01,5.68197,5.68197,5.68197,5.68197,100,1,241
2013-04-02,5.94131,6.57788,5.94131,6.57788,400,4,1065
2013-04-04,6.12992,6.12992,5.98846,5.98846,1200,5,3058
2013-04-05,5.98846,5.98846,5.98846,5.98846,100,1,254
2013-04-17,5.32832,5.32832,5.30474,5.32832,2100,11,4741
2013-04-18,5.72912,5.72912,5.72912,5.72912,500,2,1215
2013-04-23,6.01204,6.01204,6.01204,6.01204,700,2,1785
2013-04-29,6.34211,6.34211,6.34211,6.34211,200,2,538
2013-05-07,5.65839,5.65839,4.99824,5.02182,5700,17,12142
2013-05-08,4.95109,4.95109,4.80963,4.80963,5300,11,11112
2013-05-09,5.37547,5.37547,4.80963,4.80963,800,8,1697
2013-05-10,4.71532,4.71532,4.71532,4.71532,3800,7,7600
2013-05-17,4.71532,4.71532,4.71532,4.71532,1000,4,2000
2013-05-20,4.71532,4.71532,4.71532,4.71532,2000,2,4000
2013-05-21,4.66817,4.66817,4.66817,4.66817,400,1,792
2013-05-22,4.66817,4.66817,4.66817,4.66817,300,1,594
2013-05-23,4.66817,4.66817,4.66817,4.66817,500,1,990
2013-05-24,4.66817,4.66817,4.66817,4.66817,200,1,396
2013-05-29,4.64459,4.66817,4.64459,4.66817,1900,4,3755
2013-06-04,4.45598,4.45598,4.45598,4.45598,1900,5,3591
2013-06-05,4.47956,4.50313,4.45598,4.45598,1000,4,1897
2013-06-06,4.00803,4.45598,4.00803,4.0316,1400,5,2457
2013-07-18,3.53649,3.70153,3.53649,3.53649,4000,6,6143
2013-07-19,3.53649,3.53649,3.53649,3.53649,2000,2,3000
2013-07-24,3.41861,3.41861,3.41861,3.41861,200,1,290
2013-07-30,3.86657,3.86657,3.86657,3.86657,100,1,164
2013-08-15,3.86657,3.86657,3.86657,3.86657,200,1,328
2013-08-19,3.89014,3.89014,3.89014,3.89014,1200,1,1980
2013-08-20,3.91372,3.91372,3.91372,3.91372,1000,1,1660
2013-08-21,3.91372,3.91372,3.91372,3.91372,1600,1,2656
2013-08-22,3.86657,3.86657,3.86657,3.86657,900,1,1476
2013-08-23,3.86657,3.86657,3.86657,3.86657,2400,2,3936
2013-08-27,3.86657,3.86657,3.86657,3.86657,600,1,984
2013-08-28,3.86657,3.86657,3.86657,3.86657,3000,2,4920
2013-09-02,3.86657,3.86657,3.53649,3.53649,1300,2,2090
2013-09-04,3.41861,3.41861,3.41861,3.41861,600,1,870
2013-09-09,3.30073,3.30073,3.30073,3.30073,1000,1,1400
2013-09-10,3.30073,3.30073,3.30073,3.30073,1600,1,2240
2013-09-11,3.30073,3.30073,3.30073,3.30073,400,1,560
2013-09-12,3.30073,3.30073,3.30073,3.30073,1700,2,2380
2013-09-13,3.30073,3.30073,3.30073,3.30073,1000,1,1400
2013-09-20,3.30073,3.30073,3.30073,3.30073,500,1,700
2013-09-25,3.30073,3.30073,3.30073,3.30073,100,1,140
2013-09-26,3.06496,3.06496,3.06496,3.06496,3000,3,3900
2013-09-30,2.94708,2.94708,2.82919,2.94708,10000,5,12481
2013-10-01,2.97065,2.97065,2.94708,2.94708,3400,2,4265
2013-10-02,3.30073,3.30073,2.94708,2.94708,7500,8,9525
2013-10-04,2.94708,2.94708,2.94708,2.94708,10000,5,12500
2013-10-07,2.94708,2.94708,2.71131,2.71131,200,2,240
2013-10-08,2.94708,2.94708,2.94708,2.94708,49200,11,61500
2013-10-09,2.94708,3.30073,2.75846,2.75846,2000,9,2467
2013-10-11,2.75846,3.30073,2.75846,3.30073,23800,7,30120
2013-10-15,3.30073,3.30073,3.30073,3.30073,21300,2,29820
2013-10-16,3.51292,3.51292,2.85277,2.85277,5100,2,7571
2013-10-17,3.18284,3.18284,3.18284,3.18284,100,1,135
2013-10-21,3.18284,3.20642,3.18284,3.18284,17800,6,24031
2013-10-24,3.72511,3.72511,3.30073,3.30073,2100,3,3290
2013-10-28,3.53649,3.77226,3.53649,3.77226,54000,3,85000
2013-10-31,3.67795,3.84299,3.67795,3.84299,2500,6,3929
2013-11-06,4.10233,4.10233,4.10233,4.10233,100,1,174
2013-11-07,4.00803,4.00803,3.65438,3.65438,600,2,1005
2013-11-08,3.77226,3.77226,3.77226,3.77226,1000,1,1600
2013-11-13,3.65438,3.67795,3.65438,3.67795,4000,4,6222
2013-11-14,3.65438,3.65438,3.65438,3.65438,2000,2,3100
2013-11-18,3.84299,3.84299,3.67795,3.67795,5200,5,8196
2013-11-19,3.65438,3.65438,3.65438,3.65438,3600,4,5580
2013-11-21,3.77226,3.77226,3.77226,3.77226,800,4,1280
2013-11-26,3.81941,3.81941,3.81941,3.81941,2300,2,3726
2013-11-27,3.79584,3.79584,3.79584,3.79584,1000,2,1610
2013-12-05,3.53649,3.53649,3.53649,3.53649,4000,4,6000
2013-12-06,3.30073,3.30073,3.30073,3.30073,2000,1,2800
2013-12-17,3.30073,3.30073,3.30073,3.30073,3000,1,4200
2013-12-26,3.30073,3.3243,3.30073,3.3243,6600,2,9250
2013-12-30,3.53649,3.72511,3.53649,3.72511,1100,2,1658
2014-01-07,3.65438,3.86657,3.65438,3.86657,7100,5,11154
2014-01-13,3.37146,3.37146,3.34788,3.34788,4500,7,6420
2014-01-16,3.53649,3.53649,3.53649,3.53649,4400,1,6600
2014-01-30,3.77226,3.77226,3.77226,3.77226,100,1,160
2014-02-06,3.65438,3.65438,3.65438,3.65438,2000,2,3100
2014-02-10,3.44219,3.44219,3.44219,3.44219,300,3,438
2014-02-13,3.65438,3.74868,3.65438,3.74868,800,2,1260
2014-02-14,3.72511,3.72511,3.72511,3.72511,100,1,158
2014-02-18,3.53649,3.53649,3.53649,3.53649,1600,1,2400
2014-02-25,3.53649,3.53649,3.53649,3.53649,3000,2,4500
2014-02-26,3.53649,3.53649,3.48934,3.48934,1000,3,1483
2014-02-28,3.48934,3.48934,3.48934,3.48934,12400,8,18352
2014-03-05,3.48934,3.48934,3.46576,3.46576,1000,2,1471
2014-03-14,3.53649,3.53649,3.53649,3.53649,100,1,150
2014-03-17,3.56007,3.56007,3.56007,3.56007,100,1,151
2014-03-20,3.41861,3.77226,3.41861,3.77226,300,3,450
2014-03-28,3.72511,3.89014,3.72511,3.86657,6000,8,9699
2014-03-31,4.00803,4.00803,3.86657,3.86657,6600,8,11127
2014-04-01,3.86657,3.86657,3.86657,3.86657,3300,2,5412
2014-04-02,4.05518,4.05518,4.05518,4.05518,1700,2,2924
2014-04-07,3.86657,3.86657,3.86657,3.86657,2500,2,4100
2014-04-11,3.77226,3.77226,3.77226,3.77226,100,1,160
2014-04-14,3.77226,3.77226,3.77226,3.77226,1000,2,1600
2014-04-16,4.10233,4.10233,3.89014,3.89014,1100,2,1824
2014-04-17,4.12591,4.12591,3.89014,3.89014,1800,2,3140
2014-04-24,3.91372,3.91372,3.89014,3.89014,1600,2,2650
2014-04-25,3.89014,3.89014,3.79584,3.79584,4700,2,7675
2014-04-29,4.22022,4.22022,4.22022,4.22022,500,2,895
2014-04-30,4.24379,4.71532,4.24379,4.71532,12100,8,23992
2014-05-02,4.71532,4.71532,4.71532,4.71532,1000,1,2000
2014-05-05,4.71532,4.71532,4.71532,4.71532,1000,2,2000
2014-05-06,4.71532,4.71532,4.71532,4.71532,2200,3,4400
2014-05-07,4.71532,4.95109,4.71532,4.95109,4200,4,8410
2014-05-08,4.95109,4.95109,4.95109,4.95109,700,3,1470
2014-05-09,5.18686,5.18686,5.18686,5.18686,200,2,440
2014-05-13,5.1397,5.18686,5.1397,5.18686,1100,2,2400
2014-05-14,5.16328,5.18686,5.16328,5.18686,300,2,659
2014-05-16,5.06897,5.06897,5.06897,5.06897,700,1,1505
2014-05-19,5.18686,5.18686,5.18686,5.18686,100,1,220
2014-05-30,4.71532,4.71532,4.59744,4.71532,1900,5,3760
2014-06-02,4.95109,4.95109,4.95109,4.95109,100,1,210
2014-06-03,4.59744,5.42262,4.50313,5.42262,2800,7,5905
2014-06-04,5.18686,5.61124,5.18686,5.61124,200,2,458
2014-06-09,5.54051,5.54051,5.54051,5.54051,100,1,235
2014-06-11,5.18686,5.42262,5.18686,5.42262,2600,4,5730
2014-06-16,5.16328,5.61124,4.83321,5.61124,2000,7,4244
2014-06-17,4.83321,5.65839,4.83321,5.65839,500,5,1152
2014-06-20,5.18686,5.18686,5.18686,5.18686,1000,1,2200
2014-06-24,5.54051,5.54051,5.54051,5.54051,200,2,470
2014-06-27,4.85678,5.25759,4.83321,5.25759,1400,4,3007
2014-06-30,5.25759,5.25759,5.25759,5.25759,100,1,223
2014-07-01,5.25759,5.42262,5.25759,5.42262,200,2,453
2014-07-04,4.88036,4.95109,4.7389,4.7389,900,5,1857
2014-07-07,4.95109,5.63481,4.71532,5.63481,900,4,1938
2014-07-08,5.65839,5.65839,5.65839,5.65839,100,1,240
2014-07-14,5.63481,5.65839,5.63481,5.65839,200,2,479
2014-07-16,5.21043,5.49335,5.06897,5.49335,1700,7,3751
2014-07-17,5.16328,5.35189,4.92751,5.35189,2700,8,5726
2014-07-18,4.97467,5.32832,4.95109,5.06897,2300,9,4910
2014-07-21,5.32832,5.32832,4.95109,4.95109,400,2,856
2014-07-22,5.0454,5.0454,5.0454,5.0454,100,1,214
2014-07-23,5.06897,5.06897,4.95109,4.95109,3500,2,7355
2014-07-24,5.35189,5.35189,5.35189,5.35189,100,1,227
2014-07-25,4.95109,4.95109,4.92751,4.92751,1900,3,3988
2014-07-28,4.83321,4.83321,4.83321,4.83321,2300,4,4715
2014-07-29,4.95109,4.95109,4.95109,4.95109,200,1,420
2014-08-04,4.71532,4.90394,4.59744,4.90394,3400,10,6736
2014-08-05,4.52671,4.76248,4.47956,4.76248,1500,8,2932
2014-08-06,4.57387,4.83321,4.55029,4.83321,1200,6,2426
2014-08-07,4.95109,5.06897,4.95109,4.97467,6100,9,12857
2014-08-11,4.95109,5.7527,4.71532,5.7527,1600,4,3344
2014-08-14,4.71532,4.7389,4.29095,4.31452,3700,12,7197
2014-08-15,4.47956,4.47956,3.77226,4.29095,10800,19,19974
2014-08-19,4.66817,4.66817,4.66817,4.66817,300,2,594
2014-08-22,4.36168,4.36168,4.36168,4.36168,1000,4,1850
2014-08-25,4.55029,4.55029,4.36168,4.55029,400,4,756
2014-08-27,4.47956,4.47956,4.47956,4.47956,700,2,1330
2014-08-28,4.12591,4.36168,4.12591,4.36168,400,2,710
2014-08-29,4.26737,4.29095,4.24379,4.24379,6600,15,11919
2014-09-01,4.24379,4.24379,4.24379,4.24379,2300,5,4140
2014-09-02,4.26737,4.26737,4.26737,4.26737,300,2,543
2014-09-05,4.38525,4.57387,4.24379,4.57387,5500,6,10176
2014-09-16,4.52671,4.52671,4.52671,4.52671,700,2,1344
2014-10-02,4.10233,4.3381,4.10233,4.3381,2800,5,4902
2014-10-06,4.24379,4.3381,4.24379,4.3381,1600,2,2916
2014-10-13,4.05518,4.3381,4.05518,4.24379,900,4,1604
2014-10-16,3.84299,4.12591,3.84299,3.84299,1100,8,1820
2014-10-17,4.29095,4.47956,4.29095,4.47956,700,5,1290
2014-10-21,4.29095,4.29095,4.29095,4.29095,17000,5,30940
2014-10-22,4.45598,4.45598,4.45598,4.45598,200,1,378
2014-10-23,4.83321,4.83321,4.05518,4.05518,200,2,377
2014-10-24,4.7389,4.7389,4.7389,4.7389,100,1,201
2014-11-14,3.91372,3.91372,3.01781,3.6308,20800,33,29218
2014-11-17,3.96087,3.96087,3.67795,3.67795,1600,6,2634
2014-11-18,3.89014,3.89014,3.89014,3.89014,100,1,165
2014-11-19,3.89014,3.98445,3.89014,3.98445,200,2,334
2014-11-21,4.07876,4.47956,4.07876,4.3381,6000,14,10908
2014-11-24,4.29095,4.29095,4.29095,4.29095,1000,5,1820
2014-11-26,4.29095,4.29095,4.29095,4.29095,2000,3,3640
2014-11-27,4.29095,4.64459,4.29095,4.64459,1200,2,2214
2014-11-28,4.07876,4.07876,4.07876,4.07876,3600,9,6228
2014-12-01,4.31452,4.31452,4.12591,4.12591,600,3,1058
2014-12-02,4.29095,4.29095,4.26737,4.26737,700,4,1268
2014-12-03,4.24379,4.31452,4.12591,4.31452,1600,4,2833
2014-12-04,4.36168,4.36168,4.24379,4.24379,400,2,725
2014-12-05,4.10233,4.24379,4.10233,4.24379,5300,5,9522
2014-12-08,4.24389,4.24389,4.24389,4.24389,300,2,525
2014-12-09,4.24389,4.26814,4.12264,4.12264,7600,7,13198
2014-12-11,4.46215,4.46215,4.46215,4.46215,100,1,184
2014-12-29,4.46215,4.46215,4.46215,4.46215,3500,1,6440
2015-01-02,4.34089,4.46215,4.34089,4.46215,2400,2,4301
2015-01-06,3.90438,4.21964,3.90438,4.21964,2500,10,4097
2015-01-07,4.24389,4.24389,4.24389,4.24389,2000,2,3500
2015-01-09,4.4864,4.4864,4.4864,4.4864,1000,1,1850
2015-02-10,4.4864,4.4864,4.24389,4.24389,200,2,360
2015-02-11,4.36514,4.70465,4.36514,4.70465,200,2,374
2015-03-11,4.36514,4.36514,4.36514,4.36514,500,2,900
2015-03-20,4.09838,4.36514,4.09838,4.36514,1600,5,2719
2015-03-30,4.12264,4.34089,4.12264,4.34089,3200,5,5449
2015-04-15,4.00138,4.02563,3.90438,3.90438,2200,9,3600
2015-04-16,3.95288,3.95288,3.95288,3.95288,100,1,163
2015-04-17,3.95288,4.00138,3.95288,4.00138,2000,2,3298
2015-04-20,4.00138,4.00138,3.90438,3.90438,1600,5,2592
2015-04-22,3.68612,3.88013,3.68612,3.71037,7000,9,11109
2015-04-23,3.88013,4.00138,3.88013,4.00138,1000,2,1645
2015-04-24,4.12264,4.12264,3.73462,4.00138,2000,6,3156
2015-04-29,4.00138,4.00138,4.00138,4.00138,600,2,990
2015-04-30,3.71037,3.71037,3.71037,3.71037,1000,3,1530
2015-05-04,4.00494,4.00494,4.00494,4.00494,3800,5,6194
2015-05-05,4.00494,4.00494,4.00494,4.00494,2400,4,3912
2015-05-06,3.80838,4.15237,3.80838,4.15237,200,2,324
2015-05-08,3.78381,4.15237,3.68553,4.15237,6400,7,9783
2015-05-21,3.63639,3.63639,3.63639,3.63639,1400,3,2072
2015-05-22,3.66096,3.68553,3.61182,3.61182,1100,5,1628
2015-05-25,3.63639,3.63639,3.63639,3.63639,200,1,296
2015-05-28,3.66096,3.66096,3.66096,3.66096,200,1,298
2015-06-08,3.58725,3.58725,3.43983,3.43983,5500,6,7998
2015-06-12,3.51354,3.51354,3.51354,3.51354,100,1,143
2015-06-15,3.43983,3.43983,3.43983,3.43983,15200,3,21280
2015-06-24,3.43983,3.43983,3.43983,3.43983,870000,1,1218000
2015-06-30,3.43983,3.43983,3.43983,3.43983,5700,3,7980
2015-07-06,3.43983,3.43983,3.43983,3.43983,10000,1,14000
2015-07-14,3.43983,3.43983,3.43983,3.43983,2000,1,2800
2015-07-15,3.43983,3.43983,3.43983,3.43983,500,2,700
2015-07-21,3.12042,3.36612,3.12042,3.36612,600,4,772
2015-07-31,3.12042,3.12042,3.12042,3.12042,800,3,1016
2015-08-04,3.56268,3.56268,3.56268,3.56268,300,1,435
2015-09-03,3.36612,3.36612,3.26784,3.26784,600,4,806
2015-09-04,2.72729,3.31698,2.72729,3.31698,500,3,603
2015-09-11,3.16956,3.16956,3.16956,3.16956,500,3,645
2015-09-15,3.07128,3.07128,3.07128,3.07128,400,2,500
2015-09-17,3.07128,3.07128,3.07128,3.07128,500,2,625
2015-09-18,3.07128,3.07128,3.07128,3.07128,200,1,250
2015-09-23,3.43983,3.43983,3.43983,3.43983,11700,6,16380
2015-09-29,2.77643,3.31698,2.77643,3.31698,1100,4,1265
2015-10-05,3.41526,3.43983,3.41526,3.43983,900,2,1258
2015-10-09,3.43983,3.43983,3.43983,3.43983,400,1,560
2015-10-16,2.92386,2.92386,2.92386,2.92386,100,1,119
2015-10-19,2.94843,2.94843,2.94843,2.94843,100,1,120
2015-10-20,2.94843,2.94843,2.94843,2.94843,200,2,240
2015-10-27,3.07128,3.07128,3.07128,3.07128,300,1,375
2015-10-28,2.92386,2.92386,2.92386,2.92386,1100,3,1309
2015-10-30,2.92386,2.92386,2.92386,2.92386,100,1,119
2015-11-05,3.02214,3.02214,3.02214,3.02214,800,3,984
2015-11-11,3.19413,3.19413,3.19413,3.19413,500,2,650
2015-11-16,3.07128,3.07128,3.07128,3.07128,500,1,625
2015-12-02,3.19413,3.19413,3.19413,3.19413,2000,1,2600
2015-12-03,3.19413,3.19413,3.19413,3.19413,2000,2,2600
2015-12-14,4.02492,4.02492,4.02492,4.02492,200,2,310
2015-12-22,3.37574,3.37574,3.37574,3.37574,1700,2,2210
2015-12-30,3.50558,3.50558,3.50558,3.50558,1000,1,1350
2016-01-04,3.50558,3.50558,3.50558,3.50558,1100,2,1485
2016-01-06,3.73928,3.73928,3.73928,3.73928,100,1,144
2016-01-08,3.47961,3.47961,3.45364,3.45364,1800,6,2402
2016-01-12,3.24591,3.45364,3.24591,3.24591,2600,7,3258
2016-01-13,3.24591,3.76525,3.24591,3.76525,1000,3,1270
2016-01-15,3.73928,3.73928,3.73928,3.73928,400,2,576
2016-01-19,3.27187,3.29784,3.27187,3.29784,200,2,253
2016-01-27,3.47961,3.47961,3.47961,3.47961,100,1,134
2016-01-29,3.24591,3.24591,3.24591,3.24591,1100,3,1375
2016-02-05,3.168,3.168,3.168,3.168,100,1,122
2016-02-11,3.168,3.168,3.168,3.168,1500,2,1830
2016-02-15,3.168,3.168,3.11607,3.11607,3400,9,4112
2016-02-16,3.11607,3.11607,3.11607,3.11607,500,2,600
2016-02-18,3.11607,3.11607,3.11607,3.11607,700,1,840
2016-02-19,3.11607,3.11607,3.11607,3.11607,8500,5,10200
2016-02-22,3.11607,3.11607,3.11607,3.11607,800,1,960
2016-02-29,3.11607,3.11607,3.11607,3.11607,2000,1,2400
2016-03-03,3.11607,3.11607,3.11607,3.11607,2000,1,2400
2016-03-07,2.98623,2.98623,2.98623,2.98623,600,3,690
2016-03-11,3.11607,3.11607,3.11607,3.11607,100,1,120
2016-03-21,3.0901,3.0901,3.0901,3.0901,700,2,833
2016-03-22,3.0901,3.0901,2.59672,2.67463,118700,33,119026
2016-03-23,2.83043,2.8564,2.59672,2.59672,6100,16,6351
2016-03-24,2.59672,2.59672,2.46689,2.59672,126300,6,126285
2016-03-28,2.59672,2.59672,2.59672,2.59672,200,1,200
2016-03-29,2.62269,2.70059,2.62269,2.70059,1100,2,1114
2016-03-31,2.72656,2.8564,2.70059,2.8564,6100,6,6485
2016-04-01,2.83043,2.83043,2.83043,2.83043,100,1,109
2016-04-04,2.72656,2.72656,2.12931,2.38899,3200,7,2998
2016-04-05,2.83043,2.83043,2.80446,2.80446,600,2,649
2016-04-06,2.64866,2.64866,2.64866,2.64866,200,1,204
2016-04-12,2.67463,2.67463,2.67463,2.67463,400,1,412
2016-04-13,2.83043,2.83043,2.83043,2.83043,3000,4,3270
2016-04-15,2.8564,2.8564,2.8564,2.8564,2000,3,2200
2016-04-29,2.36302,2.72656,2.36302,2.72656,6000,14,5727
2016-05-02,2.70059,2.70059,2.38899,2.70059,600,3,612
2016-05-03,2.57076,2.57076,2.57076,2.57076,4800,4,4752
2016-05-04,2.57076,2.70059,2.57076,2.70059,9200,4,9128
2016-05-05,2.72656,2.72656,2.62269,2.62269,58100,22,58685
2016-05-06,2.62269,2.62269,2.62269,2.62269,52100,3,52621
2016-05-09,2.62269,2.62269,2.62269,2.62269,20800,8,21008
2016-05-10,2.8564,2.8564,2.8564,2.8564,100,1,110
2016-05-11,2.72656,2.72656,2.72656,2.72656,1000,1,1050
2016-05-12,2.72656,2.72656,2.72656,2.72656,3000,1,3150
2016-05-13,3.34977,3.34977,3.34977,3.34977,100,1,129
2016-05-16,2.64866,2.7785,2.62269,2.62269,37900,21,38514
2016-05-17,3.0122,3.0122,2.8564,2.8564,2300,5,2541
2016-05-24,2.72656,2.72656,2.72656,2.72656,3500,5,3675
2016-05-25,2.72656,2.72656,2.72656,2.72656,400,3,420
2016-05-31,2.98623,2.98623,2.98623,2.98623,400,1,460
2016-06-01,2.8564,2.8564,2.8564,2.8564,4500,3,4950
2016-06-02,2.67463,2.67463,2.67463,2.67463,900,3,927
2016-06-03,2.8564,2.8564,2.7785,2.83043,6600,10,7137
2016-06-06,2.83043,2.8564,2.83043,2.8564,3000,4,3290
2016-06-08,2.8564,2.8564,2.8564,2.8564,2000,1,2200
2016-06-09,2.96027,2.96027,2.96027,2.96027,100,1,114
2016-06-13,2.96027,3.11607,2.96027,3.11607,500,2,576
2016-06-14,3.11607,3.11607,2.8564,2.8564,17000,20,18710
2016-06-15,2.98623,2.98623,2.80446,2.80446,2400,7,2726
2016-06-16,3.45364,3.45364,3.42768,3.42768,200,2,265
2016-06-17,3.42768,3.47961,3.42768,3.47961,700,6,928
2016-06-20,3.47961,3.47961,3.47961,3.47961,100,1,134
2016-06-22,3.0122,3.37574,2.98623,3.37574,1400,6,1674
2016-06-23,3.11607,3.24591,2.98623,3.168,2600,5,3093
2016-06-24,3.11607,3.11607,3.11607,3.11607,100,1,120
2016-06-27,3.11607,3.24591,3.11607,3.24591,1800,5,2185
2016-06-28,3.11607,3.11607,3.06413,3.06413,1400,4,1660
2016-06-29,2.72656,3.11607,2.72656,2.88236,1500,9,1645
2016-06-30,3.24591,3.24591,3.24591,3.24591,1000,3,1250
2016-07-01,3.24591,3.24591,3.24591,3.24591,1700,1,2125
2016-07-04,2.98623,3.14204,2.90833,3.14204,3600,10,4080
2016-07-05,3.24591,3.24591,3.24591,3.24591,2100,2,2625
2016-07-06,3.24591,3.24591,3.24591,3.24591,1400,8,1750
2016-07-07,3.47961,3.47961,3.47961,3.47961,800,4,1072
2016-07-11,3.0901,3.34977,3.0901,3.0901,600,5,724
2016-07-12,3.42768,3.42768,3.42768,3.42768,200,1,264
2016-07-15,3.47961,3.50558,3.47961,3.50558,1500,3,2021
2016-07-18,3.50558,3.50558,3.50558,3.50558,200,1,270
2016-07-19,3.53155,3.76525,3.53155,3.76525,3400,4,4840
2016-07-20,3.73928,3.73928,3.73928,3.73928,100,1,144
2016-07-21,3.73928,4.02492,3.73928,4.02492,800,3,1163
2016-07-22,4.05089,4.70007,4.05089,4.6741,5600,10,8881
2016-07-25,5.19345,5.53102,5.19345,5.53102,19500,33,40581
2016-07-26,5.55699,5.97247,5.55699,5.76473,7300,12,15952
2016-07-27,4.93378,4.93378,4.41443,4.85588,3900,10,7166
2016-07-28,5.19345,5.21942,4.4404,4.4404,9000,18,16214
2016-07-29,4.77797,4.77797,4.41443,4.41443,5600,11,9597
2016-08-01,4.41443,4.41443,4.41443,4.41443,2300,3,3910
2016-08-02,4.07686,4.38846,4.07686,4.15476,3400,8,5511
2016-08-04,4.18073,4.18073,4.07686,4.07686,6000,6,9530
2016-08-05,4.18073,4.5183,4.18073,4.5183,4100,8,6955
2016-08-08,4.5183,4.5183,4.49233,4.5183,4100,7,7133
2016-08-11,4.5183,4.5183,4.5183,4.5183,100,1,174
2016-08-12,4.5183,4.5183,4.5183,4.5183,200,1,348
2016-08-16,4.15476,4.3625,3.94702,4.3625,17400,13,27680
2016-08-17,4.5183,4.5183,4.49233,4.49233,1400,5,2423
2016-08-18,4.5183,4.5183,4.46637,4.46637,300,2,518
2016-08-25,3.99896,4.02492,3.97299,4.02492,900,3,1386
2016-08-26,4.02492,4.38846,4.02492,4.38846,500,3,789
2016-08-29,4.38846,4.38846,4.38846,4.38846,300,1,507
2016-08-31,4.02492,4.3625,3.94702,3.94702,3000,8,4636
2016-09-01,4.3625,4.3625,4.3625,4.3625,100,1,168
2016-09-02,4.15476,4.15476,3.94702,3.94702,4500,12,6995
2016-09-05,3.89509,3.89509,3.89509,3.89509,19300,7,28950
2016-09-08,3.92105,3.92105,3.89509,3.89509,2100,5,3161
2016-09-13,3.60945,3.60945,3.60945,3.60945,100,1,139
2016-09-14,3.60945,3.60945,3.60945,3.60945,5000,3,6950
2016-09-15,3.50558,3.50558,3.50558,3.50558,100,1,135
2016-09-16,3.50558,3.50558,3.50558,3.50558,400,3,540
2016-09-20,3.19397,3.47961,3.19397,3.47961,200,2,257
2016-09-21,3.47961,3.47961,3.47961,3.47961,100,1,134
2016-09-22,3.47961,3.47961,3.47961,3.47961,100,1,134
2016-09-23,3.45364,3.45364,3.45364,3.45364,1500,1,1995
2016-09-27,3.47961,3.47961,3.47961,3.47961,1300,3,1742
2016-09-29,3.168,3.66138,3.168,3.50558,14800,8,19459
2016-10-03,3.168,3.24591,3.168,3.24591,3200,5,3940
2016-10-04,3.24591,3.24591,3.11607,3.11607,4000,9,4876
2016-10-05,3.11607,3.24591,3.11607,3.24591,4000,3,4850
2016-10-07,3.55751,3.55751,3.53155,3.53155,900,5,1232
2016-10-10,3.55751,3.55751,3.55751,3.55751,200,2,274
2016-10-11,3.53155,3.53155,3.50558,3.50558,400,3,542
2016-10-13,2.62269,3.06413,2.62269,2.75253,170800,97,177814
2016-10-14,2.98623,2.98623,2.72656,2.72656,36500,52,39527
2016-10-17,2.72656,2.88236,2.62269,2.88236,76100,60,78154
2016-10-18,2.90833,2.90833,2.72656,2.72656,17700,28,19051
2016-10-19,2.75253,2.9343,2.72656,2.90833,10100,21,11041
2016-10-20,2.90833,2.90833,2.7785,2.80446,3900,12,4197
2016-10-21,2.75253,2.80446,2.70059,2.70059,16200,26,17085
2016-10-24,2.7785,2.8564,2.7785,2.8564,8500,13,9253
2016-10-25,2.88236,2.9343,2.7785,2.8564,21800,37,24150
2016-10-26,2.7785,3.0122,2.7785,3.0122,44200,71,49905
2016-10-27,3.06413,3.71332,3.06413,3.32381,209100,338,272671
2016-10-28,3.32381,3.32381,3.0122,3.0901,43900,73,53196
2016-10-31,3.168,3.24591,2.83043,2.83043,12200,30,14267
2016-11-01,3.11607,3.37574,2.98623,3.19397,43400,76,52946
2016-11-03,3.11607,3.24591,2.90833,2.90833,52100,32,61822
2016-11-04,2.9343,3.19397,2.9343,3.06413,13700,32,15945
2016-11-07,3.0122,3.0901,2.98623,3.0901,23700,38,27932
2016-11-08,3.0901,3.21994,3.0901,3.168,9200,16,11158
2016-11-09,3.0122,3.0122,2.9343,2.9343,18000,23,20658
2016-11-10,3.0122,3.03817,3.0122,3.0122,2300,5,2678
2016-11-11,2.9343,2.9343,2.90833,2.90833,1500,6,1691
2016-11-14,2.9343,2.9343,2.83043,2.83043,12200,12,13393
2016-11-16,2.8564,2.90833,2.83043,2.88236,4000,10,4426
2016-11-17,2.8564,2.90833,2.8564,2.90833,1300,6,1432
2016-11-18,2.8564,2.8564,2.83043,2.8564,7800,3,8570
2016-11-21,2.8564,2.8564,2.80446,2.8564,7100,7,7684
2016-11-22,2.80446,2.90833,2.67463,2.90833,3000,10,3244
2016-11-23,2.72656,2.8564,2.72656,2.8564,1600,5,1725
2016-11-24,2.7785,2.7785,2.7785,2.7785,400,1,428
2016-11-28,2.7785,2.83043,2.67463,2.67463,10900,13,11594
2016-11-29,2.67463,2.72656,2.67463,2.67463,1600,4,1652
2016-11-30,2.80446,2.83043,2.67463,2.67463,4300,7,4573
2016-12-01,2.80446,2.80446,2.80446,2.80446,1600,4,1728
2016-12-02,2.75253,2.75253,2.72656,2.75253,1000,4,1053
2016-12-05,2.72656,2.72656,2.62269,2.62269,24500,8,24833
2016-12-06,2.70059,2.70059,2.62269,2.62269,600,3,614
2016-12-07,2.70059,2.70059,2.70059,2.70059,1300,3,1352
2016-12-08,2.64866,2.70059,2.62269,2.62269,32700,6,33210
2016-12-09,2.62269,2.67463,2.62269,2.64866,33000,8,33383
2016-12-12,2.62269,2.64866,2.62269,2.64866,3800,5,3844
2016-12-13,2.64866,2.64866,2.64866,2.64866,1800,2,1836
2016-12-15,2.75253,2.75253,2.72656,2.72656,200,2,211
2016-12-19,2.70059,2.70059,2.70059,2.70059,100,1,104
2016-12-21,2.64866,2.75253,2.64866,2.75253,5900,3,6022
2016-12-22,2.70059,2.70059,2.70059,2.70059,100,1,104
2016-12-23,2.62269,2.70059,2.62269,2.64866,2500,5,2560
2016-12-26,2.67463,2.67463,2.67463,2.67463,890000,5,916700
2016-12-29,2.64866,2.64866,2.64866,2.64866,2600,3,2652
2017-01-02,2.64866,2.72656,2.62269,2.72656,1400,3,1436
2017-01-03,2.62269,2.70059,2.62269,2.70059,600,3,612
2017-01-04,2.72656,2.72656,2.70059,2.70059,5800,6,6084
2017-01-05,2.70059,2.70059,2.70059,2.70059,1200,1,1248
2017-01-06,2.70059,2.70059,2.62269,2.67463,10300,9,10631
2017-01-09,2.70059,2.70059,2.67463,2.67463,6500,4,6710
2017-01-10,2.64866,2.83043,2.64866,2.83043,1900,5,2025
2017-01-11,2.75253,2.75253,2.75253,2.75253,1600,2,1696
2017-01-12,2.75253,2.8564,2.64866,2.64866,1300,6,1386
2017-01-13,2.72656,2.72656,2.72656,2.72656,900,1,945
2017-01-16,2.72656,2.72656,2.72656,2.72656,5000,2,5250
2017-01-17,2.72656,3.06413,2.72656,3.03817,2300,7,2503
2017-01-18,3.03817,3.03817,2.80446,2.80446,4600,12,5226
2017-01-19,2.80446,3.50558,2.80446,3.24591,44700,46,56312
2017-01-20,3.47961,3.47961,3.19397,3.19397,21000,25,26912
2017-01-23,3.11607,3.29784,3.0901,3.0901,8300,16,10172
2017-01-24,3.0901,3.37574,3.0901,3.168,8900,22,10975
2017-01-26,3.168,3.168,3.14204,3.14204,5700,8,6951
2017-01-27,3.11607,3.11607,3.0901,3.0901,2900,4,3452
2017-01-30,3.19397,3.19397,3.06413,3.06413,1100,2,1348
2017-01-31,3.06413,3.06413,3.06413,3.06413,200,1,236
2017-02-01,3.24591,3.29784,3.11607,3.14204,25600,17,32015
2017-02-02,3.14204,3.24591,3.14204,3.24591,5700,4,6909
2017-02-03,3.14204,3.168,3.14204,3.14204,2241600,4,2712366
2017-02-06,3.29784,3.29784,3.21994,3.21994,1600,7,2025
2017-02-07,3.21994,3.21994,3.21994,3.21994,1800,2,2232
2017-02-08,3.27187,3.27187,2.90833,3.0901,2400,9,2833
2017-02-09,3.24591,3.27187,3.11607,3.11607,5100,9,6193
2017-02-10,3.27187,3.27187,3.14204,3.14204,1600,6,1966
2017-02-13,3.19397,3.19397,3.14204,3.168,1300,3,1593
2017-02-14,3.14204,3.14204,3.11607,3.14204,4200,7,5079
2017-02-15,3.14204,3.66138,3.14204,3.66138,47700,62,62385
2017-02-16,3.89509,4.20669,3.37574,3.37574,70300,108,103395
2017-02-17,3.42768,3.71332,3.42768,3.42768,10400,23,13868
2017-02-20,3.76525,3.76525,3.50558,3.53155,10300,14,13999
2017-02-21,3.42768,3.53155,3.42768,3.42768,5400,9,7282
2017-02-22,3.37574,3.76525,3.24591,3.24591,20500,29,27002
2017-02-23,3.50558,3.50558,3.29784,3.29784,1800,5,2310
2017-02-24,3.24591,3.27187,2.98623,2.98623,13800,14,16681
2017-03-01,3.24591,3.50558,3.24591,3.50558,800,6,1062
2017-03-02,3.24591,3.24591,3.14204,3.24591,4100,7,5064
2017-03-03,3.37574,3.42768,3.37574,3.42768,300,3,393
2017-03-07,3.14204,3.14204,3.14204,3.14204,1500,3,1815
2017-03-08,3.19397,3.19397,3.14204,3.14204,3100,6,3781
2017-03-09,3.168,3.168,3.168,3.168,700,2,854
2017-03-10,3.19397,3.42768,3.14204,3.42768,6100,15,7613
2017-03-13,3.14204,3.24591,3.14204,3.24591,2600,6,3170
2017-03-14,3.24591,3.24591,3.24591,3.24591,1500,3,1875
2017-03-16,3.24591,3.24591,3.0901,3.0901,4200,8,5065
2017-03-20,3.11607,3.11607,3.11607,3.11607,500,2,600
2017-03-21,3.11607,3.11607,3.03817,3.03817,2200,7,2594
2017-03-22,3.03817,3.03817,2.9343,2.9343,700,4,807
2017-03-23,2.98623,2.98623,2.98623,2.98623,2100,5,2415
2017-03-27,2.98623,2.98623,2.98623,2.98623,100,1,115
2017-03-28,3.0122,3.0122,3.0122,3.0122,4500,3,5220
2017-03-30,3.14204,3.14204,3.14204,3.14204,200,1,242
2017-03-31,2.9343,3.06413,2.9343,2.98623,2200,8,2519
2017-04-03,2.98623,2.98623,2.98623,2.98623,400,2,460
2017-04-04,2.98623,2.98623,2.98623,2.98623,4000,3,4600
2017-04-05,2.98623,2.98623,2.98623,2.98623,3000,2,3450
2017-04-06,2.98623,2.98623,2.96027,2.96027,3000,4,3430
2017-04-07,2.96027,2.96027,2.96027,2.96027,200,1,228
2017-04-10,2.96027,2.96027,2.96027,2.96027,1000,1,1140
2017-04-11,3.03817,3.06413,3.03817,3.06413,600,2,707
2017-04-12,2.90833,2.9343,2.90833,2.90833,5700,4,6434
2017-04-13,3.11607,3.29784,2.98623,2.98623,11100,14,13427
2017-04-17,2.98623,2.98623,2.96027,2.96027,2300,5,2625
2017-04-18,2.9343,2.9343,2.90833,2.9343,5700,6,6396
2017-04-20,2.88236,2.88236,2.88236,2.88236,1400,1,1554
2017-04-24,2.8564,3.03817,2.70059,3.03817,3900,11,4335
2017-04-25,2.98623,3.0122,2.72656,2.80446,2000,6,2183
2017-04-27,2.9343,3.03817,2.9343,2.98623,3900,9,4482
2017-04-28,3.03817,3.03817,3.03817,3.03817,600,3,702
2017-05-02,3.03817,3.11607,3.03817,3.11607,700,2,837
2017-05-03,3.0901,3.0901,3.0901,3.0901,400,1,476
2017-05-04,2.8564,2.8564,2.7785,2.7785,700,5,761
2017-05-05,2.98623,2.98623,2.7785,2.7785,1100,4,1232
2017-05-08,2.88236,2.98623,2.88236,2.98623,1000,3,1125
2017-05-09,2.98623,2.98623,2.98623,2.98623,300,2,345
2017-05-10,3.11607,3.11607,3.11607,3.11607,500,1,600
2017-05-11,3.11607,3.11607,3.11607,3.11607,300,2,360
2017-05-12,3.11607,3.11607,2.98623,2.98623,1100,2,1270
2017-05-15,2.88236,2.88236,2.7785,2.7785,12400,8,13365
2017-05-16,2.90833,3.0122,2.8564,2.8564,3700,6,4106
2017-05-17,2.8564,2.98623,2.8564,2.98623,600,3,680
2017-05-18,2.7785,2.80446,2.72656,2.72656,6500,11,6886
2017-05-19,2.70059,2.8564,2.70059,2.8564,6900,6,7253
2017-05-23,2.98623,2.98623,2.98623,2.98623,100,1,115
2017-05-24,2.96027,2.98623,2.96027,2.98623,1100,3,1258
2017-05-25,2.98623,2.98623,2.98623,2.98623,200,1,230
2017-05-26,2.88236,2.90833,2.8564,2.8564,2500,5,2782
2017-05-29,2.8564,2.98623,2.80446,2.80446,6700,17,7563
2017-05-30,2.8564,2.96027,2.8564,2.96027,500,3,562
2017-05-31,2.96027,2.96027,2.96027,2.96027,2000,1,2280
2017-06-02,2.96027,2.96027,2.96027,2.96027,500,1,570
2017-06-05,2.90833,2.9343,2.90833,2.9343,1500,4,1687
2017-06-06,2.98623,2.98623,2.9343,2.96027,6100,6,6949
2017-06-08,2.90833,2.90833,2.90833,2.90833,1500,2,1680
2017-06-12,2.88236,3.06413,2.88236,3.06413,1300,3,1527
2017-06-13,2.98623,3.0122,2.88236,3.0122,5300,4,6092
2017-06-14,2.90833,3.11607,2.90833,3.11607,1400,3,1608
2017-06-16,3.0901,3.0901,3.0901,3.0901,200,1,238
2017-06-19,2.90833,2.9343,2.90833,2.9343,500,3,563
2017-06-20,2.90833,2.90833,2.90833,2.90833,800,2,896
2017-06-21,2.88236,2.88236,2.75253,2.75253,2800,3,3024
2017-06-22,2.80446,2.80446,2.72656,2.72656,5800,11,6202
2017-06-23,2.67463,2.67463,2.67463,2.67463,700,2,721
2017-06-26,2.64866,2.7785,2.64866,2.7785,1300,4,1371
2017-06-27,2.83043,2.83043,2.67463,2.67463,200,2,212
2017-06-28,2.72656,2.83043,2.72656,2.83043,900,5,966
2017-06-29,2.72656,2.83043,2.72656,2.83043,500,3,535
2017-06-30,2.83043,2.83043,2.83043,2.83043,500,1,545
2017-07-03,2.67463,2.80446,2.62269,2.70059,9700,5,9901
2017-07-04,2.80446,2.80446,2.80446,2.80446,200,1,216
2017-07-05,2.83043,2.83043,2.67463,2.67463,2400,6,2586
2017-07-06,2.72656,2.72656,2.72656,2.72656,100,1,105
2017-07-10,2.70059,2.70059,2.70059,2.70059,800,3,832
2017-07-11,2.70059,2.70059,2.70059,2.70059,500,2,520
2017-07-12,2.83043,2.83043,2.72656,2.72656,2000,6,2140
2017-07-13,2.7785,2.7785,2.7785,2.7785,4000,3,4280
2017-07-17,2.80446,2.8564,2.80446,2.8564,1400,6,1532
2017-07-18,2.8564,2.8564,2.8564,2.8564,1500,9,1650
2017-07-21,2.80446,2.80446,2.80446,2.80446,800,2,864
2017-07-24,2.80446,2.80446,2.7785,2.80446,3100,7,3347
2017-07-26,2.90833,3.47961,2.90833,2.98623,63000,94,77732
2017-07-27,3.24591,3.45364,2.98623,3.168,23000,32,29110
2017-07-28,3.34977,3.47961,3.29784,3.45364,11200,24,14469
2017-07-31,3.42768,3.42768,3.168,3.19397,3700,10,4690
2017-08-01,3.32381,3.32381,3.27187,3.27187,5300,8,6714
2017-08-02,3.21994,3.21994,3.14204,3.14204,5900,12,7217
2017-08-03,3.14204,3.14204,3.11607,3.11607,1500,3,1810
2017-08-04,3.11607,3.11607,3.11607,3.11607,400,2,480
2017-08-07,3.06413,3.06413,2.98623,2.98623,4600,6,5296
2017-08-08,2.8564,2.8564,2.8564,2.8564,600,3,660
2017-08-09,2.96027,2.96027,2.90833,2.90833,3600,4,4044
2017-08-10,2.90833,2.90833,2.90833,2.90833,300,1,336
2017-08-11,2.9343,2.9343,2.9343,2.9343,2900,4,3277
2017-08-14,2.90833,2.96027,2.7785,2.88236,12400,19,13580
2017-08-15,2.8564,2.8564,2.8564,2.8564,400,4,440
2017-08-16,2.88236,2.96027,2.88236,2.96027,1700,7,1912
2017-08-17,3.0901,3.11607,3.0901,3.11607,1600,4,1919
2017-08-18,3.11607,3.11607,2.98623,2.98623,3900,8,4630
2017-08-21,3.0122,3.06413,3.0122,3.03817,4800,5,5615
2017-08-22,3.24591,3.24591,3.0901,3.0901,10200,7,12625
2017-08-23,3.11607,3.34977,3.11607,3.21994,3900,8,4816
2017-08-24,3.21994,3.21994,3.06413,3.06413,4200,6,5002
2017-08-25,3.0122,3.03817,3.0122,3.03817,2200,6,2564
2017-08-28,3.03817,3.03817,3.0122,3.0122,2200,4,2568
2017-08-29,2.9343,2.98623,2.9343,2.98623,11000,15,12498
2017-08-30,2.96027,2.96027,2.96027,2.96027,6400,5,7296
2017-08-31,2.9343,2.96027,2.88236,2.88236,12200,17,13670
2017-09-01,2.88236,2.98623,2.83043,2.83043,3000,9,3376
2017-09-04,2.98623,2.98623,2.98623,2.98623,200,1,230
2017-09-05,2.98623,2.98623,2.80446,2.83043,4300,6,4678
2017-09-06,2.8564,2.90833,2.83043,2.8564,4200,8,4616
2017-09-08,2.98623,2.98623,2.98623,2.98623,700,3,805
2017-09-11,2.98623,2.98623,2.88236,2.96027,5000,10,5640
2017-09-12,2.96027,2.96027,2.88236,2.96027,1900,6,2148
2017-09-13,2.88236,3.03817,2.88236,3.03817,8400,11,9354
2017-09-14,3.03817,3.03817,2.88236,2.88236,2900,6,3324
2017-09-15,2.88236,3.0122,2.8564,3.0122,21700,18,24041
2017-09-18,3.0122,3.0122,3.0122,3.0122,1200,2,1392
2017-09-19,3.0122,3.0122,2.98623,2.98623,600,3,691
2017-09-20,2.96027,2.96027,2.96027,2.96027,800,3,912
2017-09-22,2.96027,2.96027,2.96027,2.96027,300,2,342
2017-09-25,2.9343,2.9343,2.80446,2.80446,300,3,332
2017-09-26,2.8564,2.8564,2.8564,2.8564,3100,4,3410
2017-09-27,2.80446,2.8564,2.7785,2.8564,9100,9,9828
2017-09-28,2.8564,2.8564,2.8564,2.8564,200,2,220
2017-10-02,2.83043,2.83043,2.83043,2.83043,200,1,218
2017-10-03,2.72656,2.8564,2.72656,2.8564,1500,2,1625
2017-10-05,2.8564,2.8564,2.8564,2.8564,200,1,220
2017-10-06,2.8564,2.8564,2.75253,2.7785,1500,5,1608
2017-10-10,2.7785,2.7785,2.7785,2.7785,1000,3,1070
2017-10-11,2.80446,2.9343,2.80446,2.9343,1000,8,1121
2017-10-13,2.9343,2.9343,2.80446,2.83043,1200,3,1302
2017-10-17,2.83043,2.83043,2.7785,2.7785,2000,4,2160
2017-10-18,2.80446,2.9343,2.80446,2.80446,3400,6,3804
2017-10-20,2.7785,2.7785,2.72656,2.72656,3000,4,3170
2017-10-23,2.72656,2.72656,2.64866,2.64866,3000,5,3108
2017-10-24,2.70059,2.70059,2.62269,2.67463,4600,8,4695
2017-10-25,2.72656,2.75253,2.72656,2.75253,1700,4,1791
2017-10-26,2.70059,2.70059,2.70059,2.70059,100,1,104
2017-10-31,2.72656,2.72656,2.72656,2.72656,200,1,210
2017-11-01,2.70059,2.70059,2.62269,2.62269,4200,4,4271
2017-11-03,2.64866,2.70059,2.64866,2.70059,2700,4,2774
2017-11-06,2.70059,2.70059,2.70059,2.70059,1000,1,1040
2017-11-07,2.64866,2.64866,2.64866,2.64866,200,1,204
2017-11-09,2.64866,2.64866,2.62269,2.62269,13100,5,13241
2017-11-13,2.62269,2.62269,2.62269,2.62269,2900,1,2929
2017-11-17,2.67463,2.67463,2.67463,2.67463,2500,1,2575
2017-11-21,2.67463,2.67463,2.67463,2.67463,500,1,515
2017-11-24,2.7785,2.80446,2.7785,2.80446,1000,2,1078
2017-11-30,2.7785,2.7785,2.67463,2.67463,800,3,848
2017-12-01,2.75253,2.75253,2.75253,2.75253,100,1,106
2017-12-06,2.67463,2.67463,2.67463,2.67463,300,2,309
2017-12-07,2.67463,2.67463,2.67463,2.67463,500,2,515
2017-12-08,2.67463,2.67463,2.67463,2.67463,800,1,824
2017-12-11,2.7785,2.7785,2.72656,2.72656,600,2,636
2017-12-12,2.72656,2.72656,2.72656,2.72656,100,1,105
2017-12-13,2.67463,2.67463,2.67463,2.67463,100,1,103
2017-12-18,2.64866,2.64866,2.64866,2.64866,1100,3,1122
2017-12-20,2.62269,2.64866,2.62269,2.64866,1400,2,1422
2017-12-21,2.7785,2.7785,2.62269,2.62269,2300,2,2347
2017-12-26,2.72656,2.75253,2.72656,2.75253,1100,3,1161
2017-12-28,2.64866,2.75253,2.62269,2.75253,2600,4,2686
2018-01-02,2.64866,2.64866,2.64866,2.64866,1000,2,1020
2018-01-03,2.64866,2.64866,2.64866,2.64866,1800,3,1836
2018-01-04,2.64866,2.64866,2.64866,2.64866,200,1,204
2018-01-05,2.67463,2.67463,2.67463,2.67463,200,1,206
2018-01-09,2.67463,2.67463,2.67463,2.67463,800,1,824
2018-01-11,2.64866,2.64866,2.64866,2.64866,400,1,408
2018-01-12,2.83043,2.88236,2.83043,2.8564,5700,11,6283
2018-01-15,2.8564,2.8564,2.7785,2.7785,500,3,545
2018-01-16,2.67463,2.67463,2.67463,2.67463,300,1,309
2018-01-17,2.67463,2.67463,2.67463,2.67463,100,1,103
2018-01-19,2.72656,2.72656,2.67463,2.67463,3100,4,3201
2018-01-22,2.67463,2.67463,2.67463,2.67463,200,1,206
2018-01-23,2.64866,2.64866,2.62269,2.64866,13600,8,13856
2018-01-24,2.62269,2.64866,2.62269,2.64866,200,2,203
2018-01-26,2.64866,2.64866,2.64866,2.64866,1300,5,1326
2018-02-01,2.70059,2.72656,2.70059,2.72656,2200,6,2306
2018-02-07,2.64866,2.64866,2.64866,2.64866,500,1,510
2018-02-08,2.64866,2.67463,2.64866,2.67463,1100,3,1132
2018-02-09,2.64866,2.64866,2.64866,2.64866,2000,2,2040
2018-02-15,2.64866,2.64866,2.64866,2.64866,100,1,102
2018-02-21,2.80446,2.80446,2.80446,2.80446,300,1,324
2018-02-23,2.62269,2.62269,2.62269,2.62269,54800,12,55348
2018-02-26,2.62269,2.62269,2.62269,2.62269,900,3,909
2018-02-27,2.59672,2.59672,2.59672,2.59672,6100,8,6100
2018-02-28,2.64866,2.64866,2.59672,2.59672,1200,4,1202
2018-03-02,2.59672,2.59672,2.59672,2.59672,8800,13,8800
2018-03-05,2.59672,2.70059,2.59672,2.70059,700,3,708
2018-03-06,2.59672,2.59672,2.59672,2.59672,500,2,500
2018-03-07,2.59672,2.59672,2.59672,2.59672,400,1,400
2018-03-08,2.70059,2.72656,2.70059,2.72656,12500,4,13116
2018-03-09,2.72656,2.72656,2.72656,2.72656,400,1,420
2018-03-12,2.72656,2.72656,2.67463,2.67463,700,2,723
2018-03-14,2.70059,2.70059,2.70059,2.70059,500,1,520
2018-03-15,2.70059,2.70059,2.70059,2.70059,400,1,416
2018-03-20,2.80446,2.80446,2.80446,2.80446,100,1,108
2018-03-26,2.59672,2.59672,2.59672,2.59672,3100,5,3100
2018-03-27,2.72656,2.8564,2.72656,2.8564,4100,6,4360
2018-03-28,2.83043,2.83043,2.83043,2.83043,400,2,436
2018-04-02,2.7785,2.7785,2.59672,2.62269,9400,20,9528
2018-04-03,2.59672,2.62269,2.59672,2.62269,6900,8,6930
2018-04-04,2.62269,2.62269,2.62269,2.62269,2100,3,2121
2018-04-05,2.62269,2.62269,2.59672,2.62269,6200,6,6212
2018-04-06,2.59672,2.59672,2.59672,2.59672,11800,2,11800
2018-04-10,2.62269,2.62269,2.62269,2.62269,1000,2,1010
2018-04-11,2.59672,2.59672,2.59672,2.59672,7100,5,7100
2018-04-13,2.59672,2.59672,2.59672,2.59672,1000,1,1000
2018-04-16,2.59672,2.59672,2.59672,2.59672,2000,2,2000
2018-04-17,2.59672,2.59672,2.59672,2.59672,1500,2,1500
2018-04-18,2.59672,2.59672,2.59672,2.59672,1000,2,1000
2018-04-19,2.59672,2.59672,2.59672,2.59672,3000,3,3000
2018-04-24,2.59672,2.59672,2.59672,2.59672,500,1,500
2018-04-25,2.59672,2.72656,2.59672,2.72656,2100,4,2150
2018-04-26,2.59672,2.72656,2.59672,2.72656,600,2,605
2018-04-27,2.72656,2.72656,2.59672,2.72656,700,4,715
2018-05-03,2.59672,2.72656,2.59672,2.72656,1200,3,1210
2018-05-04,2.59672,2.59672,2.59672,2.59672,1000,1,1000
2018-05-07,2.59672,2.59672,2.59672,2.59672,900,1,900
2018-05-08,2.59672,2.59672,2.59672,2.59672,900,1,900
2018-05-09,2.72656,2.72656,2.72656,2.72656,300,1,315
2018-05-10,2.72656,2.75253,2.57076,2.57076,6600,7,6878
2018-05-11,2.57076,2.59672,2.57076,2.59672,6800,2,6736
2018-05-14,2.59672,2.59672,2.59672,2.59672,100,1,100
2018-05-15,2.59672,2.59672,2.59672,2.59672,400,2,400
2018-05-16,2.7785,2.7785,2.59672,2.59672,600,2,607
2018-05-17,2.67463,2.67463,2.59672,2.59672,700,2,706
2018-05-21,2.59672,2.59672,2.59672,2.59672,100,1,100
2018-05-23,2.54479,2.59672,2.54479,2.59672,1000,2,990
2018-05-25,2.59672,2.59672,2.59672,2.59672,500,2,500
2018-06-05,2.46689,2.46689,2.46689,2.46689,5000,2,4750
2018-06-15,2.07738,2.46689,2.07738,2.46689,300,2,255
2018-06-21,2.46689,2.46689,2.46689,2.46689,1100,1,1045
2018-06-26,2.54479,2.54479,2.54479,2.54479,500,4,490
2018-06-29,2.57076,2.70059,2.57076,2.70059,4100,4,4064
2018-07-02,2.75253,3.24591,2.72656,2.9343,33600,37,37284
2018-07-03,2.98623,2.98623,2.59672,2.96027,5600,13,6257
2018-07-04,2.59672,2.9343,2.59672,2.9343,500,5,533
2018-07-05,2.9343,2.9343,2.9343,2.9343,100,1,113
2018-07-06,2.9343,2.98623,2.9343,2.98623,1400,4,1589
2018-07-10,2.83043,2.8564,2.59672,2.70059,32500,36,33104
2018-07-11,2.59672,2.70059,2.59672,2.70059,700,3,704
2018-07-12,2.51882,2.59672,2.51882,2.59672,800,2,791
2018-07-13,2.59672,2.59672,2.59672,2.59672,200,1,200
2018-07-16,2.59672,2.59672,2.46689,2.46689,2100,6,2065
2018-07-17,2.49286,2.49286,2.49286,2.49286,200,2,192
2018-07-18,2.46689,2.51882,2.46689,2.46689,3700,6,3537
2018-07-19,2.59672,2.59672,2.46689,2.46689,2300,6,2204
2018-07-23,2.46689,2.46689,2.46689,2.46689,300,2,285
2018-07-25,2.46689,2.54479,2.46689,2.54479,1500,3,1455
2018-07-27,2.54479,2.54479,2.54479,2.54479,100,1,98
2018-08-03,2.49286,2.51882,2.49286,2.51882,700,3,678
2018-08-06,2.49286,2.49286,2.46689,2.46689,2000,4,1910
2018-08-07,2.46689,2.46689,2.46689,2.46689,300,1,285
2018-08-20,2.49286,2.49286,2.49286,2.49286,100,1,96
2018-08-21,2.46689,2.46689,2.46689,2.46689,100,1,95
2018-08-27,2.46689,2.46689,2.46689,2.46689,100,1,95
2018-09-03,2.46689,2.46689,2.46689,2.46689,500,2,475
2018-09-04,2.33705,2.33705,2.33705,2.33705,1100,2,990
2018-09-06,2.12931,2.15528,2.12931,2.15528,5900,10,4866
2018-09-10,2.07738,2.07738,2.05141,2.05141,8600,2,6840
2018-09-12,1.76577,2.20722,1.76577,2.07738,4500,5,3678
2018-09-14,2.10335,2.10335,2.07738,2.07738,1100,3,890
2018-09-19,2.02545,2.07738,1.94754,2.07738,2900,7,2260
2018-09-20,1.94754,1.94754,1.94754,1.94754,1800,3,1350
2018-09-25,1.94754,1.94754,1.71384,1.81771,8000,10,5475
2018-09-26,1.81771,1.81771,1.81771,1.81771,1600,3,1120
2018-09-28,1.81771,1.81771,1.81771,1.81771,500,3,350
2018-10-01,1.81771,1.81771,1.81771,1.81771,400,3,280
2018-10-03,1.76577,1.76577,1.71384,1.71384,2600,5,1756
2018-10-04,1.71384,1.73981,1.71384,1.73981,2800,2,1851
2018-10-05,1.32433,1.73981,1.32433,1.63594,17900,27,10536
2018-10-08,1.79174,1.79174,1.5061,1.5061,1100,6,692
2018-10-09,1.55803,1.60997,1.55803,1.60997,1800,8,1082
2018-10-11,1.73981,1.94754,1.68787,1.94754,11800,44,8273
2018-10-15,1.94754,2.67463,1.94754,2.64866,56400,77,51532
2018-10-16,2.67463,3.63541,2.67463,3.03817,88000,155,110164
2018-10-17,3.11607,5.16748,3.11607,4.57024,184900,364,317840
2018-10-18,5.34925,9.14047,5.34925,9.14047,343400,780,1094917
2018-10-19,11.42559,17.39805,11.42559,16.87871,683200,1521,3969364
2018-10-22,16.61904,16.61904,9.34821,10.90624,310900,688,1394446
2018-10-23,10.3869,10.77641,8.9587,9.52998,196700,413,743483
2018-10-24,10.3869,12.56815,9.84159,10.51673,591400,917,2477921
2018-10-25,11.03608,11.03608,7.97194,8.82886,186200,457,680228
2018-10-26,9.34821,9.34821,6.80342,7.01116,127900,281,383941
2018-10-29,7.27083,7.27083,5.27135,5.29732,167100,276,410290
2018-10-30,5.34925,5.45312,3.63541,3.73928,138400,246,222463
2018-10-31,3.68735,7.6863,3.60945,7.50453,545400,870,1387625
2018-11-01,6.75148,6.75148,5.73876,6.1023,293100,489,703166
2018-11-05,6.36198,7.19293,5.84263,6.36198,267700,365,681905
2018-11-06,6.1802,6.23214,5.8686,5.97247,80800,155,188540
2018-11-07,6.12827,6.12827,5.47909,5.50506,67300,155,148269
2018-11-08,5.97247,6.1802,5.19345,5.29732,108100,202,230939
2018-11-09,5.32329,5.42715,5.08958,5.11555,43500,99,87599
2018-11-12,5.19345,5.19345,4.85588,5.06361,32200,69,62343
2018-11-13,5.03765,5.81666,4.80394,5.03765,186200,244,392629
2018-11-14,5.14151,5.29732,4.85588,4.90781,90100,106,173264
2018-11-16,4.85588,5.01168,4.5183,4.6741,151600,190,273491
2018-11-19,4.75201,4.75201,4.5183,4.57024,35900,69,63826
2018-11-21,4.64814,4.64814,4.31056,4.41443,52400,109,89614
2018-11-22,4.64814,4.6741,4.20669,4.41443,40800,113,69664
2018-11-23,4.41443,4.41443,4.05089,4.15476,30800,67,49247
2018-11-26,4.20669,4.38846,4.02492,4.07686,59100,72,94784
2018-11-27,4.3625,4.3625,3.66138,3.76525,54100,101,80324
2018-11-28,3.79122,4.02492,3.63541,3.76525,109600,177,161095
2018-11-29,3.89509,4.6741,3.60945,4.07686,367700,478,606298
2018-11-30,4.07686,4.20669,3.68735,3.71332,163100,264,243464
2018-12-03,3.81719,3.84315,3.37574,3.45364,152000,230,207667
2018-12-04,3.45364,3.55751,3.29784,3.29784,64200,86,84635
2018-12-05,3.32381,3.37574,3.24591,3.27187,38000,94,48350
2018-12-06,3.21994,3.42768,3.21994,3.27187,21500,56,27464
2018-12-07,3.34977,3.81719,3.24591,3.24591,133300,184,180307
2018-12-10,3.34977,3.37574,3.06413,3.11607,106400,132,130729
2018-12-11,3.11607,3.29784,2.96027,3.14204,122200,161,145888
2018-12-12,3.168,3.19397,2.90833,3.06413,67700,108,79626
2018-12-13,3.0901,3.168,3.0122,3.03817,35600,38,42362
2018-12-14,3.06413,3.14204,2.98623,3.0901,24400,55,28950
2018-12-17,3.0901,3.0901,2.9343,2.98623,41400,56,47856
2018-12-18,3.03817,3.03817,2.88236,2.88236,41300,60,46961
2018-12-19,2.90833,3.03817,2.70059,2.8564,66100,93,70810
2018-12-20,2.54479,2.54479,2.54479,2.54479,47200,66,46256
2018-12-21,2.10335,2.10335,2.10335,2.10335,58700,65,47547
2018-12-26,2.33705,3.11607,2.33705,2.80446,328500,335,359555
2018-12-27,2.80446,2.98623,2.62269,2.72656,144400,135,153695
2018-12-28,2.83043,2.83043,2.51882,2.51882,344000,388,346491
2019-01-02,2.62269,2.67463,2.57076,2.57076,82700,103,83948
2019-01-03,2.59672,2.98623,2.57076,2.62269,488000,327,514375
2019-01-04,2.64866,2.7785,2.57076,2.57076,314900,174,318152
2019-01-07,2.64866,2.67463,2.57076,2.57076,206700,143,208382
2019-01-08,2.59672,2.67463,2.57076,2.64866,97000,76,98748
2019-01-09,2.64866,2.64866,2.57076,2.59672,81400,100,81268
2019-01-10,2.62269,2.67463,2.57076,2.59672,82300,66,82592
2019-01-11,2.57076,2.62269,2.57076,2.59672,52200,62,52344
2019-01-14,2.59672,2.62269,2.57076,2.57076,74500,63,74029
2019-01-15,2.57076,2.59672,2.51882,2.51882,49500,83,49040
2019-01-16,2.51882,2.59672,2.49286,2.54479,48100,68,47232
2019-01-17,2.54479,4.75201,2.51882,4.18073,1667900,1287,2501740
2019-01-18,4.41443,4.41443,2.96027,3.06413,1591000,1161,2141099
2019-01-21,3.21994,3.92105,3.06413,3.21994,1731800,1357,2320295
2019-01-22,3.24591,3.37574,3.0901,3.168,413100,345,515607
2019-01-23,3.24591,3.29784,3.06413,3.11607,248700,214,299633
2019-01-24,3.168,3.168,3.06413,3.06413,135800,134,161433
2019-01-28,3.03817,3.06413,2.88236,2.88236,170200,181,192233
2019-01-29,2.90833,2.96027,2.83043,2.8564,132000,116,146618
2019-01-30,2.88236,2.88236,2.80446,2.83043,115800,89,126567
2019-01-31,2.8564,3.45364,2.80446,3.0901,2336900,1670,2926813
2019-02-01,3.03817,3.0901,2.90833,2.98623,444900,263,513152
2019-02-04,2.96027,3.03817,2.90833,2.96027,282300,155,319895
2019-02-05,2.98623,2.98623,2.8564,2.90833,301400,153,336626
2019-02-06,2.90833,2.90833,2.83043,2.8564,161000,98,177667
2019-02-07,2.8564,2.88236,2.80446,2.80446,56000,72,61241
2019-02-08,2.83043,2.9343,2.80446,2.80446,120200,113,132225
2019-02-11,2.88236,2.88236,2.80446,2.8564,56900,57,62306
2019-02-12,2.83043,3.03817,2.7785,2.80446,349800,201,390373
2019-02-13,2.9343,3.0901,2.8564,2.88236,843100,433,963601
2019-02-14,2.9343,2.98623,2.83043,2.83043,394600,219,438470
2019-02-15,2.88236,2.88236,2.80446,2.83043,275200,141,299838
2019-02-18,2.8564,2.88236,2.80446,2.80446,216100,119,236243
2019-02-19,2.83043,2.9343,2.83043,2.8564,341600,190,377883
2019-02-20,2.8564,2.98623,2.8564,2.90833,322800,192,362796
2019-02-21,2.96027,3.03817,2.83043,2.83043,452300,247,511667
2019-02-22,2.8564,2.88236,2.83043,2.83043,108200,76,118877
2019-02-25,2.8564,2.88236,2.83043,2.83043,35200,44,38693
2019-02-26,2.83043,2.88236,2.80446,2.8564,179500,100,195844
2019-02-27,2.88236,3.03817,2.88236,2.88236,715900,276,811096
2019-02-28,2.90833,2.9343,2.8564,2.8564,141400,71,157248
2019-03-01,2.88236,2.90833,2.83043,2.83043,96500,70,106205
2019-03-06,2.8564,2.88236,2.83043,2.83043,71700,35,78431
2019-03-07,2.8564,2.9343,2.8564,2.88236,202900,108,225823
2019-03-08,2.96027,3.32381,2.90833,2.90833,1737900,837,2049789
2019-03-11,2.98623,3.11607,2.90833,2.96027,382100,222,442586
2019-03-12,2.96027,3.0122,2.7785,2.88236,519700,225,576511
2019-03-13,2.88236,2.90833,2.80446,2.83043,454700,185,500240
2019-03-14,2.8564,3.32381,2.8564,2.8564,2553900,872,3009018
2019-03-15,2.9343,3.06413,2.83043,2.8564,3544700,1208,3987963
2019-03-18,2.9343,3.14204,2.8564,2.98623,3075300,1289,3513934
2019-03-19,3.168,3.24591,2.88236,2.90833,3720500,1353,4371091
2019-03-20,2.9343,2.96027,2.8564,2.8564,1960800,613,2177874
2019-03-21,2.8564,2.88236,2.64866,2.7785,2249300,685,2416898
2019-03-22,2.7785,2.7785,2.64866,2.67463,516000,375,538043
2019-03-25,2.70059,2.75253,2.54479,2.57076,412300,240,422648
2019-03-26,2.67463,2.72656,2.64866,2.67463,371600,172,384053
2019-03-27,2.67463,2.83043,2.64866,2.67463,585200,342,615667
2019-03-28,2.64866,2.70059,2.62269,2.64866,134600,138,138127
2019-03-29,2.67463,2.70059,2.57076,2.57076,299100,220,300459
2019-04-01,2.64866,2.64866,2.49286,2.54479,272500,183,268181
2019-04-02,2.54479,2.57076,2.49286,2.49286,263800,158,255506
2019-04-03,2.51882,2.51882,2.44092,2.44092,159300,124,152179
2019-04-04,2.44092,2.49286,2.41495,2.41495,134600,131,126451
2019-04-05,2.46689,2.46689,2.36302,2.44092,170300,143,157841
2019-04-08,2.44092,2.70059,2.41495,2.46689,779600,409,775168
2019-04-09,2.54479,2.54479,2.44092,2.44092,275800,175,263508
2019-04-10,2.44092,2.51882,2.36302,2.36302,732300,303,684886
2019-04-11,2.38899,2.38899,2.23318,2.25915,622300,301,551410
2019-04-12,2.23318,2.31108,2.07738,2.10335,804700,377,663976
2019-04-15,2.07738,2.07738,1.81771,1.81771,857500,414,642351
2019-04-16,1.84367,2.02545,1.6619,1.84367,1147700,649,819040
2019-04-17,1.89561,1.99948,1.86964,1.89561,595700,261,437138
2019-04-18,1.89561,1.92158,1.71384,1.71384,611200,346,424297
2019-04-22,1.76577,1.79174,1.6619,1.6619,312700,205,206194
2019-04-23,1.6619,1.79174,1.55803,1.55803,1089200,413,692848
2019-04-24,1.60997,1.60997,1.48013,1.53207,480500,273,283266
2019-04-25,1.53207,1.6619,1.48013,1.55803,657900,305,399157
2019-04-26,1.584,1.60997,1.48013,1.55803,569500,221,335947
2019-04-29,1.53207,1.584,1.5061,1.5061,198100,128,117087
2019-04-30,1.53207,1.55803,1.48013,1.48013,267400,115,153671
2019-05-02,1.48013,1.5061,1.4282,1.4282,220800,153,123095
2019-05-03,1.45417,1.5061,1.40223,1.48013,366800,205,207744
2019-05-06,1.48013,1.48013,1.4282,1.45417,96500,93,54175
2019-05-07,1.45417,1.55803,1.4282,1.48013,267200,132,153781
2019-05-08,1.5061,1.76577,1.48013,1.53207,1028000,577,630534
2019-05-09,1.55803,1.55803,1.45417,1.48013,251800,123,145107
2019-05-10,1.5061,1.5061,1.45417,1.5061,144400,136,82584
2019-05-13,1.48013,1.5061,1.45417,1.45417,165400,102,95027
2019-05-14,1.48013,1.5061,1.40223,1.40223,261000,109,145124
2019-05-15,1.4282,1.4282,1.3503,1.40223,147900,136,78283
2019-05-16,1.40223,1.40223,1.3503,1.3503,102200,102,54157
2019-05-17,1.37626,1.37626,1.24643,1.24643,227500,181,113722
2019-05-20,1.2724,1.2724,1.22046,1.22046,163700,122,78602
2019-05-21,1.24643,1.40223,1.24643,1.32433,434800,267,223986
2019-05-22,1.3503,1.37626,1.2724,1.29836,233100,110,117577
2019-05-23,1.32433,1.32433,1.24643,1.29836,252000,153,125204
2019-05-24,1.29836,1.3503,1.2724,1.29836,84500,58,42436
2019-05-27,1.29836,1.32433,1.2724,1.32433,89000,71,44970
2019-05-28,1.32433,1.37626,1.29836,1.29836,119800,98,60866
2019-05-29,1.29836,1.32433,1.29836,1.29836,54200,64,27185
2019-05-30,1.29836,1.48013,1.2724,1.37626,834000,463,449722
2019-05-31,1.40223,1.4282,1.3503,1.37626,242200,137,128214
2019-06-03,1.37626,1.40223,1.3503,1.3503,94400,81,49766
2019-06-04,1.37626,1.37626,1.32433,1.32433,148700,110,76197
2019-06-05,1.32433,1.32433,1.2724,1.2724,175100,120,87346
2019-06-06,1.2724,1.2724,1.19449,1.24643,350200,240,166342
2019-06-07,1.22046,1.24643,1.16853,1.16853,245900,153,114621
2019-06-10,1.01272,1.03869,0.93482,0.97637,232400,423,439115
2019-06-11,0.99195,1.00753,0.90885,0.91924,74500,137,136372
2019-06-12,0.93482,0.97637,0.90885,0.90885,59400,98,106572
2019-06-13,0.91405,0.92963,0.88808,0.88808,29800,75,51694
2019-06-14,0.88289,1.01792,0.86211,0.93482,222900,275,399561
2019-06-17,0.94001,1.09582,0.94001,1.02311,177500,254,354506
2019-06-18,1.03869,1.03869,0.94521,0.98676,56100,124,107301
2019-06-19,0.97637,0.98676,0.95559,0.96598,49100,86,91109
2019-06-21,0.96598,1.14256,0.96598,1.08024,252900,305,513903
2019-06-24,1.09062,1.16853,1.08024,1.09062,147300,225,317002
2019-06-25,1.1062,1.13217,1.01272,1.03869,116800,132,236453
2019-06-26,1.05946,1.09062,1.01272,1.04388,56900,75,115314
2019-06-27,1.0335,1.04388,1.00753,1.00753,21000,56,41190
2019-06-28,1.00753,1.0335,0.99714,1.0283,21600,61,41905
2019-07-01,1.01272,1.0283,1.00234,1.00753,12900,33,25251
2019-07-02,1.00234,1.00234,0.98676,0.98676,17200,52,32877
2019-07-03,0.99195,1.0283,0.98676,0.99195,22600,38,43689
2019-07-04,0.98676,1.01792,0.98156,0.99714,16100,37,30726
2019-07-05,0.99714,1.11659,0.99195,1.04908,160000,212,327980
2019-07-08,1.1114,1.12698,1.0283,1.07504,121400,179,250129
2019-07-10,1.13737,1.3503,1.13737,1.32433,303700,392,740639
2019-07-11,1.37626,1.5061,1.22046,1.22565,339500,538,899143
2019-07-12,1.2672,1.30875,1.23085,1.2672,75800,130,184788
2019-07-15,1.30875,1.31394,1.20488,1.22565,48700,114,116632
2019-07-16,1.24643,1.29317,1.24643,1.2672,35900,65,87355
2019-07-17,1.27759,1.40223,1.27759,1.31914,294900,332,764520
2019-07-18,1.36068,1.37626,1.31914,1.33472,115700,120,301734
2019-07-19,1.32433,1.36068,1.32433,1.32433,43800,62,112862
2019-07-22,1.36068,1.37107,1.32952,1.36068,61600,90,160913
2019-07-23,1.38146,1.45417,1.3503,1.38665,235700,279,636829
2019-07-24,1.3451,1.36588,1.27759,1.28798,110800,221,279037
2019-07-25,1.28278,1.32433,1.2724,1.2724,49200,109,122148
2019-07-26,1.27759,1.29836,1.25162,1.2724,12200,44,29751
2019-07-29,1.2724,1.2724,1.25681,1.25681,10500,19,25623
2019-07-30,1.25681,1.26201,1.25162,1.26201,17900,36,43241
2019-07-31,1.28798,1.28798,1.24643,1.2724,24900,58,60768
2019-08-01,1.25162,1.2724,1.24643,1.24643,45100,58,108819
2019-08-02,1.24643,1.24643,1.22046,1.24123,21600,54,51476
2019-08-05,1.23604,1.23604,1.16853,1.17891,22300,55,51001
2019-08-06,1.18411,1.19449,1.16853,1.17891,13400,26,30426
2019-08-07,1.17372,1.19969,1.14256,1.14256,19800,39,44604
2019-08-08,1.19449,1.19449,1.15814,1.17891,9500,25,21551
2019-08-09,1.15814,1.15814,1.10101,1.14256,25700,63,56339
2019-08-12,1.13737,1.13737,1.10101,1.12179,12900,35,27722
2019-08-13,1.12179,1.13217,1.1114,1.11659,24900,67,53793
2019-08-14,1.10101,1.1114,1.06466,1.09062,23900,51,50248
2019-08-15,1.08024,1.08024,1.03869,1.04388,27100,56,54448
2019-08-16,1.04908,1.08024,1.03869,1.06466,11300,38,22919
2019-08-19,1.05427,1.05427,1.01792,1.01792,10700,29,21273
2019-08-20,1.01272,1.01272,0.97637,0.98676,24100,45,46317
2019-08-21,0.99714,1.03869,0.96079,1.0335,13200,51,25291
2019-08-22,0.97637,1.03869,0.97117,1.03869,13700,37,26645
2019-08-23,1.00753,1.04908,0.98156,1.01272,7200,36,13789
2019-08-26,1.0335,1.03869,0.93482,0.99714,23800,41,44845
2019-08-27,0.98156,1.00234,0.98156,0.99195,6300,14,11988
2019-08-28,0.98676,1.18411,0.98676,1.13217,258800,396,553238
2019-08-29,1.12698,1.15295,1.02311,1.09062,77100,155,160681
2019-08-30,1.11659,1.12698,1.04908,1.05427,28600,64,59344
2019-09-02,1.08024,1.12179,1.05946,1.09062,37000,57,76580
2019-09-03,1.1062,1.1062,1.06466,1.1062,19500,46,41134
2019-09-04,1.12179,1.2672,1.09062,1.20488,309900,533,714485
2019-09-05,1.21527,1.24643,1.14775,1.1893,54600,139,125135
2019-09-06,1.15295,1.18411,1.05946,1.08024,122700,172,263184
2019-09-09,1.09062,1.11659,1.08024,1.09062,15200,33,31938
2019-09-10,1.11659,1.12179,1.08543,1.09062,12400,45,26275
2019-09-11,1.09062,1.16853,1.07504,1.07504,74600,81,157369
2019-09-12,1.09062,1.09582,1.07504,1.09062,20700,30,43394
2019-09-13,1.09582,1.1114,1.08024,1.10101,5200,14,10933
2019-09-16,1.08543,1.09582,1.08024,1.09062,9900,19,20663
2019-09-17,1.08024,1.09582,1.08024,1.09582,5700,20,11885
2019-09-18,1.09062,1.09062,1.07504,1.08024,29800,31,61994
2019-09-19,1.08024,1.12698,1.08024,1.1062,13100,38,27881
2019-09-20,1.1062,1.12179,1.09062,1.12179,14300,31,30331
2019-09-23,1.1114,1.12179,1.09062,1.1062,7700,25,16328
2019-09-24,1.1062,1.16853,1.1062,1.11659,53400,90,116178
2019-09-25,1.1114,1.13217,1.1062,1.1062,19700,45,42327
2019-09-26,1.09582,1.13737,1.08543,1.11659,32900,84,70699
2019-09-27,1.1114,1.22046,1.08543,1.13217,245600,447,555506
2019-09-30,1.13217,1.20488,1.13217,1.15814,200900,361,453242
2019-10-01,1.16333,1.16853,1.11659,1.14256,101200,150,222615
2019-10-02,1.14256,1.15295,1.10101,1.12698,48100,65,104162
2019-10-03,1.13217,1.13217,1.10101,1.10101,33600,52,72241
2019-10-04,1.1114,1.12698,1.09062,1.11659,25400,42,53908
2019-10-07,1.1062,1.11659,1.09062,1.09582,13100,24,27598
2019-10-08,1.1114,1.12179,1.09582,1.10101,16700,37,35499
2019-10-09,1.1114,1.12179,1.08543,1.09062,20100,25,42278
2019-10-10,1.09062,1.11659,1.09062,1.09582,7100,22,15047
2019-10-11,1.1062,1.12179,1.09582,1.11659,11300,28,24091
2019-10-14,1.12179,1.12179,1.08543,1.08543,35100,50,73763
2019-10-15,1.10101,1.10101,1.08543,1.08543,11100,22,23220
2019-10-16,1.08024,1.1062,1.07504,1.10101,22100,38,46130
2019-10-17,1.10101,1.10101,1.08543,1.09062,16900,29,35664
2019-10-18,1.08543,1.10101,1.08543,1.10101,3200,20,6733
2019-10-21,1.09582,1.1062,1.09062,1.09062,4400,18,9258
2019-10-22,1.1114,1.1114,1.09062,1.09062,2600,13,5487
2019-10-23,1.09062,1.1114,1.08543,1.09582,12500,34,26280
2019-10-24,1.09582,1.09582,1.08543,1.09062,9800,27,20588
2019-10-25,1.08543,1.15814,1.08543,1.11659,87800,170,190394
2019-10-28,1.13737,1.13737,1.10101,1.11659,10600,33,22838
2019-10-29,1.1114,1.1114,1.09582,1.09582,15300,29,32450
2019-10-30,1.09062,1.1114,1.08543,1.1062,21600,43,45565
2019-10-31,1.1114,1.1114,1.08543,1.09062,13200,35,27950
2019-11-01,1.09062,1.1062,1.08024,1.09582,36800,53,76938
2019-11-04,1.08024,1.09062,1.08024,1.09062,14900,23,31071
2019-11-05,1.08024,1.08543,1.08024,1.08543,10600,23,22073
2019-11-06,1.08024,1.08543,1.08024,1.08543,3700,9,7716
2019-11-07,1.08543,1.08543,1.04388,1.08024,19600,31,40092
2019-11-08,1.07504,1.08024,1.05427,1.05946,8000,38,16350
2019-11-11,1.06985,1.06985,1.04388,1.05427,12800,29,25821
2019-11-12,1.05946,1.08024,1.04388,1.08024,6600,18,13397
2019-11-13,1.06985,1.06985,1.05427,1.06466,1300,8,2657
2019-11-14,1.08024,1.1062,1.05427,1.05427,44600,82,92908
2019-11-18,1.07504,1.08024,1.04908,1.05427,15600,29,32043
2019-11-19,1.05946,1.06466,1.05427,1.06466,10700,12,21916
2019-11-21,1.05427,1.08543,1.05427,1.08024,10500,24,21591
2019-11-22,1.08024,1.09062,1.05946,1.05946,20100,28,41774
2019-11-25,1.05427,1.09062,1.05427,1.05946,39000,70,80160
2019-11-26,1.06985,1.06985,1.05427,1.05946,12100,29,24774
2019-11-27,1.05946,1.06466,1.05946,1.06466,36700,46,75030
2019-11-28,1.05946,1.05946,1.04908,1.05427,24100,32,48789
2019-11-29,1.04908,1.06466,1.04388,1.04908,27200,51,54885
2019-12-02,1.05427,1.16333,1.05427,1.09582,578600,500,1256054
2019-12-03,1.10101,1.16853,1.09062,1.1062,226700,320,495142
2019-12-04,1.11659,1.14256,1.08543,1.12179,100100,161,214435
2019-12-05,1.13217,1.13737,1.1062,1.12179,30200,74,65437
2019-12-06,1.13737,1.31914,1.13737,1.31914,377900,488,890503
2019-12-09,1.38665,1.73981,1.37626,1.46455,470900,802,1370356
2019-12-10,1.51649,1.71384,1.40223,1.40223,299900,628,890559
2019-12-11,1.41262,1.47494,1.29836,1.36588,154700,338,406914
2019-12-12,1.33991,1.60997,1.33991,1.60997,289600,429,831471
2019-12-13,1.63594,1.76577,1.61516,1.75539,514200,680,1689143
2019-12-16,1.77097,1.91119,1.76577,1.81771,111800,254,390065
2019-12-17,1.82809,1.84367,1.61516,1.6619,124300,250,408827
2019-12-18,1.68268,1.75539,1.68268,1.71903,74200,148,245038
2019-12-19,1.65671,1.73461,1.4282,1.4282,121400,219,368013
2019-12-20,1.41781,1.51649,1.40223,1.44378,57400,135,162052
2019-12-23,1.52168,1.76577,1.51129,1.75539,193000,424,616311
2019-12-26,1.75539,2.36302,1.75539,2.36302,537200,906,2128864
2019-12-27,2.38899,2.46689,2.15528,2.20722,273300,504,1201674
2019-12-30,2.28512,2.44092,2.28512,2.31108,73000,188,331399
2020-01-02,2.3007,2.30589,2.07738,2.2955,86200,249,366561
2020-01-03,2.20722,2.28512,2.18125,2.22799,40200,95,174181
2020-01-06,2.22799,2.22799,2.15528,2.17086,56900,141,239390
2020-01-07,2.17086,2.30589,2.10854,2.30589,41900,111,178049
2020-01-08,2.42015,3.0122,2.41495,2.70579,627000,1383,3298341
2020-01-09,2.78369,3.04855,2.49286,2.54479,460500,943,2480395
2020-01-10,2.5396,2.5396,2.41495,2.43053,96100,251,450498
2020-01-13,2.54479,2.6954,2.33705,2.6954,296600,540,1450485
2020-01-14,2.79408,2.94469,2.73175,2.87717,211900,441,1164191
2020-01-15,3.0122,3.27187,2.96546,3.27187,259000,548,1531912
2020-01-16,3.39652,3.7289,3.29784,3.47961,473400,1048,3230025
2020-01-17,3.55232,3.6458,3.20436,3.35497,169400,470,1122713
2020-01-20,3.55751,3.58348,3.38613,3.42768,35600,118,235704
2020-01-21,3.42768,3.54193,3.21994,3.26149,56400,153,364458
2020-01-22,3.39652,3.40171,3.0901,3.40171,100200,239,629988
2020-01-23,3.47961,3.82238,3.45884,3.50038,262900,542,1832317
2020-01-24,3.51596,3.57309,3.32381,3.42768,37300,121,247251
2020-01-27,3.29784,3.37055,3.21994,3.21994,47400,110,299362
2020-01-28,3.23033,3.32381,3.0122,3.14204,57400,130,351668
2020-01-29,3.26149,3.26149,3.14204,3.23552,51600,137,319331
2020-01-30,2.92911,2.92911,2.74214,2.78888,224500,376,1211449
2020-01-31,2.7733,2.7733,2.38379,2.44092,121300,334,584675
2020-02-03,2.38899,2.75253,2.27992,2.54479,173300,348,827438
2020-02-04,2.74733,2.74733,2.54998,2.6175,70500,135,359632
2020-02-05,2.65905,2.65905,2.48766,2.59153,45100,114,221482
2020-02-06,2.58634,2.59153,2.47728,2.48247,18600,63,91232
2020-02-07,2.46689,2.46689,2.2955,2.31108,56400,163,254627
2020-02-10,2.31108,2.44092,2.10335,2.10335,50300,120,213609
2020-02-11,2.27992,2.33705,2.15009,2.19164,47800,94,203432
2020-02-12,2.23318,2.27473,2.18644,2.18644,20400,47,87330
2020-02-13,2.07738,2.38899,2.02545,2.33705,77600,165,346928
2020-02-14,2.33705,2.42015,2.22799,2.30589,24500,56,109379
2020-02-17,2.28512,2.28512,2.15528,2.2176,31900,67,136253
2020-02-18,2.21241,2.2176,2.07738,2.12931,42600,84,172505
2020-02-19,2.09815,2.18644,2.05141,2.07219,27900,79,113304
2020-02-20,2.10335,2.12931,2.06699,2.06699,22600,62,90849
2020-02-21,2.06699,2.08777,2.02545,2.05141,11900,41,46973
2020-02-26,2.02545,2.02545,1.76058,1.81771,42800,124,151188
2020-02-27,1.8229,1.96832,1.81771,1.92158,26100,50,95219
2020-02-28,1.81771,1.92158,1.76577,1.77616,33800,90,116147
2020-03-02,1.77616,1.93196,1.77616,1.92158,20200,61,73096
2020-03-03,2.00986,2.07738,1.84887,1.94754,30600,108,118508
2020-03-04,1.94754,2.04103,1.84887,1.87484,13300,35,49233
2020-03-05,1.99428,1.99428,1.76577,1.79174,26400,47,91510
2020-03-06,1.79174,1.79174,1.60997,1.73981,14500,45,47549
2020-03-09,1.49571,1.61516,1.49571,1.53726,25900,76,76238
2020-03-10,1.72423,1.73981,1.55803,1.60997,22300,50,68673
2020-03-11,1.68268,1.68268,1.32433,1.55284,23900,51,71607
2020-03-12,1.55284,1.55284,1.2672,1.30875,40800,84,103723
2020-03-13,1.52687,1.52687,1.15295,1.2724,22200,65,57367
2020-03-16,1.15295,1.15295,1.02311,1.06985,60500,99,122492
2020-03-17,1.07504,1.12698,1.0335,1.09062,17000,49,34938
2020-03-18,1.02311,1.02311,0.96079,0.98676,22600,48,43156
2020-03-19,0.98676,0.98676,0.7894,0.9504,24600,43,43957
2020-03-20,0.9504,1.03869,0.9504,0.97637,16600,35,31646
2020-03-23,0.88289,0.89847,0.88289,0.88808,1800,9,3075
2020-03-24,0.96079,1.03869,0.96079,0.96598,4900,13,9169
2020-03-25,0.99195,1.03869,0.98156,1.03869,15900,45,30638
2020-03-26,1.03869,1.44378,1.03869,1.13737,60700,146,141262
2020-03-27,1.13737,1.19449,1.06466,1.14775,7200,23,15688
2020-03-30,1.15814,1.16333,1.09062,1.09062,11800,33,25777
2020-03-31,1.09062,1.21527,1.09062,1.13217,18300,28,40199
2020-04-01,1.16853,1.16853,1.03869,1.04388,6600,25,13711
2020-04-02,1.05946,1.13217,1.05946,1.11659,6400,25,13396
2020-04-03,1.0283,1.04908,1.02311,1.03869,11000,28,21954
2020-04-06,1.14256,1.14256,1.05946,1.05946,6000,15,12663
2020-04-07,1.1114,1.14256,1.06466,1.06466,12200,28,25621
2020-04-08,1.03869,1.16853,1.01272,1.14775,58700,174,124853
2020-04-09,1.14256,1.19969,1.09062,1.14256,33400,69,74061
2020-04-13,1.09062,1.22046,1.09062,1.18411,29600,46,65437
2020-04-14,1.22565,1.3451,1.17372,1.21007,154400,340,370945
2020-04-15,1.14256,1.22046,1.14256,1.16853,64800,113,147592
2020-04-16,1.16853,1.22565,1.14256,1.19449,34600,63,79541
2020-04-17,1.19449,1.28278,1.16333,1.18411,33300,52,77672
2020-04-20,1.11659,1.25681,1.11659,1.19449,7400,33,17248
2020-04-22,1.23085,1.23085,1.20488,1.22046,13500,33,31733
2020-04-23,1.2724,1.81771,1.2672,1.64632,283700,576,835957
2020-04-24,1.53207,1.64632,1.37626,1.55284,45700,149,130702
2020-04-27,1.56842,1.6619,1.4282,1.50091,48400,152,139717
2020-04-28,1.5061,1.55284,1.48533,1.48533,67300,113,197428
2020-04-29,1.55803,1.63594,1.49052,1.53726,63300,136,190550
2020-04-30,1.52168,1.52687,1.4282,1.4282,18900,65,53514
2020-05-04,1.4282,1.4282,1.3503,1.4282,10400,24,28036
2020-05-05,1.40223,1.46975,1.40223,1.4282,11000,20,30343
2020-05-06,1.4282,1.4282,1.37107,1.41262,10100,28,26863
2020-05-07,1.3503,1.3503,1.32433,1.3503,5900,22,15251
2020-05-08,1.3503,1.36588,1.33472,1.3503,14000,25,36505
2020-05-11,1.32433,1.40742,1.29836,1.35549,15500,32,41153
2020-05-12,1.41262,1.69306,1.36588,1.54245,226700,476,677497
2020-05-13,1.50091,1.89561,1.50091,1.68268,383700,857,1307263
2020-05-14,1.584,1.81771,1.55803,1.71903,79200,185,261961
2020-05-15,1.71903,1.71903,1.56323,1.62555,29500,71,92112
2020-05-18,1.62555,1.71903,1.62555,1.70345,14800,47,47679
2020-05-19,1.70345,1.76577,1.6619,1.73981,15500,41,50747
2020-05-20,1.81251,1.81251,1.76577,1.76577,23800,68,81698
2020-05-21,1.80732,1.81251,1.6619,1.71384,12100,39,39857
2020-05-22,1.71384,1.71384,1.61516,1.6619,8400,25,26544
2020-05-25,1.6619,1.71384,1.63594,1.6619,26600,63,84968
2020-05-26,1.6619,1.6619,1.59439,1.59439,19800,67,62403
2020-05-27,1.60997,1.65671,1.56323,1.65671,29300,47,89962
2020-05-28,1.67229,1.75539,1.55803,1.72423,62000,154,201853
2020-05-29,1.6619,1.86964,1.61516,1.81771,205400,367,708562
2020-06-01,1.75539,1.9787,1.75539,1.91119,82400,190,305049
2020-06-02,1.92158,2.00467,1.75539,1.84367,175600,316,653021
2020-06-03,1.94754,1.94754,1.75539,1.81251,128300,227,459319
2020-06-04,1.69306,1.83329,1.67748,1.75019,69200,145,237425
2020-06-05,1.81771,1.83329,1.73461,1.77097,36300,101,123957
2020-06-08,1.77616,2.33186,1.77616,2.23318,864200,1600,3377317
2020-06-09,2.2228,3.06414,2.12931,2.96546,1113200,2410,5746645
2020-06-10,3.32381,3.93144,2.74214,3.0122,1933000,4878,13345544
2020-06-12,2.7785,3.57829,2.60192,2.86678,693400,1379,4137503
2020-06-15,2.71098,2.8512,2.49805,2.62269,101400,398,516870
2020-06-16,2.70059,3.30303,2.70059,2.90833,212600,585,1248531
2020-06-17,2.91353,3.07452,2.91353,2.95507,158800,330,915043
2020-06-18,2.98623,3.11088,2.80446,2.84082,75800,248,432018
2020-06-19,2.94988,2.99662,2.79408,2.86678,37400,155,207904
2020-06-22,3.00181,3.02259,2.67982,2.83043,137800,373,743766
2020-06-23,2.81485,2.9343,2.70059,2.78888,69500,201,375127
2020-06-24,2.65905,2.80446,2.64866,2.6954,58500,144,304389
2020-06-25,2.67463,2.8512,2.65905,2.82004,59100,163,316792
2020-06-26,2.80446,2.8564,2.67463,2.70059,62500,94,331300
2020-06-29,2.60192,2.62789,2.50844,2.58634,48200,188,238115
2020-06-30,2.59153,2.67463,2.38899,2.44611,55800,182,269055
2020-07-01,2.48247,2.54479,2.44092,2.47728,33300,105,159885
2020-07-02,2.57076,2.57076,2.43053,2.44092,26300,117,125272
2020-07-03,2.42015,2.42534,2.28512,2.36821,29200,139,132965
2020-07-06,2.37341,2.59153,2.37341,2.44611,42500,139,200317
2020-07-07,2.45131,2.46689,2.37341,2.42534,13300,61,61645
2020-07-08,2.47208,2.57076,2.46689,2.48247,41900,153,201801
2020-07-09,2.48247,2.50844,2.44092,2.44092,21500,76,101565
2020-07-10,2.39937,2.48247,2.39418,2.44092,29100,88,136691
2020-07-13,2.44092,2.44092,2.36302,2.36302,31900,118,147097
2020-07-14,2.34225,2.41495,2.2955,2.41495,24700,85,111009
2020-07-15,2.41495,2.41495,2.33705,2.38899,24400,68,111466
2020-07-16,2.38379,2.38379,2.31108,2.33705,5900,34,26561
2020-07-17,2.32667,2.55518,2.28512,2.35783,61800,192,288737
2020-07-20,2.43573,2.67463,2.2955,2.56037,170100,388,840670
2020-07-21,2.58114,2.62269,2.46689,2.56556,71400,184,347349
2020-07-22,2.48766,2.56556,2.43053,2.44611,29200,84,138251
2020-07-23,2.39937,2.44611,2.34744,2.35783,18700,72,86143
2020-07-24,2.32667,2.33186,2.23318,2.33186,37000,107,161681
2020-07-27,2.27473,2.31108,2.26434,2.28512,12700,55,56036
2020-07-28,2.25915,2.26434,2.2176,2.23318,24900,56,107290
2020-07-29,2.18644,2.2228,2.10854,2.12931,64200,260,264736
2020-07-30,2.09296,2.42534,2.08777,2.3007,33800,138,144742
2020-07-31,2.3786,2.58634,2.20722,2.21241,104600,312,492679
2020-08-03,2.2955,2.43053,2.23318,2.26434,15500,78,68616
2020-08-04,2.18125,2.27992,2.07738,2.20722,29300,86,122651
2020-08-05,2.10335,2.23318,2.07738,2.18125,15700,44,66449
2020-08-06,2.15528,2.28512,2.15528,2.26434,24400,45,105852
2020-08-07,2.26434,2.27992,2.2228,2.2228,4900,15,21262
2020-08-10,2.2228,2.25915,2.2228,2.25915,9400,23,40408
2020-08-11,2.23318,2.26954,2.12931,2.19683,13700,43,57829
2020-08-12,2.17086,2.19683,2.15528,2.17086,7100,24,29696
2020-08-13,2.17606,2.22799,2.17086,2.17086,12000,31,50402
2020-08-14,2.16567,2.17086,2.07738,2.15528,11800,44,48532
2020-08-17,2.1397,2.1397,2.07738,2.08257,18000,98,72518
2020-08-18,2.11373,2.20722,2.08777,2.12931,8300,34,34136
2020-08-19,2.08777,2.11893,2.08257,2.08777,5600,36,22587
2020-08-20,2.08257,2.13451,1.91638,2.0618,54000,108,210491
2020-08-21,2.13451,2.13451,1.97351,2.04103,10400,50,41035
2020-08-24,2.04103,2.18125,1.99428,2.07738,18100,44,73394
2020-08-25,2.13451,2.13451,2.03583,2.05661,2400,18,9507
2020-08-26,2.11893,2.11893,2.00986,2.02545,9400,34,36970
2020-08-27,2.01506,2.0618,2.01506,2.02025,29400,138,114672
2020-08-28,2.02545,2.02545,1.99428,2.02545,6600,64,25638
2020-08-31,2.02545,2.10335,2.02545,2.08777,10000,38,39499
2020-09-01,2.00467,2.05661,1.99948,2.02545,15900,49,61871
2020-09-02,2.01506,2.06699,2.01506,2.06699,3800,14,14843
2020-09-03,2.07738,2.07738,1.9839,1.98909,4300,21,16624
2020-09-04,1.87484,1.96312,1.86445,1.92158,11000,40,40451
2020-09-08,1.92158,1.97351,1.81771,1.86964,26100,62,93451
2020-09-09,1.83329,1.99948,1.83329,1.94754,19800,51,73305
2020-09-10,1.94754,1.94754,1.86964,1.94754,3900,10,14323
2020-09-11,1.92158,1.92158,1.84887,1.9008,6200,21,22370
2020-09-14,1.92158,1.92158,1.86964,1.906,5200,20,19071
2020-09-15,1.91119,1.91119,1.76577,1.84367,4700,21,16718
2020-09-16,1.82809,1.92158,1.82809,1.86964,13900,29,49968
2020-09-17,1.86964,1.86964,1.72423,1.81771,5500,35,19121
2020-09-18,1.81771,1.81771,1.71384,1.76577,9300,40,31244
2020-09-21,1.76058,1.76058,1.65671,1.6671,9700,38,31445
2020-09-22,1.63594,1.71384,1.63594,1.68787,4400,19,14230
2020-09-23,1.78655,1.78655,1.6619,1.6619,6100,23,19902
2020-09-24,1.6619,1.71903,1.6619,1.6619,4000,20,12944
2020-09-25,1.63594,1.68787,1.57362,1.65152,6100,25,19221
2020-09-28,1.68268,1.70345,1.6619,1.6619,4500,19,14597
2020-09-29,1.68787,1.76577,1.63594,1.64632,2800,14,9118
2020-09-30,1.6619,1.6619,1.60997,1.60997,3600,19,11438
2020-10-01,1.61516,1.63594,1.61516,1.63594,7900,16,24857
2020-10-02,1.63594,1.65671,1.60997,1.62036,3900,16,12241
2020-10-05,1.60997,1.63594,1.60478,1.60478,3400,16,10653
2020-10-06,1.56842,1.64632,1.56842,1.64113,4800,27,14965
2020-10-07,1.60997,1.60997,1.60478,1.60478,1800,10,5573
2020-10-08,1.60997,1.63594,1.60997,1.61516,4200,12,13072
2020-10-09,1.63074,1.94235,1.63074,1.6619,36800,135,124761
2020-10-13,1.6619,1.73981,1.6619,1.67748,4500,28,14773
2020-10-14,1.67748,1.79174,1.6619,1.78655,7800,37,25340
2020-10-15,1.76577,1.86964,1.70864,1.76058,23400,85,80992
2020-10-16,1.88522,1.91638,1.84887,1.87484,22700,66,82503
2020-10-19,1.87484,2.0618,1.87484,2.01506,55100,178,213425
2020-10-20,2.03583,2.82524,2.03583,2.58634,859300,2191,4309812
2020-10-21,2.70059,2.88236,2.1397,2.26434,397400,1111,1850108
2020-10-22,2.34744,2.36302,2.12412,2.18125,99400,337,421536
2020-10-23,2.18644,2.20722,2.06699,2.12412,53700,193,218931
2020-10-26,2.07219,2.15528,1.906,1.95274,67800,197,264770
2020-10-27,1.93196,2.36302,1.92158,2.20722,322600,826,1410211
2020-10-28,2.23318,2.45131,2.10335,2.10335,77900,253,332818
2020-10-29,2.10335,2.27992,1.94754,2.26954,93900,195,385582
2020-10-30,2.62364,3.108,2.368,2.83891,731900,1732,2935159
2020-11-03,2.75818,3.02727,2.52273,2.62364,327300,828,1347536
2020-11-04,2.69091,2.69091,2.42855,2.43527,115700,337,434218
2020-11-05,2.46218,2.62364,2.46218,2.48909,59100,186,222170
2020-11-06,2.50255,2.72455,2.46891,2.516,168200,400,646254
2020-11-09,2.55636,2.72455,2.54291,2.54291,122800,188,477781
2020-11-10,2.49582,2.62364,2.35455,2.49582,236300,346,882560
2020-11-11,2.50255,2.54291,2.48909,2.48909,21400,53,79563
2020-11-12,2.48909,2.55636,2.45545,2.45545,24100,75,89794
2020-11-13,2.52945,2.52945,2.46218,2.48236,5500,34,20420
2020-11-16,2.46891,2.50255,2.368,2.42182,28300,78,102824
2020-11-17,2.46218,2.46218,2.38818,2.43527,31900,61,114187
2020-11-18,2.43527,2.44873,2.35455,2.42182,56200,76,199943
2020-11-19,2.40164,2.47564,2.36127,2.37473,26800,82,97045
2020-11-20,2.47564,2.47564,2.39491,2.42182,44200,75,159798
2020-11-23,2.442,2.52273,2.38818,2.39491,46500,116,168929
2020-11-24,2.39491,2.43527,2.35455,2.35455,49000,100,173018
2020-11-25,2.36127,2.36127,2.30073,2.34109,51400,119,178615
2020-11-26,2.34782,2.35455,2.294,2.32764,73000,110,251052
2020-11-27,2.32764,2.32764,2.28727,2.294,28300,62,96794
2020-11-30,2.32091,2.32764,2.24691,2.24691,29600,74,100178
2020-12-01,2.25364,2.294,2.24691,2.25364,12200,44,41165
2020-12-02,2.25364,2.294,2.08545,2.24018,18500,65,61053
2020-12-03,2.21327,2.38818,2.21327,2.26036,65100,122,224850
2020-12-04,2.28727,2.38145,2.24018,2.32764,18000,66,61319
2020-12-07,2.30745,2.38818,2.25364,2.38818,32900,86,114970
2020-12-08,2.38818,2.38818,2.23345,2.32091,60300,129,204316
2020-12-09,2.28727,2.32091,2.27382,2.27382,29000,80,98434
2020-12-10,2.30073,2.33436,2.27382,2.27382,19900,49,67621
2020-12-11,2.26036,2.35455,2.25364,2.31418,34800,70,119163
2020-12-14,2.31418,2.31418,2.27382,2.27382,10600,37,36058
2020-12-15,2.24018,2.28727,2.24018,2.27382,19600,57,65736
2020-12-16,2.26709,2.28055,2.24018,2.26036,8000,29,26902
2020-12-17,2.25364,2.27382,2.15273,2.19309,33800,94,111984
2020-12-18,2.24018,2.27382,2.19982,2.20655,16300,63,54236
2020-12-21,2.25364,2.30073,2.15273,2.28727,51400,115,172627
2020-12-22,2.31418,2.31418,2.21327,2.25364,11200,53,37812
2020-12-23,2.30073,2.30073,2.22,2.23345,11300,48,37624
2020-12-28,2.146,2.30073,2.02491,2.24018,318300,289,1036602
2020-12-29,2.27382,2.28727,2.18636,2.19309,128700,156,426141
2020-12-30,2.22,2.30073,2.16618,2.26036,241800,327,811640
2021-01-04,2.30745,2.37473,2.30745,2.36127,165200,289,575704
2021-01-05,2.38145,2.64382,2.37473,2.62364,660700,1153,2493182
2021-01-06,2.59,2.89273,2.46891,2.87927,436600,895,1770668
2021-01-07,2.93309,3.20891,2.90618,3.13491,421300,1006,1941066
2021-01-08,3.13491,3.33,3.13491,3.14836,211800,509,1013545
2021-01-11,3.14164,3.33,2.99364,3.26273,237200,590,1117167
2021-01-12,3.26273,3.41745,3.20218,3.29636,280000,607,1387615
2021-01-13,3.41073,3.43091,3.12818,3.13491,299800,702,1457380
2021-01-14,3.26273,3.36364,3.19545,3.20218,173800,429,840034
2021-01-15,3.20891,3.33,3.11473,3.20218,135200,409,643639
2021-01-18,3.20218,3.31655,2.96,3.14164,169000,443,781277
2021-01-19,3.20891,3.35691,2.98018,3.19545,172000,319,799171
2021-01-20,3.22236,3.28964,3.00709,3.14836,110700,222,512340
2021-01-21,3.108,3.21564,2.83891,2.85236,388800,634,1720115
2021-01-22,2.84564,2.84564,2.62364,2.69091,281900,462,1126932
2021-01-26,2.69091,2.71782,2.42855,2.43527,193600,298,728527
2021-01-27,2.44873,2.44873,2.20655,2.25364,316300,679,1078847
2021-01-28,2.26036,2.34109,2.24018,2.294,314500,367,1069421
2021-01-29,2.32091,2.45545,2.32091,2.33436,216300,430,762708
2021-02-01,2.368,2.42182,2.26709,2.30745,107500,204,375073
2021-02-02,2.35455,2.40164,2.20655,2.31418,213000,389,719506
2021-02-03,2.34109,2.34109,2.21327,2.28055,319700,469,1081983
2021-02-04,2.30745,2.53618,2.22673,2.53618,469600,701,1695728
2021-02-05,2.59673,2.75818,2.56309,2.72455,333100,722,1323401
2021-02-08,2.75818,3.02055,2.75818,2.83891,288600,618,1233489
2021-02-09,2.85909,2.96,2.64382,2.69091,292100,520,1206943
2021-02-10,2.71782,2.73127,2.53618,2.64382,276400,444,1077803
2021-02-11,2.75818,2.95327,2.738,2.80527,470200,660,1989155
2021-02-12,2.85236,2.86582,2.65727,2.69764,233900,361,943964
2021-02-17,2.82545,2.93982,2.73127,2.85909,178700,317,752684
2021-02-18,2.82545,2.91964,2.75818,2.79182,188800,306,786281
2021-02-19,2.82545,2.85909,2.56982,2.73127,225300,351,911157
2021-02-22,2.75818,2.75818,2.56309,2.63709,172600,387,672049
2021-02-23,2.67073,2.75818,2.45545,2.46891,537400,826,2015859
2021-02-24,2.46891,2.50927,2.38818,2.38818,245900,388,887021
2021-02-25,2.442,2.442,2.28727,2.28727,178100,307,626481
2021-02-26,2.30073,2.47564,2.26036,2.38818,204400,286,719467
2021-03-01,2.48909,2.55636,2.33436,2.48909,180400,289,664398
2021-03-02,2.46218,2.54291,2.35455,2.50927,156800,225,570446
2021-03-03,2.50255,2.54291,2.32091,2.36127,87700,153,315624
2021-03-04,2.38145,2.44873,2.26036,2.27382,277300,336,971333
2021-03-05,2.30745,2.40836,2.30073,2.34109,233100,308,808090
2021-03-08,2.34782,2.54291,2.32091,2.32764,141200,254,504813
2021-03-09,2.34109,2.48236,2.30073,2.33436,173300,278,609497
2021-03-10,2.32764,2.368,2.28727,2.30073,237000,230,815483
2021-03-11,2.38818,2.38818,2.26709,2.32091,471800,445,1608855
2021-03-12,2.32091,2.34782,2.28727,2.34782,350300,215,1197848
2021-03-15,2.30073,2.33436,2.28727,2.294,121100,177,414405
2021-03-16,2.30073,2.33436,2.26036,2.26709,102100,146,346772
2021-03-17,2.294,2.32091,2.27382,2.28727,44900,102,152723
2021-03-18,2.294,2.30745,2.26036,2.28727,41400,126,140213
2021-03-19,2.30073,2.34109,2.27382,2.31418,74100,124,254180
2021-03-22,2.32764,2.32764,2.30073,2.30745,27500,76,94630
2021-03-23,2.30745,2.35455,2.26036,2.27382,91400,122,311850
2021-03-24,2.27382,2.34109,2.26709,2.26709,74700,102,255871
2021-03-25,2.294,2.42182,2.27382,2.35455,100000,155,346948
2021-03-26,2.50927,2.58327,2.43527,2.49582,288300,503,1068536
2021-03-29,2.55636,2.79182,2.55636,2.65727,195500,338,772014
2021-03-30,2.67745,2.67745,2.56982,2.64382,62900,139,245914
2021-03-31,2.67745,2.68418,2.57655,2.62364,84000,125,329298
2021-04-01,2.63709,2.64382,2.50255,2.50927,107200,220,403961
2021-04-05,2.52273,2.59673,2.42182,2.42182,252200,220,934476
2021-04-06,2.42182,2.44873,2.28727,2.34782,373900,346,1300721
2021-04-07,2.34782,2.39491,2.32764,2.34109,115200,172,404887
2021-04-08,2.55636,2.67745,2.45545,2.47564,328100,649,1241065
2021-04-09,2.47564,2.49582,2.368,2.48909,101500,178,366906
2021-04-12,2.52273,2.57655,2.46891,2.50255,64600,156,240750
2021-04-13,2.54291,2.54291,2.47564,2.50255,39300,78,145896
2021-04-14,2.54964,2.54964,2.47564,2.48236,60900,104,225588
2021-04-15,2.50927,2.55636,2.40164,2.41509,103400,175,375768
2021-04-16,2.50927,3.04745,2.50927,2.75145,1392000,2510,5800244
2021-04-19,2.886,3.04745,2.78509,2.98691,622200,1080,2681509
2021-04-20,2.96673,3.11473,2.83891,2.86582,328700,613,1434875
2021-04-22,2.95327,2.96,2.83891,2.85236,194400,254,832829
2021-04-23,2.85909,2.98691,2.79182,2.82545,293700,429,1259026
2021-04-26,2.86582,2.93309,2.75818,2.886,258400,315,1086522
2021-04-27,2.89273,2.96,2.812,2.886,120300,283,516463
2021-04-28,2.94655,3.24255,2.83218,3.08782,1960300,2798,8812337
2021-04-29,3.12818,3.67982,3.108,3.32327,1667800,2403,8414529
2021-04-30,3.41745,3.552,3.14164,3.28964,627100,1043,3110046
2021-05-03,3.35018,3.46455,3.23582,3.37036,287300,434,1432162
2021-05-04,3.36364,3.7,3.36364,3.51164,446900,842,2356659
2021-05-05,3.50491,3.626,3.33,3.35018,382600,870,1953882
2021-05-06,3.38382,3.42418,3.256,3.28964,283700,567,1400921
2021-05-07,3.33,3.46455,3.19545,3.26273,266100,498,1316187
2021-05-10,3.34345,3.45782,3.29636,3.35691,335600,619,1676486
2021-05-11,3.36364,3.59909,3.33,3.41073,658400,1501,3383125
2021-05-12,3.41073,3.42418,3.24255,3.30309,379400,677,1876594
2021-05-13,3.33,3.39055,3.07436,3.20891,480600,733,2301982
2021-05-14,3.26945,3.29636,3.20891,3.27618,143600,233,700305
2021-05-17,3.30982,3.44436,3.30982,3.35691,320600,422,1612874
2021-05-18,3.43091,4.00945,3.42418,3.96236,1104300,1844,6066324
2021-05-19,3.88164,4.50727,3.63273,3.7,1397500,2600,8440022
2021-05-20,3.73364,3.93545,3.53182,3.56545,448000,941,2474742
2021-05-21,3.61255,3.73364,3.45782,3.49818,433700,666,2273441
2021-05-24,3.59909,3.59909,3.46455,3.56545,253100,473,1334558
2021-05-25,3.65291,3.88836,3.65291,3.80091,383400,825,2151246
2021-05-26,4.11709,4.218,3.88164,3.996,741100,1426,4428036
2021-05-27,4.00945,4.16418,3.774,3.84127,668200,1151,3872396
2021-05-28,3.848,4.10364,3.81436,4.10364,428900,786,2542448
2021-05-31,4.20455,4.26509,3.97582,4.07,547200,861,3340014
2021-06-01,4.29873,5.15982,4.22473,4.83691,2221800,4310,15504592
2021-06-02,5.11273,6.17564,5.11273,5.82582,1961900,4413,16667479
2021-06-04,6.18909,6.69364,5.92673,6.05455,2424100,4716,22700045
2021-06-07,5.51636,6.18909,5.28764,5.68455,2090800,4345,17824877
2021-06-08,5.78545,5.98727,5.32127,5.44236,644300,1583,5378262
2021-06-09,5.31455,5.54327,5.11945,5.31455,812200,1611,6362872
2021-06-10,5.31455,5.80564,5.27418,5.42891,573900,1406,4692476
2021-06-11,5.48273,5.71818,5.39527,5.65091,516200,1226,4266153
2021-06-14,5.75,6.32,5.65,5.7,1284200,2232,7579438
2021-06-15,5.7,5.75,5.16,5.28,774100,1619,4144973
2021-06-16,5.3,5.32,4.89,5.05,933400,1693,4706447
2021-06-17,5.04,5.2,4.86,4.98,355600,660,1774962
2021-06-18,5.01,5.02,4.71,4.97,619500,1199,2988270
2021-06-21,5.0,5.6,4.86,5.26,2010600,2664,10619789
2021-06-22,5.27,6.24,5.14,5.88,2672300,4416,15418376
2021-06-23,6.0,7.26,5.98,7.0,4024500,5502,26431536
2021-06-24,8.0,8.05,6.55,6.55,3591600,4692,25821056
2021-06-25,6.89,7.1,6.35,6.47,1295100,2618,8553386
2021-06-28,6.5,6.63,6.2,6.31,613700,1134,3903807
2021-06-29,6.35,6.55,6.04,6.04,458100,855,2872890
2021-06-30,6.0,6.5,5.82,6.1,1122900,2391,6920815
2021-07-01,6.19,6.34,5.9,6.04,1182500,2285,7220008
2021-07-02,6.1,6.7,6.04,6.7,1487800,3927,9621347
2021-07-05,6.73,7.23,6.52,6.98,1728000,3712,12036447
2021-07-06,6.97,7.12,6.49,6.6,962500,2265,6492492
2021-07-07,6.67,6.89,6.29,6.44,842000,2531,5474065
2021-07-08,6.3,6.33,6.05,6.06,1064700,2403,6586352
2021-07-12,6.3,6.48,5.96,6.02,558500,1195,3417629
2021-07-13,5.91,6.08,5.91,5.93,531800,952,3177911
2021-07-14,5.97,6.99,5.88,6.99,2081500,3362,13500665
2021-07-15,6.9,7.06,6.51,6.64,1401100,2827,9478666
2021-07-16,6.68,6.72,6.45,6.62,477300,886,3138589
2021-07-19,6.72,7.05,6.72,6.9,1235800,2638,8485418
2021-07-20,6.9,7.52,6.9,7.43,2675400,4773,19328237
2021-07-21,7.42,7.58,7.03,7.2,1268200,2251,9216816
2021-07-22,7.21,7.29,6.74,6.95,933200,2041,6469512
2021-07-23,7.04,7.04,6.73,6.83,435600,899,2981930
2021-07-26,6.74,6.9,6.57,6.57,454500,1012,3036933
2021-07-27,6.6,6.85,6.18,6.25,711900,1312,4587155
2021-07-28,6.41,6.41,6.13,6.29,337500,729,2110790
2021-07-29,6.2,6.32,6.17,6.32,328100,744,2040724
2021-07-30,6.2,6.57,6.1,6.44,723900,1765,4555697
2021-08-02,6.52,7.3,6.4,7.11,1903500,4246,13309499
2021-08-03,7.2,7.28,6.73,7.28,742400,1447,5213475
2021-08-04,7.8,7.89,7.3,7.3,1412100,2789,10705317
2021-08-05,7.4,7.49,7.03,7.3,683300,1295,4953657
2021-08-06,7.3,7.31,7.08,7.3,380000,726,2742359
2021-08-09,7.35,7.68,7.35,7.64,721400,1496,5402816
2021-08-10,6.75,7.15,6.56,6.69,6027300,8750,41280552
2021-08-11,6.85,6.85,6.5,6.5,1094500,1943,7259500
2021-08-12,6.28,6.61,6.13,6.13,1401100,2441,8853432
2021-08-13,6.08,6.18,5.24,5.24,3011200,4612,16935168
2021-08-16,5.15,5.2,4.57,4.85,2632400,3448,12754395
2021-08-17,4.85,4.87,4.33,4.74,1956500,3032,9026118
2021-08-18,4.71,5.29,4.71,5.1,1206500,2371,6134804
2021-08-19,4.81,5.24,4.71,5.15,768200,1347,3885965
2021-08-20,5.12,5.5,5.06,5.43,693000,1161,3691550
2021-08-23,5.44,5.7,5.43,5.58,525100,994,2927892
2021-08-24,5.69,5.85,5.61,5.66,666200,1150,3831945
2021-08-25,5.67,5.73,5.32,5.67,1224400,2184,6768639
2021-08-26,5.7,5.79,5.4,5.4,462900,858,2572506
2021-08-27,5.52,5.72,5.39,5.44,466200,839,2573558
2021-08-30,5.51,5.55,5.38,5.4,286400,512,1567086
2021-08-31,5.44,5.63,5.23,5.26,884800,1620,4829177
2021-09-01,5.33,5.34,4.96,4.97,929300,1213,4756142
2021-09-02,5.06,5.15,4.9,4.9,673500,1067,3372270
2021-09-03,4.92,5.05,4.8,4.91,667100,814,3308225
2021-09-06,5.05,5.2,4.77,4.8,620200,853,3051469
2021-09-08,4.87,4.95,4.21,4.39,1303600,1941,5931703
2021-09-09,4.35,4.79,4.31,4.79,1133200,1660,5154502
2021-09-10,4.83,5.06,4.81,5.0,612600,1098,3013074
2021-09-13,5.11,5.18,4.97,5.0,454800,835,2300473
2021-09-14,5.1,5.13,4.79,4.99,816300,1177,4030970
2021-09-15,4.98,5.25,4.83,5.19,950800,1269,4801865
2021-09-16,5.13,5.13,4.91,4.94,412500,655,2062782
2021-09-17,4.92,5.0,4.67,5.0,503100,979,2424416
2021-09-20,4.77,4.84,4.46,4.48,1176700,1748,5375979
2021-09-21,4.7,4.79,4.47,4.71,631800,1025,2937411
2021-09-22,4.8,4.98,4.66,4.9,829700,1063,3995525
2021-09-23,4.91,5.05,4.77,4.83,746800,819,3655709
2021-09-24,4.76,4.95,4.75,4.91,392300,726,1904146
2021-09-27,4.85,5.2,4.85,5.1,727200,893,3645128
2021-09-28,5.01,5.05,4.5,4.5,855100,1207,4037048
2021-09-29,4.64,4.66,4.36,4.56,947300,1247,4279461
2021-09-30,4.51,4.72,4.17,4.3,1213800,1567,5266199
2021-10-01,4.5,4.64,4.21,4.29,1243600,1756,5478928
2021-10-04,4.38,4.49,4.14,4.22,626300,905,2684668
2021-10-05,4.33,4.35,4.13,4.2,670600,990,2826027
2021-10-06,4.15,4.18,3.87,3.97,1554100,2082,6205510
2021-10-07,3.98,4.16,3.98,4.04,720400,695,2933296
2021-10-08,4.21,4.21,3.98,3.99,900500,1608,3675569
2021-10-11,4.0,4.03,3.87,3.97,393500,551,1561785
2021-10-13,3.91,4.19,3.82,3.98,1768800,2076,7050010
2021-10-14,4.02,4.12,3.9,3.98,691200,886,2771412
2021-10-15,3.98,4.17,3.93,4.0,742600,908,2992448
2021-10-18,4.04,4.05,3.9,3.97,501700,571,1994119
2021-10-19,3.98,3.99,3.67,3.7,714900,943,2718831
2021-10-20,3.72,3.98,3.66,3.9,812900,1456,3118878
2021-10-21,3.8,3.84,3.47,3.48,1081800,1506,3922022
2021-10-22,3.41,3.65,3.08,3.55,1647700,2195,5508116
2021-10-25,3.57,3.75,3.53,3.73,469500,567,1720611
2021-10-26,3.75,3.84,3.45,3.48,589700,722,2140455
2021-10-27,3.47,3.57,3.25,3.25,400800,635,1361892
2021-10-28,3.2,3.4,3.04,3.04,891500,934,2873747
2021-10-29,3.1,3.17,2.89,2.95,761900,1202,2289140
2021-11-01,2.91,3.21,2.91,3.2,857400,1031,2633911
2021-11-03,3.2,3.38,3.15,3.34,553900,758,1814379
2021-11-04,3.35,3.44,3.16,3.17,424500,577,1393706
2021-11-05,3.2,3.34,3.19,3.19,355800,579,1157411
2021-11-08,3.19,3.26,3.12,3.19,286600,307,916947
2021-11-09,3.17,3.42,3.17,3.38,488100,582,1616129
2021-11-10,3.4,3.56,3.3,3.37,359600,514,1230697
2021-11-11,3.37,3.57,3.37,3.44,385400,559,1331866
2021-11-12,3.45,3.59,3.36,3.56,368500,458,1274552
2021-11-16,3.8,3.98,3.54,3.76,1359500,1636,5162158
2021-11-17,3.82,3.86,3.35,3.35,922900,1171,3255059
2021-11-18,3.38,3.38,3.12,3.14,490400,724,1583791
2021-11-19,3.13,3.28,3.09,3.16,323000,405,1027552
2021-11-22,3.21,3.28,2.97,3.04,239700,455,739605
2021-11-23,3.12,3.23,2.98,3.04,276300,452,845951
2021-11-24,3.06,3.12,2.97,3.08,257700,325,783271
2021-11-25,3.06,3.22,3.06,3.14,226100,296,710492
2021-11-26,3.02,3.08,2.91,3.04,390100,536,1163591
2021-11-29,3.08,3.14,2.92,2.95,217200,355,652418
2021-11-30,2.94,2.97,2.72,2.84,436700,1010,1230625
2021-12-01,2.86,3.07,2.73,2.84,398100,832,1157530
2021-12-02,2.85,3.04,2.81,2.85,299800,443,860953
2021-12-03,2.85,3.01,2.85,2.93,277900,385,813468
2021-12-06,2.92,3.03,2.9,2.94,207400,373,617184
2021-12-07,3.0,3.14,2.97,3.14,250500,388,772387
2021-12-08,3.18,3.24,3.04,3.17,142100,289,450242
2021-12-09,3.08,3.14,3.03,3.07,163900,261,504449
2021-12-10,3.09,3.32,3.08,3.3,277400,470,887419
2021-12-13,3.3,3.54,3.25,3.42,607700,902,2054392
2021-12-14,3.43,3.48,3.2,3.29,227400,424,753445
2021-12-15,3.34,3.7,3.27,3.63,588500,1009,2041023
2021-12-16,3.63,3.7,3.41,3.44,415400,755,1474574
2021-12-17,3.4,3.93,3.4,3.85,720900,1379,2709094
2021-12-20,3.84,4.19,3.65,4.0,840000,1394,3322984
2021-12-21,4.05,4.31,3.98,4.25,734900,1424,3054933
2021-12-22,4.14,4.47,4.04,4.3,1025600,2147,4344534
2021-12-23,4.23,4.55,4.05,4.43,1178100,2087,5111362
2021-12-27,4.43,4.52,4.29,4.41,820800,1325,3602764
2021-12-28,4.42,4.47,4.15,4.15,515500,975,2213881
2021-12-29,4.15,4.27,4.0,4.15,320400,645,1324956
2021-12-30,4.2,4.5,4.17,4.35,545600,1606,2378875
