Date,Open,High,Low,Close,Volume,Neg,Fin
2017-04-11,21.81,22.98,21.77,22.4,13060500,18483,292446466
2017-04-12,22.45,22.99,22.3,22.96,1745900,4782,39625615
2017-04-13,22.97,23.01,22.55,22.99,549600,2125,12543130
2017-04-17,23.0,23.0,22.62,22.85,249300,1176,5688519
2017-04-18,22.82,24.79,22.6,23.91,1125100,3013,26881451
2017-04-19,24.0,24.34,23.9,23.92,442100,1454,10655407
2017-04-20,24.11,24.39,23.51,23.86,740100,2798,17782320
2017-04-24,24.1,24.42,23.7,24.2,383100,1228,9215122
2017-04-25,24.2,24.25,23.93,24.1,285100,1524,6875875
2017-04-26,24.02,24.39,23.71,23.94,443900,1854,10696070
2017-04-27,23.61,23.85,23.24,23.73,221500,679,5233478
2017-04-28,23.73,24.09,23.71,23.96,131500,658,3146957
2017-05-02,24.0,25.7,23.97,25.4,871400,1761,21448644
2017-05-03,25.43,25.91,25.01,25.5,206000,855,5235758
2017-05-04,25.43,26.49,25.4,26.26,232600,1029,6078547
2017-05-05,26.99,26.99,26.2,26.6,133400,667,3550375
2017-05-08,26.61,27.44,25.64,26.0,312600,1977,8231517
2017-05-09,26.47,26.5,25.61,25.8,200700,1154,5194891
2017-05-10,25.82,26.39,25.64,25.69,444900,1407,11514527
2017-05-11,25.6,25.68,24.88,25.25,233200,1305,5887840
2017-05-12,25.79,25.79,24.9,25.25,155600,1009,3924817
2017-05-15,26.69,26.69,25.36,25.68,1205200,3987,31239197
2017-05-16,25.89,26.3,25.7,26.3,768700,1051,19985529
2017-05-17,26.34,26.9,26.0,26.5,1085600,2119,28756872
2017-05-18,23.0,24.14,21.76,22.72,829700,5953,18924964
2017-05-19,23.61,23.95,23.0,23.0,547400,3334,12829885
2017-05-22,23.12,23.12,21.72,22.2,1301800,6727,28799335
2017-05-23,22.23,22.62,21.8,22.04,614600,2150,13604214
2017-05-24,22.1,24.72,22.1,23.95,892100,3860,21322938
2017-05-25,24.12,25.64,24.12,25.11,1087100,7167,27290023
2017-05-26,25.33,25.53,25.02,25.21,461200,2891,11613260
2017-05-29,25.22,25.22,24.81,24.81,69800,369,1745127
2017-05-30,24.81,25.33,24.81,24.85,1842000,1770,46203745
2017-05-31,25.0,25.13,23.59,23.59,254600,1053,6121803
2017-06-01,24.2,24.28,23.0,23.0,191500,882,4490289
2017-06-02,23.4,23.67,22.73,23.16,135200,696,3112834
2017-06-05,22.66,23.68,22.66,23.6,406000,444,9567517
2017-06-06,24.3,24.3,23.01,23.47,342600,1068,8126339
2017-06-07,24.0,24.0,23.36,23.57,415100,1040,9819570
2017-06-08,23.57,23.57,22.8,22.9,208700,535,4789540
2017-06-09,23.19,23.25,22.85,23.15,148500,351,3417039
2017-06-12,23.24,23.31,22.7,22.7,259600,652,5951848
2017-06-13,22.8,23.72,22.3,23.35,266900,1124,6084801
2017-06-14,23.35,23.56,22.71,22.9,191600,1061,4396940
2017-06-16,22.65,23.0,22.53,22.57,74400,304,1687984
2017-06-19,22.42,22.7,22.37,22.6,244800,694,5523118
2017-06-20,22.6,23.4,22.48,22.95,123900,533,2839418
2017-06-21,22.98,23.29,22.78,23.0,475300,914,10935790
2017-06-22,23.21,23.21,22.75,22.8,61100,367,1396076
2017-06-23,22.86,23.63,22.83,23.31,157700,651,3658122
2017-06-26,23.56,23.56,23.18,23.35,253000,1074,5891114
2017-06-27,23.27,23.52,23.21,23.25,333500,989,7777091
2017-06-28,23.26,23.47,22.87,23.08,265600,665,6142769
2017-06-29,23.07,23.35,22.8,23.13,576600,495,13268165
2017-06-30,22.9,23.45,22.9,23.45,158000,719,3676485
2017-07-03,23.45,23.76,23.38,23.76,333200,1268,7861069
2017-07-04,23.7,23.92,23.64,23.92,23400,59,555767
2017-07-05,23.65,24.27,23.62,24.27,320500,1294,7631162
2017-07-06,24.05,24.41,23.8,24.17,266600,688,6440993
2017-07-07,24.26,25.37,24.1,25.03,546400,1424,13594347
2017-07-10,25.04,25.66,25.0,25.3,132700,522,3364153
2017-07-11,25.46,25.46,24.83,24.96,103100,480,2584663
2017-07-12,25.47,25.47,24.81,24.96,113200,619,2830696
2017-07-13,25.29,25.45,25.09,25.09,124000,439,3134369
2017-07-14,25.11,25.42,25.0,25.21,147800,408,3727737
2017-07-17,25.2,25.99,25.01,25.87,394800,1734,10164505
2017-07-18,25.98,26.37,25.8,26.08,370300,1388,9674345
2017-07-19,26.14,26.75,26.14,26.5,178400,617,4723759
2017-07-20,26.54,26.54,25.7,26.0,251600,1238,6533158
2017-07-21,25.98,26.25,25.35,26.25,94600,406,2453670
2017-07-24,26.27,26.45,26.06,26.33,624500,1282,16422420
2017-07-25,26.33,26.65,26.3,26.53,160700,550,4252662
2017-07-26,26.53,26.74,26.25,26.7,286900,1078,7613003
2017-07-27,26.72,26.78,26.17,26.6,349600,935,9290532
2017-07-28,26.45,26.75,25.62,26.61,202300,779,5291597
2017-07-31,26.6,27.74,26.4,27.3,237000,1021,6416637
2017-08-01,27.3,27.72,26.7,27.2,231300,802,6264544
2017-08-02,27.0,27.5,26.77,27.42,658300,2214,17883270
2017-08-03,27.23,28.04,27.16,28.04,509500,1779,14086851
2017-08-04,28.08,28.36,27.5,27.8,1453100,1640,40420914
2017-08-07,27.9,28.08,27.53,27.62,101100,488,2807132
2017-08-08,27.72,28.23,27.57,27.7,199200,724,5571858
2017-08-09,27.61,28.15,27.0,28.0,307100,1075,8525049
2017-08-10,27.73,27.75,26.76,27.49,224400,919,6104531
2017-08-11,27.49,27.49,26.15,27.0,475200,2140,12785494
2017-08-14,27.2,27.96,27.04,27.5,272300,755,7516128
2017-08-15,27.7,27.9,27.11,27.21,148900,615,4081654
2017-08-16,27.17,27.49,26.89,27.4,152700,621,4169098
2017-08-17,27.21,27.21,26.38,26.6,176300,752,4712478
2017-08-18,26.75,27.35,25.93,26.7,193800,850,5154441
2017-08-21,26.7,26.75,26.17,26.2,128700,565,3380320
2017-08-22,26.4,26.78,26.0,26.7,188700,564,5016957
2017-08-23,26.51,26.79,25.88,26.0,276200,975,7223779
2017-08-24,26.01,26.35,26.01,26.1,197000,419,5154225
2017-08-25,26.35,26.4,26.11,26.4,210600,798,5525514
2017-08-28,26.4,26.5,26.0,26.1,216400,417,5651526
2017-08-29,26.15,26.5,26.05,26.3,91900,642,2410873
2017-08-30,26.22,26.37,25.68,26.15,178600,997,4641707
2017-08-31,26.15,26.6,25.5,26.55,212200,1045,5570058
2017-09-01,26.55,26.89,26.33,26.89,371400,1261,9907392
2017-09-04,27.0,27.36,26.9,27.18,227100,574,6150918
2017-09-05,27.25,27.59,26.88,27.31,395200,1304,10797684
2017-09-06,27.27,27.86,27.15,27.84,570200,1750,15767025
2017-09-08,27.84,27.84,27.3,27.64,364300,2041,10042431
2017-09-11,27.69,27.99,27.44,27.9,593500,897,16522364
2017-09-12,28.0,28.0,26.2,26.44,3393500,3703,91974868
2017-09-13,26.7,27.91,26.22,27.91,1077500,3783,29457112
2017-09-14,27.8,29.7,27.5,28.81,1248100,4983,35994373
2017-09-15,28.3,30.25,28.21,30.0,6328900,19753,186605442
2017-09-18,30.22,30.4,29.69,29.81,1198600,3731,35952113
2017-09-19,29.85,30.04,28.5,30.04,1967300,3753,57720760
2017-09-20,30.05,30.72,29.68,30.31,1497400,3714,45149747
2017-09-21,30.24,30.89,29.75,30.39,1047600,3052,31683446
2017-09-22,30.13,30.14,29.41,29.85,263000,1336,7853508
2017-09-25,29.93,30.15,27.9,29.4,461800,2356,13482711
2017-09-26,29.39,29.67,28.7,28.88,222100,972,6438889
2017-09-27,28.91,29.16,27.56,28.77,1454900,2609,40944087
2017-09-28,28.55,28.55,27.79,28.25,353400,1662,9932628
2017-09-29,28.32,29.2,28.3,29.2,779100,2285,22367574
2017-10-02,29.2,29.2,28.72,28.72,538100,1445,15563345
2017-10-03,28.6,30.4,28.6,29.9,386900,1513,11477920
2017-10-04,29.8,30.16,29.4,29.9,475800,740,14226988
2017-10-05,30.1,30.6,30.06,30.12,322600,1444,9772277
2017-10-06,29.69,30.44,29.5,30.06,271800,1196,8136090
2017-10-09,30.15,30.35,29.72,30.0,341900,744,10290486
2017-10-10,30.2,30.85,30.1,30.4,444000,1055,13524697
2017-10-11,30.51,30.52,29.55,29.85,585900,2281,17517688
2017-10-13,29.89,29.89,29.02,29.2,409800,1900,11993772
2017-10-16,29.11,29.27,27.76,28.71,870200,2409,24739013
2017-10-17,28.5,28.63,28.05,28.45,445400,935,12599083
2017-10-18,28.59,29.25,28.47,28.91,402400,1718,11570167
2017-10-19,28.9,29.19,27.56,28.5,761200,2344,21385136
2017-10-20,28.71,29.35,28.5,29.3,335400,1116,9726127
2017-10-23,29.14,29.49,28.65,29.06,480200,2351,14007959
2017-10-24,28.87,29.99,28.54,29.97,705100,2191,20834292
2017-10-25,29.99,30.52,29.51,30.0,524700,1258,15713443
2017-10-26,29.74,29.99,29.34,29.6,1893300,2304,55953042
2017-10-27,29.44,29.94,29.28,29.94,418800,1825,12411146
2017-10-30,29.7,29.7,28.21,28.5,413500,2226,11838677
2017-10-31,28.5,28.5,27.4,27.4,425300,1492,11793618
2017-11-01,27.5,27.95,27.0,27.36,953500,1495,26215813
2017-11-03,27.36,27.68,26.35,26.8,680900,3925,18213656
2017-11-06,27.59,27.59,26.57,26.84,195200,974,5259327
2017-11-07,26.4,26.58,25.45,25.9,794600,3792,20565658
2017-11-08,26.15,27.3,26.11,27.0,873400,3945,23236804
2017-11-09,27.76,28.91,26.8,27.2,1100500,4268,30229031
2017-11-10,27.45,27.7,26.55,27.09,660500,2912,17832349
2017-11-13,27.15,27.19,26.37,26.8,495800,2028,13244322
2017-11-14,26.85,27.0,26.11,26.44,680100,3520,17962539
2017-11-16,26.27,26.9,26.27,26.7,1300600,3160,34716292
2017-11-17,26.92,26.92,26.55,26.73,413000,2051,11037215
2017-11-21,27.3,28.5,27.03,28.0,2426300,4440,67695066
2017-11-22,28.05,28.1,27.3,27.88,706200,1420,19682303
2017-11-23,27.64,28.4,27.48,27.81,152700,531,4243096
2017-11-24,28.04,28.2,27.76,28.09,287000,1521,8024038
2017-11-27,28.05,28.2,27.76,27.96,230200,820,6424320
2017-11-28,27.77,28.34,27.77,28.15,426400,1978,11965820
2017-11-29,28.15,28.31,27.66,27.75,415300,1870,11578804
2017-11-30,27.33,27.44,25.99,26.87,1283300,5521,34313112
2017-12-01,26.85,27.26,26.38,26.95,758400,3642,20436614
2017-12-04,26.99,27.66,26.99,27.25,1604000,3487,43487407
2017-12-05,27.28,27.69,27.03,27.07,1118300,3895,30620531
2017-12-06,27.0,27.29,26.85,27.0,593300,2178,16029855
2017-12-07,26.99,27.41,26.3,26.99,613300,2533,16519136
2017-12-08,27.06,27.78,26.85,26.9,5397500,2175,145439333
2017-12-11,27.09,27.1,26.34,26.7,471400,2246,12592561
2017-12-12,26.43,27.04,26.16,26.83,442000,2201,11862940
2017-12-13,27.3,27.3,26.41,26.55,1188500,5162,31761624
2017-12-14,26.26,26.55,25.87,26.28,1320800,3137,34835332
2017-12-15,26.54,26.62,25.6,25.6,4854600,8018,125197392
2017-12-18,26.01,26.01,25.71,25.8,638000,2634,16471805
2017-12-19,25.84,25.97,25.51,25.9,408200,1633,10538212
2017-12-20,26.07,26.35,25.91,26.17,416600,1156,10899796
2017-12-21,26.5,26.74,26.15,26.5,642800,1789,16994516
2017-12-22,26.31,26.69,26.24,26.5,371400,1830,9830696
2017-12-26,26.5,26.61,26.26,26.45,210200,468,5573768
2017-12-27,26.65,26.66,26.01,26.34,431900,1527,11313165
2017-12-28,26.53,26.9,26.39,26.9,2295300,4487,61330807
2018-01-02,27.0,27.37,26.89,27.15,668200,2548,18112471
2018-01-03,27.0,27.27,26.62,27.06,300200,1606,8099152
2018-01-04,26.84,27.47,26.84,27.23,911800,2765,24706944
2018-01-05,27.31,27.6,26.6,27.2,699900,3012,18897218
2018-01-08,27.2,27.2,26.76,26.91,230100,991,6187150
2018-01-09,26.78,27.0,26.47,26.8,775200,919,20751465
2018-01-10,26.69,27.16,26.37,26.45,950900,2684,25233024
2018-01-11,26.45,27.24,26.28,26.55,2445400,5014,65047469
2018-01-12,26.55,26.73,25.65,26.4,891200,4059,23346453
2018-01-15,26.5,26.98,26.09,26.98,207500,1513,5504729
2018-01-16,26.84,27.5,26.61,27.15,500500,1931,13615731
2018-01-17,27.26,28.5,27.21,28.15,779200,1328,21704557
2018-01-18,27.81,28.87,27.8,28.87,931700,3653,26558850
2018-01-19,28.89,29.28,28.52,28.62,1131900,2353,32503870
2018-01-22,28.6,29.0,27.96,29.0,593600,2310,17096457
2018-01-23,28.97,28.97,28.41,28.95,233600,1447,6725081
2018-01-24,28.99,29.68,28.96,29.5,1177700,4192,34486639
2018-01-26,29.43,30.2,29.41,30.01,1338800,5419,39919523
2018-01-29,29.89,30.66,29.35,30.28,611700,2913,18539708
2018-01-30,30.27,30.7,29.8,30.47,740100,3307,22433314
2018-01-31,30.55,31.7,30.55,31.05,764000,4336,23885882
2018-02-01,31.05,32.0,31.05,31.9,799400,2703,25423018
2018-02-02,31.89,31.89,30.58,31.2,494400,2732,15398525
2018-02-05,31.19,31.27,30.45,30.75,274900,1290,8483339
2018-02-06,30.75,31.44,30.0,31.4,604000,2953,18636736
2018-02-07,31.5,31.91,30.95,31.1,1204100,2890,37780015
2018-02-08,31.37,31.37,29.98,30.2,1006900,2469,30742611
2018-02-09,30.01,30.07,29.1,29.34,1057500,3442,31136006
2018-02-14,29.9,29.96,29.62,29.79,914300,1583,27245983
2018-02-15,30.0,30.2,29.71,29.76,896000,1923,26725314
2018-02-16,29.85,29.97,29.36,29.41,2303700,1580,68371137
2018-02-19,29.4,29.69,29.22,29.4,272800,931,8025954
2018-02-20,29.6,30.6,29.5,30.4,3602200,6211,108746001
2018-02-21,30.5,31.4,30.3,31.26,3460800,7875,106594419
2018-02-22,31.31,32.5,31.31,32.49,1869600,7176,60166648
2018-02-23,32.5,33.18,32.09,32.9,984000,4411,32117983
2018-02-26,33.52,34.09,33.2,33.76,878600,4838,29499574
2018-02-27,33.2,33.67,33.2,33.67,516900,3016,17337509
2018-02-28,33.7,33.72,33.21,33.63,621500,3305,20852165
2018-03-01,33.5,33.8,32.65,33.33,681400,2340,22604045
2018-03-02,33.27,33.27,32.15,32.9,521000,2758,17020983
2018-03-05,32.99,33.66,32.55,33.18,684700,3316,22800444
2018-03-06,33.23,34.38,32.72,33.7,1975000,6666,66765715
2018-03-07,33.5,33.84,33.04,33.4,562700,3056,18836719
2018-03-08,33.9,35.0,33.81,35.0,3485700,9043,118842668
2018-03-09,34.99,36.6,34.45,36.5,3317800,11229,118282731
2018-03-12,36.3,37.75,36.3,37.17,1381000,6377,51312714
2018-03-13,37.4,37.5,36.85,37.18,1210300,5046,44982081
2018-03-14,37.22,37.29,36.46,37.0,844500,3583,31244045
2018-03-15,36.8,37.0,36.5,36.82,645500,3270,23771243
2018-03-16,36.79,37.28,36.04,36.41,682500,1795,24926623
2018-03-19,36.41,37.0,35.56,36.38,889600,4279,32154474
2018-03-20,36.69,37.05,36.5,36.68,1324200,4001,48861979
2018-03-21,37.09,37.5,36.71,37.49,1161900,3149,43168613
2018-03-22,37.4,38.0,37.02,37.55,970100,4226,36380086
2018-03-23,37.39,37.43,36.56,37.17,563900,3143,20915861
2018-03-26,37.61,37.99,37.32,37.99,586400,2134,22104650
2018-03-27,37.99,38.76,37.67,38.01,989000,4787,37575249
2018-03-28,38.0,38.31,37.21,37.7,605800,2725,22810214
2018-03-29,37.85,38.64,37.66,38.2,2669100,5325,102550554
2018-04-02,38.19,38.55,37.08,37.36,621300,3590,23551508
2018-04-03,37.46,38.29,37.46,38.0,1067300,4618,40320235
2018-04-04,37.69,37.69,36.19,36.7,1384600,7071,50642310
2018-04-05,37.02,38.1,37.02,37.15,1163400,5546,43740790
2018-04-06,37.36,38.89,37.3,38.69,2761300,8300,105264042
2018-04-09,38.8,39.4,38.34,38.69,969600,4252,37577776
2018-04-10,39.02,39.38,37.15,37.38,1252200,5173,47139954
2018-04-11,37.35,37.58,35.88,36.4,1054700,5599,38490102
2018-04-12,36.21,37.29,36.06,37.2,1373900,6028,50612313
2018-04-13,37.2,37.59,36.37,36.65,1758000,4227,64361477
2018-04-16,36.65,36.9,35.57,35.89,1735700,5881,62619405
2018-04-17,37.31,37.83,36.06,36.76,1397600,3638,51216360
2018-04-18,36.87,37.35,36.66,37.01,1894800,4093,70225845
2018-04-19,37.01,37.09,36.07,36.6,1446900,6256,52821670
2018-04-20,36.65,37.16,36.12,36.8,909300,4547,33402279
2018-04-23,36.4,37.04,36.4,36.96,509900,2295,18733028
2018-04-24,36.94,37.5,35.65,35.85,1107600,3859,40029856
2018-04-25,35.63,35.63,33.88,34.24,2003100,9197,69137992
2018-04-26,34.3,34.63,34.01,34.35,1533300,6323,52526925
2018-04-27,34.58,35.81,34.37,35.41,3682100,6791,130003145
2018-04-30,35.41,36.4,34.72,36.4,834300,3815,29874484
2018-05-02,36.39,36.53,35.37,35.51,1743200,4238,62591630
2018-05-03,35.11,35.8,33.6,33.78,2623200,6594,90314525
2018-05-04,33.6,34.0,33.06,33.48,3200200,7909,107281347
2018-05-07,33.51,33.72,32.6,33.0,1059400,4195,34787214
2018-05-08,33.2,33.31,32.5,33.09,866200,3801,28424172
2018-05-09,33.36,33.4,30.11,31.0,3596400,18710,111512103
2018-05-10,33.0,33.0,30.39,32.0,3451300,12883,108997575
2018-05-11,31.7,32.26,30.07,30.56,1764600,9008,54165645
2018-05-14,30.9,30.97,28.91,29.42,1484300,6661,43807551
2018-05-15,28.5,28.65,27.15,27.9,4892000,24748,137215297
2018-05-16,27.86,28.12,27.1,27.3,2038000,8327,56139774
2018-05-17,27.46,27.53,25.54,25.54,2583100,9899,67356823
2018-05-18,24.8,26.43,24.24,26.15,3159900,10483,80415705
2018-05-21,27.1,27.42,26.48,27.4,2307100,10122,62333722
2018-05-22,27.8,28.65,27.59,28.65,2040100,8364,57760457
2018-05-23,28.16,28.2,27.21,27.64,1695300,5572,46768263
2018-05-24,26.87,27.59,26.56,27.4,1685600,7087,45757587
2018-05-25,27.6,28.88,27.43,28.05,2918500,10587,82837746
2018-05-28,28.05,28.26,26.76,27.0,690200,3540,18647341
2018-05-29,27.8,27.94,26.92,27.08,1152900,4669,31431019
2018-05-30,27.24,27.4,25.91,26.51,2068700,7544,54643183
2018-06-01,26.48,27.0,26.1,26.5,1300300,4628,34387560
2018-06-04,26.65,27.16,26.56,27.0,916800,3231,24607208
2018-06-05,26.95,27.0,25.18,25.4,2095100,8916,54015450
2018-06-06,25.42,25.5,23.66,24.42,3066800,10818,73981965
2018-06-07,23.75,23.98,22.49,23.51,3836400,12573,89441267
2018-06-08,23.79,23.93,22.5,23.2,3134200,11450,72777592
2018-06-11,23.5,24.43,23.5,24.3,1355300,5717,32620453
2018-06-12,24.5,24.59,23.65,23.81,776800,3833,18569081
2018-06-13,23.79,24.15,23.33,23.84,933700,4529,22106658
2018-06-14,23.93,24.21,23.28,23.85,927000,4672,22029028
2018-06-15,23.43,23.49,22.51,22.83,3388400,6178,77432438
2018-06-18,22.53,22.95,22.19,22.51,637900,2910,14354575
2018-06-19,22.18,23.3,22.1,23.1,1598200,6788,36380088
2018-06-20,23.32,23.88,22.89,23.36,818800,3666,19003139
2018-06-21,23.5,23.5,22.09,22.16,2127200,7858,47622459
2018-06-22,22.3,22.65,21.98,22.17,958400,3524,21304248
2018-06-25,22.11,22.2,21.39,21.87,1183400,5902,25822064
2018-06-26,22.0,22.25,21.57,22.0,542100,2763,11881465
2018-06-27,21.99,21.99,21.1,21.4,2675100,9791,57396824
2018-06-28,21.5,22.51,20.54,21.5,3653100,13562,78663147
2018-06-29,21.81,21.89,20.98,21.33,2547300,8341,54391625
2018-07-02,21.18,21.18,20.31,20.71,784800,3556,16152201
2018-07-03,20.6,21.07,20.19,20.73,1395200,6351,28918995
2018-07-04,20.96,21.0,20.52,21.0,248400,1288,5154969
2018-07-05,21.1,21.19,20.43,20.43,1286800,5345,26591820
2018-07-06,20.4,21.02,20.4,20.8,915100,4610,18936006
2018-07-10,21.0,21.34,20.21,20.69,3427800,16656,70416079
2018-07-11,20.63,20.9,20.42,20.9,744000,2351,15452372
2018-07-12,20.99,21.89,20.85,21.73,849300,3609,18382140
2018-07-13,21.71,22.21,21.61,21.85,704900,3689,15400337
2018-07-16,22.29,23.05,22.29,22.79,1673400,6459,38137371
2018-07-17,23.05,23.82,22.9,23.68,2191700,9193,51572835
2018-07-18,23.8,24.42,23.55,23.91,1881400,6763,45045273
2018-07-19,23.95,24.0,22.8,23.76,1022200,4849,24018254
2018-07-20,24.5,25.37,23.98,24.18,2750200,12613,68330331
2018-07-23,24.23,24.64,23.71,24.64,847100,3881,20594732
2018-07-24,24.99,25.32,24.75,24.75,1113400,3952,27922844
2018-07-25,25.08,25.86,25.01,25.76,1993700,8680,51007448
2018-07-26,26.0,26.0,24.97,25.47,1077900,3749,27265519
2018-07-27,25.51,25.84,24.98,25.29,936900,3988,23736413
2018-07-30,25.48,25.5,24.27,24.32,1040400,4371,25514539
2018-07-31,24.15,24.23,23.55,24.13,676000,3592,16244894
2018-08-01,24.13,24.22,23.34,23.89,1226800,3963,29049535
2018-08-02,23.8,24.05,23.12,23.75,1289000,3396,30476951
2018-08-03,24.15,25.1,23.75,24.57,1807100,6475,44579522
2018-08-06,24.76,24.98,24.01,24.34,1288200,5091,31487428
2018-08-07,24.52,24.87,23.94,24.43,998200,3191,24445803
2018-08-08,24.43,24.67,23.18,23.38,641200,2153,15122171
2018-08-09,23.5,24.69,23.0,24.02,2895400,12116,69459690
2018-08-10,24.0,24.0,22.26,23.1,2994100,10861,68483471
2018-08-13,22.75,23.62,22.46,23.36,1648100,8721,38163304
2018-08-14,23.71,24.12,23.6,24.12,1299100,6028,31032609
2018-08-15,23.86,24.36,23.44,24.31,741600,3281,17872414
2018-08-16,24.36,25.03,24.13,24.87,961000,3501,23855312
2018-08-17,24.7,24.94,24.19,24.39,1991500,4823,49053948
2018-08-20,24.49,24.92,24.26,24.54,980100,4270,23931032
2018-08-21,24.48,24.51,23.55,23.71,3077300,10197,73581914
2018-08-22,23.49,23.49,21.88,22.45,3657300,10064,82097211
2018-08-23,22.51,22.74,21.78,22.05,2148100,7179,47520961
2018-08-24,22.27,22.45,21.86,22.0,709200,3134,15590916
2018-08-27,22.1,22.74,21.96,22.5,879700,2623,19772628
2018-08-28,22.5,22.67,22.2,22.65,295000,1310,6623706
2018-08-29,22.75,23.06,22.44,22.65,963000,4377,21957469
2018-08-30,22.44,22.77,22.08,22.31,1045400,3531,23322999
2018-08-31,22.4,23.0,22.22,23.0,2276400,6693,51584627
2018-09-03,22.75,23.65,22.36,23.34,672400,2065,15628493
2018-09-04,23.31,23.32,22.15,22.29,869900,3466,19454398
2018-09-05,22.25,22.54,22.13,22.38,1053100,4451,23496462
2018-09-06,22.52,22.89,22.21,22.7,584100,2517,13196612
2018-09-10,23.99,24.05,22.81,23.0,668700,2866,15518621
2018-09-11,22.93,22.99,21.86,22.0,1581500,7640,34874299
2018-09-12,22.3,22.39,21.86,21.9,1651200,3378,36345082
2018-09-13,21.84,22.15,21.6,21.98,1641600,3727,35986126
2018-09-14,22.05,22.77,21.89,22.6,671400,3135,15049715
2018-09-17,22.45,23.82,22.45,23.49,845900,3835,19813383
2018-09-18,23.58,23.77,22.91,23.53,1543800,3807,36171811
2018-09-19,23.55,24.0,23.1,23.85,1233200,4865,29138869
2018-09-20,23.99,24.61,23.9,24.46,663900,2260,16148965
2018-09-21,24.64,25.3,24.37,25.3,1028600,3042,25707265
2018-09-24,25.14,25.14,23.63,23.69,1316000,5600,31597337
2018-09-25,23.15,23.86,23.06,23.75,940500,3954,22016407
2018-09-26,23.75,24.24,23.55,23.79,527300,2171,12559121
2018-09-27,23.74,24.56,23.74,24.53,1507000,4420,36460537
2018-09-28,24.17,24.35,23.59,24.05,638500,2799,15267460
2018-10-01,24.05,24.2,22.64,22.92,1090200,3713,25013003
2018-10-02,23.6,24.21,23.22,23.8,2033000,8905,48295846
2018-10-03,24.6,25.55,24.25,24.5,3607300,14630,90021642
2018-10-04,24.13,24.9,23.77,24.8,912500,3043,22278647
2018-10-05,25.06,25.47,24.3,24.99,1990400,7746,49523149
2018-10-08,26.99,28.4,26.56,28.04,7009600,22852,194231824
2018-10-09,27.81,29.05,27.49,28.45,3624500,14695,102335457
2018-10-10,28.23,28.23,26.53,26.53,2506500,12256,67551774
2018-10-11,26.85,27.43,25.98,26.35,1270700,5410,33513710
2018-10-15,26.97,27.16,26.31,26.78,1420100,5695,38206615
2018-10-16,27.03,28.14,26.8,27.74,2850800,10828,78363565
2018-10-17,27.53,28.07,26.7,27.9,2510500,8997,69210449
2018-10-18,28.25,29.0,27.84,28.34,2966400,12415,84402211
2018-10-19,28.5,28.88,27.47,28.0,1231600,5454,34399426
2018-10-22,29.8,29.8,27.93,28.5,4060600,13036,116236043
2018-10-23,28.37,28.73,27.81,28.69,2261100,7136,63923607
2018-10-24,28.7,29.0,27.54,27.7,1803600,6804,50694226
2018-10-25,27.95,28.27,27.13,27.86,2667900,7240,73853370
2018-10-26,28.1,29.2,27.5,29.2,3253700,11925,92746651
2018-10-29,30.97,31.3,28.14,28.73,3571700,16840,106617929
2018-10-30,29.06,30.96,28.68,30.96,3389600,12041,102465765
2018-10-31,30.9,31.86,29.28,30.59,5614200,17494,170623409
2018-11-01,30.8,31.64,29.7,31.64,6545200,13476,202897035
2018-11-05,31.65,32.8,31.26,32.55,5922700,12096,191731987
2018-11-06,31.78,32.45,31.45,31.65,4112600,10914,131520417
2018-11-07,32.02,32.34,30.9,31.45,3158600,8307,99253682
2018-11-08,31.65,31.97,29.91,30.45,2310600,8518,70552419
2018-11-09,30.13,31.84,30.06,31.84,1697800,7153,53127440
2018-11-12,32.1,32.89,31.45,32.89,1363500,6227,44158506
2018-11-13,32.89,33.28,32.39,32.85,1848100,7190,60618994
2018-11-14,32.71,33.58,31.95,33.36,3233100,12416,106031049
2018-11-16,33.48,35.0,33.11,35.0,1516500,6030,51642014
2018-11-19,34.52,34.98,33.95,34.39,1201700,5372,41248009
2018-11-21,34.35,35.45,33.91,34.91,1514800,6061,52844364
2018-11-22,35.69,35.88,34.63,35.67,2011400,4694,70752859
2018-11-23,35.6,36.6,35.0,36.0,2267400,9471,81036001
2018-11-26,35.99,36.19,33.11,33.11,3802500,8246,131839862
2018-11-27,33.4,33.82,32.81,33.82,1800100,9218,60195733
2018-11-28,33.81,34.54,33.2,34.47,1188100,5106,40556198
2018-11-29,34.5,34.68,33.91,34.3,1491100,3895,51093630
2018-11-30,33.99,34.83,33.9,34.74,966000,4179,33352421
2018-12-03,34.75,35.13,32.97,33.12,3048400,9624,102083771
2018-12-04,33.51,33.56,31.25,32.14,2073900,8770,66676496
2018-12-05,32.48,33.24,32.08,33.24,1552300,5179,50902349
2018-12-06,33.0,33.0,31.8,32.58,1654800,6553,53611463
2018-12-07,32.75,32.8,31.1,31.35,1218400,6352,38649318
2018-12-10,31.39,31.8,30.56,30.86,1593600,8568,49453332
2018-12-11,31.06,32.98,30.58,32.87,3010500,8965,96538811
2018-12-12,33.04,33.65,32.21,33.65,1184300,4840,39367776
2018-12-13,33.8,34.37,32.99,33.9,2665900,7060,89716817
2018-12-14,33.8,34.0,33.12,33.35,2519800,6800,84617695
2018-12-17,33.7,33.74,31.8,31.85,1596600,7011,51589648
2018-12-18,31.95,33.32,31.71,33.0,1986200,7831,65309491
2018-12-19,33.3,33.86,32.36,32.37,1378200,4739,45423686
2018-12-20,32.72,33.8,32.2,33.5,2695800,8311,89616654
2018-12-21,33.7,35.0,33.32,35.0,2730700,8061,94078017
2018-12-26,34.9,35.67,33.85,34.89,1712400,5490,59480181
2018-12-27,34.89,35.01,33.9,34.91,1395300,5643,48197703
2018-12-28,35.0,36.0,34.62,36.0,2607400,5454,92570775
2019-01-02,35.97,36.55,35.45,36.33,2795000,9140,100544797
2019-01-03,36.19,37.6,35.71,36.37,1636900,6619,59429425
2019-01-04,36.48,36.63,35.8,36.25,1056400,2367,38208587
2019-01-07,36.16,36.47,34.91,35.3,1215300,4691,43019240
2019-01-08,35.59,35.94,34.4,34.72,1299600,5763,45302928
2019-01-09,34.85,35.21,34.64,35.15,1298000,4742,45426854
2019-01-10,35.26,36.1,35.08,35.91,1942400,4851,69345934
2019-01-11,36.0,37.2,35.81,37.2,2805900,7966,102859688
2019-01-14,37.2,38.0,36.83,37.47,2254800,6774,84759307
2019-01-15,37.5,37.75,36.84,37.0,1191500,5464,44273704
2019-01-16,37.01,37.4,36.43,37.0,652800,3734,24017259
2019-01-17,37.32,37.4,36.3,37.05,2820500,7787,104149739
2019-01-18,37.1,37.69,36.36,36.36,6617600,6236,242097581
2019-01-21,36.21,36.34,35.5,36.18,1109400,4923,39912057
2019-01-22,36.13,36.26,35.1,35.5,803400,4429,28595062
2019-01-23,35.49,36.0,35.27,36.0,1189300,5251,42475085
2019-01-24,36.3,36.5,35.8,36.06,1217300,4375,43973966
2019-01-28,36.06,36.14,34.91,35.06,1505300,5911,52959480
2019-01-29,35.16,35.58,34.34,34.8,2737700,4261,94633414
2019-01-30,35.25,36.09,35.11,35.95,2185000,9248,77703154
2019-01-31,36.09,37.4,36.09,37.11,3107800,9038,114643893
2019-02-01,36.92,37.32,36.61,37.2,2141000,9079,79375888
2019-02-04,37.17,38.33,37.03,38.04,2562900,8441,97233021
2019-02-05,38.5,39.17,38.25,38.59,3121300,9795,120676150
2019-02-06,38.69,38.96,37.1,37.3,1788400,7914,67334120
2019-02-07,37.57,37.62,35.76,36.18,1842300,7519,66874138
2019-02-08,36.49,37.05,35.78,37.0,1278600,6322,46479144
2019-02-11,37.49,37.72,36.74,37.2,1872400,6567,69592083
2019-02-12,37.5,38.75,37.21,38.26,2287400,9117,87098445
2019-02-13,38.63,38.74,37.88,38.4,1369800,5952,52337538
2019-02-14,38.5,38.7,37.07,38.6,2460400,8160,93547776
2019-02-15,38.58,38.59,37.44,38.5,1496300,3654,56912408
2019-02-18,38.05,38.88,37.9,38.88,1314000,3502,50432102
2019-02-19,38.94,39.48,37.65,38.66,11267900,11621,428540386
2019-02-20,39.0,39.2,37.83,38.15,2248600,7406,86220328
2019-02-21,38.4,38.4,37.0,37.49,2347300,5538,87871106
2019-02-22,37.49,37.9,37.03,37.9,1895900,5396,71119552
2019-02-25,37.85,38.35,37.72,38.2,1725200,4555,65818512
2019-02-26,38.18,38.67,37.75,38.5,737100,2473,28290421
2019-02-27,38.46,38.46,37.85,37.9,762300,3394,28945214
2019-02-28,38.0,38.01,37.06,37.65,2324900,6644,87047165
2019-03-01,37.52,37.65,36.41,36.75,1626000,5358,59868664
2019-03-06,36.75,37.14,36.38,36.7,866800,4418,31830450
2019-03-07,37.14,37.14,36.09,36.4,1757100,5295,63769463
2019-03-08,36.3,37.15,35.75,37.06,2044500,6225,74212884
2019-03-11,39.28,40.0,38.69,39.45,6219800,15295,246050972
2019-03-12,39.39,40.62,38.74,40.21,4561600,18964,182808363
2019-03-13,40.05,40.5,39.45,40.5,1776600,8427,71180757
2019-03-14,39.98,41.75,39.77,41.28,2228500,9378,91830384
2019-03-15,41.38,41.83,41.03,41.5,1906000,8443,78724005
2019-03-18,41.5,42.22,40.38,42.22,2371300,8607,98561572
2019-03-19,42.31,42.88,41.74,42.07,1861500,8947,78599820
2019-03-20,42.25,42.65,40.67,41.17,2077000,9428,85922929
2019-03-21,41.4,42.0,39.57,40.95,2873700,9022,117088264
2019-03-22,40.2,40.56,39.2,39.45,2185700,10089,87005335
2019-03-25,39.4,40.06,38.75,39.02,1457900,6710,57352473
2019-03-26,39.2,39.87,38.58,39.77,1552400,8228,61068910
2019-03-27,39.57,39.59,37.3,37.69,1996200,9984,76017016
2019-03-28,37.3,37.67,36.17,37.25,4129000,13262,152059623
2019-03-29,37.75,38.27,37.0,38.27,2449100,11085,92458730
2019-04-01,38.6,38.94,38.2,38.94,1206800,5825,46643599
2019-04-02,39.0,39.29,38.1,38.8,1365000,6726,52525734
2019-04-03,39.1,39.29,37.71,38.96,2985000,12920,115798547
2019-04-04,38.88,39.26,38.27,38.79,1879200,8303,72872450
2019-04-05,39.09,39.09,37.38,37.45,3412700,14184,128889448
2019-04-08,37.7,37.7,36.05,36.05,2513900,11772,91475068
2019-04-09,35.81,36.2,35.0,35.75,2433600,14163,86677181
2019-04-10,35.85,36.46,35.68,36.05,1694800,7311,60897532
2019-04-11,36.35,36.6,34.76,34.78,2358300,9147,82940439
2019-04-12,34.39,35.14,33.26,33.75,2251000,9605,76460235
2019-04-15,33.76,34.04,32.69,32.7,2929700,11549,96910169
2019-04-16,32.86,33.26,32.8,33.18,1370400,6189,45229113
2019-04-17,33.44,33.58,31.13,31.7,5067400,14126,160705335
2019-04-18,32.4,34.24,31.89,33.63,3996700,12721,131577587
2019-04-22,34.05,34.17,33.12,33.98,1608700,6899,54422087
2019-04-23,33.98,34.85,33.97,34.17,1933800,8721,66542819
2019-04-24,34.31,34.54,33.1,33.48,1107100,5601,37189618
2019-04-25,33.39,33.74,32.84,33.25,4399400,8909,145636117
2019-04-26,33.52,33.85,33.03,33.61,2101100,5066,70383778
2019-04-29,33.86,34.04,33.57,33.66,1129500,4571,38168870
2019-04-30,33.8,34.15,33.39,34.0,1541100,5111,52100288
2019-05-02,33.62,34.6,33.4,34.6,1448900,5593,49717387
2019-05-03,34.71,36.21,34.71,36.08,9974400,12372,358653489
2019-05-06,35.61,36.09,35.0,35.0,2085900,7628,73935840
2019-05-07,35.0,35.28,33.72,35.28,2610500,9976,90532034
2019-05-08,35.79,37.48,35.38,37.0,4110500,15202,151996538
2019-05-09,36.0,38.0,35.9,38.0,3268900,13190,121105431
2019-05-10,37.88,38.47,37.24,38.09,3389700,12310,128295715
2019-05-13,36.97,37.36,35.96,36.6,2755800,13417,100272602
2019-05-14,37.12,37.12,34.85,35.15,4542000,19082,160354701
2019-05-15,34.44,34.77,33.31,34.63,2828100,12172,96348147
2019-05-16,34.0,34.6,33.1,33.3,4101400,16805,137213216
2019-05-17,33.14,33.64,32.11,32.66,4433600,19766,146018593
2019-05-20,32.75,33.41,32.21,33.41,1723600,8419,56757912
2019-05-21,33.97,35.39,33.56,35.24,2438100,10601,84875560
2019-05-22,35.9,36.09,34.6,35.68,2630800,9534,93010307
2019-05-23,35.29,36.39,34.58,35.31,1864700,8517,66131195
2019-05-24,35.85,35.9,35.2,35.45,1358400,6710,48228025
2019-05-27,35.34,36.6,35.26,36.45,1356400,6088,49144745
2019-05-28,36.47,38.32,36.01,38.25,10912400,14475,415301710
2019-05-29,37.9,38.89,37.56,38.15,2273000,11142,86954995
2019-05-30,38.47,40.0,38.14,39.3,5044200,15142,199733877
2019-05-31,39.22,39.7,38.69,39.2,2851600,14725,112284147
2019-06-03,39.5,40.0,38.88,39.69,3292000,15692,130305360
2019-06-04,39.81,40.2,39.62,40.0,2592700,10983,103532227
2019-06-05,40.0,41.53,39.52,40.62,3653600,12138,149349808
2019-06-06,41.22,42.69,41.11,42.69,4766200,16621,199169390
2019-06-07,42.52,43.75,42.4,43.66,2229900,11537,96562577
2019-06-10,43.35,44.1,42.59,44.1,2247000,10411,97617269
2019-06-11,43.91,44.45,42.01,43.74,4425100,12385,191773467
2019-06-12,43.51,44.34,43.0,43.62,1667500,8085,72857199
2019-06-13,43.88,44.55,43.69,44.25,2426100,12897,107084363
2019-06-14,44.16,44.65,43.11,43.79,2165700,8001,94814196
2019-06-17,43.44,44.78,43.26,44.78,1761500,6956,78171020
2019-06-18,44.99,45.87,44.01,45.25,4032200,10873,181405267
2019-06-19,45.25,45.54,44.7,45.4,2356800,10446,106579704
2019-06-21,45.63,45.75,43.67,44.26,3041000,14581,134796137
2019-06-24,44.28,44.8,43.38,43.57,2194400,9798,95978639
2019-06-25,43.21,43.57,42.01,42.6,3208500,10518,136868866
2019-06-26,42.9,43.8,41.51,42.39,3736700,10700,158086060
2019-06-27,42.08,42.59,41.54,42.47,2131100,11043,89828319
2019-06-28,42.8,43.29,42.44,43.29,2473000,9228,106472999
2019-07-01,43.5,43.8,41.96,42.09,1956500,8753,83009638
2019-07-02,42.25,42.53,41.84,42.41,1842600,7517,77761249
2019-07-03,42.3,44.21,42.16,44.16,3608300,13345,158130366
2019-07-04,44.6,46.75,44.57,46.75,3261900,10090,149984040
2019-07-05,47.05,48.82,45.59,48.45,6083300,19154,286340772
2019-07-08,48.76,49.6,48.32,48.73,3463300,11880,169671090
2019-07-10,49.3,51.04,48.7,49.99,5347700,19061,267430934
2019-07-11,49.96,49.96,48.5,49.47,3029900,16005,148531252
2019-07-12,49.65,49.98,48.58,49.09,1967600,7483,96868632
2019-07-15,49.0,50.2,48.57,49.36,2304400,8178,114067481
2019-07-16,49.27,50.02,48.98,50.0,1559300,6747,77386977
2019-07-17,50.5,50.66,48.84,49.64,1787200,7287,88487641
2019-07-18,49.84,50.23,49.24,49.85,2506900,6842,124738151
2019-07-19,49.3,50.25,49.25,49.7,1375000,5549,68341414
2019-07-22,49.7,50.4,49.34,49.9,1736000,4450,86384510
2019-07-23,50.25,50.27,48.65,49.03,2365600,7381,116110476
2019-07-24,48.82,49.78,48.82,49.45,1689800,6889,83411698
2019-07-25,49.55,50.89,48.09,50.89,2124600,7436,105490554
2019-07-26,52.25,52.3,50.45,51.89,3598900,13992,184651284
2019-07-29,51.81,52.92,51.25,52.92,2206300,10362,115483317
2019-07-30,52.7,53.57,52.25,53.01,2098000,9742,111065294
2019-07-31,53.18,53.51,51.15,51.78,3071700,10836,160769948
2019-08-01,52.3,54.4,51.79,54.13,2801800,13952,149939412
2019-08-02,53.77,53.98,52.4,53.6,2385700,13261,126918084
2019-08-05,52.45,52.89,50.66,51.65,2814300,16323,144742376
2019-08-06,52.0,53.47,52.0,52.97,1627600,7093,85950104
2019-08-07,52.7,53.29,51.32,53.12,3748900,12732,197232859
2019-08-08,54.22,55.32,53.88,54.55,3040200,15773,165575333
2019-08-09,53.85,56.68,53.85,55.47,2202700,10765,121832628
2019-08-12,54.0,54.73,51.66,54.3,3742100,17101,200281315
2019-08-13,55.15,55.51,52.53,53.55,3773400,13515,203650655
2019-08-14,53.55,53.72,50.7,50.97,6174600,23556,319317202
2019-08-15,51.5,51.9,49.82,50.56,2853100,12212,143999564
2019-08-16,51.01,51.73,49.7,50.47,3366200,19875,169292426
2019-08-19,50.85,51.5,48.86,49.83,2264000,12701,112883712
2019-08-20,50.0,50.31,48.31,49.68,2060900,10097,101440062
2019-08-21,50.4,50.85,49.65,50.85,2895900,11079,145427903
2019-08-22,50.51,50.79,48.72,48.94,4587000,11417,228077971
2019-08-23,48.6,48.73,46.41,47.3,4560000,19136,215891953
2019-08-26,47.35,48.02,45.85,46.0,3966500,15821,184787984
2019-08-27,46.2,46.77,44.88,45.98,4007100,17388,182890779
2019-08-28,45.26,46.64,45.16,46.54,2248900,12832,103705974
2019-08-29,46.8,48.98,45.45,48.55,5359600,20051,255327597
2019-08-30,49.3,49.78,47.1,47.1,8437600,19443,404814509
2019-09-02,47.48,48.09,46.63,47.14,2276700,10288,107470208
2019-09-03,47.08,48.15,45.7,45.96,4196800,18081,195893495
2019-09-04,46.5,47.16,46.09,47.11,2868600,13410,134194134
2019-09-05,47.52,49.44,47.39,49.22,3941100,17394,191706858
2019-09-06,49.82,50.69,48.89,49.35,2801400,11364,139480350
2019-09-09,49.47,49.79,47.53,48.39,2519900,14070,121885353
2019-09-10,48.38,48.38,47.02,48.15,1570600,8410,74890246
2019-09-11,48.66,49.99,48.66,49.39,2649400,13728,130796289
2019-09-12,49.9,52.57,49.64,52.05,5596400,20918,288977207
2019-09-13,52.45,52.57,50.81,51.34,2797200,11527,143748852
2019-09-16,49.42,49.53,46.6,47.0,12723200,41970,604583929
2019-09-17,47.74,49.13,47.16,48.45,6165000,23818,299056189
2019-09-18,48.82,49.25,47.85,49.2,3668900,13847,178215739
2019-09-19,48.9,50.08,48.8,49.28,3224500,11929,159661980
2019-09-20,49.1,49.69,48.01,48.73,3730600,10586,180850218
2019-09-23,48.48,48.68,47.77,48.13,1352200,5660,65086567
2019-09-24,48.6,48.67,47.16,47.28,2069300,8983,98491440
2019-09-25,47.31,48.68,46.92,48.5,3862900,13588,184006107
2019-09-26,48.77,49.9,48.3,49.87,2868100,10523,141445365
2019-09-27,49.38,49.74,48.08,49.62,2648700,12788,130200727
2019-09-30,49.8,50.22,49.08,49.71,2112000,8633,104911961
2019-10-01,50.09,50.34,48.36,48.94,2308100,11079,113456679
2019-10-02,48.61,48.61,46.71,47.91,3634400,14593,172310182
2019-10-03,47.92,50.15,47.45,49.89,3924300,16318,193439963
2019-10-04,50.16,51.32,49.3,50.95,2782600,12244,140337812
2019-10-07,50.9,51.38,50.27,50.59,1962300,9315,99792663
2019-10-08,50.6,51.73,49.93,50.2,2089100,9387,105519076
2019-10-09,51.0,51.33,49.34,49.5,2898400,12967,145038434
2019-10-10,49.84,49.9,48.7,49.68,2137500,7700,105861591
2019-10-11,49.76,50.77,49.73,50.4,3210500,11882,161414137
2019-10-14,50.6,51.55,50.26,51.18,2491300,9185,127439140
2019-10-15,51.44,51.72,51.0,51.21,2700900,10095,138727082
2019-10-16,51.21,51.41,50.1,51.3,2122500,7197,107646607
2019-10-17,51.42,52.28,51.22,51.26,3443000,8346,177335594
2019-10-18,50.88,51.37,50.53,50.99,2919900,6520,148908647
2019-10-21,50.84,51.41,50.55,51.35,1906200,7963,97418930
2019-10-22,51.22,53.03,50.95,52.99,3225400,10375,168340219
2019-10-23,52.99,53.26,51.91,52.15,2026500,9303,106274693
2019-10-24,52.2,53.15,51.9,52.9,1935200,8862,101895982
2019-10-25,52.9,53.59,52.44,52.54,2280300,9217,120849983
2019-10-28,52.54,53.29,52.29,53.16,2357100,6777,124493053
2019-10-29,53.24,53.52,52.43,53.5,1806000,7947,95775658
2019-10-30,53.4,53.64,52.51,53.64,1352600,6523,71893906
2019-10-31,53.4,53.4,52.03,52.52,2151300,8896,112748875
2019-11-01,52.85,53.68,52.05,53.55,3592200,8598,190782220
2019-11-04,53.7,54.16,53.0,53.5,1797800,7553,96192065
2019-11-05,53.51,54.57,52.44,53.37,1897700,8591,100772819
2019-11-06,53.5,54.35,51.73,51.73,2623200,10043,137433132
2019-11-07,52.09,52.78,51.0,52.49,3609100,14700,187565894
2019-11-08,52.02,52.24,49.71,50.92,4714100,17731,238900394
2019-11-11,50.47,50.78,49.54,50.45,2806800,11646,140672489
2019-11-12,50.24,50.24,48.51,48.51,2043500,8550,100361043
2019-11-13,48.35,49.22,47.7,48.13,1783700,8380,86097909
2019-11-14,48.12,50.32,48.12,50.1,3204100,10855,159626480
2019-11-18,50.1,51.8,49.87,50.9,2593700,10540,132676204
2019-11-19,51.15,51.65,49.96,50.49,1311800,5003,66143456
2019-11-21,50.89,52.2,50.62,52.2,2690800,12678,139105671
2019-11-22,52.1,54.67,51.83,54.67,3020700,11183,161785606
2019-11-25,54.25,54.63,53.33,53.84,1860500,7604,100463942
2019-11-26,53.84,53.84,50.31,51.4,5718300,19263,292228814
2019-11-27,51.6,52.06,50.43,50.99,1776200,7698,90522827
2019-11-28,51.15,52.95,50.88,52.75,3275500,5996,169673664
2019-11-29,52.7,53.26,52.23,53.1,1930200,8360,102017050
2019-12-02,52.9,53.08,52.24,52.94,1469700,8050,77677461
2019-12-03,53.05,53.5,52.45,53.5,2082300,7703,110537441
2019-12-04,53.57,54.1,52.99,53.41,2279500,7942,122254978
2019-12-05,53.19,54.0,52.96,53.41,1488800,7031,79655395
2019-12-06,53.5,54.83,52.76,54.7,4114500,15199,221682655
2019-12-09,54.69,55.4,54.08,54.71,2013100,10825,110073866
2019-12-10,54.47,54.47,52.33,53.6,3990600,16655,211774623
2019-12-11,53.99,54.86,53.63,54.64,2650400,9844,143883101
2019-12-12,55.0,55.49,54.19,55.07,3101600,10783,169870836
2019-12-13,55.4,57.05,55.12,56.86,3779300,13448,213580783
2019-12-16,57.0,57.82,56.63,57.27,3218200,12832,183935935
2019-12-17,57.15,57.45,56.33,56.87,1984700,9766,112858927
2019-12-18,56.87,58.06,56.51,57.61,2684200,9870,154012022
2019-12-19,57.6,57.9,56.82,57.71,2030600,8807,116877496
2019-12-20,57.7,57.7,56.34,57.0,2111100,8452,119943320
2019-12-23,57.0,57.85,56.66,57.6,1341300,6289,77159483
2019-12-26,57.66,58.15,57.04,57.07,2314100,11600,132609604
2019-12-27,57.41,57.8,56.66,57.8,1853300,10517,105951182
2019-12-30,57.6,58.8,57.43,58.28,1615700,6516,94104028
2020-01-02,58.78,59.3,58.15,58.8,1957700,9639,114889921
2020-01-03,57.04,58.21,56.61,56.76,3776500,16823,216176500
2020-01-06,56.61,56.61,54.56,55.0,4110500,16802,226226554
2020-01-07,55.79,57.06,55.1,56.82,2667800,14546,150529390
2020-01-08,56.31,57.61,56.01,56.92,2826200,14174,161313627
2020-01-09,57.06,58.18,56.9,57.28,2106800,11194,121147930
2020-01-10,57.52,58.09,56.95,57.5,1661600,8249,95664666
2020-01-13,57.5,58.39,57.42,58.3,2184900,9265,126781470
2020-01-14,58.3,59.19,57.93,59.19,1929300,9810,113233254
2020-01-15,59.38,59.8,58.7,59.3,3113700,10779,184084097
2020-01-16,59.82,60.49,59.13,59.44,2773300,11338,165528124
2020-01-17,59.95,61.35,59.75,61.35,1629100,8010,98883128
2020-01-20,61.25,61.77,60.89,61.77,1416000,5887,87055090
2020-01-21,61.4,61.55,59.71,60.05,2098500,9671,126754994
2020-01-22,60.1,61.04,58.46,59.6,2938900,10210,174744595
2020-01-23,59.5,61.23,57.86,61.2,1833400,9917,109878090
2020-01-24,61.24,61.49,59.25,59.46,1719200,7558,103091902
2020-01-27,56.7,58.13,56.66,57.48,2247000,10730,129255517
2020-01-28,59.0,62.67,58.8,62.41,5868300,18680,360525513
2020-01-29,62.55,62.87,59.3,59.87,3647700,15978,219815307
2020-01-30,59.0,59.78,57.37,59.71,4222300,14079,246031750
2020-01-31,58.1,59.68,57.84,59.26,2991300,14891,176295490
2020-02-03,59.26,61.25,58.98,60.13,2330600,10805,140969688
2020-02-04,61.43,61.76,60.36,60.8,1920000,8996,116626887
2020-02-05,61.67,62.0,61.27,61.27,2039500,9611,125559659
2020-02-06,61.95,61.95,58.89,59.07,3303500,11610,197336518
2020-02-07,59.38,59.45,56.29,56.29,4655300,16402,268050861
2020-02-10,56.3,56.9,55.34,56.82,3602200,15450,202783057
2020-02-11,58.34,58.92,57.32,58.34,2888500,10132,168430541
2020-02-12,58.5,60.55,58.1,59.66,2795100,12796,166684823
2020-02-13,58.8,59.19,57.93,59.0,2164000,9238,126995119
2020-02-14,59.15,59.79,58.5,59.24,1584700,8515,94082368
2020-02-17,59.99,59.99,58.55,58.7,1240700,6681,73300553
2020-02-18,58.6,58.6,57.17,58.02,1489600,8584,86032414
2020-02-19,58.0,58.77,57.6,58.08,1005300,5087,58331552
2020-02-20,57.51,57.86,55.96,56.4,2970600,13071,167769081
2020-02-21,55.79,56.21,54.96,55.65,2498800,13199,138574734
2020-02-26,49.9,50.84,47.85,48.25,6849400,29294,336615807
2020-02-27,47.79,48.31,44.52,45.13,7916100,35123,365882105
2020-02-28,44.11,45.29,42.55,44.44,6402400,29175,280016318
2020-03-02,45.65,46.96,44.34,45.19,7049000,34592,317716900
2020-03-03,45.4,46.38,43.67,44.0,7936300,27491,359511897
2020-03-04,46.0,46.21,43.51,44.75,4655600,17682,208395586
2020-03-05,43.85,43.85,37.7,38.25,6552000,29757,264008854
2020-03-06,34.51,39.78,33.8,38.68,12921400,47630,481303212
2020-03-09,36.0,36.35,31.55,32.1,6260300,28753,212542198
2020-03-10,36.8,36.8,32.9,36.18,6281500,27923,218743580
2020-03-11,33.98,35.12,28.48,30.25,8041000,31538,251681418
2020-03-12,20.02,22.02,20.0,20.3,8321300,14629,174531444
2020-03-13,24.47,25.0,20.3,24.71,19066500,77321,448242466
2020-03-16,17.4,20.78,15.58,15.6,17642100,53588,313902372
2020-03-17,16.34,16.34,13.72,15.23,19408600,56015,289337892
2020-03-18,13.5,13.5,9.1,10.35,21205400,50554,228557661
2020-03-19,9.8,13.4,8.74,11.97,16527900,40806,187576282
2020-03-20,13.7,17.5,13.01,13.8,17483100,37841,259191883
2020-03-23,14.22,14.34,12.53,14.28,13001300,34295,174873272
2020-03-24,16.6,17.66,15.66,16.17,19375800,47370,322667173
2020-03-25,16.59,20.0,16.55,19.17,19372800,52275,365096465
2020-03-26,19.0,23.48,19.0,20.52,19715200,57375,423398994
2020-03-27,19.23,21.98,18.25,19.5,13224600,37203,262871591
2020-03-30,20.97,22.38,18.9,19.09,8758500,28751,176158149
2020-03-31,19.5,19.65,17.2,17.55,12195700,31083,220139868
2020-04-01,16.04,16.09,14.37,14.85,16902000,42031,252510465
2020-04-02,15.2,15.98,14.4,14.61,11139300,31552,168097390
2020-04-03,14.6,14.61,13.12,14.1,8263100,25245,113798375
2020-04-06,15.8,15.92,14.71,15.6,9645800,23613,149335623
2020-04-07,16.86,17.9,15.6,15.6,16971300,42692,281223060
2020-04-08,15.69,16.86,15.01,16.79,13146800,29425,213520805
2020-04-09,17.44,17.6,16.02,16.3,12762100,30230,215826878
2020-04-13,16.39,16.71,15.62,16.15,8504000,27624,135675201
2020-04-14,16.28,16.9,15.91,16.35,12918600,30744,212574745
2020-04-15,15.8,16.87,15.71,16.5,9367100,22399,152999503
2020-04-16,16.93,17.2,16.0,16.0,8667500,20125,142474209
2020-04-17,16.56,17.15,16.02,16.19,10889900,23228,180087501
2020-04-20,15.99,16.84,15.75,16.68,10639800,25382,173579371
2020-04-22,16.45,16.73,16.18,16.31,10066800,26314,164923066
2020-04-23,16.36,16.65,16.02,16.37,10455800,24674,171398405
2020-04-24,16.24,16.26,13.7,13.99,18787500,52547,273860101
2020-04-27,14.61,14.74,13.89,14.11,9771800,29234,138308881
2020-04-28,14.49,16.1,14.29,16.05,12383300,26219,189369840
2020-04-29,16.29,17.48,16.25,17.12,15686500,39136,267639689
2020-04-30,16.79,17.4,16.28,17.4,14743300,28004,251283328
2020-05-04,15.9,16.2,14.88,15.16,19511800,49105,297798148
2020-05-05,15.65,15.78,15.06,15.16,7546000,20530,115966792
2020-05-06,15.12,15.26,14.45,14.77,7210900,19529,106550515
2020-05-07,15.21,15.26,13.65,13.66,15424200,41019,216871923
2020-05-08,13.94,14.2,13.45,13.6,11318500,26433,155004655
2020-05-11,13.5,13.64,12.66,13.15,7616800,25324,99682312
2020-05-12,13.25,13.79,12.53,12.53,7660600,23958,100795730
2020-05-13,12.86,13.02,12.08,12.29,9519100,25246,118636954
2020-05-14,12.0,12.2,11.36,11.6,17568700,36563,205363970
2020-05-15,11.61,11.83,11.01,11.08,15437800,38364,176078392
2020-05-18,11.66,14.6,11.44,14.39,34241500,62422,448592442
2020-05-19,13.89,14.99,12.72,13.65,46196600,93693,643853696
2020-05-20,14.26,16.87,14.05,15.33,51845900,90916,796920529
2020-05-21,15.8,16.8,15.34,15.43,34624000,60050,552352383
2020-05-22,15.0,15.35,14.6,14.8,14334500,29934,213420952
2020-05-25,15.6,16.1,15.19,15.34,12462700,22704,193380756
2020-05-26,15.9,16.0,14.63,14.75,17815900,38020,268098822
2020-05-27,15.02,15.1,14.08,14.87,14839000,29947,217037999
2020-05-28,14.59,15.24,14.43,14.75,11536000,25098,170841165
2020-05-29,14.5,14.65,14.1,14.28,14978300,33790,213999534
2020-06-01,14.2,15.45,14.0,15.35,22599200,44389,341109598
2020-06-02,15.7,16.8,15.63,16.75,32496000,59992,529011058
2020-06-03,17.85,19.63,17.7,18.45,46131200,96998,859127875
2020-06-04,18.75,19.59,17.74,19.08,27547500,55324,521935571
2020-06-05,20.7,21.73,20.53,21.16,32824900,74185,693113718
2020-06-08,23.44,27.49,22.86,27.35,59421900,121374,1508815157
2020-06-09,26.2,29.56,25.02,25.78,68865800,140799,1849022059
2020-06-10,27.3,28.0,22.91,23.5,55095300,118532,1357107090
2020-06-12,21.14,23.23,21.0,22.12,42967900,79197,938596456
2020-06-15,20.7,22.89,19.81,22.15,54016000,96353,1157878929
2020-06-16,24.0,24.46,22.26,22.59,42476100,87208,999080069
2020-06-17,23.06,23.78,21.85,22.62,26789400,55124,605534440
2020-06-18,22.16,22.9,21.83,21.93,18615100,37521,416401539
2020-06-19,22.6,22.72,21.35,21.8,20724800,40145,455614473
2020-06-22,21.65,21.75,20.42,20.63,20541600,50225,431250730
2020-06-23,21.1,22.96,20.31,22.5,34984200,65840,751509131
2020-06-24,22.3,22.37,20.5,21.1,27296000,52129,580772601
2020-06-25,21.11,21.95,20.5,21.2,27387500,56309,580373740
2020-06-26,21.0,21.45,20.0,20.0,16310400,35632,335792234
2020-06-29,20.51,20.97,19.22,20.73,26403700,49720,533635039
2020-06-30,20.44,20.67,20.1,20.11,13888700,27230,282408450
2020-07-01,20.4,21.55,20.2,20.67,20843600,42046,435930062
2020-07-02,21.41,21.83,20.64,20.76,17256300,31972,367466507
2020-07-03,20.82,21.15,20.4,21.15,9113600,17161,189614083
2020-07-06,21.9,22.05,21.35,22.05,16135400,32350,350665175
2020-07-07,21.62,22.36,21.4,21.5,17015000,33860,371123102
2020-07-08,22.02,22.05,21.45,21.53,10774700,21595,233622444
2020-07-09,21.59,21.62,20.81,20.9,11960700,23424,254224504
2020-07-10,20.75,22.15,20.63,21.91,17395500,34981,371927194
2020-07-13,22.27,22.9,21.16,21.16,20476800,40823,454258341
2020-07-14,21.17,22.05,20.63,21.75,15561500,35241,332839903
2020-07-15,22.58,22.85,22.05,22.73,26871600,44186,605591785
2020-07-16,22.53,22.7,21.91,22.05,13014000,23507,289734200
2020-07-17,22.19,22.44,21.67,21.8,14425200,31621,316082032
2020-07-20,21.99,22.0,21.58,21.59,10397400,21210,225746467
2020-07-21,21.8,22.22,21.65,21.8,11490500,24025,251047051
2020-07-22,21.86,21.92,21.17,21.68,8680100,18482,187269395
2020-07-23,21.55,21.7,20.78,20.95,8815800,20206,186947628
2020-07-24,20.69,20.69,20.05,20.54,9049700,24689,184178776
2020-07-27,20.71,20.88,20.22,20.71,7985500,18335,164357152
2020-07-28,20.9,21.76,20.56,21.52,10540500,21755,224170868
2020-07-29,21.64,21.69,20.72,20.96,9578400,19989,201692571
2020-07-30,20.61,21.28,20.52,21.02,6542400,14469,137082324
2020-07-31,21.02,21.55,20.12,20.31,10273900,23398,211324572
2020-08-03,20.6,20.6,19.91,20.1,7695200,18718,155231573
2020-08-04,19.88,20.43,19.69,19.82,7135600,17505,142446512
2020-08-05,20.16,20.29,19.85,20.16,6102000,14986,122574411
2020-08-06,20.36,21.59,20.01,21.45,13244800,26391,278009592
2020-08-07,21.22,21.83,20.7,21.01,11753600,25318,250428891
2020-08-10,21.08,21.9,20.87,21.78,14738600,32030,317448090
2020-08-11,22.15,24.05,22.01,23.32,41576000,72873,967451447
2020-08-12,24.41,24.7,22.53,22.88,33450300,61323,785240550
2020-08-13,22.26,23.1,22.0,22.01,13622100,29516,306924717
2020-08-14,21.9,22.78,21.36,22.49,12943600,29651,286020247
2020-08-17,22.4,22.45,21.0,21.25,11973300,28264,259488051
2020-08-18,21.7,22.07,21.35,21.8,7271500,19321,158036336
2020-08-19,21.89,22.12,21.33,21.47,7335600,18306,159515745
2020-08-20,21.0,21.74,20.73,21.57,7926000,17730,168395758
2020-08-21,21.57,22.4,21.38,21.69,10520300,23593,230124310
2020-08-24,21.92,22.6,21.59,22.57,12921400,27544,286643082
2020-08-25,23.0,23.01,21.87,21.95,11596500,23056,257926192
2020-08-26,21.9,22.15,21.24,21.59,8324900,21038,180089989
2020-08-27,21.75,22.66,21.64,22.37,15332700,30157,340782924
2020-08-28,22.4,22.98,22.05,22.88,10505400,25149,237698442
2020-08-31,22.7,23.51,22.14,22.21,11454000,25692,259380637
2020-09-01,22.36,23.14,22.11,22.91,12297600,28181,280083341
2020-09-02,23.05,23.56,22.66,23.14,10006000,20361,230624853
2020-09-03,23.15,24.2,23.02,23.99,22388500,47206,533188570
2020-09-04,24.21,24.8,23.79,24.59,16928000,38613,412452121
2020-09-08,24.35,26.5,24.1,26.26,23371200,52867,605384707
2020-09-09,26.6,27.22,25.69,26.22,19611500,39575,513292938
2020-09-10,26.3,27.45,26.1,26.1,17115900,42632,457206959
2020-09-11,26.9,27.07,25.11,26.58,18792100,44685,490782623
2020-09-14,27.05,28.37,26.6,28.25,20548100,43841,566796048
2020-09-15,28.21,28.66,27.65,28.03,15758800,35009,442896564
2020-09-16,28.1,29.42,27.83,29.09,19735300,41345,569840775
2020-09-17,28.77,29.5,28.39,28.91,12942000,28445,376042941
2020-09-18,28.9,29.34,27.9,28.2,15884500,31794,452000089
2020-09-21,27.29,27.59,25.89,26.0,22940200,46884,608076937
2020-09-22,26.18,26.92,25.81,26.27,13938900,31322,366187494
2020-09-23,26.5,27.27,26.13,26.75,14412300,27868,384119760
2020-09-24,26.76,27.39,25.92,26.85,13132200,26974,352005420
2020-09-25,26.52,27.33,26.32,26.78,9779000,20019,263191913
2020-09-28,27.5,28.09,25.71,25.95,18129700,40052,491152887
2020-09-29,26.04,26.23,23.78,23.95,19356700,42086,478059228
2020-09-30,24.01,25.04,23.7,24.38,15865200,32217,388650666
2020-10-01,25.32,26.08,24.83,25.7,20951400,41421,533855178
2020-10-02,25.4,25.56,24.25,24.27,14657800,29616,364108004
2020-10-05,24.6,24.9,24.0,24.31,10814600,21870,263128908
2020-10-06,24.76,26.64,24.55,25.89,23384300,45804,603797339
2020-10-07,26.76,26.98,24.71,24.97,25722100,48715,651164336
2020-10-08,25.28,25.5,24.71,25.13,10666100,22139,267191540
2020-10-09,25.0,25.95,24.88,25.3,13044600,31015,333476467
2020-10-13,25.57,25.7,24.81,25.19,8694700,19037,218449975
2020-10-14,25.19,26.1,25.15,25.81,10524000,21928,271463942
2020-10-15,24.9,25.79,24.76,25.73,10460700,20848,264915098
2020-10-16,25.69,25.87,25.3,25.5,6938900,17519,177048571
2020-10-19,25.75,27.28,25.72,26.53,18874300,33858,506198971
2020-10-20,26.78,27.02,26.07,26.28,11764700,23124,312145439
2020-10-21,26.23,26.59,25.82,26.12,7009000,15183,182664402
2020-10-22,26.15,26.87,26.03,26.74,10089000,18378,267489980
2020-10-23,26.66,27.37,26.52,27.1,8902400,16112,240420930
2020-10-26,26.77,26.9,25.74,26.14,10619100,22808,277679239
2020-10-27,26.16,26.72,25.75,25.88,8066200,14690,211220834
2020-10-28,24.9,25.0,23.3,23.4,17475700,31046,420265638
2020-10-29,23.0,23.65,21.0,23.39,18979400,32305,430465619
2020-10-30,23.09,23.29,22.09,22.55,11783200,21411,266798790
2020-11-03,23.2,23.53,22.27,22.49,10342100,20173,235954634
2020-11-04,22.95,23.61,22.42,23.38,10328800,18690,238740830
2020-11-05,24.0,25.6,23.81,25.6,13186700,24582,326185148
2020-11-06,24.99,26.07,24.56,25.93,11486000,21784,291759869
2020-11-09,29.51,31.04,28.5,30.71,47545200,85565,1409555542
2020-11-10,30.05,31.9,29.76,30.29,21400000,44610,656128706
2020-11-11,30.11,30.78,28.7,29.8,15764600,35776,467906465
2020-11-12,29.48,29.79,27.82,27.9,16411500,32288,473566251
2020-11-13,28.23,29.09,27.83,29.0,11503500,21851,329958973
2020-11-16,30.39,32.83,29.82,32.15,30341300,61967,954454819
2020-11-17,31.64,33.33,31.01,32.85,20170200,41207,654730312
2020-11-18,33.52,35.59,33.33,34.3,32359600,59698,1112597379
2020-11-19,34.3,35.76,33.26,35.68,19031300,38923,659619605
2020-11-20,35.52,36.25,34.52,34.63,13262200,28812,465143255
2020-11-23,35.91,36.59,35.37,35.62,13316800,26122,479251133
2020-11-24,36.2,36.43,35.46,35.89,11002600,24800,395452831
2020-11-25,35.8,36.39,35.64,36.0,7427100,15488,267973202
2020-11-26,35.81,37.8,35.6,37.23,8987400,15862,330214542
2020-11-27,37.31,37.66,36.7,36.89,10359300,17026,384282024
2020-11-30,37.0,40.2,36.93,38.02,24934800,47491,968425954
2020-12-01,39.55,39.89,38.56,38.94,12572400,26678,491414196
2020-12-02,39.04,40.78,38.78,40.52,12573000,23667,501792233
2020-12-03,41.14,44.18,41.12,42.28,23015100,51191,986517756
2020-12-04,43.51,43.93,41.31,42.0,10579100,28861,448102860
2020-12-07,42.1,43.52,41.64,41.89,10352700,27253,440804879
2020-12-08,42.4,43.29,41.17,41.39,9516300,22685,401894781
2020-12-09,42.0,42.49,40.2,40.89,7809400,18848,319673439
2020-12-10,41.39,41.49,39.12,40.05,8825900,22314,352833124
2020-12-11,39.44,40.99,39.14,40.72,8350300,22204,334865621
2020-12-14,41.3,41.64,39.44,39.54,8150100,20873,329663638
2020-12-15,39.9,39.99,38.63,39.91,8913600,21237,351426494
2020-12-16,39.93,40.49,39.15,39.68,7249800,21421,287440239
2020-12-17,39.93,40.04,38.56,38.74,7185500,17591,282202057
2020-12-18,38.59,39.3,37.66,37.95,7128500,16096,273251968
2020-12-21,35.0,37.03,34.5,36.5,13218400,28487,476853846
2020-12-22,36.83,37.1,34.63,35.27,8799400,16705,313017407
2020-12-23,35.27,38.05,35.1,37.7,12345100,24088,458840752
2020-12-28,38.3,38.75,37.17,37.77,7433100,17239,280476407
2020-12-29,38.1,38.75,37.37,37.67,6005400,16240,227973151
2020-12-30,38.02,39.7,37.8,39.3,10746800,20679,419119439
2021-01-04,40.0,40.17,37.27,37.73,8861700,21994,339322551
2021-01-05,37.5,38.58,36.67,38.2,7883900,19859,297314867
2021-01-06,38.05,38.5,36.58,36.66,8241300,22666,306972205
2021-01-07,37.0,37.68,35.87,36.05,7037000,19423,257315055
2021-01-08,36.55,37.35,36.21,36.6,7023400,17681,257961997
2021-01-11,36.28,37.14,36.08,36.44,5362000,13485,195775693
2021-01-12,36.78,37.94,36.36,37.72,5894200,13615,219436256
2021-01-13,37.66,37.89,35.8,35.96,6601300,16510,240492210
2021-01-14,36.43,39.39,36.29,38.57,15963200,30530,612165266
2021-01-15,37.96,38.39,37.08,37.42,8446800,19115,317278895
2021-01-18,38.72,39.95,37.9,38.1,9158700,19849,356020358
2021-01-19,38.83,39.12,37.31,37.59,7084100,16790,268053953
2021-01-20,37.7,38.7,36.18,37.91,8970700,18039,334972791
2021-01-21,37.9,38.3,37.01,38.3,6818100,14867,257019043
2021-01-22,37.3,38.91,37.03,38.91,7678200,20113,290938220
2021-01-26,38.5,39.58,37.55,37.87,9169900,29112,355106531
2021-01-27,37.91,40.83,37.64,39.95,17551400,43977,689688463
2021-01-28,39.89,44.17,39.81,41.44,19296200,46221,818006589
2021-01-29,40.88,42.69,39.22,40.34,11417000,24507,464190987
2021-02-01,41.22,41.88,40.44,41.4,6608700,19519,272612493
2021-02-02,42.4,42.67,41.29,42.14,5302300,18902,223214072
2021-02-03,42.51,42.86,41.6,42.51,4783100,15849,201567733
2021-02-04,42.6,43.91,42.44,43.37,6332800,16480,274593617
2021-02-05,43.71,43.89,42.62,43.55,3918900,12083,169827982
2021-02-08,43.58,44.85,43.2,44.59,7033200,17774,311957362
2021-02-09,44.3,44.78,43.71,44.3,5548600,15489,245585370
2021-02-10,44.47,44.65,42.15,42.75,4654400,14864,201652271
2021-02-11,42.91,44.34,42.64,43.04,5504700,12725,239282595
2021-02-12,42.68,43.18,41.8,42.86,4010100,9562,170870794
2021-02-17,42.86,43.6,42.46,43.33,2863100,10569,123501813
2021-02-18,43.33,43.85,41.88,42.3,4478200,16391,190991414
2021-02-19,42.3,44.0,42.13,43.7,5070000,14295,219717037
2021-02-22,42.33,43.21,41.21,41.73,7307900,27340,308633777
2021-02-23,42.75,43.58,41.01,43.1,5759800,16633,245190222
2021-02-24,43.5,45.64,43.01,44.95,8787400,24181,392068206
2021-02-25,45.05,45.28,41.52,42.45,7901100,21840,342753316
2021-02-26,42.25,42.53,40.31,40.6,7581600,20078,312672661
2021-03-01,41.11,41.77,39.89,40.05,5592400,19265,228556990
2021-03-02,39.4,39.61,37.84,38.79,8818500,30698,340937268
2021-03-03,38.46,39.15,36.9,38.56,9333200,32353,355053869
2021-03-04,37.72,40.1,37.22,38.5,10422300,26257,403192982
2021-03-05,38.36,38.49,36.39,38.14,12565600,31388,471658922
2021-03-08,37.09,38.6,34.74,35.46,17803200,37636,650546685
2021-03-09,36.01,36.67,35.15,35.98,7591100,17258,272016520
2021-03-10,36.16,38.75,36.08,38.34,10668300,24964,399422917
2021-03-11,39.2,40.73,38.85,40.45,9097300,24355,362605985
2021-03-12,39.96,41.4,39.5,41.13,6783500,17919,276091663
2021-03-15,40.9,43.88,40.75,42.84,9846100,23363,422838738
2021-03-16,42.8,43.24,39.8,40.19,9016700,26697,370613623
2021-03-17,39.81,41.77,39.81,41.54,6287900,18768,257786089
2021-03-18,41.19,42.18,40.27,40.7,6177300,15300,254377270
2021-03-19,40.8,42.32,40.18,41.99,6218400,13292,257655714
2021-03-22,40.98,41.2,39.06,39.43,8234200,22306,327137263
2021-03-23,38.91,38.98,36.5,36.75,15726900,41003,592037833
2021-03-24,37.5,38.45,36.45,36.53,9544200,23968,357836259
2021-03-25,36.72,37.43,35.8,37.21,7238400,17574,264968532
2021-03-26,37.94,38.16,36.53,37.37,7331700,18856,273406169
2021-03-29,37.47,37.89,36.39,36.48,8150900,19828,301406033
2021-03-30,36.27,39.25,36.27,39.01,11609100,28100,445401951
2021-03-31,39.03,39.7,37.39,37.85,11320600,25522,431485821
2021-04-01,38.25,39.02,37.95,37.99,5902300,13695,226301155
2021-04-05,38.5,40.05,38.4,39.8,7218800,15561,284275215
2021-04-06,39.59,40.06,39.06,39.67,5371400,10974,212383352
2021-04-07,39.65,40.37,39.04,39.45,5904800,13024,233572204
2021-04-08,39.61,40.17,39.2,39.96,3810200,9571,151455969
2021-04-09,39.8,40.15,39.06,39.35,7725800,17888,305276348
2021-04-12,39.33,39.68,38.1,38.35,8861200,22376,341831681
2021-04-13,38.5,38.53,37.57,38.03,8024200,19986,304919668
2021-04-14,38.14,38.74,37.83,38.1,6587000,16471,251952491
2021-04-15,38.28,38.63,37.8,37.82,4312600,11863,164694834
2021-04-16,37.98,38.16,37.45,37.81,4541100,10661,171797630
2021-04-19,37.88,38.65,37.6,37.96,5949100,12421,227304445
2021-04-20,38.0,38.18,36.63,37.44,6807500,15583,254265489
2021-04-22,37.95,39.38,37.83,38.66,6981100,17785,270435560
2021-04-23,38.99,39.45,38.32,38.91,4743300,12227,185593082
2021-04-26,39.31,39.99,39.12,39.41,3694100,9976,146471470
2021-04-27,39.41,40.4,38.86,39.4,5337200,13210,212063714
2021-04-28,39.6,40.44,39.5,40.09,4989100,12504,199968435
2021-04-29,40.15,41.2,39.86,40.19,6795900,18476,275851526
2021-04-30,40.06,40.54,38.43,38.5,7117100,19013,278227625
2021-05-03,38.8,39.13,37.65,38.2,5197900,15435,198694082
2021-05-04,38.12,38.25,37.17,37.45,5765700,14877,216661517
2021-05-05,37.8,38.54,37.01,38.09,5568100,12944,211139892
2021-05-06,38.12,38.85,36.95,37.46,6312700,15609,237011684
2021-05-07,37.52,39.1,37.4,38.81,8656000,22613,333378264
2021-05-10,39.06,39.82,38.73,39.48,6951400,16104,273894556
2021-05-11,39.02,40.73,38.52,40.73,9520000,16738,379118838
2021-05-12,40.26,40.42,38.41,38.41,7030500,16412,276476850
2021-05-13,38.86,39.52,38.5,38.99,6709800,12821,261704705
2021-05-14,39.43,40.55,39.38,39.67,4351500,12271,173658467
2021-05-17,39.56,39.76,38.77,39.44,3445000,9111,135056680
2021-05-18,39.64,40.18,39.19,39.58,3759500,9087,149472258
2021-05-19,39.22,39.95,39.0,39.8,4185900,10993,165596002
2021-05-20,39.78,40.9,39.76,40.21,5217000,11694,210511043
2021-05-21,40.48,41.47,40.09,40.98,6761800,17477,277427367
2021-05-24,41.42,41.42,39.88,40.35,5740200,15800,231831337
2021-05-25,40.62,42.6,40.52,42.01,10254600,23789,429591608
2021-05-26,42.75,46.76,42.55,46.76,22218100,51262,1001269366
2021-05-27,46.95,47.15,44.5,44.62,13497700,31628,612426126
2021-05-28,44.0,44.0,42.39,42.86,9920200,23739,426308295
2021-05-31,42.9,43.4,42.67,43.0,3693400,8279,158722271
2021-06-01,43.6,44.25,42.6,42.9,9717000,28204,420586013
2021-06-02,43.06,44.09,42.63,43.85,5945300,15970,258712453
2021-06-04,43.98,44.95,43.68,44.71,5778300,18000,257254713
2021-06-07,45.94,48.03,45.94,47.2,11437900,31608,542817808
2021-06-08,47.38,48.79,46.81,48.55,7367500,21583,353838741
2021-06-09,48.78,49.43,47.48,47.63,7337700,24545,354909635
2021-06-10,48.01,48.34,46.86,47.78,5100400,14703,242126467
2021-06-11,47.8,47.8,46.53,46.82,3245600,9303,152760342
2021-06-14,47.63,48.74,47.09,47.7,6131200,17433,294184958
2021-06-15,47.85,48.14,46.0,46.43,5523700,15360,257361210
2021-06-16,46.57,46.98,45.56,46.32,5587300,17502,258646653
2021-06-17,46.45,46.62,45.6,45.93,3291600,8581,151214365
2021-06-18,45.71,47.2,45.23,46.82,4979600,14142,231521945
2021-06-21,47.18,48.4,46.71,48.29,4667000,13911,223325056
2021-06-22,48.53,48.53,47.01,47.43,4122100,17565,195593281
2021-06-23,47.55,48.34,47.25,47.5,4052800,13855,194158431
2021-06-24,48.05,48.2,46.69,47.0,4582200,13150,216000168
2021-06-25,46.91,47.2,45.62,45.97,3749500,11441,173097500
2021-06-28,45.9,46.33,44.91,45.33,3903800,9580,177121924
2021-06-29,45.11,45.55,43.7,44.53,4877500,14917,216781354
2021-06-30,44.29,44.69,43.62,43.89,5010600,18429,220051166
2021-07-01,44.02,44.32,43.15,43.96,4289200,11740,187609688
2021-07-02,44.19,44.85,43.54,44.72,4533100,13294,201000378
2021-07-05,44.71,44.99,44.25,44.35,1629500,4851,72644818
2021-07-06,44.21,44.42,42.4,42.5,5697700,15630,244636034
2021-07-07,42.89,43.15,41.65,42.67,4557700,14517,193078912
2021-07-08,41.7,41.99,40.95,41.21,5196200,14247,214722132
2021-07-12,41.76,42.59,41.42,42.55,3983600,11092,167987263
2021-07-13,42.35,42.66,41.73,42.49,3558300,10828,150299255
2021-07-14,42.95,43.49,42.3,42.55,4198100,12932,179947695
2021-07-15,42.4,42.55,41.51,41.85,3554500,8778,149041715
2021-07-16,42.06,42.27,40.37,40.5,5782200,12801,237578296
2021-07-19,39.71,39.8,38.71,39.27,7727900,21586,302294374
2021-07-20,39.49,40.71,38.77,40.44,4138000,12110,164812553
2021-07-21,40.7,41.27,40.06,40.74,3064800,9037,124424530
2021-07-22,40.75,41.12,40.09,40.2,3183000,8332,128933143
2021-07-23,40.33,40.57,39.68,39.7,3020300,7819,120698294
2021-07-26,39.81,40.84,39.55,40.78,3274600,9640,132549647
2021-07-27,40.5,40.51,39.33,39.67,5006000,12149,198673418
2021-07-28,40.07,41.07,39.81,40.68,4484800,14600,181868870
2021-07-29,40.95,41.2,39.85,40.13,3142600,8444,126509928
2021-07-30,39.74,39.78,38.69,38.9,4374500,12575,170680934
2021-08-02,39.75,40.07,38.68,38.68,4389600,13160,172978613
2021-08-03,38.77,38.94,37.31,38.65,4054300,14369,154229709
2021-08-04,38.65,38.69,37.72,37.74,3623300,12730,137691650
2021-08-05,38.0,38.79,37.77,37.78,4048500,13472,154754897
2021-08-06,37.81,38.48,37.66,37.97,3345900,9500,127052392
2021-08-09,37.8,38.27,37.43,37.97,2684100,8378,101725089
2021-08-10,38.01,38.45,37.6,37.86,2843000,7645,107823473
2021-08-11,37.87,37.92,37.17,37.7,2593400,7432,97375962
2021-08-12,37.7,37.9,36.27,37.19,3863900,10593,143366148
2021-08-13,37.3,37.49,36.41,36.77,2929200,8872,107879776
2021-08-16,36.44,36.45,35.04,35.34,4093500,15060,145616569
2021-08-17,35.34,35.34,33.6,33.99,4716600,14929,161344042
2021-08-18,33.94,35.01,33.57,34.36,4188000,14822,143722751
2021-08-19,33.73,35.2,33.63,35.19,4014300,11281,138177028
2021-08-20,34.75,36.58,34.35,36.13,5411000,15006,192685164
2021-08-23,36.56,37.54,36.19,37.0,3381200,11312,125133042
2021-08-24,37.9,39.9,37.7,39.7,6058900,16439,238215425
2021-08-25,39.5,39.86,38.92,39.74,2952600,9987,116511189
2021-08-26,39.25,40.18,38.58,38.8,4378700,13156,171796481
2021-08-27,38.99,39.58,38.73,39.17,3229400,9431,126543178
2021-08-30,39.1,39.17,37.89,37.89,3177300,10798,121399784
2021-08-31,38.03,38.56,37.37,37.73,3564400,10066,134985100
2021-09-01,37.92,38.31,37.4,37.78,2241500,8303,84656329
2021-09-02,37.75,38.04,36.68,37.12,4489900,14793,167769084
2021-09-03,37.32,37.52,36.11,36.65,4018300,10635,147168177
2021-09-06,36.56,36.87,36.03,36.31,2126400,6023,77440191
2021-09-08,36.19,36.91,34.45,34.67,5365100,19671,190710213
2021-09-09,35.29,35.77,34.22,35.5,5600400,18368,196810997
2021-09-10,36.1,36.79,34.73,34.92,5876300,16197,208272679
2021-09-13,35.84,36.14,34.84,35.8,5494100,12746,195551257
2021-09-14,35.97,36.1,35.01,35.2,3120100,9175,110549318
2021-09-15,35.44,35.6,34.81,34.84,3606000,9377,126581644
2021-09-16,34.65,35.39,34.28,35.18,5434000,12816,190347627
2021-09-17,35.01,35.65,34.55,34.76,4324600,11177,151031640
2021-09-20,34.04,34.84,33.39,33.6,6752900,15412,228577513
2021-09-21,34.0,34.28,33.08,33.83,10146500,19756,342243756
2021-09-22,34.24,37.06,34.1,36.6,7803200,21874,281396092
2021-09-23,36.84,38.44,36.84,37.92,6078900,17946,230585951
2021-09-24,37.44,38.47,37.12,38.47,3704100,12208,140680793
2021-09-27,38.49,39.03,38.14,38.32,3936700,13707,151845092
2021-09-28,37.9,38.39,36.73,36.73,3426300,12122,128461847
2021-09-29,37.21,37.75,36.63,37.03,3533300,14039,131499659
2021-09-30,37.31,37.39,36.14,36.41,3505500,14494,128283610
2021-10-01,36.6,38.92,36.45,38.72,4973800,15179,190464986
2021-10-04,38.81,38.81,36.8,36.96,4167000,13497,156308168
2021-10-05,37.38,37.46,36.1,36.25,3511600,11727,128544383
2021-10-06,35.78,36.05,34.68,35.67,4082200,14858,144532819
2021-10-07,36.0,36.31,35.3,35.36,3200300,10979,114252782
2021-10-08,36.24,36.79,35.64,35.86,4012200,13656,145352864
2021-10-11,35.87,35.9,34.93,35.07,3825900,11973,134651302
2021-10-13,35.05,35.47,34.66,34.97,4175200,14297,146040446
2021-10-14,35.17,35.8,34.89,35.16,3550100,10368,125253980
2021-10-15,35.25,36.05,35.06,35.62,3431700,10690,122085747
2021-10-18,35.07,35.35,33.93,34.36,5085300,14366,175171007
2021-10-19,33.96,34.06,30.68,30.8,16110400,45435,513734682
2021-10-20,31.21,31.4,30.32,30.56,8858200,29545,273283237
2021-10-21,29.75,30.95,29.51,29.69,10677800,27123,322388749
2021-10-22,29.27,29.66,27.16,29.19,12900600,40495,365634660
2021-10-25,29.67,30.34,29.06,29.36,7156500,23426,211771355
2021-10-26,29.15,29.15,26.9,26.9,8557200,23919,237935717
2021-10-27,27.2,27.72,26.12,26.36,7978800,18651,214352370
2021-10-28,26.33,26.77,26.0,26.01,7939200,19500,208489064
2021-10-29,26.16,26.42,24.87,24.87,8181700,18639,209025009
2021-11-01,25.4,27.32,25.23,27.1,10838900,25821,290457436
2021-11-03,27.06,28.27,26.52,27.7,10178300,27368,280802241
2021-11-04,27.5,27.56,25.9,26.23,8450900,21620,224982727
2021-11-05,26.5,29.03,26.5,28.4,14153200,28953,399776198
2021-11-08,28.24,28.53,27.85,28.15,6471100,15348,181966361
2021-11-09,28.26,28.78,27.7,27.78,7172100,15418,201571585
2021-11-10,28.0,28.05,26.39,26.44,12081100,24738,327102464
2021-11-11,26.92,29.78,26.83,29.04,17906300,37887,511245884
2021-11-12,28.78,29.65,28.37,28.76,8410100,21998,242599171
2021-11-16,28.9,29.42,27.49,27.69,5645400,15108,158261083
2021-11-17,28.25,29.28,27.12,27.8,10161600,27016,285121115
2021-11-18,27.87,28.74,27.04,27.36,5752600,15133,159263926
2021-11-19,27.15,28.07,26.55,27.76,6698400,15379,183862067
2021-11-22,27.75,28.67,26.96,27.2,6390300,15540,177370940
2021-11-23,27.33,27.68,26.11,26.9,7796000,19844,208527006
2021-11-24,26.72,27.52,25.94,26.56,11913100,25798,318857567
2021-11-25,26.6,27.69,26.42,27.15,6421700,14420,174356017
2021-11-26,25.6,25.6,23.3,23.3,20759100,49406,501158686
2021-11-29,24.24,24.7,23.1,23.49,12929100,30075,306585616
2021-11-30,22.91,23.38,22.11,23.38,12177900,30548,278081197
2021-12-01,23.65,24.5,21.83,21.86,12844100,32934,295755330
2021-12-02,21.67,22.4,21.36,22.31,11971300,31108,263418714
2021-12-03,22.4,24.07,22.19,22.43,13045300,27044,300404857
2021-12-06,22.67,25.11,22.57,24.8,12696900,26484,306178254
2021-12-07,26.0,26.31,24.53,24.73,8314100,18431,209695007
2021-12-08,24.78,26.77,24.6,26.18,9846400,23979,256391185
2021-12-09,25.83,26.1,25.25,26.07,6469300,17200,166427514
2021-12-10,26.59,27.18,25.58,25.88,6720100,15965,175674403
2021-12-13,25.94,26.38,24.8,24.98,7702100,17463,195506502
2021-12-14,25.62,25.65,24.41,25.2,8722400,19622,219487152
2021-12-15,25.02,25.54,24.04,25.48,8786400,20783,217077635
2021-12-16,25.82,26.45,24.76,24.85,6779100,15595,172875457
2021-12-17,24.34,25.72,24.06,25.42,6490000,17380,162602654
2021-12-20,24.28,24.85,23.96,24.51,7933900,17220,193064981
2021-12-21,24.75,26.54,24.29,26.44,10510100,22029,270913143
2021-12-22,26.26,27.13,26.0,26.8,5994800,13161,159328358
2021-12-23,26.88,27.1,26.31,26.46,4862500,9872,129397293
2021-12-27,26.12,26.67,25.62,25.67,5951900,12273,154572444
2021-12-28,25.62,25.97,25.35,25.75,3206800,7927,82433351
2021-12-29,25.69,25.83,23.86,23.86,7599700,15987,186433521
2021-12-30,24.1,24.57,23.9,24.36,6088600,12020,147842843
