Date,Open,High,Low,Close,Volume,Neg,Fin
2010-01-13,17.90179,17.90179,17.0017,17.36174,38200,42,667476
2010-01-14,17.50175,17.50175,17.30173,17.30173,12700,35,221272
2010-01-15,17.49175,17.64176,16.75167,17.43174,20300,41,353006
2010-01-18,17.49175,17.49175,16.90169,16.90169,5400,24,92920
2010-01-19,16.79168,17.17172,16.31163,16.9917,8100,22,137526
2010-01-20,16.51165,16.69167,16.0016,16.62166,13300,32,218915
2010-01-21,16.30163,16.50165,16.30163,16.50165,63700,34,1039214
2010-01-22,16.51165,16.90169,15.71157,16.85169,6700,30,110239
2010-01-26,16.50165,17.10171,16.50165,17.10171,5400,9,90675
2010-01-27,16.61166,17.0017,16.50165,16.89169,3600,12,60097
2010-01-28,17.25173,17.25173,16.50165,16.60166,30100,16,499913
2010-01-29,16.9517,17.45175,16.40164,17.40174,50100,15,825103
2010-02-01,17.25173,17.50175,17.25173,17.40174,25200,26,438734
2010-02-02,17.40174,17.40174,17.0217,17.40174,12400,12,212722
2010-02-03,17.35174,17.35174,16.63166,17.0017,13800,26,234944
2010-02-04,16.50165,17.0017,15.91159,16.49165,38000,62,622100
2010-02-05,16.0016,16.0016,15.10151,15.53155,14000,28,217230
2010-02-08,15.70157,16.79168,15.70157,15.75158,56700,40,898769
2010-02-09,16.0016,16.80168,15.80158,16.45165,136300,163,2202891
2010-02-10,16.45165,16.9917,16.45165,16.85169,13200,23,221981
2010-02-11,16.61166,16.85169,16.30163,16.85169,6800,14,113621
2010-02-12,16.80168,16.9917,16.50165,16.9917,10700,17,178073
2010-02-17,16.50165,17.15171,16.50165,17.15171,2600,5,44113
2010-02-18,17.29173,17.29173,16.90169,17.25173,10700,8,182549
2010-02-22,17.35174,17.35174,17.25173,17.25173,200,2,3460
2010-02-23,16.90169,17.0017,16.80168,16.9917,7100,11,120008
2010-02-25,16.61166,16.89169,16.45165,16.89169,5000,10,83355
2010-02-26,17.0017,17.0017,16.71167,16.9917,26300,32,442863
2010-03-01,16.90169,17.35174,16.90169,17.35174,9800,9,167865
2010-03-02,17.0017,17.30173,17.0017,17.20172,21500,19,366442
2010-03-03,17.45175,17.45175,17.45175,17.45175,500,1,8725
2010-03-04,17.40174,17.40174,17.06171,17.35174,2400,7,41324
2010-03-05,17.40174,17.50175,17.20172,17.20172,148400,21,2595380
2010-03-08,17.39174,17.40174,17.39174,17.40174,200,2,3479
2010-03-09,17.40174,17.40174,17.0517,17.40174,9500,15,164905
2010-03-10,17.10171,17.50175,17.10171,17.50175,70400,20,1231349
2010-03-11,17.49175,17.50175,17.40174,17.49175,86000,29,1504755
2010-03-12,17.9518,17.9518,17.49175,17.50175,73900,15,1293534
2010-03-15,17.80178,17.80178,17.20172,17.30173,9600,11,165864
2010-03-16,17.48175,17.48175,17.39174,17.39174,1900,4,33077
2010-03-17,17.20172,17.38174,17.20172,17.38174,2600,5,44823
2010-03-19,17.39174,17.39174,17.25173,17.25173,2000,20,34748
2010-03-22,17.30173,17.30173,17.30173,17.30173,100,1,1730
2010-03-23,17.0517,17.30173,17.0017,17.30173,9500,16,162355
2010-03-24,17.0317,17.30173,17.0017,17.30173,203700,12,3519676
2010-03-25,17.20172,17.20172,17.20172,17.20172,323900,3,5571080
2010-03-26,17.0017,17.17172,16.80168,16.80168,30800,4,528724
2010-03-29,17.0017,17.29173,17.0017,17.29173,97100,9,1651140
2010-03-30,17.20172,17.30173,17.0517,17.10171,14600,12,251283
2010-03-31,17.0017,17.20172,16.9917,17.20172,24800,8,421610
2010-04-01,17.0017,17.18172,17.0017,17.18172,8100,5,137718
2010-04-05,17.15171,17.15171,17.0017,17.15171,6000,10,102455
2010-04-06,17.0117,17.10171,17.0017,17.10171,3700,6,63165
2010-04-07,17.10171,17.20172,17.10171,17.20172,15000,12,257409
2010-04-08,17.10171,17.30173,17.10171,17.30173,113600,9,1945541
2010-04-09,17.11171,17.19172,17.10171,17.19172,5600,4,95820
2010-04-12,17.15171,17.20172,17.10171,17.20172,137400,7,2349780
2010-04-13,17.0117,17.25173,17.0017,17.20172,133100,17,2269065
2010-04-14,17.0017,17.17172,17.0017,17.0017,104600,8,1778217
2010-04-15,17.18172,17.18172,17.0017,17.14171,61700,18,1048994
2010-04-19,16.76168,17.08171,16.76168,17.08171,200,2,3384
2010-04-20,17.10171,17.10171,17.10171,17.10171,200,1,3420
2010-04-22,17.15171,17.15171,17.09171,17.10171,165000,6,2825990
2010-04-23,17.0017,17.09171,16.05161,16.9917,73700,43,1246715
2010-04-26,16.91169,17.0017,16.65166,17.0017,11800,12,199888
2010-04-27,16.90169,17.0017,16.72167,17.0017,300,3,5062
2010-04-28,16.75167,16.9917,16.75167,16.9917,1100,5,18665
2010-04-30,16.75167,16.75167,16.75167,16.75167,1500,3,25125
2010-05-03,16.76168,16.94169,16.75167,16.94169,1100,6,18542
2010-05-04,16.75167,16.75167,16.50165,16.75167,47800,14,793145
2010-05-05,16.50165,16.75167,16.50165,16.75167,11100,4,183175
2010-05-06,16.50165,16.50165,16.30163,16.50165,13700,13,225554
2010-05-07,16.50165,16.85169,16.49165,16.49165,14000,5,231090
2010-05-10,16.88169,16.88169,16.40164,16.71167,500,3,8327
2010-05-11,16.30163,16.76168,16.30163,16.64166,700,4,11558
2010-05-14,16.49165,16.50165,16.40164,16.50165,1800,3,29557
2010-05-17,16.40164,16.40164,16.40164,16.40164,1700,1,27880
2010-05-24,16.50165,16.50165,16.50165,16.50165,1400,3,23100
2010-05-26,16.56166,16.56166,16.15162,16.15162,8400,9,135701
2010-05-27,16.59166,16.59166,16.0016,16.50165,1100,8,18059
2010-05-28,16.12161,16.37164,16.12161,16.36164,600,6,9769
2010-05-31,16.44164,16.44164,16.44164,16.44164,100,1,1644
2010-06-01,16.50165,16.50165,15.9816,15.9816,16500,48,268908
2010-06-02,15.90159,15.90159,15.90159,15.90159,600,3,9540
2010-06-04,15.50155,15.9916,15.50155,15.9916,1000,3,15745
2010-06-07,15.60156,15.9916,13.25133,13.40134,1184200,128,15702331
2010-06-08,13.42134,13.65137,13.41134,13.50135,16500,33,223295
2010-06-09,13.65137,13.65137,13.64136,13.64136,600,3,8185
2010-06-10,13.40134,13.80138,13.40134,13.80138,19500,14,268468
2010-06-11,13.60136,13.9814,13.50135,13.9614,5600,13,77525
2010-06-14,13.9614,14.0014,13.9614,14.0014,2000,3,27980
2010-06-15,13.9914,14.10141,13.85139,14.10141,168000,20,2332487
2010-06-16,13.80138,14.0014,13.60136,14.0014,36300,10,496344
2010-06-17,14.29143,14.30143,14.29143,14.29143,7300,8,104367
2010-06-18,14.48145,14.48145,14.48145,14.48145,100,1,1448
2010-06-22,13.90139,14.40144,13.70137,14.40144,4100,12,57649
2010-06-28,14.40144,14.40144,14.40144,14.40144,100,1,1440
2010-06-29,14.39144,14.39144,14.39144,14.39144,700,1,10073
2010-07-01,14.29143,15.05151,14.29143,15.0415,47600,26,691879
2010-07-02,15.0415,15.30153,14.90149,15.19152,4100,11,61968
2010-07-05,15.0015,15.27153,15.0015,15.27153,300,3,4552
2010-07-06,15.0015,15.30153,14.9715,15.0015,16200,22,243143
2010-07-07,15.0015,15.0015,14.75148,15.0015,7700,4,113649
2010-07-08,15.30153,15.30153,15.30153,15.30153,1000,1,15300
2010-07-12,15.30153,15.30153,15.0015,15.30153,7800,14,117822
2010-07-13,15.30153,15.65156,15.30153,15.65156,3600,6,55540
2010-07-14,15.73157,15.73157,15.73157,15.73157,600,2,9438
2010-07-16,15.90159,16.20162,15.90159,16.10161,4400,8,70275
2010-07-19,16.18162,16.18162,16.18162,16.18162,400,1,6472
2010-07-20,16.0016,16.48165,15.80158,16.30163,14300,21,229306
2010-07-22,16.0016,16.25163,16.0016,16.25163,72400,26,1158719
2010-07-23,16.0116,16.21162,16.0016,16.15162,128700,6,2059269
2010-07-26,16.24162,16.25163,16.24162,16.24162,500,3,8121
2010-07-27,16.0016,16.22162,16.0016,16.10161,1200,6,19272
2010-07-28,15.65156,16.0016,15.30153,16.0016,12600,24,198744
2010-07-29,16.24162,16.24162,16.20162,16.20162,200,2,3244
2010-07-30,16.23162,16.58166,16.23162,16.58166,7700,9,125751
2010-08-02,16.30163,16.50165,16.30163,16.50165,16200,3,267280
2010-08-03,16.50165,16.50165,16.50165,16.50165,3600,4,59400
2010-08-05,16.30163,16.39164,16.30163,16.39164,300,3,4899
2010-08-06,16.40164,16.65166,16.40164,16.65166,1100,2,18290
2010-08-10,16.40164,16.40164,16.40164,16.40164,100,1,1640
2010-08-11,16.40164,16.40164,16.0016,16.39164,55300,15,892948
2010-08-12,16.40164,16.40164,16.40164,16.40164,100,1,1640
2010-08-13,16.39164,16.40164,16.39164,16.40164,5900,5,96712
2010-08-18,16.0116,16.20162,15.80158,16.0016,203000,22,3266871
2010-08-20,16.0016,16.0016,16.0016,16.0016,100,1,1600
2010-08-26,15.55156,15.9516,15.0015,15.9516,20400,30,319021
2010-08-27,16.24162,16.24162,16.10161,16.10161,200,2,3234
2010-08-30,15.62156,16.0016,15.20152,15.20152,13900,23,215949
2010-08-31,15.49155,15.9816,15.25152,15.9516,4500,14,69909
2010-09-01,15.9516,16.74167,15.80158,16.72167,14100,25,227525
2010-09-02,16.22162,16.66167,16.21162,16.21162,3900,4,63265
2010-09-03,16.69167,16.69167,16.50165,16.50165,400,3,6619
2010-09-06,16.69167,16.69167,16.69167,16.69167,100,1,1669
2010-09-08,16.10161,16.10161,16.09161,16.09161,1400,7,22534
2010-09-09,16.15162,16.38164,16.15162,16.38164,1500,7,24377
2010-09-13,16.64166,16.65166,16.61166,16.65166,118400,17,1971327
2010-09-14,16.60166,16.60166,16.25163,16.60166,6200,7,102720
2010-09-15,16.65166,16.65166,16.65166,16.65166,4100,2,68265
2010-09-16,16.60166,16.65166,16.60166,16.65166,5100,3,84665
2010-09-17,16.65166,16.90169,16.35163,16.90169,111700,13,1859839
2010-09-20,16.90169,17.25173,16.65166,17.0017,166800,49,2808702
2010-09-21,17.09171,17.20172,17.09171,17.18172,95700,40,1645879
2010-09-22,17.34173,18.0018,17.34173,17.90179,159700,48,2800264
2010-09-23,17.90179,19.0019,17.90179,18.45185,58300,13,1045885
2010-09-24,19.0019,19.0019,18.70187,19.0019,65200,9,1221910
2010-09-27,19.40194,19.952,19.25192,19.40194,77700,10,1496224
2010-09-28,19.15191,19.15191,19.15191,19.15191,15000,1,287250
2010-09-29,19.0019,19.40194,18.79188,18.79188,166200,24,3157621
2010-09-30,19.29193,19.30193,19.25192,19.25192,171600,19,3303937
2010-10-01,19.49195,19.50195,19.35194,19.35194,4900,7,95193
2010-10-04,19.79198,19.79198,18.9919,18.9919,5400,6,102721
2010-10-05,19.39194,19.39194,19.0019,19.25192,53400,21,1016502
2010-10-06,19.39194,19.40194,19.15191,19.15191,400,4,7709
2010-10-07,19.20192,19.20192,19.20192,19.20192,100,1,1920
2010-10-08,19.29193,19.29193,19.0019,19.09191,7300,8,138769
2010-10-11,19.0019,19.50195,19.0019,19.40194,300,3,5790
2010-10-13,19.69197,19.69197,19.50195,19.50195,200,2,3919
2010-10-14,19.59196,19.59196,19.30193,19.30193,200,2,3889
2010-10-15,19.0119,19.19192,19.0019,19.09191,80500,7,1529544
2010-10-18,19.10191,19.10191,18.70187,18.70187,58300,8,1106048
2010-10-19,19.09191,19.09191,19.0519,19.0519,200,2,3814
2010-10-20,19.0519,19.0519,18.90189,19.0519,177100,8,3347295
2010-10-21,19.0519,20.50205,19.0519,20.50205,10300,23,200161
2010-10-22,20.50205,21.0021,20.50205,21.0021,15000,13,307981
2010-10-25,21.50215,21.80218,21.20212,21.20212,1300,4,27651
2010-10-26,21.80218,21.9922,21.0021,21.10211,28200,21,613163
2010-10-27,21.35214,21.47215,20.60206,21.47215,2700,12,56496
2010-10-28,20.90209,21.15211,20.90209,21.15211,600,4,12602
2010-10-29,21.44214,21.80218,21.44214,21.80218,2400,7,52219
2010-11-01,21.40214,22.62226,21.40214,22.39224,9300,76,208149
2010-11-03,21.90219,22.25223,21.90219,22.10221,500,5,11043
2010-11-04,22.25223,23.0023,22.11221,23.0023,8000,15,178404
2010-11-05,23.0023,23.50235,22.50225,23.50235,1100,11,25426
2010-11-08,23.27233,23.51235,22.60226,22.9923,17800,77,409853
2010-11-09,23.0023,23.0023,22.0022,22.58226,19100,32,428272
2010-11-10,22.58226,22.75228,22.45225,22.75228,20700,34,467981
2010-11-11,22.9523,22.9523,22.60226,22.90229,6800,11,155517
2010-11-12,22.80228,23.45235,22.67227,23.45235,34200,13,780415
2010-11-16,23.28233,23.28233,22.75228,22.84229,1800,11,41226
2010-11-17,23.0023,23.90239,23.0023,23.26233,9900,20,231405
2010-11-18,23.90239,23.90239,23.42234,23.42234,2400,7,56622
2010-11-19,23.05231,23.05231,22.10221,23.0023,3100,17,70616
2010-11-22,22.45225,22.64226,22.20222,22.50225,9100,47,203367
2010-11-23,22.58226,22.70227,22.30223,22.70227,18700,7,420781
2010-11-24,22.89229,22.89229,22.30223,22.70227,11300,14,255175
2010-11-25,22.22222,23.0023,22.22222,23.0023,1100,10,24999
2010-11-26,22.31223,23.0023,22.31223,23.0023,600,5,13603
2010-11-29,22.53225,22.89229,22.53225,22.84229,400,3,9079
2010-11-30,22.52225,22.82228,22.50225,22.80228,121600,10,2736287
2010-12-01,22.84229,22.84229,22.35224,22.35224,657800,19,14800493
2010-12-02,22.45225,22.50225,22.11221,22.45225,13000,20,292269
2010-12-03,22.0522,22.50225,22.0522,22.50225,24500,14,547847
2010-12-06,22.11221,22.39224,22.0022,22.0022,5400,7,119077
2010-12-07,22.50225,22.50225,21.60216,21.9822,6000,20,131874
2010-12-08,22.30223,22.30223,21.15211,22.15221,6700,27,146213
2010-12-09,22.15221,22.30223,21.90219,22.0022,4700,13,103795
2010-12-10,21.65216,22.45225,21.65216,22.45225,400,4,8833
2010-12-13,22.49225,22.49225,21.65216,21.65216,24000,20,532125
2010-12-14,21.70217,21.90219,19.992,20.002,1389300,133,27820155
2010-12-15,20.35204,20.60206,19.65196,19.65196,2900,18,57768
2010-12-16,19.65196,19.65196,19.0019,19.0019,4900,13,94182
2010-12-17,19.34193,19.34193,18.69187,19.25192,22600,77,433178
2010-12-20,19.79198,19.79198,19.0019,19.38194,1500,11,29143
2010-12-21,18.96189,19.40194,18.69187,18.69187,15100,54,286192
2010-12-22,18.86189,19.18192,18.20182,18.20182,5400,18,100884
2010-12-23,18.11181,19.70197,18.0018,18.90189,43500,132,815991
2010-12-27,18.80188,18.90189,18.70187,18.70187,2600,7,49045
2010-12-28,18.9819,18.9819,18.46185,18.60186,1400,8,25955
2010-12-29,19.0019,19.75198,18.77188,19.75198,8700,22,166147
2010-12-30,19.992,20.30203,19.91199,20.19202,5700,19,114310
2011-01-03,20.002,20.002,19.80198,19.952,7200,16,143296
2011-01-04,19.952,19.952,19.952,19.952,100,1,1995
2011-01-05,19.80198,19.80198,18.9719,18.9719,5000,28,96217
2011-01-06,19.0019,19.15191,18.75187,19.11191,12000,26,226371
2011-01-07,19.10191,19.10191,18.69187,18.69187,13700,10,256460
2011-01-10,18.79188,20.30203,18.60186,20.30203,53000,137,1034167
2011-01-11,19.41194,20.002,19.25192,19.41194,75500,145,1470286
2011-01-12,19.41194,19.90199,19.41194,19.61196,3200,18,63016
2011-01-13,19.51195,19.62196,19.50195,19.50195,2500,8,48776
2011-01-14,19.68197,19.74197,19.40194,19.40194,25700,31,499281
2011-01-17,19.68197,19.69197,19.0019,19.0019,2300,12,44164
2011-01-18,19.0119,19.80198,18.78188,19.80198,26700,17,506816
2011-01-19,19.41194,19.41194,19.35194,19.37194,24000,14,465047
2011-01-20,19.20192,19.20192,19.20192,19.20192,100,1,1920
2011-01-21,19.10191,19.10191,18.90189,18.90189,32500,14,618990
2011-01-24,19.70197,19.70197,19.10191,19.10191,1000,7,19383
2011-01-26,19.50195,19.50195,19.0019,19.0019,600,2,11650
2011-01-27,19.47195,19.47195,18.94189,18.94189,1100,3,21011
2011-01-28,18.90189,18.90189,18.32183,18.32183,400,4,7402
2011-01-31,18.11181,18.11181,17.15171,17.15171,4700,8,84879
2011-02-01,17.92179,17.92179,17.30173,17.30173,24900,33,431035
2011-02-02,17.30173,18.0018,17.30173,18.0018,9700,14,172851
2011-02-03,18.0018,18.69187,18.0018,18.69187,27600,14,498140
2011-02-04,18.49185,18.49185,17.90179,17.90179,11300,9,204270
2011-02-07,18.0,18.1,17.8,18.1,38400,86,689715
2011-02-08,18.0,18.2,18.0,18.2,16200,25,292210
2011-02-09,18.2,18.2,18.0,18.2,39700,54,717290
2011-02-10,18.4,19.4,18.4,19.4,71600,42,1318838
2011-02-11,19.4,19.5,19.0,19.5,2200,3,42840
2011-02-14,19.5,19.5,19.5,19.5,300,2,5850
2011-02-15,19.7,19.7,19.12,19.12,200,2,3882
2011-02-16,19.59,19.59,19.5,19.5,200,2,3909
2011-02-17,19.69,19.69,19.69,19.69,500,1,9845
2011-02-18,19.7,19.7,19.01,19.01,300,3,5821
2011-02-21,19.48,19.48,19.48,19.48,100,1,1948
2011-02-22,19.44,19.44,19.44,19.44,300,1,5832
2011-02-23,19.43,19.43,19.43,19.43,100,1,1943
2011-02-24,19.05,19.48,18.8,18.8,597400,169,11497279
2011-02-25,18.88,19.25,18.78,19.0,168100,20,3200528
2011-02-28,19.24,19.69,19.24,19.65,109700,40,2115086
2011-03-01,19.25,19.25,19.25,19.25,165300,5,3182025
2011-03-02,19.24,19.25,18.9,19.25,2600,5,49974
2011-03-03,19.6,19.6,19.6,19.6,100,1,1960
2011-03-04,19.09,19.24,19.09,19.24,200,2,3833
2011-03-09,19.25,19.69,19.25,19.69,1100,11,21535
2011-03-10,19.5,19.65,19.39,19.61,7000,5,135981
2011-03-11,19.7,20.0,19.63,19.63,10500,9,209361
2011-03-14,19.7,19.7,19.32,19.65,700,6,13696
2011-03-15,19.59,19.99,19.59,19.99,300,3,5917
2011-03-16,19.95,19.96,19.95,19.96,200,2,3991
2011-03-17,20.3,20.3,20.0,20.0,1200,8,24031
2011-03-18,19.9,20.3,19.9,20.3,7200,15,145282
2011-03-21,20.6,20.8,20.42,20.8,1400,8,28862
2011-03-22,21.0,21.5,21.0,21.5,400,3,8453
2011-03-23,21.13,22.24,20.76,22.24,50700,7,1077410
2011-03-24,22.3,23.2,22.3,23.0,3900,8,88686
2011-03-25,22.9,22.9,22.2,22.2,500,3,11351
2011-03-28,22.2,22.69,22.0,22.69,900,4,20194
2011-03-29,22.71,23.0,22.7,23.0,700,3,15951
2011-03-30,22.95,22.95,22.56,22.94,400,4,9140
2011-03-31,23.0,23.15,22.75,22.75,77000,21,1751841
2011-04-01,22.99,23.8,22.5,22.7,9300,61,216027
2011-04-04,22.7,22.98,22.4,22.4,900,9,20371
2011-04-05,22.06,22.06,21.55,22.0,7600,20,167052
2011-04-06,21.63,21.89,21.0,21.68,265200,52,5701882
2011-04-07,21.31,22.0,21.31,21.97,1000,8,21750
2011-04-08,22.0,22.1,21.71,22.1,6900,10,151780
2011-04-11,22.1,22.2,21.95,22.2,128100,42,2842459
2011-04-12,22.19,22.2,21.81,22.2,800,7,17699
2011-04-13,22.0,22.0,21.95,22.0,3300,8,72590
2011-04-14,22.0,22.2,22.0,22.2,2200,13,48580
2011-04-15,22.19,22.3,22.19,22.2,113200,28,2513618
2011-04-18,22.2,22.2,22.0,22.2,44000,10,976518
2011-04-19,22.19,22.5,22.09,22.5,32800,9,727517
2011-04-20,22.49,22.5,22.15,22.47,3000,8,66793
2011-04-25,22.49,22.49,21.66,22.35,3500,16,77368
2011-04-26,22.5,22.5,22.0,22.4,12000,19,268267
2011-04-27,22.49,22.49,22.49,22.49,300,3,6747
2011-04-28,22.1,22.75,22.0,22.4,10800,17,240880
2011-04-29,22.73,22.74,22.73,22.74,700,6,15917
2011-05-02,22.73,22.75,22.2,22.2,11800,64,267817
2011-05-03,22.59,22.59,21.99,21.99,152700,10,3449232
2011-05-04,21.99,22.4,21.99,22.4,157100,28,3488081
2011-05-05,22.2,22.4,22.19,22.2,203000,18,4506705
2011-05-06,22.75,23.29,22.5,22.7,84700,62,1923209
2011-05-09,22.76,22.77,22.5,22.5,3500,7,79609
2011-05-10,22.51,23.49,22.35,22.35,32500,57,739898
2011-05-11,22.0,22.36,22.0,22.3,8400,23,187019
2011-05-12,22.49,22.49,21.36,21.36,6400,26,140893
2011-05-13,21.53,22.0,21.53,22.0,10700,35,232286
2011-05-16,22.38,22.38,22.0,22.0,6300,12,138822
2011-05-17,21.99,22.0,21.08,21.08,3600,9,77929
2011-05-18,21.19,22.0,21.19,22.0,5500,17,119025
2011-05-19,21.63,22.0,21.18,22.0,2900,11,62863
2011-05-20,22.0,22.1,21.3,22.1,2400,17,52618
2011-05-23,21.55,22.1,21.55,22.0,4700,7,103328
2011-05-24,21.5,22.03,21.5,21.85,12800,8,280717
2011-05-25,21.84,21.95,21.46,21.95,13900,28,303092
2011-05-26,21.95,21.95,21.95,21.95,200,1,4390
2011-05-27,21.99,21.99,21.95,21.95,4500,8,98779
2011-05-30,21.94,21.94,21.89,21.89,1700,5,37240
2011-05-31,21.85,21.99,21.85,21.95,13500,10,295779
2011-06-01,21.97,21.97,21.74,21.74,121900,11,2654886
2011-06-02,21.74,21.74,21.69,21.69,300,3,6513
2011-06-03,21.65,21.65,21.25,21.6,4800,5,103865
2011-06-06,21.59,21.6,21.28,21.49,2700,8,57635
2011-06-07,21.49,21.5,21.25,21.25,22500,22,483012
2011-06-08,21.25,22.0,21.25,22.0,5300,16,113920
2011-06-09,21.99,22.0,21.63,21.95,17300,28,379905
2011-06-10,21.7,21.7,21.16,21.7,19800,25,426938
2011-06-13,21.6,21.6,21.5,21.5,17700,8,380570
2011-06-14,21.65,21.65,21.35,21.42,24700,21,533407
2011-06-15,21.58,21.58,21.01,21.45,3500,13,74827
2011-06-16,21.5,21.5,21.13,21.13,200,2,4263
2011-06-17,21.0,21.0,20.8,21.0,13900,8,290436
2011-06-20,20.82,20.98,20.65,20.95,2300,8,47923
2011-06-21,20.9,20.9,20.54,20.8,4400,9,91534
2011-06-22,20.45,21.0,19.99,21.0,19100,42,393765
2011-06-24,20.9,21.0,20.6,20.62,10900,11,227049
2011-06-27,20.31,20.5,20.24,20.5,31500,45,645316
2011-06-28,20.15,20.3,19.69,20.3,89200,39,1808289
2011-06-29,20.29,20.29,19.72,20.25,2700,16,54347
2011-06-30,20.59,20.59,20.0,20.1,62700,16,1255190
2011-07-01,20.1,20.45,20.1,20.45,55700,18,1129855
2011-07-04,20.3,20.59,20.3,20.3,97200,4,1973189
2011-07-05,20.35,20.6,20.33,20.5,5500,21,112617
2011-07-06,20.57,20.71,20.5,20.7,10200,28,210511
2011-07-07,20.7,20.8,20.65,20.8,206800,95,4287048
2011-07-08,20.8,20.8,20.7,20.77,338600,53,7032835
2011-07-11,20.85,20.85,19.55,20.35,4400,25,89384
2011-07-12,20.29,20.75,19.88,20.7,2100,17,42466
2011-07-13,20.7,20.7,20.36,20.6,1900,8,38825
2011-07-14,20.54,20.75,19.65,20.75,2500,11,50186
2011-07-15,20.75,20.75,20.16,20.65,1500,8,30750
2011-07-18,20.7,20.7,20.0,20.7,2000,9,40611
2011-07-19,20.6,20.7,20.6,20.7,200,2,4130
2011-07-20,20.34,20.68,20.11,20.68,3900,13,79774
2011-07-21,20.61,20.61,19.5,20.4,7800,28,157244
2011-07-22,20.4,20.4,19.98,20.0,5900,26,118133
2011-07-25,19.79,20.0,19.6,19.6,9200,9,182736
2011-07-26,19.64,19.84,19.41,19.84,9700,21,189535
2011-07-27,19.76,19.9,19.57,19.9,1100,10,21689
2011-07-28,19.85,19.85,19.72,19.73,1900,6,37523
2011-07-29,19.72,20.31,19.72,20.31,200,2,4003
2011-08-01,20.0,20.11,20.0,20.11,600,3,12011
2011-08-02,20.38,20.38,20.16,20.28,25000,53,506283
2011-08-03,20.26,20.35,20.1,20.35,7600,25,153186
2011-08-04,20.39,20.39,19.0,19.98,17600,24,348284
2011-08-05,20.23,20.23,18.53,19.8,7800,25,153027
2011-08-08,19.42,19.42,18.76,18.84,7000,8,134700
2011-08-09,19.27,19.27,19.0,19.27,4500,10,86643
2011-08-10,19.69,19.69,19.26,19.63,1200,9,23426
2011-08-11,20.95,20.95,19.95,20.4,4000,15,80983
2011-08-12,20.44,20.44,18.6,19.79,46300,86,895928
2011-08-15,19.98,20.15,19.98,20.0,5400,18,108063
2011-08-16,19.98,19.98,19.75,19.75,2200,3,43473
2011-08-17,19.99,20.0,19.6,19.65,35200,28,693786
2011-08-18,19.74,19.74,19.42,19.69,400,4,7835
2011-08-19,19.74,19.74,19.3,19.69,400,4,7841
2011-08-22,19.89,19.89,19.1,19.1,2200,15,42571
2011-08-23,19.44,19.44,18.52,18.85,12000,41,226480
2011-08-24,18.99,18.99,18.57,18.58,3000,13,55948
2011-08-25,18.4,18.4,18.05,18.25,2300,11,41862
2011-08-26,18.57,18.99,18.0,18.97,2100,14,38810
2011-08-29,19.49,19.49,18.95,19.0,1200,10,22994
2011-08-30,18.83,19.0,18.83,19.0,2600,8,49308
2011-08-31,19.0,19.0,18.85,19.0,1700,8,32225
2011-09-01,19.0,19.0,18.95,19.0,5700,7,108241
2011-09-02,18.78,18.78,18.7,18.7,500,4,9372
2011-09-05,18.62,18.65,18.62,18.65,200,2,3727
2011-09-06,18.55,18.56,18.2,18.2,168100,38,3101586
2011-09-08,18.2,18.75,18.2,18.75,3800,17,70144
2011-09-09,18.8,18.8,18.71,18.71,3100,2,58010
2011-09-12,18.49,18.56,18.45,18.45,4000,14,73944
2011-09-13,18.74,18.75,18.74,18.75,400,4,7498
2011-09-14,18.75,18.85,18.65,18.85,4100,6,76883
2011-09-15,19.19,19.19,19.0,19.0,5500,12,104733
2011-09-16,18.8,18.9,18.66,18.66,7500,67,141174
2011-09-19,18.66,19.0,18.66,19.0,5100,12,96501
2011-09-20,18.8,18.85,18.55,18.7,13400,26,251823
2011-09-21,18.79,18.79,18.5,18.5,8500,30,157550
2011-09-22,18.74,18.74,18.3,18.3,7900,14,146132
2011-09-23,18.5,18.5,18.49,18.49,300,3,5548
2011-09-26,18.54,18.54,17.5,17.85,26200,63,468828
2011-09-27,18.38,18.49,18.0,18.24,1500,11,27213
2011-09-28,18.49,18.49,17.55,18.0,12200,31,218310
2011-09-29,18.24,18.24,18.0,18.0,2800,12,50502
2011-09-30,18.0,18.14,17.9,18.0,3200,11,57627
2011-10-03,18.39,18.39,17.48,17.5,15900,24,278875
2011-10-04,17.99,17.99,16.65,17.09,79600,26,1383221
2011-10-05,17.5,17.5,16.75,17.0,9500,23,161703
2011-10-06,17.49,17.5,17.0,17.2,2900,23,50132
2011-10-07,17.28,17.28,17.01,17.24,400,4,6877
2011-10-10,17.45,17.49,17.0,17.14,4100,23,70735
2011-10-11,17.4,17.4,17.02,17.27,300,3,5169
2011-10-13,17.44,17.44,17.0,17.29,300,3,5173
2011-10-14,17.49,17.49,16.8,17.09,5600,30,95286
2011-10-17,17.09,17.14,17.01,17.13,500,5,8549
2011-10-18,17.34,17.34,17.01,17.01,400,4,6865
2011-10-19,17.24,17.5,17.24,17.35,52700,11,919562
2011-10-20,17.34,17.35,17.34,17.35,200,2,3469
2011-10-21,17.34,17.34,17.19,17.34,300,3,5187
2011-10-24,17.29,17.35,17.29,17.3,18300,10,316572
2011-10-25,17.3,17.3,17.01,17.2,900,6,15531
2011-10-26,17.2,17.24,17.2,17.23,23000,112,396009
2011-10-27,17.23,17.34,17.23,17.24,27600,16,475981
2011-10-28,17.33,17.33,17.3,17.3,400,4,6923
2011-10-31,17.28,17.97,17.0,17.4,24700,19,427760
2011-11-01,17.38,17.4,17.25,17.4,1100,6,19122
2011-11-03,17.49,17.65,17.27,17.65,12400,12,215659
2011-11-04,17.99,18.0,17.5,17.99,21500,8,376459
2011-11-07,17.99,18.0,17.76,17.98,6300,9,113370
2011-11-08,17.95,17.99,17.73,17.98,25100,52,448459
2011-11-09,17.98,17.99,17.98,17.99,2400,5,43174
2011-11-10,17.9,17.92,17.9,17.92,700,5,12532
2011-11-11,17.51,17.99,17.51,17.74,1400,7,24610
2011-11-14,17.99,17.99,17.74,17.75,800,5,14221
2011-11-16,17.74,17.75,17.5,17.75,7500,10,133046
2011-11-17,17.9,17.9,17.75,17.9,700,7,12499
2011-11-18,17.79,17.79,17.79,17.79,100,1,1779
2011-11-21,17.6,17.6,17.08,17.4,2000,10,34641
2011-11-22,16.96,17.4,16.96,17.0,1000,9,17186
2011-11-23,17.34,17.34,16.99,17.0,6500,6,110536
2011-11-24,17.3,17.3,16.99,17.0,800,7,13644
2011-11-25,17.22,17.22,17.0,17.0,2700,12,45922
2011-11-28,17.0,17.0,16.75,16.75,2500,4,42230
2011-11-29,16.89,16.89,16.8,16.8,200,2,3369
2011-11-30,16.79,16.89,16.5,16.5,7300,13,122700
2011-12-01,16.77,16.77,16.69,16.69,3100,3,51979
2011-12-02,16.67,16.68,16.49,16.49,12400,8,206401
2011-12-05,16.55,16.74,16.55,16.63,400,4,6660
2011-12-06,17.0,17.0,17.0,17.0,100,1,1700
2011-12-07,16.85,16.85,15.6,16.1,116400,101,1881391
2011-12-08,16.44,16.74,16.0,16.45,38600,23,636340
2011-12-09,16.9,16.9,16.16,16.5,1900,9,31139
2011-12-12,16.84,16.84,15.19,15.35,64700,120,1013813
2011-12-13,15.7,15.75,15.23,15.75,9600,90,148651
2011-12-14,15.74,15.74,15.35,15.7,2600,12,40615
2011-12-15,15.74,15.75,15.74,15.75,6800,11,107091
2011-12-16,15.99,16.0,15.75,16.0,8800,12,139065
2011-12-19,16.34,16.35,15.87,16.25,9900,17,160793
2011-12-20,16.49,16.49,15.81,15.82,6400,19,102061
2011-12-21,16.14,16.15,15.9,16.15,1400,7,22464
2011-12-22,16.24,16.49,16.02,16.25,3000,13,48725
2011-12-23,16.34,16.34,16.34,16.34,200,2,3268
2011-12-26,16.39,16.7,16.26,16.7,2200,11,36417
2011-12-27,16.69,16.7,16.02,16.39,12000,18,196125
2011-12-28,16.0,16.0,15.4,15.4,14200,24,223204
2011-12-29,15.05,15.5,15.05,15.5,20300,5,305694
2012-01-02,15.69,15.96,15.69,15.96,46700,5,732750
2012-01-03,15.98,16.0,15.91,15.91,800,7,12780
2012-01-04,16.25,16.45,15.95,15.98,59100,14,945898
2012-01-05,16.19,16.2,16.0,16.0,800,6,12878
2012-01-06,16.0,16.0,15.4,15.4,10000,20,155535
2012-01-09,15.67,15.75,15.41,15.71,10900,13,170994
2012-01-10,15.95,15.96,15.7,15.74,9600,11,151049
2012-01-11,15.83,15.83,15.7,15.75,1100,7,17288
2012-01-12,15.99,15.99,15.5,15.6,16800,7,260479
2012-01-13,15.3,15.48,15.04,15.25,96900,22,1460850
2012-01-16,15.42,15.42,15.07,15.4,1500,6,23069
2012-01-17,15.36,15.44,15.3,15.3,3300,9,50528
2012-01-18,15.45,15.45,14.8,14.8,12200,16,182779
2012-01-19,15.0,15.0,14.99,14.99,9000,9,134911
2012-01-20,15.19,15.2,15.1,15.19,6700,10,101816
2012-01-23,15.29,15.29,14.75,14.97,7700,8,114154
2012-01-24,15.19,15.19,14.3,14.3,25700,50,375347
2012-01-26,14.69,15.8,14.2,15.79,41100,50,610190
2012-01-27,15.98,16.0,15.6,15.96,142300,22,2266335
2012-01-30,15.88,15.89,15.62,15.89,8400,9,133312
2012-01-31,15.9,16.1,15.85,16.0,92600,55,1481013
2012-02-01,16.24,16.24,16.0,16.0,8000,4,128024
2012-02-02,16.0,16.22,15.8,15.8,3500,10,55609
2012-02-03,15.99,16.0,15.96,16.0,6200,6,99195
2012-02-06,16.0,16.0,15.65,16.0,14300,33,226393
2012-02-07,15.9,16.25,15.9,16.2,15500,25,249566
2012-02-08,16.49,16.49,16.3,16.3,1800,4,29516
2012-02-09,16.3,16.3,16.01,16.23,53400,14,867666
2012-02-10,16.25,16.25,16.25,16.25,1100,2,17875
2012-02-13,16.48,16.5,16.0,16.49,26800,19,441492
2012-02-14,16.59,16.6,16.5,16.5,480800,17,7933336
2012-02-15,16.69,16.79,16.42,16.75,203900,29,3367296
2012-02-16,16.75,16.75,16.72,16.74,6500,10,108845
2012-02-17,16.53,17.4,16.53,17.05,33800,104,575221
2012-02-22,16.99,17.0,16.99,17.0,24500,32,416496
2012-02-23,17.0,17.3,16.95,17.3,601400,8,10194035
2012-02-24,17.29,18.2,17.29,18.0,8200,36,145709
2012-02-27,18.0,18.3,18.0,18.0,15100,29,273941
2012-02-28,17.92,18.34,17.8,18.09,265800,69,4737954
2012-02-29,18.11,19.0,18.11,19.0,15400,26,284978
2012-03-01,18.85,20.0,18.85,19.99,56200,28,1110885
2012-03-02,19.9,20.77,19.7,19.7,45600,40,915383
2012-03-05,19.7,20.0,19.5,20.0,6100,12,119580
2012-03-06,20.0,20.1,19.9,20.1,14100,17,282479
2012-03-07,20.15,20.49,20.0,20.45,54200,36,1101901
2012-03-08,20.99,20.99,20.16,20.17,24300,34,497057
2012-03-09,20.59,20.6,20.3,20.54,2100,14,43100
2012-03-12,20.6,20.6,20.17,20.35,26800,36,548466
2012-03-13,20.35,20.6,20.1,20.2,8400,14,169189
2012-03-14,20.6,21.2,20.4,20.5,20600,16,423065
2012-03-15,20.45,20.55,20.45,20.55,50400,8,1033205
2012-03-16,20.5,21.0,20.49,21.0,253700,28,5201391
2012-03-19,20.95,21.2,20.95,21.2,400,4,8454
2012-03-20,21.01,21.01,21.0,21.0,1500,7,31507
2012-03-21,21.49,21.49,21.0,21.0,1300,5,27349
2012-03-22,21.12,21.5,20.58,21.35,18000,38,376620
2012-03-23,21.49,21.5,21.49,21.5,600,3,12897
2012-03-26,21.74,21.85,21.74,21.85,1400,5,30486
2012-03-27,21.99,21.99,21.0,21.35,4900,19,104141
2012-03-28,21.89,21.89,21.5,21.75,3500,14,75892
2012-03-29,21.75,21.9,21.67,21.9,2400,5,52049
2012-03-30,21.89,22.0,21.89,22.0,3700,7,81334
2012-04-02,22.0,22.99,22.0,22.63,13500,37,299128
2012-04-03,22.63,23.0,22.35,22.8,17100,26,389909
2012-04-04,23.19,23.19,22.5,22.75,3700,9,83934
2012-04-05,23.0,23.0,22.32,22.88,37800,36,862035
2012-04-09,23.0,23.0,22.4,22.9,3100,29,70947
2012-04-10,22.99,22.99,22.0,22.0,1100,7,24729
2012-04-11,22.0,22.75,22.0,22.75,2100,11,47500
2012-04-12,22.68,22.75,22.6,22.7,5200,12,118043
2012-04-13,22.74,23.2,22.4,23.2,7400,24,169238
2012-04-16,22.99,23.49,22.9,23.49,12000,20,276391
2012-04-17,23.19,23.5,22.85,23.5,10300,20,238069
2012-04-18,23.2,23.2,23.2,23.2,6000,19,139200
2012-04-19,23.2,23.2,23.2,23.2,900,8,20880
2012-04-20,23.2,23.2,23.2,23.2,7600,4,176320
2012-04-23,23.2,23.2,23.2,23.2,100,1,2320
2012-04-24,23.0,23.19,23.0,23.15,1100,6,25402
2012-04-25,23.17,23.18,22.78,23.15,5300,23,122377
2012-04-26,23.19,23.19,23.15,23.19,400,3,9272
2012-04-27,23.19,23.2,23.0,23.2,10300,5,236958
2012-04-30,23.18,23.21,22.71,23.08,209100,16,4830357
2012-05-02,23.19,23.2,23.0,23.2,2400,13,55474
2012-05-03,23.29,23.29,23.0,23.17,7600,14,175427
2012-05-04,23.13,23.13,22.54,22.69,9100,15,206378
2012-05-07,23.19,23.19,22.7,22.7,1200,4,27290
2012-05-08,22.43,22.98,21.94,22.95,19100,53,428505
2012-05-09,22.94,22.94,22.7,22.9,1500,4,34114
2012-05-10,22.99,22.99,22.4,22.4,15200,14,342071
2012-05-11,22.99,22.99,22.89,22.89,200,2,4588
2012-05-14,22.79,22.79,21.99,22.0,11800,19,261264
2012-05-15,22.49,22.49,22.4,22.4,200,2,4489
2012-05-16,22.39,22.39,22.0,22.0,400,3,8878
2012-05-17,22.49,22.49,21.4,21.9,4300,8,94854
2012-05-18,21.99,21.99,21.4,21.92,2900,15,63057
2012-05-21,21.7,21.7,20.97,20.99,39500,37,836468
2012-05-22,21.4,21.4,21.0,21.0,500,5,10565
2012-05-23,21.19,21.19,20.95,20.95,1000,4,20984
2012-05-24,20.97,20.97,20.74,20.74,200,2,4171
2012-05-25,20.84,20.98,20.65,20.94,91700,24,1905859
2012-05-28,21.5,21.5,21.28,21.28,7300,5,155368
2012-05-29,21.03,21.27,20.7,20.7,18100,20,377806
2012-05-30,20.59,20.59,19.8,19.8,11900,16,237525
2012-05-31,19.9,19.9,19.0,19.3,14000,18,268793
2012-06-01,19.0,19.48,19.0,19.48,200,2,3848
2012-06-04,19.5,19.54,18.8,18.8,30900,20,586338
2012-06-05,18.97,18.98,18.8,18.8,7700,5,145113
2012-06-06,18.99,19.0,18.99,19.0,4300,4,81694
2012-06-08,18.98,19.0,18.97,18.97,1900,5,36080
2012-06-11,18.99,19.0,18.99,19.0,1000,7,18995
2012-06-12,18.99,19.0,18.85,19.0,12400,12,234651
2012-06-13,19.39,19.45,18.99,19.45,5300,4,100734
2012-06-14,19.49,19.49,18.99,18.99,4600,9,87448
2012-06-15,19.49,19.49,18.95,18.95,200,2,3844
2012-06-18,19.34,19.34,18.95,19.0,3800,8,72134
2012-06-19,18.99,20.0,18.99,20.0,59100,34,1126131
2012-06-20,19.76,19.76,19.64,19.65,13300,10,261997
2012-06-21,19.65,19.65,19.0,19.0,46700,28,895087
2012-06-22,19.5,19.5,18.9,18.95,3000,7,56870
2012-06-25,18.99,18.99,18.5,18.5,9300,15,173897
2012-06-26,18.5,18.68,18.49,18.68,3100,5,57392
2012-06-27,18.68,18.85,18.68,18.85,2300,5,43125
2012-06-28,19.4,19.4,18.99,19.0,300,3,5739
2012-06-29,19.57,19.8,19.0,19.8,11700,23,228228
2012-07-02,19.77,19.77,19.12,19.12,15700,17,303837
2012-07-03,19.27,19.46,19.0,19.43,19200,29,368422
2012-07-04,19.42,19.46,19.01,19.42,1100,9,21327
2012-07-05,19.39,19.39,19.38,19.38,700,5,13567
2012-07-06,19.37,19.39,18.81,19.39,3600,20,69091
2012-07-10,19.95,19.95,19.5,19.5,200,2,3945
2012-07-11,19.49,19.49,18.75,18.93,16700,38,314692
2012-07-12,19.03,19.03,18.59,18.59,8000,6,149610
2012-07-13,18.89,19.01,18.89,19.0,29000,17,550739
2012-07-16,19.34,19.34,18.56,18.7,19000,40,355346
2012-07-17,18.87,18.88,18.87,18.88,1400,9,26431
2012-07-18,19.4,19.4,18.84,19.0,20800,19,396378
2012-07-19,19.49,19.5,19.0,19.5,7600,13,145004
2012-07-20,20.0,20.0,19.49,19.49,300,3,5898
2012-07-23,19.64,19.64,19.44,19.49,6500,5,126755
2012-07-24,20.04,20.04,18.83,19.32,6200,43,119118
2012-07-25,19.29,19.29,19.0,19.25,900,7,17274
2012-07-26,19.8,19.8,19.45,19.74,500,5,9847
2012-07-27,19.73,19.73,19.3,19.64,600,5,11730
2012-07-30,19.65,19.65,19.53,19.65,600,5,11764
2012-07-31,19.74,19.74,19.41,19.41,5600,11,108962
2012-08-01,19.74,19.74,19.2,19.6,9700,18,187791
2012-08-02,19.69,19.69,19.4,19.58,800,4,15567
2012-08-03,19.49,19.49,19.4,19.4,600,4,11667
2012-08-06,19.49,19.49,19.25,19.25,500,4,9654
2012-08-07,19.8,19.8,19.35,19.35,1400,4,27137
2012-08-08,19.39,19.39,19.1,19.1,200,2,3849
2012-08-09,19.39,19.39,18.72,18.72,20900,10,393074
2012-08-10,18.99,18.99,18.72,18.85,24500,12,460687
2012-08-13,18.99,18.99,18.63,18.63,200,2,3762
2012-08-14,18.99,19.0,18.7,18.8,36900,27,699812
2012-08-15,18.88,19.0,18.85,19.0,1100,5,20870
2012-08-16,18.99,20.42,18.99,19.99,169200,64,3224489
2012-08-17,19.98,20.9,19.98,20.9,27700,15,563356
2012-08-20,20.75,20.9,20.21,20.9,11400,9,236292
2012-08-21,20.78,21.0,20.6,21.0,31800,23,663193
2012-08-22,20.82,21.2,20.67,21.2,23300,27,490437
2012-08-23,20.76,20.82,20.75,20.82,8200,13,170544
2012-08-24,21.25,21.44,21.15,21.2,61000,44,1294204
2012-08-27,21.21,21.7,21.21,21.51,12000,12,258456
2012-08-28,21.3,21.69,21.3,21.69,300,3,6461
2012-08-29,21.86,21.86,21.55,21.79,400,4,8699
2012-08-30,21.8,21.8,21.16,21.16,400,4,8615
2012-08-31,21.0,21.2,21.0,21.2,2300,3,48320
2012-09-03,21.37,21.42,21.37,21.42,200,2,4279
2012-09-04,21.54,21.54,20.8,21.3,22000,27,468008
2012-09-05,21.52,21.7,21.52,21.7,4100,5,88924
2012-09-06,21.54,21.54,21.27,21.5,9200,16,196467
2012-09-10,21.76,21.99,21.09,21.99,22200,36,479451
2012-09-11,21.61,21.99,21.6,21.99,1800,10,39335
2012-09-12,21.98,21.98,21.6,21.79,6500,15,140677
2012-09-13,21.85,22.0,21.55,21.89,14400,41,314116
2012-09-14,21.99,21.99,20.5,21.5,9500,27,204233
2012-09-17,21.59,21.59,20.94,20.95,11200,12,234993
2012-09-18,20.89,20.89,19.8,20.3,24000,46,485964
2012-09-19,20.34,20.35,19.76,20.12,68500,118,1372278
2012-09-20,20.18,20.18,19.45,19.6,16800,57,330103
2012-09-21,19.74,19.74,19.2,19.4,48700,42,940010
2012-09-24,19.67,19.69,19.4,19.6,9700,9,189354
2012-09-25,19.43,20.13,19.4,19.4,52000,82,1014514
2012-09-26,19.5,19.7,18.8,19.6,72900,72,1392670
2012-09-27,19.69,19.69,19.4,19.5,6400,9,124715
2012-09-28,19.58,19.69,19.4,19.6,15800,24,307847
2012-10-01,19.64,20.0,19.51,19.63,32700,11,642578
2012-10-02,19.77,19.77,19.5,19.5,20000,14,390076
2012-10-03,19.64,19.84,19.64,19.84,1000,5,19796
2012-10-04,19.96,19.99,19.96,19.99,3300,11,65963
2012-10-05,19.93,20.44,19.51,20.44,2300,11,45645
2012-10-08,20.31,20.31,19.88,20.0,3100,16,62222
2012-10-09,20.14,20.49,19.99,19.99,1700,8,34223
2012-10-10,20.09,20.09,19.8,19.99,1002000,10,19839687
2012-10-11,19.99,20.19,19.9,20.19,2200,11,43917
2012-10-15,20.18,20.18,20.05,20.05,3700,7,74298
2012-10-16,20.09,20.09,19.83,19.92,22400,33,446254
2012-10-17,20.06,20.49,19.89,19.95,14500,10,288741
2012-10-18,20.02,20.2,19.85,19.95,1700,11,33868
2012-10-19,19.94,20.0,19.89,20.0,11900,88,237133
2012-10-22,20.59,20.59,19.9,19.99,24400,15,487229
2012-10-23,20.09,20.09,19.82,19.99,19200,28,383494
2012-10-24,20.09,20.29,19.8,20.19,15400,70,309936
2012-10-25,20.19,20.55,19.85,19.99,24200,38,484907
2012-10-26,20.1,20.1,20.0,20.0,1400,5,28046
2012-10-29,20.14,20.19,19.9,20.19,3900,18,78177
2012-10-30,20.49,20.49,20.0,20.2,13100,16,262784
2012-10-31,20.24,20.24,19.91,20.1,10500,23,210710
2012-11-01,20.19,20.19,20.1,20.12,4100,17,82532
2012-11-05,20.12,20.19,19.99,19.99,7000,37,140359
2012-11-06,20.14,20.14,19.99,20.0,2700,8,54080
2012-11-07,20.36,20.49,20.0,20.49,46700,67,935896
2012-11-08,20.39,20.59,20.15,20.15,2800,9,57215
2012-11-09,20.1,20.69,20.0,20.0,9400,17,188464
2012-11-12,20.0,20.0,19.7,19.7,5600,4,110388
2012-11-13,20.16,20.16,19.8,19.99,560500,23,11167272
2012-11-14,20.16,20.43,19.8,20.0,111300,32,2213143
2012-11-16,20.19,20.19,19.7,19.7,40100,26,797860
2012-11-19,19.85,20.5,19.85,20.04,25600,23,512143
2012-11-21,20.26,20.29,19.64,19.85,184000,45,3643711
2012-11-22,19.99,19.99,19.9,19.9,200,2,3989
2012-11-23,20.2,20.2,20.01,20.01,3300,6,66425
2012-11-26,19.99,20.0,19.7,19.99,4800,13,95424
2012-11-27,20.09,20.09,19.99,19.99,800,3,16026
2012-11-28,20.56,20.56,19.43,19.43,440100,24,8554714
2012-11-29,19.9,19.9,19.5,19.5,72700,25,1417989
2012-11-30,19.99,19.99,19.95,19.95,1600,6,31924
2012-12-03,19.9,19.9,19.88,19.89,1100,5,21875
2012-12-04,19.99,19.99,19.8,19.86,1700,11,33762
2012-12-05,20.4,20.4,19.5,19.9,7700,47,151787
2012-12-06,19.89,19.89,19.5,19.75,9000,9,177611
2012-12-07,19.84,19.84,19.35,19.74,12500,11,246201
2012-12-10,19.8,19.8,19.79,19.79,200,2,3959
2012-12-11,19.72,19.85,19.72,19.81,10700,20,211797
2012-12-12,19.8,19.81,19.77,19.78,1000,6,19797
2012-12-13,19.8,19.8,19.41,19.6,5900,18,115809
2012-12-14,19.6,19.67,19.4,19.4,6700,6,130037
2012-12-17,19.59,19.6,19.41,19.44,4600,14,89772
2012-12-18,19.59,19.59,19.26,19.58,2800,11,54316
2012-12-19,19.52,19.53,19.01,19.01,30100,11,576232
2012-12-20,19.15,19.29,18.97,19.0,17100,33,326263
2012-12-21,19.0,19.15,18.9,18.9,11100,8,210625
2012-12-26,18.91,18.91,18.9,18.9,7100,6,134194
2012-12-27,18.78,19.25,18.73,19.21,76500,15,1438364
2012-12-28,19.27,19.4,19.08,19.25,79500,23,1523251
2013-01-02,19.04,19.25,18.64,18.7,38100,77,720629
2013-01-03,18.78,19.15,18.56,18.98,136200,66,2589719
2013-01-04,19.22,19.4,19.01,19.4,52100,10,1000415
2013-01-07,19.7,19.7,19.02,19.47,4700,32,90586
2013-01-08,19.36,19.49,19.05,19.45,9600,16,184303
2013-01-09,19.35,19.43,19.05,19.38,3500,29,67224
2013-01-10,19.47,19.47,19.11,19.3,24600,42,472648
2013-01-11,19.29,19.9,19.29,19.9,12500,18,244575
2013-01-14,19.81,19.81,19.43,19.6,12300,60,240840
2013-01-15,19.74,19.74,19.25,19.32,29400,31,569397
2013-01-16,19.41,19.41,19.25,19.35,128300,7,2480099
2013-01-17,19.47,19.5,19.43,19.5,1200,3,23362
2013-01-18,19.5,19.5,19.15,19.15,80700,29,1557000
2013-01-21,19.45,19.46,19.32,19.4,31100,11,604625
2013-01-22,19.3,19.69,19.11,19.11,48400,41,934537
2013-01-23,19.4,19.49,19.4,19.49,1500,12,29133
2013-01-24,19.76,19.76,19.34,19.34,7000,13,136200
2013-01-28,19.6,19.6,19.25,19.25,14600,20,281265
2013-01-29,19.51,19.7,19.5,19.7,49700,79,977095
2013-01-30,19.77,19.85,19.77,19.83,38700,23,766193
2013-01-31,19.95,19.95,19.85,19.89,13300,16,264676
2013-02-01,19.99,20.1,19.92,20.0,61000,34,1218993
2013-02-04,20.0,20.29,19.98,20.1,2500,19,50055
2013-02-05,20.09,20.09,19.85,19.85,3400,21,67702
2013-02-06,20.09,20.1,19.8,20.1,1900,12,37908
2013-02-07,20.04,20.04,19.95,19.95,200,2,3999
2013-02-08,20.04,20.05,19.8,20.05,10500,11,209131
2013-02-13,20.0,20.0,19.98,19.99,30200,10,603829
2013-02-14,19.89,19.89,19.6,19.6,15600,5,309139
2013-02-15,19.66,19.98,19.66,19.98,12600,8,251667
2013-02-18,19.85,20.0,19.36,20.0,139600,39,2734319
2013-02-19,20.0,20.09,19.7,20.05,88000,18,1738862
2013-02-20,20.1,20.15,20.0,20.15,12500,16,250687
2013-02-21,20.1,20.3,20.0,20.3,7500,39,151212
2013-02-22,20.49,20.49,20.03,20.49,4600,19,93504
2013-02-25,20.5,20.5,20.3,20.5,211100,22,4327012
2013-02-26,20.5,20.7,20.5,20.6,28800,18,592164
2013-02-27,20.69,20.69,20.65,20.65,500,4,10329
2013-02-28,20.94,20.94,20.8,20.9,18700,13,389654
2013-03-01,20.95,21.1,20.94,21.05,41800,69,877502
2013-03-04,21.09,21.1,20.9,21.05,7100,31,149354
2013-03-05,21.09,21.1,21.05,21.1,18600,150,392446
2013-03-06,21.08,21.15,20.91,21.13,3500,18,73850
2013-03-07,21.09,21.13,20.56,21.0,12900,23,271389
2013-03-08,21.03,21.03,20.5,21.03,26700,6,547607
2013-03-11,21.09,21.09,21.0,21.08,2700,12,56805
2013-03-12,21.0,21.0,20.75,21.0,32700,14,679020
2013-03-13,20.99,21.0,20.5,21.0,9900,12,203548
2013-03-14,20.99,20.99,20.69,20.95,8200,11,171723
2013-03-15,21.0,21.2,21.0,21.19,5100,6,108046
2013-03-18,21.19,21.29,20.9,21.06,17300,45,364441
2013-03-19,21.24,21.25,21.24,21.25,200,2,4249
2013-03-20,21.5,21.5,20.9,21.3,10200,48,214511
2013-03-21,21.21,21.33,21.0,21.29,2300,13,48660
2013-03-22,21.34,21.34,20.91,21.1,4200,27,88410
2013-03-25,21.09,21.1,20.8,20.9,13500,20,282510
2013-03-26,20.81,20.87,20.5,20.5,8100,15,167193
2013-03-27,20.55,21.0,20.55,21.0,12400,17,259530
2013-03-28,20.99,20.99,20.5,20.96,13000,69,268529
2013-04-01,21.2,21.2,20.71,20.86,4900,24,102304
2013-04-02,21.17,21.17,20.5,20.84,6000,34,124032
2013-04-03,20.94,20.94,20.4,20.65,16700,36,342446
2013-04-04,20.85,20.85,20.49,20.7,501200,13,10274752
2013-04-05,20.66,20.74,20.39,20.7,16200,18,335040
2013-04-08,20.89,20.89,20.2,20.4,13000,33,265054
2013-04-09,20.55,20.7,20.33,20.33,1400,14,28660
2013-04-10,20.49,20.49,19.8,20.09,14100,23,282856
2013-04-11,20.4,20.4,19.79,19.99,11000,19,218937
2013-04-12,20.29,20.29,19.78,20.0,3300,13,65565
2013-04-15,19.99,19.99,19.01,19.9,26400,46,514540
2013-04-16,20.04,20.04,19.6,19.89,500,5,9927
2013-04-17,19.94,19.95,19.19,19.49,7800,22,151636
2013-04-18,19.49,19.49,18.01,18.21,30300,56,567618
2013-04-19,17.5,17.8,17.0,17.0,1100600,1088,18995892
2013-04-22,16.4,17.18,16.39,16.67,2933200,4298,49283399
2013-04-23,16.7,17.17,16.6,17.0,920200,1665,15624837
2013-04-24,17.08,17.34,17.0,17.2,354900,1231,6075612
2013-04-25,17.24,17.49,17.16,17.2,111100,198,1921800
2013-04-26,17.3,17.39,16.76,17.0,248600,242,4237733
2013-04-29,17.26,17.38,17.01,17.38,113100,121,1959976
2013-04-30,17.35,17.45,17.31,17.4,291600,93,5085815
2013-05-02,17.4,17.65,17.31,17.41,271700,468,4755828
2013-05-03,17.58,17.6,17.4,17.55,134100,241,2346429
2013-05-06,17.64,17.64,17.28,17.4,132800,219,2314996
2013-05-07,17.51,17.51,17.2,17.4,108300,122,1871359
2013-05-08,17.52,17.54,17.25,17.25,171300,187,2975294
2013-05-09,17.46,17.5,17.12,17.39,33800,53,586227
2013-05-10,17.5,17.5,17.38,17.41,63300,290,1103812
2013-05-13,17.54,17.54,17.32,17.4,153200,50,2673830
2013-05-14,17.54,17.54,17.27,17.38,77500,58,1344874
2013-05-15,17.43,17.43,17.3,17.34,250300,81,4339404
2013-05-16,17.34,17.35,17.25,17.3,310600,381,5374786
2013-05-17,17.49,17.5,17.3,17.5,111600,345,1944755
2013-05-20,17.54,17.54,17.26,17.26,20000,31,349335
2013-05-21,17.45,17.78,17.28,17.74,39200,82,688647
2013-05-22,17.78,18.08,17.48,17.95,152200,109,2714528
2013-05-23,18.03,18.45,17.86,18.45,58800,127,1073951
2013-05-24,18.5,19.02,18.05,19.02,113200,216,2117018
2013-05-27,19.02,19.31,18.93,19.04,18800,41,358091
2013-05-28,19.04,19.29,18.68,18.69,136600,192,2582664
2013-05-29,18.8,18.8,17.96,18.18,101600,198,1847254
2013-05-31,18.13,18.4,17.92,18.4,57700,96,1053532
2013-06-03,18.4,18.5,18.05,18.48,27500,44,504544
2013-06-04,18.67,18.67,18.1,18.24,44900,138,817826
2013-06-05,18.4,18.4,18.02,18.2,38700,143,703078
2013-06-06,18.47,18.47,17.8,18.28,184000,36,3348540
2013-06-07,18.27,18.27,18.08,18.15,105200,21,1910397
2013-06-10,18.4,18.4,17.7,18.21,121600,79,2198862
2013-06-11,18.19,18.19,17.73,17.9,252000,100,4496031
2013-06-12,18.17,18.17,17.65,17.8,25500,66,454476
2013-06-13,18.0,18.0,17.12,17.9,164500,166,2884398
2013-06-14,17.99,18.0,17.4,17.55,142300,86,2510802
2013-06-17,17.82,17.82,17.05,17.25,35200,164,607917
2013-06-18,17.5,17.5,16.61,16.61,1700,12,28773
2013-06-19,16.87,17.19,16.44,16.7,399300,410,6694363
2013-06-20,16.69,16.69,15.7,16.25,36700,105,594380
2013-06-21,16.24,16.59,15.91,16.19,42800,78,686378
2013-06-24,16.18,16.18,15.27,15.65,161900,711,2529784
2013-06-25,15.78,15.9,15.65,15.9,325600,87,5111493
2013-06-26,16.01,16.01,15.53,15.7,1430100,232,22383645
2013-06-27,15.98,16.0,15.74,15.8,53800,168,851474
2013-06-28,15.83,16.42,15.2,16.0,156300,184,2459571
2013-07-01,15.9,16.27,15.77,15.9,87400,218,1400765
2013-07-02,15.91,15.91,15.61,15.69,68100,43,1078572
2013-07-03,15.74,16.1,15.0,15.8,33900,67,529305
2013-07-04,15.85,15.86,15.67,15.67,3000,13,47149
2013-07-05,15.76,15.76,15.58,15.67,36100,14,565521
2013-07-08,15.7,15.7,15.0,15.0,1574600,129,23927349
2013-07-10,15.34,15.43,14.31,14.32,342400,267,4954144
2013-07-11,14.45,14.68,14.18,14.4,287100,69,4137420
2013-07-12,14.22,14.4,14.08,14.32,542000,146,7796665
2013-07-15,14.39,15.0,14.0,15.0,586100,284,8457088
2013-07-16,15.12,15.7,14.9,15.7,39800,123,605287
2013-07-17,15.86,16.24,15.59,16.24,110800,157,1744134
2013-07-18,16.4,16.94,16.08,16.75,230900,129,3811577
2013-07-19,16.83,17.05,16.5,16.5,68700,47,1153925
2013-07-22,16.46,16.95,16.26,16.95,151100,85,2509469
2013-07-23,16.81,17.41,16.75,16.94,185800,197,3154026
2013-07-24,16.77,17.0,16.75,16.99,19400,47,325965
2013-07-25,16.82,16.99,16.65,16.75,69300,262,1162109
2013-07-26,17.1,17.1,16.7,16.95,4800,20,80995
2013-07-29,17.45,17.45,16.81,16.9,14100,48,238208
2013-07-30,17.09,17.09,16.55,16.79,1513500,47,25440199
2013-07-31,16.99,16.99,16.66,16.8,553700,66,9251585
2013-08-01,17.0,17.0,16.15,16.45,53000,270,870536
2013-08-02,16.54,16.54,15.59,15.9,73700,338,1173403
2013-08-05,15.96,15.99,15.93,15.93,2300,7,36731
2013-08-06,15.92,15.92,15.21,15.8,39100,203,608023
2013-08-07,15.89,15.94,15.06,15.06,1046200,94,16171646
2013-08-08,15.18,15.5,15.0,15.1,51200,82,775359
2013-08-09,15.05,15.3,14.73,15.28,77900,47,1168968
2013-08-12,15.45,15.74,15.22,15.48,22600,127,350256
2013-08-13,15.3,15.5,15.25,15.5,4100,20,63109
2013-08-14,15.29,15.31,14.91,14.95,68900,141,1044486
2013-08-15,14.84,14.9,14.84,14.9,400,4,5945
2013-08-16,14.76,14.89,14.0,14.2,194600,304,2767108
2013-08-19,14.21,14.24,14.0,14.0,99700,27,1401955
2013-08-20,14.0,14.0,12.65,13.33,161100,541,2143411
2013-08-21,13.35,13.68,13.23,13.38,212900,792,2853681
2013-08-22,13.18,13.7,13.18,13.55,122100,122,1655504
2013-08-23,13.76,14.11,13.63,13.99,28600,251,393420
2013-08-26,13.85,14.53,13.85,14.5,37600,68,541590
2013-08-27,14.27,14.42,14.11,14.3,66400,130,941875
2013-08-28,14.08,14.53,14.05,14.19,120200,83,1697314
2013-08-29,14.25,14.25,14.1,14.11,116600,23,1645311
2013-08-30,14.11,14.11,13.72,13.72,31900,41,439621
2013-09-02,13.7,14.09,13.47,13.85,71500,126,986799
2013-09-03,13.83,14.61,13.75,14.4,179200,201,2513768
2013-09-04,14.41,15.31,14.12,14.6,255600,319,3709923
2013-09-05,14.84,14.84,14.31,14.54,118500,114,1719198
2013-09-06,14.62,14.62,14.46,14.6,93300,83,1354676
2013-09-09,14.58,14.59,14.45,14.5,53900,52,781591
2013-09-10,14.45,14.62,14.41,14.5,144000,241,2086276
2013-09-11,14.48,14.55,14.42,14.55,86200,364,1247138
2013-09-12,14.57,14.62,14.45,14.5,147400,47,2138510
2013-09-13,14.5,14.5,13.99,14.42,48500,45,696053
2013-09-16,14.26,14.56,14.0,14.32,49100,85,696277
2013-09-17,14.31,14.4,14.2,14.4,74400,304,1059504
2013-09-18,14.35,14.47,14.26,14.47,65900,127,947949
2013-09-19,14.51,14.58,14.34,14.56,96300,214,1390730
2013-09-20,14.48,14.63,14.33,14.33,72000,423,1036842
2013-09-23,14.48,14.53,14.4,14.53,47600,62,688736
2013-09-24,14.55,15.0,14.34,15.0,43100,69,631099
2013-09-25,14.99,14.99,14.49,14.57,36000,66,525764
2013-09-26,14.75,14.75,14.42,14.7,123400,532,1790841
2013-09-27,14.85,14.85,14.5,14.52,36900,223,537471
2013-09-30,14.65,14.65,14.55,14.56,2500,11,36401
2013-10-01,14.78,14.78,14.58,14.66,5100,22,74451
2013-10-02,14.59,14.73,14.5,14.54,25600,114,373401
2013-10-03,14.78,14.78,14.11,14.45,119500,265,1712858
2013-10-04,14.48,14.79,14.32,14.79,78300,106,1133371
2013-10-07,15.0,15.0,14.55,14.7,17800,39,259721
2013-10-08,14.93,14.93,14.72,14.72,400,4,5930
2013-10-09,14.74,14.8,14.6,14.73,34300,60,502008
2013-10-10,14.78,15.0,14.63,14.9,102000,117,1509142
2013-10-11,14.97,15.24,14.67,15.1,26200,114,391772
2013-10-14,15.26,15.26,14.75,14.77,40000,58,592486
2013-10-15,15.2,15.2,14.65,14.81,60300,65,886229
2013-10-16,14.79,14.79,14.65,14.65,103300,82,1514687
2013-10-17,14.54,14.78,14.54,14.66,3600,18,52780
2013-10-18,14.63,15.59,14.63,15.3,37200,98,564109
2013-10-21,15.38,15.59,15.0,15.59,13300,41,202630
2013-10-22,15.6,16.5,15.32,15.94,39700,253,619075
2013-10-23,16.0,16.0,15.51,15.9,30200,125,477968
2013-10-24,15.9,16.89,15.9,16.49,131200,225,2127709
2013-10-25,16.45,16.98,16.12,16.98,36500,138,606603
2013-10-28,16.98,17.35,16.8,16.9,18400,60,311496
2013-10-29,16.9,16.9,16.4,16.6,58100,251,965614
2013-10-30,16.68,16.99,16.07,16.5,39600,52,653649
2013-10-31,16.59,16.7,16.14,16.4,87900,121,1439958
2013-11-01,16.43,16.43,15.8,15.89,21400,37,341095
2013-11-04,15.98,15.98,15.01,15.39,138400,477,2116268
2013-11-05,15.47,15.47,14.97,15.0,23600,68,355054
2013-11-06,15.0,15.0,14.82,14.9,17500,18,261335
2013-11-07,14.98,14.98,14.66,14.75,82600,32,1214611
2013-11-08,14.81,14.81,14.67,14.78,15400,9,227816
2013-11-11,15.0,15.0,14.92,14.92,200,2,2992
2013-11-12,15.09,15.09,14.61,14.8,55900,48,822503
2013-11-13,14.84,15.17,14.71,15.0,55800,124,835176
2013-11-14,15.11,15.11,14.6,14.8,215000,116,3195620
2013-11-18,14.93,14.93,14.71,14.75,24500,36,361645
2013-11-19,14.81,14.92,14.55,14.74,31700,69,464721
2013-11-21,14.65,14.65,14.41,14.55,37900,59,551031
2013-11-22,14.47,14.47,14.33,14.45,5700,43,82124
2013-11-25,14.41,14.8,14.41,14.75,98000,115,1430188
2013-11-26,14.79,14.8,14.45,14.75,107600,78,1581858
2013-11-27,14.85,15.44,14.79,14.8,258800,158,3838949
2013-11-28,14.7,15.3,14.7,15.3,4800,31,72312
2013-11-29,15.4,15.8,15.29,15.8,31300,29,493271
2013-12-02,15.82,15.82,14.85,15.35,86600,249,1331428
2013-12-03,15.4,15.4,15.12,15.35,8200,28,125731
2013-12-04,15.5,15.66,14.71,15.0,141000,290,2110123
2013-12-05,15.43,15.43,14.66,14.8,72900,100,1079362
2013-12-06,14.89,14.89,14.33,14.88,61600,107,904283
2013-12-09,14.99,14.99,14.71,14.75,23600,40,348934
2013-12-10,14.74,14.75,14.51,14.64,81800,108,1202196
2013-12-11,14.74,14.74,14.24,14.45,55600,144,805224
2013-12-12,14.44,14.45,14.16,14.2,71100,53,1016048
2013-12-13,14.5,14.5,14.09,14.3,35500,77,507931
2013-12-16,14.36,14.36,13.99,14.2,113500,120,1607398
2013-12-17,14.24,14.5,14.01,14.25,100500,226,1430518
2013-12-18,14.3,14.3,14.16,14.2,129700,52,1845041
2013-12-19,14.29,14.3,14.21,14.29,18300,29,261579
2013-12-20,14.34,14.34,14.27,14.3,70800,23,1011452
2013-12-23,14.59,14.59,13.86,14.08,89700,116,1257277
2013-12-26,14.16,14.16,13.72,13.95,55700,145,776645
2013-12-27,14.03,14.03,13.66,13.66,67200,66,924826
2013-12-30,13.66,13.98,13.66,13.8,264500,67,3648157
2014-01-02,13.87,14.2,13.87,14.2,97900,50,1366860
2014-01-03,14.44,15.01,14.21,14.4,292200,230,4230321
2014-01-06,14.47,14.99,14.35,14.46,279900,165,4033413
2014-01-07,14.44,14.6,14.43,14.6,542500,155,7919540
2014-01-08,14.78,14.94,14.23,14.67,258900,370,3780603
2014-01-09,14.72,14.77,14.59,14.6,82400,45,1205219
2014-01-10,14.57,14.6,14.35,14.35,267900,116,3894119
2014-01-13,14.41,14.42,14.27,14.35,30600,42,439376
2014-01-14,14.4,14.4,14.27,14.35,16400,19,235228
2014-01-15,14.43,14.58,14.39,14.49,76700,234,1106521
2014-01-16,14.56,14.64,14.25,14.5,149400,211,2172662
2014-01-17,14.57,14.57,14.39,14.5,168800,69,2447511
2014-01-20,14.5,14.5,14.14,14.3,34300,62,490567
2014-01-21,14.39,14.39,14.0,14.0,20100,38,282638
2014-01-22,14.0,14.0,13.79,13.88,49100,51,681980
2014-01-23,13.92,13.92,13.54,13.61,31200,134,426486
2014-01-24,13.55,13.55,13.11,13.35,33800,132,452350
2014-01-27,13.42,13.42,12.73,13.0,401000,653,5200439
2014-01-28,13.03,13.15,12.95,13.0,150500,125,1957156
2014-01-29,13.03,13.03,12.81,12.87,86100,53,1108160
2014-01-30,12.8,13.05,12.76,12.85,62300,118,806417
2014-01-31,12.75,12.86,12.65,12.65,307900,103,3912100
2014-02-03,12.95,12.95,12.02,12.65,594500,276,7364740
2014-02-04,12.6,12.65,12.15,12.15,64700,111,802427
2014-02-05,12.25,12.41,11.98,12.16,117900,138,1436634
2014-02-06,12.16,12.5,12.16,12.45,1091900,117,13377396
2014-02-07,12.38,13.0,12.0,12.45,89100,385,1095129
2014-02-10,12.36,12.43,12.28,12.43,3100,28,38334
2014-02-11,12.38,12.8,12.3,12.61,49600,175,617846
2014-02-12,12.6,12.83,12.58,12.65,40800,144,515569
2014-02-13,12.79,12.79,12.14,12.4,1275300,463,16013647
2014-02-14,12.47,12.7,12.34,12.7,59900,53,754332
2014-02-17,12.69,12.79,12.53,12.79,19400,18,245984
2014-02-18,12.71,12.73,12.6,12.72,279300,46,3547090
2014-02-19,12.7,12.7,12.48,12.55,180400,310,2271422
2014-02-20,12.47,13.27,12.16,13.0,264400,277,3337320
2014-02-21,12.93,13.42,12.8,12.88,493400,228,6434139
2014-02-24,12.78,13.22,12.78,12.92,126000,101,1640538
2014-02-25,12.94,13.17,12.84,13.0,66300,299,860293
2014-02-26,13.07,13.1,12.76,13.0,75100,94,976206
2014-02-27,13.0,13.69,13.0,13.26,654600,357,8657528
2014-02-28,13.36,13.7,13.36,13.6,414300,271,5603424
2014-03-05,13.65,13.65,13.32,13.53,45100,61,608118
2014-03-06,13.63,13.82,13.5,13.6,96100,151,1305070
2014-03-07,13.66,13.67,13.52,13.6,31000,65,421922
2014-03-10,13.78,14.0,13.43,13.8,243000,376,3339000
2014-03-11,13.83,13.83,13.73,13.75,97400,117,1340826
2014-03-12,13.82,14.13,13.67,14.03,111100,119,1538075
2014-03-13,14.07,14.71,14.07,14.48,2187200,93,31733437
2014-03-14,14.39,14.78,14.39,14.66,23500,161,342351
2014-03-17,14.77,15.04,14.31,14.94,55800,421,816305
2014-03-18,14.93,15.2,14.68,15.0,102100,193,1515976
2014-03-19,14.99,15.05,14.79,14.99,44000,312,656295
2014-03-20,14.99,15.02,14.85,14.85,15800,55,235429
2014-03-21,14.9,15.38,14.84,15.3,163600,118,2435747
2014-03-24,15.24,15.6,15.24,15.41,27500,57,423149
2014-03-25,15.01,15.3,14.86,14.86,48100,86,720978
2014-03-26,15.2,15.2,14.41,14.55,197400,347,2895677
2014-03-27,14.62,14.93,14.5,14.52,46500,301,678700
2014-03-28,14.65,14.89,14.65,14.8,4100,15,60499
2014-03-31,14.93,15.2,14.86,15.15,34100,90,510150
2014-04-01,15.14,15.14,14.75,14.87,22800,84,340538
2014-04-02,14.95,15.0,14.53,14.53,29100,49,426348
2014-04-03,14.64,14.8,14.28,14.71,97900,237,1420104
2014-04-04,14.86,14.86,14.43,14.63,29500,82,431219
2014-04-07,14.78,14.78,14.6,14.77,11400,97,167125
2014-04-08,14.8,15.5,14.75,15.5,1069600,89,16046687
2014-04-09,15.46,15.61,15.16,15.31,26300,96,403180
2014-04-10,15.34,15.34,14.56,14.75,33000,236,489490
2014-04-11,14.84,14.86,14.7,14.75,25600,152,377864
2014-04-14,14.88,15.19,14.64,14.85,45700,128,677714
2014-04-15,14.96,15.13,14.15,14.3,62100,461,892312
2014-04-16,14.47,14.99,14.22,14.22,150600,169,2154731
2014-04-17,14.34,15.0,14.07,14.19,34300,201,493105
2014-04-22,14.3,14.4,13.6,14.26,31900,167,450192
2014-04-23,14.37,14.37,13.69,13.95,51800,200,720077
2014-04-24,13.88,14.1,13.5,13.88,45400,141,624251
2014-04-25,13.98,13.98,13.53,13.8,37400,114,512250
2014-04-28,13.9,13.9,13.6,13.65,531700,160,7258259
2014-04-29,13.5,13.92,13.5,13.92,31200,180,426365
2014-04-30,13.64,13.92,13.58,13.9,27900,121,384358
2014-05-02,13.81,13.95,13.68,13.85,26600,235,368067
2014-05-05,13.94,14.16,13.73,14.1,72100,200,1009202
2014-05-06,14.01,14.2,14.01,14.1,74200,164,1047065
2014-05-07,14.01,14.02,13.49,13.6,144800,507,1972437
2014-05-08,13.6,13.65,13.39,13.55,113700,164,1536925
2014-05-09,13.61,13.85,13.36,13.7,158500,232,2169266
2014-05-12,14.09,14.09,13.28,13.57,550200,424,7438718
2014-05-13,13.57,13.7,13.45,13.6,236800,485,3218999
2014-05-14,13.6,14.4,13.6,14.0,485900,278,6785736
2014-05-15,13.95,14.24,13.92,14.2,297700,50,4198137
2014-05-16,14.19,14.2,14.12,14.14,5800,19,82230
2014-05-19,14.13,14.19,14.08,14.13,88000,31,1243502
2014-05-20,14.23,14.27,14.09,14.09,127800,92,1814874
2014-05-21,14.15,14.2,14.03,14.2,56100,58,795691
2014-05-22,14.24,14.32,14.1,14.1,13500,33,192070
2014-05-23,14.02,14.59,14.02,14.51,12200,53,175217
2014-05-26,14.5,14.75,14.5,14.74,49300,270,724479
2014-05-27,14.71,14.84,14.5,14.5,72600,197,1056847
2014-05-28,14.52,14.68,14.52,14.6,19700,109,288121
2014-05-29,14.74,14.74,14.42,14.7,165300,207,2399831
2014-05-30,14.74,15.29,14.74,15.29,346000,421,5259652
2014-06-02,15.2,15.2,14.96,15.0,113700,252,1710834
2014-06-03,14.99,15.0,14.7,14.7,60000,71,898477
2014-06-04,14.78,14.78,14.25,14.33,54600,299,784781
2014-06-05,14.2,14.62,14.11,14.62,12300,31,178940
2014-06-06,14.61,14.71,14.58,14.65,8400,45,123076
2014-06-09,14.55,14.6,14.36,14.45,162800,284,2353211
2014-06-10,14.54,14.54,14.3,14.35,77600,463,1115511
2014-06-11,14.44,14.44,14.2,14.2,4000,19,57355
2014-06-13,14.44,14.44,14.07,14.2,188400,179,2674089
2014-06-16,14.41,14.45,14.25,14.45,8800,82,126631
2014-06-17,14.4,14.4,14.21,14.21,2300,13,32883
2014-06-18,14.16,14.2,14.09,14.1,7600,30,107578
2014-06-20,14.1,14.15,14.1,14.15,106800,20,1511077
2014-06-23,14.1,14.18,13.89,13.92,41700,98,583979
2014-06-24,14.07,14.11,13.92,13.92,41000,99,573998
2014-06-25,14.09,14.09,13.61,13.7,183300,88,2511231
2014-06-26,13.66,14.08,13.66,14.06,20500,49,285989
2014-06-27,13.99,14.02,13.86,13.91,4700,18,65365
2014-06-30,13.85,14.12,13.85,13.87,93000,112,1299332
2014-07-01,13.82,13.83,13.67,13.7,2260300,222,31189321
2014-07-02,13.78,13.9,13.56,13.56,67400,294,927472
2014-07-03,13.64,13.64,13.25,13.25,77100,92,1031610
2014-07-04,13.31,13.45,13.31,13.45,9900,91,132308
2014-07-07,13.37,13.4,13.29,13.35,5600,13,74786
2014-07-08,13.25,13.25,13.18,13.18,6800,18,89740
2014-07-10,13.35,13.35,12.9,12.9,311100,230,4045863
2014-07-11,12.95,13.4,12.95,13.4,34900,121,461408
2014-07-14,13.35,13.5,13.2,13.2,22700,55,302528
2014-07-15,13.17,13.18,13.03,13.06,55500,25,724866
2014-07-16,13.19,13.19,12.8,12.9,53600,86,692354
2014-07-17,12.83,12.85,12.65,12.65,70100,113,893169
2014-07-18,12.79,13.08,12.76,12.9,18500,40,238717
2014-07-21,12.93,12.93,12.53,12.68,1237100,161,15709998
2014-07-22,12.69,12.69,12.51,12.6,26400,75,332429
2014-07-23,12.6,12.6,12.4,12.45,84400,88,1054399
2014-07-24,12.46,12.99,12.46,12.98,688900,288,8686664
2014-07-25,13.05,13.31,13.05,13.2,29100,105,383954
2014-07-28,13.13,13.85,13.03,13.4,32600,147,434408
2014-07-29,13.67,13.67,13.31,13.31,23400,59,314316
2014-07-30,13.51,13.72,13.36,13.55,16200,85,218850
2014-07-31,13.61,13.65,13.3,13.61,47000,160,632388
2014-08-01,13.68,13.9,13.61,13.83,143900,198,1973372
2014-08-04,13.89,13.95,13.65,13.95,32700,148,449400
2014-08-05,14.0,14.24,13.97,14.05,301000,287,4214965
2014-08-06,14.09,14.09,14.0,14.05,39500,54,553647
2014-08-07,14.0,14.17,13.99,14.0,48600,35,681500
2014-08-08,13.98,14.0,13.9,13.96,45400,58,632661
2014-08-11,17.85,18.0,17.19,17.25,1076700,1554,18828079
2014-08-12,17.25,17.5,17.1,17.35,1645400,1223,28466834
2014-08-13,17.45,17.75,17.45,17.65,1145700,156,20040534
2014-08-14,17.77,17.81,17.45,17.7,62400,52,1103309
2014-08-15,17.7,17.7,17.59,17.65,254000,77,4482606
2014-08-18,17.7,17.7,17.42,17.5,380400,830,6670116
2014-08-19,17.55,17.6,17.42,17.59,79100,480,1382186
2014-08-20,17.6,17.6,17.35,17.41,55000,426,957842
2014-08-21,17.5,17.52,17.4,17.5,214100,624,3746948
2014-08-22,17.55,17.55,17.4,17.49,15800,68,276284
2014-08-25,17.6,17.6,17.27,17.4,36300,165,630597
2014-08-26,17.52,17.54,17.3,17.45,10100,54,176038
2014-08-27,17.52,17.52,17.25,17.5,196300,236,3403012
2014-08-28,17.51,17.51,17.43,17.5,14100,69,246707
2014-08-29,17.51,17.65,17.48,17.65,810100,419,14180804
2014-09-01,17.79,17.79,17.54,17.54,25900,58,458213
2014-09-02,17.63,17.67,17.54,17.59,114900,26,2021594
2014-09-03,17.68,17.68,17.5,17.63,63800,25,1120284
2014-09-04,17.5,17.62,17.5,17.6,1202300,28,21157314
2014-09-05,17.62,17.62,17.51,17.57,1273100,267,22307993
2014-09-08,17.55,17.59,17.5,17.59,16285500,52,285120295
2014-09-09,17.62,17.62,17.52,17.52,371800,18,6513981
2014-09-10,17.58,17.64,17.47,17.54,2110900,74,37008849
2014-09-11,17.59,17.6,17.37,17.52,54400,253,949185
2014-09-12,17.56,17.56,17.41,17.56,17700,26,310467
2014-09-15,17.69,17.69,17.36,17.5,357600,104,6285746
2014-09-16,17.57,17.65,17.53,17.65,287200,142,5056118
2014-09-17,17.64,17.64,17.5,17.64,33500,43,589947
2014-09-18,17.65,17.65,17.47,17.65,62600,185,1101701
2014-09-19,17.65,17.65,17.58,17.63,9000,16,158483
2014-09-22,17.64,17.79,17.36,17.64,67300,156,1186292
2014-09-23,17.64,17.75,17.37,17.75,82500,136,1455340
2014-09-24,17.75,17.82,17.67,17.75,47400,59,841775
2014-09-25,17.69,17.94,17.69,17.88,97400,116,1735368
2014-09-26,17.79,18.0,17.75,18.0,72200,58,1291660
2014-09-29,17.84,17.9,17.8,17.9,31900,20,568900
2014-09-30,17.97,17.97,17.86,17.94,11000,20,197203
2014-10-01,17.97,17.97,17.75,17.9,42300,52,755074
2014-10-02,17.89,17.89,17.75,17.89,17900,23,318888
2014-10-03,17.97,17.99,17.79,17.9,155800,66,2788745
2014-10-06,17.95,17.95,17.61,17.8,87900,168,1563387
2014-10-07,17.91,17.91,17.63,17.74,45400,145,804100
2014-10-08,17.84,17.89,17.71,17.89,18900,39,336307
2014-10-09,17.88,17.88,17.7,17.8,34800,100,617780
2014-10-10,17.88,17.88,17.66,17.88,77700,62,1375028
2014-10-13,17.88,17.88,17.77,17.87,11500,34,205427
2014-10-14,17.88,17.95,17.75,17.95,26100,42,467797
2014-10-15,17.95,17.95,17.72,17.87,14800,17,264758
2014-10-16,17.93,17.93,17.65,17.85,64200,77,1139321
2014-10-17,17.89,17.89,17.75,17.89,16200,27,289643
2014-10-20,17.9,17.9,17.72,17.83,1400,9,24942
2014-10-21,17.84,17.85,17.7,17.8,133000,151,2358403
2014-10-22,17.83,17.83,17.6,17.73,104100,58,1839187
2014-10-23,17.73,17.73,17.49,17.49,37900,47,665633
2014-10-24,17.51,17.67,17.42,17.67,101200,58,1773011
2014-10-27,17.74,17.74,17.45,17.59,21800,57,381457
2014-10-28,17.59,17.67,17.5,17.67,109600,78,1923652
2014-10-29,17.69,17.74,17.63,17.7,617200,94,10894364
2014-10-30,17.75,17.75,17.6,17.6,46700,48,824112
2014-10-31,17.71,17.9,17.6,17.9,66100,65,1171142
2014-11-03,17.94,17.94,17.8,17.9,6500,22,116321
2014-11-04,17.9,17.9,17.71,17.8,42800,118,761829
2014-11-05,17.9,17.9,17.67,17.87,17300,79,307439
2014-11-06,17.8,17.9,17.7,17.8,142100,101,2536639
2014-11-07,17.88,17.89,17.68,17.89,20500,44,366166
2014-11-10,17.88,17.88,17.78,17.84,7400,22,131940
2014-11-11,17.84,17.88,17.7,17.88,14200,20,253626
2014-11-12,17.87,17.87,17.75,17.83,2200,11,39158
2014-11-13,17.83,17.83,17.7,17.71,24900,80,441319
2014-11-14,17.79,17.81,17.65,17.81,25200,83,447459
2014-11-17,17.81,17.85,17.75,17.85,7600,49,135203
2014-11-18,17.86,17.86,17.65,17.85,110200,280,1960299
2014-11-19,17.85,17.94,17.74,17.9,223500,205,3992102
2014-11-21,17.91,17.98,17.85,17.98,227500,202,4079216
2014-11-24,18.0,18.0,17.86,17.95,106600,26,1904225
2014-11-25,17.99,17.99,17.7,17.85,35500,70,633357
2014-11-26,17.9,17.9,17.66,17.78,20300,87,360070
2014-11-27,17.65,17.9,17.65,17.9,4400,19,78467
2014-11-28,17.9,17.9,17.76,17.85,35800,52,637378
2014-12-01,17.97,17.97,17.71,17.88,9200,73,163870
2014-12-02,17.92,17.92,17.7,17.89,27300,98,486326
2014-12-03,17.89,17.9,17.75,17.9,115200,114,2057107
2014-12-04,17.97,17.97,17.8,17.9,129200,133,2302548
2014-12-05,17.92,17.93,17.82,17.93,23500,25,421040
2014-12-08,17.94,17.95,17.89,17.95,1800,13,32289
2014-12-09,17.9,17.9,17.8,17.9,1400,10,25045
2014-12-10,17.9,17.9,17.77,17.85,22800,66,406416
2014-12-11,17.89,17.89,17.79,17.87,8400,20,150060
2014-12-12,17.89,17.89,17.79,17.85,1500,9,26741
2014-12-15,17.95,17.95,17.61,17.83,26200,45,464826
2014-12-16,17.83,17.83,17.66,17.7,2400,15,42500
2014-12-17,17.6,17.7,17.6,17.7,5800,15,102617
2014-12-18,17.74,17.74,17.6,17.74,4100,18,72664
2014-12-19,17.74,17.74,17.6,17.72,4300,18,75983
2014-12-22,17.74,17.74,17.55,17.73,5700,23,100797
2014-12-23,17.63,17.74,17.63,17.74,600,6,10631
2014-12-26,17.64,17.74,17.3,17.74,591100,41,10481035
2014-12-29,17.74,17.74,17.45,17.68,34700,77,610263
2014-12-30,17.73,17.75,17.4,17.75,91200,66,1615446
2015-01-02,17.75,17.75,17.43,17.75,41900,313,737065
2015-01-05,17.74,17.74,17.5,17.6,414800,54,7303544
2015-01-06,17.71,17.85,17.59,17.6,49200,134,869282
2015-01-07,17.7,17.7,17.2,17.4,103100,88,1791833
2015-01-08,17.49,17.49,17.16,17.3,92600,83,1596447
2015-01-09,17.39,17.46,17.26,17.38,38700,33,672761
2015-01-12,17.36,17.4,17.21,17.4,19500,36,337473
2015-01-13,17.39,17.39,17.29,17.3,13400,76,231917
2015-01-14,17.4,17.4,17.28,17.35,3400,16,58911
2015-01-15,17.48,17.48,17.25,17.25,703500,17,12135448
2015-01-16,17.32,17.35,17.22,17.34,22600,38,390379
2015-01-19,17.34,17.34,17.18,17.25,4600,7,79331
2015-01-20,17.49,17.49,17.16,17.2,186000,91,3199695
2015-01-21,17.3,17.3,17.13,17.13,99700,114,1711837
2015-01-22,17.13,17.19,17.04,17.07,118700,72,2028597
2015-01-23,17.16,17.16,16.93,17.0,25700,20,436989
2015-01-26,17.0,17.0,16.9,16.98,50200,109,850733
2015-01-27,16.98,17.0,16.95,17.0,8900,7,151293
2015-01-28,17.15,17.15,16.85,17.0,39000,32,663010
2015-01-29,17.0,17.1,16.95,17.1,39300,25,667999
2015-01-30,17.01,17.7,17.01,17.3,34700,154,603990
2015-02-02,17.39,17.6,17.11,17.58,85600,341,1491368
2015-02-03,17.48,17.6,17.41,17.6,4800,9,84439
2015-02-04,17.5,17.5,17.15,17.25,84200,75,1451481
2015-02-05,17.3,17.35,17.3,17.35,1000,6,17343
2015-02-06,17.35,17.35,17.3,17.3,3300,4,57095
2015-02-09,17.4,17.5,17.16,17.2,24700,99,426539
2015-02-10,17.15,17.15,17.15,17.15,82000,15,1406300
2015-02-11,17.05,17.19,16.97,17.16,140400,28,2393108
2015-02-12,17.14,17.14,16.96,17.1,443900,20,7530049
2015-02-13,17.19,17.4,17.0,17.4,57400,21,976488
2015-02-18,17.5,17.5,17.3,17.4,12700,13,221065
2015-02-19,17.49,17.49,17.1,17.45,161200,159,2782164
2015-02-20,17.49,17.8,17.38,17.8,7400,27,131235
2015-02-23,17.79,17.79,17.37,17.5,24400,67,427137
2015-02-24,17.31,17.59,17.3,17.59,25700,91,448282
2015-02-25,17.59,17.59,17.54,17.54,8500,28,149189
2015-02-26,17.64,17.8,17.59,17.8,63100,72,1112739
2015-02-27,17.77,17.95,17.77,17.95,3300,8,58989
2015-03-02,17.95,17.98,17.65,17.88,86200,117,1542117
2015-03-03,17.84,18.4,17.8,18.35,15800,89,283389
2015-03-04,18.39,18.39,18.27,18.38,3000,13,55056
2015-03-05,18.39,18.39,18.14,18.25,2900,24,52990
2015-03-06,18.23,18.25,18.21,18.24,24400,19,445246
2015-03-09,18.3,18.3,18.12,18.2,38300,20,697772
2015-03-10,18.25,18.25,18.16,18.24,300,3,5465
2015-03-11,18.24,18.25,18.1,18.25,27200,26,493802
2015-03-12,18.24,18.25,18.16,18.25,18300,24,333415
2015-03-13,18.0,18.25,18.0,18.25,7500,13,136726
2015-03-16,18.27,18.28,18.15,18.28,12300,25,224627
2015-03-17,18.28,18.28,18.15,18.2,12200,16,222049
2015-03-18,18.23,18.23,18.1,18.2,9000,19,163679
2015-03-19,18.23,18.23,17.8,18.03,524500,118,9357119
2015-03-20,18.16,18.19,17.99,18.0,40400,51,727756
2015-03-23,18.2,18.2,18.05,18.15,15900,26,288379
2015-03-24,18.2,18.29,18.0,18.24,121600,43,2193176
2015-03-25,18.24,18.55,18.2,18.48,184700,60,3371547
2015-03-26,18.32,18.44,18.2,18.44,129100,34,2362709
2015-03-27,18.44,18.58,18.34,18.58,61500,151,1138402
2015-03-30,18.48,18.74,18.48,18.74,105200,61,1963647
2015-03-31,18.75,18.75,18.64,18.72,32900,87,615756
2015-04-01,18.75,18.75,18.66,18.7,83900,123,1566384
2015-04-02,18.7,18.73,18.66,18.73,91800,81,1715015
2015-04-06,18.79,18.79,18.75,18.78,7200,27,135180
2015-04-07,18.77,18.79,18.71,18.78,12700,16,238310
2015-04-08,18.82,18.82,18.67,18.78,74000,49,1385807
2015-04-09,18.78,18.78,18.71,18.77,1964600,26,36875333
2015-04-10,18.77,18.77,18.7,18.75,14000,27,262429
2015-04-13,18.76,18.8,18.6,18.8,101300,50,1892896
2015-04-14,18.8,18.8,18.7,18.78,266000,52,4978889
2015-04-15,18.8,18.86,18.72,18.8,202500,108,3795720
2015-04-16,18.9,18.9,18.78,18.79,77400,56,1455399
2015-04-17,18.89,18.89,18.79,18.87,347400,19,6531422
2015-04-20,18.89,18.9,18.88,18.88,1222200,17,23075229
2015-04-22,18.89,18.89,18.81,18.87,3700,13,69809
2015-04-23,18.9,18.9,18.81,18.88,10561400,23,199399011
2015-04-24,18.85,18.85,18.77,18.85,8600,21,162097
2015-04-27,18.9,18.9,18.76,18.83,18700,49,352238
2015-04-28,18.82,18.82,18.7,18.7,20600,32,386009
2015-04-29,18.7,18.83,18.63,18.83,6000,15,112349
2015-04-30,18.9,19.0,18.74,19.0,112700,57,2133437
2015-05-04,18.89,19.0,18.8,18.91,5900,47,112010
2015-05-05,18.99,20.0,18.96,20.0,1900,7,36199
2015-05-06,19.89,19.89,19.0,19.04,800,4,15313
2015-05-07,18.0,18.5,18.0,18.5,600,3,10850
2015-05-08,18.6,18.9,18.51,18.8,2000,17,37421
2015-05-20,18.72,19.8,18.72,18.76,4900,45,92488
2015-05-21,18.71,18.9,18.2,18.83,6800,38,126420
2015-05-28,19.14,19.14,19.14,19.14,100,1,1914
2015-05-29,19.03,19.03,17.1,17.1,63300,103,1116380
2015-06-01,17.33,19.05,17.33,19.0,45800,30,826260
2015-06-02,18.89,18.9,18.55,18.9,9000,49,169206
2015-06-05,19.0,19.05,19.0,19.05,2600,3,49500
2015-06-08,19.1,19.1,19.1,19.1,1300,2,24830
