Date,Open,High,Low,Close,Volume,Neg,Fin
2010-01-04,9.721,9.721,9.55489,9.68936,410300,588,5009391
2010-01-05,9.68936,9.71309,9.57862,9.67354,171500,306,2097819
2010-01-06,9.68936,9.89501,9.53117,9.61026,196400,491,2407970
2010-01-07,9.57072,9.76055,9.41252,9.53117,334200,365,4080471
2010-01-08,9.61026,9.72891,9.53117,9.62608,223400,242,2717829
2010-01-11,9.62608,9.9662,9.57072,9.86337,474100,387,5926010
2010-01-12,9.8871,9.92665,9.72891,9.76846,294500,139,3652124
2010-01-13,9.72891,9.8871,9.69727,9.84755,274300,244,3409948
2010-01-14,9.83965,9.84755,9.61817,9.65772,119900,122,1483496
2010-01-15,9.721,9.76846,9.6419,9.76846,99600,132,1224760
2010-01-18,9.76846,9.83965,9.72891,9.8001,129400,120,1604531
2010-01-19,9.77637,9.82382,9.66563,9.72891,71200,179,877732
2010-01-20,9.65772,9.68936,9.33342,9.48371,106600,215,1283239
2010-01-21,9.57072,9.64981,9.25433,9.33342,148100,233,1760214
2010-01-22,9.25433,9.61026,9.21478,9.41252,191300,252,2276361
2010-01-26,9.41252,9.49953,9.01704,9.01704,126600,333,1467576
2010-01-27,9.01704,9.19896,8.70065,8.93794,56200,128,632095
2010-01-28,9.13568,9.40461,9.01704,9.40461,253600,394,2963888
2010-01-29,9.49162,9.56281,9.19896,9.42834,284500,196,3387082
2010-02-01,9.49162,9.60235,9.42043,9.56281,310300,142,3726062
2010-02-02,9.57862,9.79219,9.54699,9.78428,161600,199,1973503
2010-02-03,9.69727,9.91083,9.68145,9.87128,192600,197,2389630
2010-02-04,9.86337,9.8871,9.43625,9.48371,128500,198,1580176
2010-02-05,9.4758,9.4758,9.01704,9.16732,498700,147,5783754
2010-02-08,9.19896,9.25433,9.17523,9.21478,198300,72,2313354
2010-02-09,9.44416,9.49162,9.18314,9.27806,294900,244,3477873
2010-02-10,9.49162,9.57072,9.16732,9.20687,205200,188,2400156
2010-02-11,9.18314,9.32551,9.17523,9.29388,89000,137,1039042
2010-02-12,9.34134,9.34134,9.16732,9.25433,31700,143,370494
2010-02-17,9.25433,9.41252,9.17523,9.33342,213900,104,2509648
2010-02-18,9.36506,9.43625,9.21478,9.31761,285200,167,3346395
2010-02-19,9.36506,9.36506,9.2306,9.25433,107100,89,1256780
2010-02-22,9.25433,9.35715,9.0645,9.22269,82800,121,960335
2010-02-23,9.3097,9.3097,9.01704,9.21478,32900,66,378742
2010-02-24,9.21478,9.21478,9.0645,9.11986,223000,121,2575002
2010-02-25,9.12777,9.12777,8.7402,8.86675,227800,287,2540432
2010-02-26,8.89839,9.16732,8.85884,9.09613,85600,72,969989
2010-03-01,8.93794,9.17523,8.93794,9.16732,55900,117,641700
2010-03-02,9.13568,9.49162,9.09613,9.33342,104800,247,1240702
2010-03-03,9.33342,9.4758,9.11195,9.17523,107600,104,1264661
2010-03-04,9.28596,9.42834,9.25433,9.33342,101200,60,1195319
2010-03-05,9.41252,9.44416,9.33342,9.34134,88000,177,1045673
2010-03-08,9.41252,9.8001,9.37297,9.65772,671600,428,8156841
2010-03-09,9.73682,9.87128,9.72891,9.82382,252300,321,3135142
2010-03-10,9.84755,9.8871,9.72891,9.83173,259800,190,3233869
2010-03-11,9.73548,9.93498,9.73548,9.89508,99900,108,1237331
2010-03-12,9.89508,9.93498,9.82327,9.8472,369900,328,4600242
2010-03-15,9.90248,10.17599,9.90248,9.92661,195300,117,2424850
2010-03-16,9.97488,10.00706,9.95075,9.99097,440500,448,5467463
2010-03-17,9.97488,10.00706,9.93466,9.97488,291200,394,3615797
2010-03-18,10.01511,10.01511,9.87835,10.01511,73500,221,913145
2010-03-19,10.00706,10.01511,9.95075,10.01511,43100,83,536385
2010-03-22,10.00706,10.01511,9.89444,10.01511,122500,223,1524273
2010-03-23,9.99901,10.21621,9.9427,10.19208,176700,715,2222236
2010-03-24,10.01511,10.21621,9.95879,10.09555,168900,232,2115041
2010-03-25,10.13577,10.40123,10.06337,10.36905,224800,380,2890780
2010-03-26,10.3771,10.82757,10.3047,10.78735,365400,631,4842222
2010-03-29,10.78735,11.18152,10.70691,10.94019,230000,400,3138943
2010-03-30,11.08499,11.08499,10.77931,10.98041,103000,189,1396470
2010-03-31,10.93215,11.00455,10.70691,10.81953,236500,353,3189306
2010-04-01,10.95628,11.02868,10.54602,10.61842,343100,284,4562069
2010-04-05,10.81953,10.81953,10.49776,10.64256,141800,129,1871459
2010-04-06,10.64256,10.96433,10.64256,10.85975,140200,117,1899268
2010-04-07,10.9241,10.94019,10.77931,10.85975,206100,153,2781929
2010-04-08,10.85975,10.93215,10.73909,10.85975,25700,83,344849
2010-04-09,10.85975,11.2137,10.85975,11.0689,204800,316,2815879
2010-04-12,11.0689,11.13326,10.89997,11.06086,124400,83,1711512
2010-04-13,11.1413,11.26196,11.02063,11.1413,106100,141,1470180
2010-04-14,11.22174,11.52742,10.9965,11.52742,165000,188,2342691
2010-04-15,11.52742,11.65613,11.38263,11.65613,231800,309,3338448
2010-04-16,11.66418,11.7044,11.2137,11.57569,167500,137,2391274
2010-04-19,11.56764,11.56764,11.38263,11.38263,209700,158,2989911
2010-04-20,11.34241,11.55156,11.34241,11.53547,1249600,73,17685413
2010-04-22,11.54351,11.54351,11.23783,11.35849,51500,141,726986
2010-04-23,11.51133,11.51133,11.30218,11.32632,99400,82,1406618
2010-04-26,11.32632,11.4872,11.14934,11.18152,260600,133,3626868
2010-04-27,11.10108,11.1413,10.77931,10.77931,66700,84,907256
2010-04-28,10.77126,10.81953,10.69082,10.7954,69300,59,927279
2010-04-29,10.84366,11.29414,10.84366,11.02063,94400,90,1306533
2010-04-30,11.25392,11.25392,11.01259,11.01259,58100,88,799553
2010-05-03,11.01259,11.17348,10.82757,10.94019,56500,74,768678
2010-05-04,10.85975,10.94019,10.69887,10.74713,91900,128,1237231
2010-05-05,10.5782,10.98041,10.3047,10.78735,131200,160,1743442
2010-05-06,10.74713,10.93215,10.40123,10.5782,105400,78,1390039
2010-05-07,10.3771,10.45754,10.05533,10.17599,121200,78,1548324
2010-05-10,10.6506,10.77931,10.3771,10.47363,110500,89,1445558
2010-05-11,10.45754,10.74713,10.29665,10.29665,86900,208,1138231
2010-05-12,10.29665,10.85975,10.29665,10.69887,271000,255,3573087
2010-05-13,10.85171,10.85171,10.5782,10.5782,112900,56,1491452
2010-05-14,10.65864,10.65864,10.22425,10.22425,64100,70,831116
2010-05-17,10.17599,10.29665,9.85422,9.85422,110000,123,1375280
2010-05-18,10.09555,10.13577,9.69333,9.70138,80500,79,980986
2010-05-19,9.62898,9.65311,9.17046,9.21872,231500,219,2697841
2010-05-20,9.0337,9.21068,8.56713,9.00957,481200,310,5319836
2010-05-21,9.02566,9.2509,8.92913,9.09001,67200,127,759637
2010-05-24,9.08197,9.40374,9.08197,9.17046,114500,158,1306462
2010-05-25,8.84869,9.26699,8.72802,8.93717,143000,279,1590326
2010-05-26,8.96935,9.17046,8.6878,8.6878,74500,89,830507
2010-05-27,9.16241,9.48418,8.98544,9.25894,191800,180,2181200
2010-05-28,9.2509,9.69333,9.18654,9.69333,134200,133,1562604
2010-05-31,9.97488,10.05533,9.70138,9.96684,54300,44,670774
2010-06-01,9.70138,9.99901,9.70138,9.99901,62500,68,767015
2010-06-02,10.00706,10.00706,9.814,9.814,15400,28,189827
2010-06-04,9.70138,9.95879,9.58876,9.58876,73600,44,884812
2010-06-07,9.73355,9.77377,9.46809,9.47614,65800,48,784179
2010-06-08,9.69333,9.814,9.58876,9.58876,46500,44,557674
2010-06-09,9.65311,9.814,9.53245,9.53245,73000,52,872451
2010-06-10,9.73355,9.73355,9.53245,9.65311,153100,149,1836890
2010-06-11,9.65311,9.73355,9.5968,9.62094,153300,176,1839339
2010-06-14,9.70215,9.74275,9.4667,9.58037,53900,66,638703
2010-06-15,9.66155,9.74275,9.66155,9.73462,484900,335,5816162
2010-06-16,9.74275,9.74275,9.66967,9.72651,72700,164,870082
2010-06-17,9.74275,9.74275,9.62096,9.62096,40000,133,477966
2010-06-18,9.62096,9.70215,9.50729,9.50729,236500,86,2795431
2010-06-21,9.50729,9.74275,9.50729,9.70215,235900,185,2826058
2010-06-22,9.74275,9.74275,9.51541,9.53165,104200,107,1230772
2010-06-23,9.65344,9.65344,9.41798,9.51541,295800,289,3459368
2010-06-24,9.62908,9.62908,9.27996,9.41798,75300,223,875755
2010-06-25,9.49918,9.62096,9.43422,9.62096,99600,95,1168048
2010-06-28,9.62096,9.62096,9.40987,9.40987,76500,79,894691
2010-06-29,9.41798,9.45858,9.34492,9.37739,61100,116,706003
2010-06-30,9.53165,9.79957,9.30432,9.57225,109500,94,1284655
2010-07-01,9.58037,9.74275,9.28808,9.37739,346000,180,3996640
2010-07-02,9.56413,9.58037,9.41798,9.45858,60700,57,711111
2010-07-05,9.41798,9.53165,9.37739,9.41798,24400,40,283255
2010-07-06,9.49918,9.66155,9.48294,9.49918,63200,126,746573
2010-07-07,9.66155,9.69403,9.41798,9.58848,70700,144,838662
2010-07-08,9.68591,9.82393,9.49918,9.82393,200200,143,2393200
2010-07-12,9.88889,10.22176,9.88889,10.15681,208200,208,2575689
2010-07-13,10.20552,10.68454,10.20552,10.59523,253500,321,3262456
2010-07-14,10.61959,10.7089,10.47345,10.7089,145100,228,1902921
2010-07-15,10.7089,10.96059,10.57088,10.96059,623100,226,8305702
2010-07-16,11.00118,11.10673,10.79821,10.8388,346600,204,4657188
2010-07-19,10.91187,11.24475,10.75762,11.12297,143300,219,1950790
2010-07-20,11.12297,11.3097,11.04178,11.22851,404600,312,5564087
2010-07-21,11.28535,11.28535,10.86316,11.04178,185600,456,2532651
2010-07-22,11.00118,11.27723,11.00118,11.27723,127300,118,1754542
2010-07-23,11.20416,11.36654,10.96059,11.12297,259000,383,3580784
2010-07-26,11.08237,11.26911,11.08237,11.12297,59700,38,817721
2010-07-27,11.1798,11.26911,10.98494,11.26099,31000,66,427047
2010-07-28,11.12297,11.6101,11.06613,11.36654,122500,179,1720010
2010-07-29,11.32594,11.52891,11.17168,11.36654,64500,65,900832
2010-07-30,11.3503,11.52891,11.26099,11.29346,330600,157,4629163
2010-08-02,11.36654,11.57763,11.36654,11.49644,91900,99,1299601
2010-08-03,11.6101,11.69129,11.59387,11.6507,394000,121,5635955
2010-08-04,11.6101,11.77248,11.6101,11.76436,151100,82,2173387
2010-08-05,11.76436,12.17843,11.76436,12.01605,215900,146,3197622
2010-08-06,12.17843,12.17843,11.93486,12.01605,110000,44,1628391
2010-08-09,12.05665,12.05665,11.93486,11.94298,287700,129,4254640
2010-08-10,11.96734,12.05665,11.82932,11.82932,185300,326,2736662
2010-08-11,11.76436,11.77248,11.23663,11.23663,59100,104,830496
2010-08-12,10.96871,11.20416,10.55464,11.08237,56400,116,768313
2010-08-13,11.24475,11.36654,10.95247,10.95247,198400,60,2721754
2010-08-16,10.73326,10.91999,10.67643,10.76573,214000,116,2856308
2010-08-17,10.78197,11.23663,10.78197,11.09861,59600,53,810709
2010-08-18,11.35842,11.35842,11.1798,11.28535,38600,62,536031
2010-08-19,11.28535,11.28535,11.08237,11.20416,13000,23,179352
2010-08-20,11.12297,11.18792,11.12297,11.13109,10600,11,145367
2010-08-23,11.18792,11.52079,11.18792,11.20416,93600,91,1304695
2010-08-24,11.18792,11.69129,11.00118,11.64258,127600,160,1806118
2010-08-25,11.58575,11.63446,11.48832,11.48832,48600,53,691724
2010-08-26,11.48832,11.59387,11.36654,11.36654,201600,119,2858481
2010-08-27,11.36654,11.40713,11.25287,11.27723,11400,25,159516
2010-08-30,11.36654,11.49644,11.36654,11.38277,147200,52,2070978
2010-08-31,11.44772,11.93486,11.44772,11.69129,194200,129,2817134
2010-09-01,11.78872,11.85367,11.52891,11.77248,151200,179,2185118
2010-09-02,11.85367,11.85367,11.54515,11.76436,36900,41,534472
2010-09-03,11.75624,11.7806,11.61822,11.69129,75900,78,1096178
2010-09-06,11.77248,11.83743,11.69941,11.74813,19300,20,279943
2010-09-08,11.83743,11.83743,11.68318,11.77248,65500,86,951149
2010-09-09,11.77248,11.81308,11.60199,11.6507,128700,117,1853890
2010-09-10,11.77248,11.81308,11.52891,11.54515,169900,139,2436286
2010-09-13,11.46396,11.72377,11.45584,11.56139,150800,199,2152083
2010-09-14,11.48862,11.66046,11.3086,11.3086,90400,85,1278212
2010-09-15,11.38225,11.66046,11.28405,11.3086,138200,280,1952250
2010-09-16,11.52954,11.7832,11.3086,11.37406,169000,193,2410089
2010-09-17,11.45589,11.76684,11.45589,11.74229,148700,495,2121903
2010-09-20,11.74229,11.97141,11.66864,11.7832,51100,85,735384
2010-09-21,11.86503,11.86503,11.75047,11.7832,109200,127,1572271
2010-09-22,11.70137,11.79138,11.53772,11.53772,37400,77,534514
2010-09-23,11.57863,11.64409,11.49681,11.49681,88800,133,1252185
2010-09-24,11.49681,11.82411,11.49681,11.61955,268300,606,3822738
2010-09-27,11.7832,11.97141,11.7832,11.94686,203600,159,2962498
2010-09-28,11.97959,12.67513,11.90594,12.56057,180600,246,2733177
2010-09-29,12.56057,12.68331,12.46237,12.61784,186400,514,2873783
2010-09-30,12.64239,12.80605,12.32327,12.64239,147300,320,2270315
2010-10-01,12.80605,13.22337,12.64239,13.18246,231400,376,3688523
2010-10-04,13.01062,13.23155,12.93697,13.10063,85600,389,1376097
2010-10-05,13.2561,13.58341,12.93697,13.3052,62600,93,1015459
2010-10-06,13.31338,13.65706,13.2561,13.65706,225800,157,3717022
2010-10-07,13.76343,13.7798,13.41157,13.64888,156100,259,2613076
2010-10-08,13.7307,13.88617,13.44431,13.88617,32900,59,553513
2010-10-11,13.92709,14.23804,13.85345,14.15621,48800,152,840310
2010-10-13,14.64717,14.64717,13.91073,13.99256,120300,225,2066384
2010-10-14,14.29532,14.29532,13.64069,13.91073,77500,244,1314115
2010-10-15,13.91073,14.11529,13.72252,13.83708,116500,213,1978185
2010-10-18,13.75525,14.11529,13.75525,14.11529,85900,87,1467344
2010-10-19,14.03347,14.10711,13.65706,13.65706,82300,365,1405451
2010-10-20,13.86339,13.92936,13.36856,13.44278,150200,234,2476387
2010-10-21,13.43454,13.66546,13.2696,13.50051,296600,88,4859536
2010-10-22,13.48402,13.48402,13.12114,13.21186,421200,210,6812595
2010-10-25,13.51701,13.52525,12.5356,12.5356,246700,215,3864419
2010-10-26,12.5356,12.70054,12.5356,12.60983,394200,267,6042480
2010-10-27,12.6923,12.93971,12.61807,12.86549,126000,193,1957170
2010-10-28,12.85724,13.03043,12.66755,12.66755,196600,153,3069641
2010-10-29,12.85724,13.36031,12.79126,12.99744,359400,315,5727731
2010-11-01,13.22836,13.27784,13.03868,13.19537,220200,328,3534015
2010-11-03,13.27784,13.3933,13.22011,13.31083,245100,185,3955341
2010-11-04,13.36031,13.68195,13.1129,13.68195,319600,688,5165702
2010-11-05,13.6902,13.92936,13.37681,13.47577,223200,469,3664740
2010-11-08,13.46753,14.02008,13.46753,13.93761,103100,178,1730908
2010-11-09,14.07781,14.14379,13.07166,13.07166,349400,338,5722625
2010-11-10,13.19537,13.41804,11.96655,12.37066,1455100,1323,21903262
2010-11-11,12.42839,12.70054,12.28819,12.28819,511500,240,7748628
2010-11-12,12.24695,12.37066,12.10675,12.20572,182300,204,2714668
2010-11-16,12.04902,12.14799,11.54595,11.62842,432900,343,6144202
2010-11-17,11.75213,11.8181,11.43049,11.62842,131100,142,1838072
2010-11-18,11.92532,12.32942,11.91707,12.1315,167400,690,2459011
2010-11-19,12.1315,12.36241,11.90058,12.36241,124900,362,1850315
2010-11-22,12.49437,12.49437,12.115,12.115,30700,55,456541
2010-11-23,12.04078,12.04078,11.62842,11.99954,94200,124,1352487
2010-11-24,12.31293,12.48612,12.04078,12.37066,252100,257,3778472
2010-11-25,12.4119,12.5356,12.12325,12.42839,29800,53,447068
2010-11-26,11.99954,12.28819,11.99129,12.28819,68100,96,1006459
2010-11-29,12.05727,12.20572,11.87583,11.91707,45600,78,661212
2010-11-30,11.80986,12.23871,11.05112,11.05112,704400,441,9804952
2010-12-01,11.43874,12.04078,11.43874,12.03253,358500,458,5098354
2010-12-02,12.36241,12.36241,11.80161,12.04078,122000,170,1775769
2010-12-03,12.2717,12.27994,11.57069,11.57069,100400,72,1438473
2010-12-06,11.94181,11.94181,11.38101,11.38101,44300,83,621771
2010-12-07,11.82635,11.82635,11.42224,11.42224,145100,115,2042637
2010-12-08,11.57069,11.76037,11.38101,11.38101,42700,99,596240
2010-12-09,11.66966,11.66966,10.96865,11.05112,223600,279,3011676
2010-12-10,11.42224,11.50471,11.00164,11.50471,127600,194,1723647
2010-12-13,11.50471,11.50471,11.2573,11.29854,347200,500,4762606
2010-12-14,11.45732,11.45732,11.19957,11.29103,134800,124,1820012
2010-12-15,11.37417,11.37417,11.14137,11.22451,75100,51,1014971
2010-12-16,11.37417,11.37417,10.88362,11.0998,159900,265,2128643
2010-12-17,11.37417,11.37417,10.98339,11.34923,232100,122,3113569
2010-12-20,11.05822,11.31597,11.05822,11.22451,80500,99,1089148
2010-12-21,11.14137,11.37417,11.12474,11.22451,144100,255,1963645
2010-12-22,11.30766,11.37417,11.05822,11.05822,376600,132,5101240
2010-12-23,11.18294,11.30766,10.98339,11.17462,116700,152,1563207
2010-12-27,11.26608,11.43237,11.18294,11.18294,41500,68,563809
2010-12-28,11.41574,11.43237,10.90025,10.97508,45000,91,605953
2010-12-29,11.28271,11.28271,11.05822,11.25777,30000,33,402503
2010-12-30,11.38249,11.76495,11.22451,11.76495,98700,182,1357097
2011-01-03,11.75664,11.76495,11.53215,11.56541,41900,167,586810
2011-01-04,11.68181,11.72338,11.41574,11.68181,118600,54,1650264
2011-01-05,11.76495,11.93124,11.43237,11.59866,55400,200,770202
2011-01-06,11.64023,11.64023,11.30766,11.30766,111300,70,1529702
2011-01-07,11.43237,11.43237,11.14137,11.30766,46000,91,619006
2011-01-10,11.158,11.25777,11.09148,11.2162,35300,52,472793
2011-01-11,11.38249,11.3908,11.14968,11.18294,40300,49,543357
2011-01-12,11.43237,11.43237,11.24114,11.26608,61900,86,838976
2011-01-13,11.43237,11.43237,11.17462,11.17462,32400,213,437835
2011-01-14,11.43237,11.43237,11.17462,11.22451,190400,61,2569619
2011-01-17,11.36586,11.36586,11.14137,11.18294,11700,36,158102
2011-01-18,11.25777,11.25777,11.09148,11.14968,110700,111,1488909
2011-01-19,11.09148,11.10811,11.06654,11.0998,15100,36,201427
2011-01-20,11.34923,11.34923,11.01665,11.01665,54700,34,725733
2011-01-21,11.29103,11.29103,11.04159,11.04159,517000,35,6876014
2011-01-24,11.13305,11.13305,11.00002,11.00002,25000,113,332444
2011-01-26,11.05822,11.29103,10.65082,10.68407,165900,108,2180971
2011-01-27,10.80047,10.89193,10.65082,10.72565,64700,89,834946
2011-01-28,10.76722,10.76722,10.35149,10.35149,231900,228,2915216
2011-01-31,10.35149,10.39307,10.0688,10.14363,121700,96,1500854
2011-02-01,10.14363,10.50947,10.04386,10.10206,98800,246,1220258
2011-02-02,10.14363,10.36812,10.00229,10.22678,632400,123,7659258
2011-02-03,10.39307,10.39307,10.01892,10.01892,79900,127,969307
2011-02-04,10.30992,10.30992,9.56162,9.64476,71100,83,832560
2011-02-07,9.8942,9.8942,9.57825,9.61151,300600,96,3488982
2011-02-08,9.64476,9.8942,9.64476,9.76117,189500,128,2232333
2011-02-09,9.75285,9.75285,9.31219,9.35376,63100,113,717190
2011-02-10,9.47848,9.88589,9.40365,9.46185,250300,118,2882174
2011-02-11,9.46185,9.71959,9.4369,9.47848,143800,277,1648660
2011-02-14,9.71128,9.71128,9.31219,9.31219,136600,387,1550509
2011-02-15,9.39533,9.39533,9.12096,9.22073,582800,974,6531810
2011-02-16,9.16253,9.67803,8.9713,9.56994,700700,472,7836386
2011-02-17,9.62814,10.01892,9.61151,9.93577,203200,268,2392777
2011-02-18,9.96072,9.98566,9.7778,9.78611,63500,136,754376
2011-02-21,9.88589,9.88589,9.52005,9.76117,99400,199,1157904
2011-02-22,9.50342,9.71959,9.50342,9.52005,71700,94,828800
2011-02-23,9.64476,9.91915,9.60319,9.60319,140400,275,1649474
2011-02-24,9.61151,9.82768,9.56162,9.56162,409500,226,4753824
2011-02-25,9.80274,9.80274,9.64476,9.69465,144800,108,1687265
2011-02-28,9.87757,10.0688,9.69465,9.97734,263000,500,3115403
2011-03-01,10.14363,10.14363,9.81106,9.81106,180000,255,2159488
2011-03-02,9.97734,10.08543,9.836,10.08543,106000,258,1276470
2011-03-03,10.16858,10.22678,10.02723,10.22678,201400,147,2456975
2011-03-04,10.25172,10.26004,10.04386,10.04386,475800,133,5823415
2011-03-09,10.01892,10.01892,9.78611,9.79443,974400,71,11597501
2011-03-10,9.56994,9.60319,9.36208,9.36208,456200,122,5224817
2011-03-11,9.4369,9.60319,9.22904,9.31219,122400,316,1371015
2011-03-14,9.31219,9.4369,9.27062,9.4369,263800,208,2972294
2011-03-15,9.39533,9.40365,9.18747,9.23736,51800,174,578080
2011-03-16,9.45353,9.45353,9.23736,9.32882,173300,200,1929634
2011-03-17,9.65625,9.65625,9.23641,9.2784,26800,73,299149
2011-03-18,9.25321,9.5219,8.89215,8.89215,194100,141,2090885
2011-03-21,9.11047,9.32038,9.06848,9.06848,36200,88,393544
2011-03-22,9.06008,9.38756,9.05169,9.36237,84900,97,941512
2011-03-23,9.39595,9.5387,9.37076,9.40435,66400,75,749816
2011-03-24,9.5303,9.5303,9.20283,9.38756,82000,247,909108
2011-03-25,9.47153,9.56389,9.32038,9.48832,12900,32,145353
2011-03-28,9.48832,9.5303,9.40435,9.48832,6200,25,69937
2011-03-29,9.54751,9.6489,9.32784,9.6489,46600,66,528867
2011-03-30,9.6658,9.84323,9.64045,9.84323,112400,114,1295619
2011-03-31,9.87703,10.73039,9.87703,10.73039,191700,226,2328235
2011-04-01,10.55296,10.63745,10.37553,10.56141,140900,237,1756994
2011-04-04,10.56141,10.56141,10.29949,10.51071,227100,140,2794849
2011-04-05,10.51071,10.51071,10.22344,10.39242,156000,56,1916515
2011-04-06,10.35863,10.39242,10.15585,10.21499,121600,66,1490101
2011-04-07,10.1474,10.30793,10.1474,10.29104,100700,328,1224228
2011-04-08,10.1474,10.22344,10.01222,10.05446,56000,63,668349
2011-04-11,10.10516,10.10516,9.81789,9.92772,72600,146,850700
2011-04-12,10.13895,10.13895,9.64045,9.84323,178100,190,2062621
2011-04-13,10.03756,10.05446,9.80099,9.82633,546500,181,6413121
2011-04-14,9.98687,10.05446,9.91927,9.95307,317500,51,3746134
2011-04-15,10.04601,10.04601,9.84323,9.96997,17200,27,202816
2011-04-18,9.77564,9.80099,9.54751,9.54751,50900,31,588557
2011-04-19,9.64045,9.85168,9.54751,9.6996,62400,87,713039
2011-04-20,9.6996,9.85168,9.35318,9.50527,239600,206,2695453
2011-04-25,9.632,9.71649,9.58976,9.71649,18900,45,216735
2011-04-26,9.71649,10.03756,9.6827,9.91927,699700,139,8114829
2011-04-27,9.87703,9.88548,9.73339,9.88548,18000,74,209288
2011-04-28,9.75029,9.80944,9.51372,9.58976,170100,172,1933243
2011-04-29,9.70805,9.86858,9.52216,9.52216,46400,79,527664
2011-05-02,9.54751,9.75029,9.54751,9.6658,81700,77,930894
2011-05-03,9.65735,9.65735,9.37853,9.41233,74400,74,838124
2011-05-04,9.47992,9.56441,9.37853,9.37853,47900,86,535246
2011-05-05,9.37853,9.51372,9.1842,9.29404,86800,135,966019
2011-05-06,9.45457,9.53906,9.37853,9.42078,143000,172,1595047
2011-05-09,9.42078,9.46302,9.31939,9.42078,112300,57,1250217
2011-05-10,9.34473,9.80099,9.34473,9.56441,324700,38,3699601
2011-05-11,9.58976,9.632,9.46302,9.46302,142100,74,1605123
2011-05-12,9.55596,9.71649,9.55596,9.71649,22500,25,255761
2011-05-13,9.70805,9.83478,9.49682,9.69115,86100,126,981044
2011-05-16,9.54751,9.80099,9.44612,9.53906,73900,101,836868
2011-05-17,9.54751,10.05446,9.46302,10.05446,54900,103,627720
2011-05-18,10.05446,10.05446,9.47147,9.53061,86500,102,986303
2011-05-19,9.58976,9.69115,9.28559,9.29404,199500,177,2225567
2011-05-20,9.53061,9.53061,8.98142,9.14195,119500,332,1294331
2011-05-23,9.12506,9.12506,8.71105,8.72795,290900,440,3039569
2011-05-24,8.7026,8.98142,8.7026,8.93918,166700,155,1760626
2011-05-25,8.99832,9.06591,8.91383,9.04057,42100,52,447234
2011-05-26,9.2011,9.20955,8.93073,8.93073,45700,75,485472
2011-05-27,9.09971,9.09971,8.88848,8.88848,49900,107,528282
2011-05-30,9.10816,9.10816,8.91383,8.98142,25900,70,275939
2011-05-31,8.94763,9.57286,8.94763,9.57286,1197100,760,13281210
2011-06-01,9.57286,9.60666,9.33629,9.46302,202800,252,2283456
2011-06-02,9.37853,9.53906,9.218,9.26869,127900,224,1408377
2011-06-03,9.26869,9.38698,9.12506,9.12506,85100,159,929509
2011-06-06,9.1335,9.22645,8.87158,8.91383,193600,147,2058700
2011-06-07,8.95607,8.97297,8.78709,8.78709,65100,192,687387
2011-06-08,8.94763,8.94763,8.72795,8.82934,68100,148,714359
2011-06-09,8.82934,8.82934,8.72795,8.78709,313000,62,3255351
2011-06-10,8.83779,8.94763,8.61811,8.66036,261200,163,2703336
2011-06-13,8.69415,8.71105,8.60121,8.61811,103500,533,1063869
2011-06-14,8.6857,8.89921,8.65154,8.65154,122200,281,1245559
2011-06-15,8.71132,8.88213,8.49781,8.54905,136000,180,1373721
2011-06-16,8.4551,8.67716,8.37824,8.40386,485000,226,4788971
2011-06-17,8.4551,8.47219,8.38678,8.38678,151700,266,1491673
2011-06-20,8.39532,8.39532,8.13057,8.24159,195600,252,1904042
2011-06-21,8.4124,8.49781,8.22451,8.24159,80900,186,787146
2011-06-22,8.24159,8.36116,8.19889,8.25013,63600,155,618319
2011-06-24,8.327,8.46364,8.27575,8.4551,89600,117,876477
2011-06-27,8.3697,8.51489,8.28429,8.28429,28300,71,275259
2011-06-28,8.24159,8.43802,8.18181,8.28429,94800,196,923618
2011-06-29,8.4124,8.59175,8.27575,8.3697,70000,95,690205
2011-06-30,8.52343,8.52343,8.37824,8.4551,321000,216,3176530
2011-07-01,8.4551,8.53197,8.30138,8.30138,538300,201,5324985
2011-07-04,8.4124,8.52343,8.3697,8.3697,28600,61,282688
2011-07-05,8.40386,8.47219,8.19889,8.19889,205100,100,2015694
2011-07-06,8.35262,8.36116,8.16473,8.16473,35100,83,339096
2011-07-07,8.54051,8.54051,8.15619,8.24159,213600,366,2090346
2011-07-08,8.28429,8.49781,8.22451,8.28429,80600,121,781892
2011-07-11,8.30138,8.3697,7.68646,7.94267,549100,657,5093747
2011-07-12,7.80603,7.93413,7.7804,7.85727,255300,209,2356068
2011-07-13,8.01954,8.01954,7.72916,7.85727,438800,187,4042701
2011-07-14,7.85727,7.85727,7.62668,7.62668,373200,329,3358796
2011-07-15,7.62668,7.81457,7.43024,7.64376,505000,361,4517005
2011-07-18,7.60105,7.62668,7.39608,7.50711,111100,204,978647
2011-07-19,7.695,7.695,7.34484,7.51565,890600,766,7696965
2011-07-20,7.64376,7.76332,7.43024,7.76332,300900,446,2694726
2011-07-21,7.60105,7.94267,7.60105,7.81457,236200,713,2166973
2011-07-22,7.95975,8.03662,7.89997,8.02808,1268100,197,11842949
2011-07-25,7.98538,8.24159,7.90851,8.04516,487600,529,4589704
2011-07-26,8.02808,8.11348,7.72916,7.77186,251300,407,2325258
2011-07-27,7.72062,7.85727,7.44732,7.60105,483500,407,4303375
2011-07-28,7.60105,7.81457,7.60105,7.80603,219100,301,1990900
2011-07-29,7.60105,8.06224,7.60105,8.02808,625800,640,5820824
2011-08-01,8.23305,8.34408,7.94267,8.02808,340100,344,3240544
2011-08-02,8.02808,8.02808,7.695,7.72916,344100,461,3145103
2011-08-03,7.7377,7.7377,7.43878,7.49003,266700,197,2339732
2011-08-04,7.47295,7.60105,6.96906,6.96906,741200,587,6279987
2011-08-05,6.83241,7.25943,6.6616,6.80679,310200,790,2510071
2011-08-08,6.40538,6.91781,6.19187,6.19187,681900,1082,5372656
2011-08-09,6.28582,6.747,6.28582,6.32852,462200,708,3499663
2011-08-10,5.97836,6.16625,5.76484,5.97836,1309200,1069,9156498
2011-08-11,6.08084,6.69576,6.01252,6.40538,735900,1079,5493696
2011-08-12,6.31144,6.57619,6.31144,6.50787,586700,592,4434100
2011-08-15,6.6616,6.83241,6.40538,6.83241,293800,268,2330293
2011-08-16,6.93489,6.95198,6.57619,6.83241,778400,840,6240398
2011-08-17,6.87511,7.08008,6.747,7.00322,175900,319,1434901
2011-08-18,6.84095,7.1057,6.7043,6.99468,1200500,1155,9741523
2011-08-19,7.07154,7.07154,6.7043,6.82387,697800,839,5572054
2011-08-22,7.03738,7.03738,6.78971,6.91781,443700,213,3588731
2011-08-23,7.02884,7.02884,6.75554,6.91781,713600,292,5768917
2011-08-24,7.00322,7.08862,6.83241,7.08862,456900,588,3727243
2011-08-25,7.19111,7.38754,7.00322,7.38754,552100,683,4732984
2011-08-26,7.38754,7.43024,7.09716,7.43024,201000,306,1734149
2011-08-29,7.47295,7.66084,7.47295,7.64376,676500,958,6038828
2011-08-30,7.51565,7.64376,7.43878,7.60105,1100100,344,9776321
2011-08-31,7.58397,7.98538,7.43878,7.60105,255000,470,2280121
2011-09-01,7.62668,7.97684,7.62668,7.89997,348500,923,3220023
2011-09-02,7.85727,8.11348,7.51565,7.51565,663900,1306,6087988
2011-09-05,7.45586,7.6523,7.4217,7.49003,661400,1065,5852599
2011-09-06,7.51565,7.81457,7.25943,7.61813,509800,408,4574072
2011-09-08,7.84019,7.85727,7.56689,7.56689,336800,363,3043756
2011-09-09,7.55835,7.55835,7.22527,7.43024,387900,469,3353571
2011-09-12,7.25943,7.45586,7.13987,7.25089,235600,312,2007977
2011-09-13,7.39756,7.39756,7.05148,7.26778,181800,137,1526668
2011-09-14,7.22452,7.32835,7.10339,7.14665,216200,460,1788283
2011-09-15,7.25048,7.25048,6.90439,6.97361,471000,1614,3803210
2011-09-16,6.99091,7.18126,6.93035,6.93035,223000,264,1794797
2011-09-19,6.9217,7.06013,6.84383,6.9217,113700,420,914755
2011-09-20,7.06878,7.16396,6.86978,6.9217,246700,894,2001445
2011-09-21,6.9217,6.99091,6.75731,6.75731,264900,339,2089875
2011-09-22,6.67079,6.67944,6.40257,6.53235,402900,722,3029531
2011-09-23,6.60157,6.60157,6.3247,6.45448,370600,220,2762985
2011-09-26,6.5237,6.60157,6.42853,6.42853,238800,219,1790846
2011-09-27,6.57561,6.67944,6.48909,6.57561,159100,268,1213675
2011-09-28,6.63618,6.73135,6.49774,6.49774,142200,136,1076221
2011-09-29,6.48909,6.59292,6.38527,6.38527,119100,211,895143
2011-09-30,6.5237,6.53235,6.31605,6.40257,291200,426,2158030
2011-10-03,6.34201,6.44583,6.25548,6.40257,437900,174,3216404
2011-10-04,6.40257,6.47179,6.22953,6.27279,223700,1027,1639325
2011-10-05,6.27279,6.38527,6.19492,6.24683,262100,388,1896093
2011-10-06,6.40257,6.53235,6.24683,6.28144,132100,279,977367
2011-10-07,6.40257,6.44583,6.22953,6.23818,77000,245,564228
2011-10-10,6.23818,6.44583,6.23818,6.33335,226800,145,1658268
2011-10-11,6.37661,6.63618,6.31605,6.48909,225800,275,1678024
2011-10-13,6.541,6.60157,6.39392,6.39392,50100,143,374550
2011-10-14,6.54966,6.67944,6.42853,6.53235,204500,190,1549458
2011-10-17,6.5064,6.59292,6.36796,6.40257,253600,273,1885203
2011-10-18,6.40257,6.57561,6.35931,6.44583,171800,160,1286395
2011-10-19,6.44583,6.56696,6.38527,6.46314,131900,241,984847
2011-10-20,6.41122,6.47179,6.35931,6.35931,52900,93,390877
2011-10-21,6.35931,6.53235,6.29009,6.29009,112600,175,829754
2011-10-24,6.35931,6.48909,6.31605,6.37661,38800,140,287292
2011-10-25,6.40257,6.40257,6.21222,6.21222,416100,462,3046900
2011-10-26,6.35931,6.35931,6.16031,6.27279,130500,388,942148
2011-10-27,6.48909,6.53235,6.31605,6.3247,266600,619,1984669
2011-10-28,6.31605,6.83518,6.27279,6.70539,588700,668,4452895
2011-10-31,6.66213,6.939,6.57561,6.75731,588500,985,4606401
2011-11-01,6.5064,6.75731,6.48909,6.67944,288100,586,2222122
2011-11-03,6.82653,6.82653,6.58427,6.58427,413900,873,3186227
2011-11-04,6.57561,6.61022,6.5237,6.59292,354900,314,2697585
2011-11-07,6.66213,6.74,6.60157,6.61887,243600,253,1870104
2011-11-08,6.64545,6.68889,6.50646,6.55859,334200,244,2512461
2011-11-09,6.51515,6.51515,6.3501,6.38485,296300,292,2185770
2011-11-10,6.31535,6.44566,6.31535,6.38485,52400,179,385039
2011-11-11,6.33273,6.46303,6.32404,6.37616,322000,339,2372463
2011-11-14,6.51515,6.67152,6.32404,6.34141,215600,277,1622407
2011-11-16,6.33273,6.44566,6.12424,6.28061,78900,182,570655
2011-11-17,6.34141,6.52384,6.26323,6.34141,434300,875,3213440
2011-11-18,6.49778,6.54121,6.32404,6.34141,81700,255,598584
2011-11-21,6.3501,6.39354,6.24586,6.36748,103800,282,755711
2011-11-22,6.29798,6.38485,6.29798,6.30667,145000,320,1055054
2011-11-23,6.25455,6.30667,6.00263,6.00263,288800,288,2042786
2011-11-24,6.10687,6.10687,5.96788,6.03737,132900,292,925407
2011-11-25,6.15899,6.15899,6.03737,6.03737,85600,334,599208
2011-11-28,6.14162,6.1503,6.06343,6.11556,160900,259,1130205
2011-11-29,6.03737,6.22849,6.03737,6.21111,144300,272,1022877
2011-11-30,6.06343,6.46303,6.06343,6.12424,112000,158,806889
2011-12-01,6.29798,6.46303,6.15899,6.32404,262200,503,1903866
2011-12-02,6.3501,6.58465,6.3501,6.5499,111700,293,834136
2011-12-05,6.58465,6.58465,6.45434,6.58465,109600,122,822488
2011-12-06,6.44566,6.49778,6.37616,6.45434,72200,151,536617
2011-12-07,6.51515,6.51515,6.26323,6.26323,75300,95,547645
2011-12-08,6.3501,6.4196,6.2198,6.4196,112900,200,823416
2011-12-09,6.34141,6.76707,6.34141,6.68889,147300,276,1111852
2011-12-12,6.68889,6.75838,6.51515,6.74101,99700,209,763449
2011-12-13,6.87266,7.02245,6.87266,6.96077,149500,242,1178834
2011-12-14,6.98721,7.04888,6.87266,6.87266,200400,221,1570865
2011-12-15,6.78455,6.93434,6.60833,6.67001,39100,161,299814
2011-12-16,6.73168,6.78455,6.44092,6.60833,182000,305,1373872
2011-12-19,6.5026,6.8198,6.5026,6.61714,60600,135,460807
2011-12-20,6.61714,6.78455,6.60833,6.60833,22800,56,172046
2011-12-21,6.60833,6.78455,6.57309,6.57309,96200,135,731517
2011-12-22,6.61714,6.90791,6.60833,6.69644,156200,461,1186529
2011-12-23,6.93434,7.07532,6.7405,7.01364,120000,294,951083
2011-12-26,7.00483,7.04007,6.89029,6.96958,56800,137,449788
2011-12-27,7.02245,7.03126,6.81099,6.81099,10200,39,80041
2011-12-28,6.80217,6.91672,6.74931,6.78455,53300,117,412386
2011-12-29,6.78455,6.96958,6.65239,6.65239,173200,232,1333584
2012-01-02,6.65239,7.01364,6.65239,6.83742,38500,201,298620
2012-01-03,6.84623,6.98721,6.80217,6.92553,35400,92,278278
2012-01-04,6.99602,6.99602,6.8991,6.98721,70800,87,560731
2012-01-05,6.96077,7.03126,6.85504,7.03126,39400,117,309256
2012-01-06,6.96077,7.25154,6.96077,7.25154,60500,139,492558
2012-01-09,7.35727,7.35727,7.16343,7.17224,38300,152,314444
2012-01-10,7.3749,7.38371,7.0577,7.0577,162500,163,1335584
2012-01-11,7.0577,7.25154,7.04888,7.22511,55100,161,449705
2012-01-12,7.20748,7.22511,7.137,7.16343,93200,215,759573
2012-01-13,7.14581,7.16343,7.00483,7.00483,89400,138,718066
2012-01-16,7.02245,7.15462,6.96958,6.96958,120200,135,964830
2012-01-17,7.2163,7.2163,6.89029,7.01364,61200,167,485925
2012-01-18,7.04007,7.04888,6.96077,6.98721,145800,314,1157910
2012-01-19,7.04888,7.04888,6.92553,7.04007,35500,136,282381
2012-01-20,7.04007,7.10175,6.96077,7.04888,21700,57,173298
2012-01-23,7.04888,7.08413,6.95196,7.04007,70900,164,565220
2012-01-24,7.04888,7.04888,6.91672,7.00483,97500,205,776548
2012-01-26,7.04888,7.18986,6.94315,7.04007,165100,656,1317541
2012-01-27,7.06651,7.06651,6.8991,7.03126,255600,424,2032166
2012-01-30,7.00483,7.04007,6.96077,6.99602,295800,55,2351682
2012-01-31,6.99602,7.09294,6.86385,6.87266,570400,382,4529741
2012-02-01,6.91672,7.04888,6.91672,7.04888,125300,163,995883
2012-02-02,7.04888,7.09294,7.03126,7.03126,57500,116,460563
2012-02-03,7.09294,7.10175,7.02245,7.07532,123600,281,992783
2012-02-06,7.09294,7.11937,7.03126,7.08413,73500,160,590953
2012-02-07,7.01364,7.09294,7.01364,7.01364,32700,95,262000
2012-02-08,7.00483,7.09294,7.00483,7.09294,61600,105,494990
2012-02-09,7.04888,7.04888,6.96077,6.9784,200200,229,1596098
2012-02-10,6.89029,6.94315,6.78455,6.80217,184300,456,1439818
2012-02-13,6.95196,7.02245,6.78455,6.94315,54500,166,427601
2012-02-14,6.96077,6.96077,6.85504,6.85504,183500,288,1438911
2012-02-15,6.96077,6.99602,6.91672,6.92553,65100,204,513238
2012-02-16,6.90791,6.96958,6.78455,6.87266,300200,905,2328463
2012-02-17,6.87266,6.88147,6.78455,6.83742,231800,711,1800660
2012-02-22,6.83742,6.85504,6.67882,6.68763,228300,308,1737796
2012-02-23,6.78455,6.78455,6.62595,6.67001,137000,404,1037292
2012-02-24,6.62595,6.71406,6.62595,6.63476,182800,303,1382948
2012-02-27,6.62595,6.6612,6.54665,6.59071,183800,689,1375644
2012-02-28,6.60833,6.67882,6.55546,6.60833,287400,522,2154837
2012-02-29,6.60833,6.6612,6.46735,6.46735,148400,282,1101925
2012-03-01,6.5026,6.5819,6.49379,6.54665,57600,226,427019
2012-03-02,6.52022,6.64357,6.5026,6.60833,110100,317,818690
2012-03-05,6.52903,6.60833,6.51141,6.51141,66900,190,497904
2012-03-06,6.51141,6.52022,6.40567,6.44092,62700,131,460361
2012-03-07,6.56427,6.59071,6.44092,6.49379,94300,261,696426
2012-03-08,6.5026,6.54665,6.47616,6.52022,101200,155,748086
2012-03-09,6.52022,6.59952,6.47616,6.51141,89700,159,662715
2012-03-12,6.52022,6.53784,6.49379,6.52022,71900,201,531843
2012-03-13,6.61817,6.66288,6.54662,6.61817,819400,187,6037402
2012-03-14,6.7076,6.7076,6.59134,6.60922,74900,123,556718
2012-03-15,6.61817,6.68077,6.60922,6.645,421100,101,3120237
2012-03-16,6.645,6.80598,6.61817,6.79704,479000,347,3607677
2012-03-19,6.76126,6.84175,6.71655,6.71655,139100,154,1056079
2012-03-20,6.69866,6.76126,6.66288,6.71655,199400,163,1495134
2012-03-21,6.77021,6.98485,6.69866,6.96696,1028500,303,7800376
2012-03-22,6.92225,6.92225,6.75232,6.75232,224300,173,1718000
2012-03-23,6.79704,6.9133,6.72549,6.74338,35100,70,266997
2012-03-26,6.76126,6.88647,6.76126,6.80598,99200,182,756302
2012-03-27,6.82387,6.84175,6.76126,6.77021,67500,129,512325
2012-03-28,6.77915,6.79704,6.76126,6.77021,30600,41,231718
2012-03-29,6.76126,6.77021,6.69866,6.71655,22200,85,167035
2012-03-30,6.71655,6.82387,6.4393,6.4393,97900,132,714716
2012-04-02,6.32303,6.49296,6.26937,6.44824,138500,319,988501
2012-04-03,6.43053,6.43951,6.31378,6.36766,45900,100,326292
2012-04-04,6.37665,6.37665,6.19702,6.206,276500,291,1943656
2012-04-05,6.206,6.27785,6.19702,6.19702,18000,59,124421
2012-04-09,6.206,6.27785,6.08925,6.08925,49600,106,338082
2012-04-10,6.08925,6.18804,5.92759,6.18804,255400,358,1732860
2012-04-11,6.19702,6.22397,5.94555,5.97249,167600,210,1131165
2012-04-12,6.0174,6.14313,6.0174,6.09823,18400,41,124210
2012-04-13,6.05332,6.17008,5.99943,6.02638,6700,26,45174
2012-04-16,6.02638,6.14313,5.98147,5.98147,43100,56,289839
2012-04-17,6.03536,6.1611,6.0174,6.04434,95600,124,651700
2012-04-18,5.99943,6.15212,5.83777,5.88268,75800,201,501928
2012-04-19,5.90064,6.13415,5.80185,6.03536,130800,212,864318
2012-04-20,6.08925,6.08925,5.63121,5.67611,444500,493,2855841
2012-04-23,5.68509,5.68509,5.56834,5.61324,82000,127,512475
2012-04-24,5.77491,5.77491,5.62223,5.71204,60000,98,379095
2012-04-25,5.62223,5.64019,5.43362,5.43362,116200,289,711761
2012-04-26,5.47853,5.52343,5.35279,5.36177,81600,223,490215
2012-04-27,5.50547,5.55936,5.36177,5.38871,179300,229,1076736
2012-04-30,5.51445,5.51445,5.30788,5.37075,39000,78,234149
2012-05-02,5.46056,5.46056,5.26298,5.28992,140100,297,833498
2012-05-03,5.3977,5.3977,5.2989,5.35279,34500,55,205665
2012-05-04,5.46056,5.55038,5.28992,5.28992,49600,202,296694
2012-05-07,5.2989,5.37075,5.18215,5.18215,121300,180,706717
2012-05-08,5.19113,5.28094,5.12826,5.13724,76000,407,438239
2012-05-09,5.19113,5.19113,5.05641,5.09234,131200,270,743881
2012-05-10,5.254,5.254,5.04743,5.06539,166200,219,953911
2012-05-11,5.07437,5.46955,5.06539,5.46955,1340500,222,7770560
2012-05-14,5.46955,5.46955,5.2989,5.42464,205200,199,1237748
2012-05-15,5.64917,5.74796,5.48751,5.74796,220000,209,1373433
2012-05-16,5.76592,5.9186,5.47853,5.9186,252200,184,1596526
2012-05-17,5.83777,5.90064,5.47853,5.74796,341100,526,2154968
2012-05-18,5.57732,5.61324,5.40668,5.4426,330800,495,2020653
2012-05-21,5.51445,5.51445,5.2989,5.38871,247800,206,1486189
2012-05-22,5.38871,5.55038,5.34381,5.55038,198800,79,1204335
2012-05-23,5.50547,5.55038,5.38871,5.50547,153000,182,929244
2012-05-24,5.50547,5.50547,5.30788,5.43362,289000,245,1736513
2012-05-25,5.43362,5.74796,5.3977,5.73,96100,154,599168
2012-05-28,5.5863,5.81981,5.49649,5.74796,78000,185,491248
2012-05-29,5.64917,5.80185,5.62223,5.74796,36500,28,233404
2012-05-30,5.70306,5.82879,5.65815,5.79287,90900,175,583959
2012-05-31,5.73898,5.88268,5.63121,5.83777,131300,111,846719
2012-06-01,5.8737,6.00842,5.73,5.97249,145300,513,955302
2012-06-04,5.99045,6.0174,5.59528,5.59528,211600,398,1341352
2012-06-05,5.50547,5.50547,5.07437,5.24502,713700,735,4158095
2012-06-06,5.30788,5.30788,5.06539,5.27196,320100,549,1855935
2012-06-08,5.30788,5.30788,5.20011,5.20909,81900,245,476965
2012-06-11,5.24502,5.24502,5.11928,5.16418,199500,441,1148993
2012-06-12,5.26474,5.48449,5.21896,5.48449,116500,253,684827
2012-06-13,5.33799,5.42955,5.26474,5.37461,135100,303,794140
2012-06-14,5.38377,5.38377,5.20065,5.24643,325100,267,1872534
2012-06-15,5.31968,5.33799,5.24643,5.2739,253900,510,1465779
2012-06-18,5.39293,5.46617,5.22812,5.26474,202700,462,1171092
2012-06-19,5.26474,5.40208,5.26474,5.40208,271300,184,1593979
2012-06-20,5.46617,5.48449,5.32883,5.3563,198000,672,1159598
2012-06-21,5.44786,5.44786,5.1274,5.1274,475000,1093,2683138
2012-06-22,5.26474,5.40208,5.1274,5.40208,178500,269,1019914
2012-06-25,5.40208,5.40208,5.19149,5.19149,185200,221,1059159
2012-06-26,5.22812,5.3563,5.15487,5.21896,208300,361,1190884
2012-06-27,5.24643,5.30137,5.1274,5.26474,129800,207,736938
2012-06-28,5.14571,5.26474,5.13656,5.26474,76800,105,437875
2012-06-29,5.26474,5.49364,5.18234,5.21896,381300,372,2187073
2012-07-02,5.3563,5.3563,5.06331,5.26474,389000,767,2186948
2012-07-03,5.34715,5.48449,5.1274,5.40208,188700,441,1095177
2012-07-04,5.46617,5.66761,5.36546,5.62183,49700,113,301545
2012-07-05,5.57605,5.69508,5.5028,5.69508,84500,235,517100
2012-07-06,5.67676,5.67676,5.29221,5.44786,874800,376,5150470
2012-07-10,5.44786,5.44786,5.21896,5.40208,217900,142,1276164
2012-07-11,5.39293,5.49364,5.03584,5.43871,999200,706,5755637
2012-07-12,5.28305,5.37461,5.14571,5.26474,225900,427,1306534
2012-07-13,5.33799,5.33799,5.20065,5.26474,138400,131,793951
2012-07-16,5.29221,5.29221,5.16402,5.16402,44800,58,253474
2012-07-17,5.25559,5.25559,5.08162,5.08162,689600,254,3867760
2012-07-18,5.25559,5.25559,5.09078,5.11824,40300,89,224975
2012-07-19,5.22812,5.22812,5.09993,5.11824,85400,103,479442
2012-07-20,5.19149,5.19149,5.03584,5.03584,86200,151,478905
2012-07-23,5.00837,5.00837,4.79778,4.84356,93300,137,494893
2012-07-24,4.74284,5.03584,4.74284,4.87103,95800,242,511841
2012-07-25,4.99006,4.99006,4.81609,4.83441,37200,157,197421
2012-07-26,4.90765,4.9809,4.85272,4.87103,90600,91,485735
2012-07-27,5.01753,5.17318,4.90765,5.17318,76400,159,423546
2012-07-30,5.21896,5.31052,5.1274,5.26474,98000,51,561588
2012-07-31,5.31052,5.31052,5.15487,5.31052,28900,52,166472
2012-08-01,5.34715,5.49364,5.21896,5.31052,70700,148,415665
2012-08-02,5.26474,5.26474,5.14571,5.16402,81900,274,464936
2012-08-03,5.31052,5.42955,5.26474,5.26474,38600,139,224557
2012-08-06,5.38377,5.48449,5.30137,5.41124,91200,235,537397
2012-08-07,5.41124,5.44786,5.3563,5.40208,51700,78,305382
2012-08-08,5.43871,5.49364,5.34715,5.34715,16000,55,94788
2012-08-09,5.40208,5.53942,5.40208,5.49364,145000,97,863807
2012-08-10,5.45702,5.52111,5.44786,5.44786,16900,55,100812
2012-08-13,5.44786,5.53027,5.42039,5.42039,19400,22,115383
2012-08-14,5.42039,5.46617,5.13656,5.31052,223900,391,1292196
2012-08-15,5.25559,5.29221,5.15487,5.21896,88200,83,501171
2012-08-16,5.22812,5.31052,5.18234,5.28305,338500,125,1946611
2012-08-17,5.21896,5.38377,5.20065,5.31052,70400,66,408102
2012-08-20,5.30137,5.49364,5.22812,5.44786,95000,67,562470
2012-08-21,5.49364,5.72254,5.49364,5.63098,97000,146,599177
2012-08-22,5.71339,5.71339,5.60352,5.71339,97600,129,602952
2012-08-23,5.67676,5.67676,5.56689,5.62183,35700,80,219356
2012-08-24,5.60352,5.86904,5.5852,5.76833,82600,217,516377
2012-08-27,5.80495,5.81411,5.72254,5.81411,52900,131,333837
2012-08-28,5.85073,5.8782,5.72254,5.81411,58100,163,368206
2012-08-29,5.81411,5.81411,5.68592,5.78664,54200,201,340978
2012-08-30,5.78664,5.84157,5.63098,5.63098,17500,41,109368
2012-08-31,5.67676,5.85073,5.44786,5.44786,126800,240,767580
2012-09-03,5.59436,5.72254,5.53942,5.53942,17600,71,108528
2012-09-04,5.53942,5.62183,5.44786,5.55774,131100,105,795935
2012-09-05,5.56689,5.61267,5.45702,5.5028,98100,152,595787
2012-09-06,5.49364,5.57605,5.45702,5.57605,319800,99,1914531
2012-09-10,5.59436,5.93313,5.59436,5.86904,217400,267,1364112
2012-09-11,5.75001,5.98807,5.71339,5.95145,74900,305,480842
2012-09-12,6.05376,6.69638,6.0165,6.44492,240500,477,1662128
2012-09-13,6.33316,6.76158,6.33316,6.65913,237600,293,1677790
2012-09-14,6.7057,6.9851,6.65913,6.9851,228400,236,1686364
2012-09-17,6.96648,7.15274,6.47286,6.9851,581600,351,4374594
2012-09-18,6.83609,6.91991,6.73364,6.91991,28700,107,211548
2012-09-19,6.9851,6.99442,6.82677,6.96648,111800,185,832698
2012-09-20,6.85471,7.03167,6.78021,7.03167,146600,149,1096821
2012-09-21,6.9851,7.06892,6.89197,6.93853,79800,187,598582
2012-09-24,6.93853,7.02236,6.83609,6.88265,33500,63,250278
2012-09-25,6.79883,6.91059,6.58462,6.75227,69400,225,501181
2012-09-26,6.66844,6.81746,6.57531,6.81746,79400,182,570079
2012-09-27,6.64982,6.79883,6.64982,6.65913,44900,57,323610
2012-09-28,6.55668,6.82677,6.42629,6.62188,76500,341,542742
2012-10-01,6.62188,6.92922,6.62188,6.71501,76200,68,557605
2012-10-02,6.78952,6.78952,6.67776,6.7057,60100,136,435434
2012-10-03,6.72432,6.76158,6.65913,6.76158,15300,49,110554
2012-10-04,6.69638,6.78021,6.61256,6.63119,28200,59,201904
2012-10-05,6.6405,6.64982,6.54737,6.55668,32200,96,227958
2012-10-08,6.51943,6.6405,6.51943,6.59394,8300,40,58688
2012-10-09,6.566,6.7057,6.55668,6.69638,9000,43,64281
2012-10-10,6.7057,6.72432,6.18414,6.18414,2374200,307,15824230
2012-10-11,6.20277,6.46355,6.20277,6.46355,227700,479,1549680
2012-10-15,6.46355,6.51943,6.33316,6.51943,64300,164,447546
2012-10-16,6.51943,6.51943,6.41698,6.42629,37200,142,256947
2012-10-17,6.50104,6.56671,6.34156,6.56671,39700,167,270733
2012-10-18,6.48228,6.54795,6.34156,6.54795,65900,135,457495
2012-10-19,6.4729,6.50104,6.33218,6.33218,37000,98,251803
2012-10-22,6.28528,6.35095,6.19147,6.19147,23000,111,153621
2012-10-23,6.19147,6.20085,5.96632,6.05075,245800,979,1583892
2012-10-24,6.22899,6.52918,6.01323,6.09766,83200,454,547252
2012-10-25,6.24775,6.4729,6.24775,6.36033,31400,124,212870
2012-10-26,6.33218,6.54795,6.33218,6.4729,153600,279,1059006
2012-10-29,6.4729,6.4729,6.28528,6.28528,32400,132,220050
2012-10-30,6.43537,6.76371,6.29466,6.31342,203500,180,1394954
2012-10-31,6.41661,6.4729,6.21023,6.24775,56100,136,376834
2012-11-01,6.28528,6.38847,6.28528,6.37909,3200,13,21746
2012-11-05,6.37909,6.46352,6.23837,6.37909,30600,90,207634
2012-11-06,6.33218,6.4729,6.3228,6.4729,38300,127,261414
2012-11-07,6.4729,6.4729,6.28528,6.3228,21400,74,145652
2012-11-08,6.36971,6.36971,6.20085,6.20085,34000,170,227380
2012-11-09,6.21961,6.30404,6.0789,6.25714,128500,155,848958
2012-11-12,6.25714,6.36971,6.22899,6.26652,45300,189,301615
2012-11-13,6.20085,6.20085,5.75994,5.95694,291200,573,1841149
2012-11-14,5.87251,6.06013,5.72242,6.05075,142300,294,902536
2012-11-16,6.05075,6.09766,5.72242,6.02261,111600,257,710278
2012-11-19,6.06013,6.28528,5.96632,6.03199,67300,111,437635
2012-11-21,6.09766,6.14456,5.93818,5.95694,24100,65,154151
2012-11-22,6.00385,6.09766,5.85375,6.00385,62700,62,398499
2012-11-23,6.00385,6.03199,5.9288,6.00385,89000,88,569082
2012-11-26,6.09766,6.09766,5.86313,5.91004,44300,158,279665
2012-11-27,5.91004,5.91004,5.75056,5.86313,299200,333,1866077
2012-11-28,5.84437,5.86313,5.75056,5.86313,39100,148,243077
2012-11-29,5.86313,5.95694,5.86313,5.86313,51600,101,325876
2012-11-30,5.81623,5.85375,5.76932,5.81623,103300,24,635764
2012-12-03,5.85375,5.86313,5.72242,5.83499,100100,277,623719
2012-12-04,5.83499,5.86313,5.76932,5.81623,5800,15,36005
2012-12-05,5.79747,5.83499,5.70366,5.70366,48500,315,296408
2012-12-06,5.72242,5.91004,5.51604,5.76932,494700,273,3002416
2012-12-07,5.69427,5.78808,5.60985,5.76932,185600,188,1130595
2012-12-10,5.72242,5.9288,5.60046,5.76932,90300,185,551850
2012-12-11,5.67551,5.81623,5.67551,5.76932,127700,320,782129
2012-12-12,5.76932,5.79747,5.70366,5.78808,72700,173,445095
2012-12-13,5.78792,5.84522,5.6542,5.80702,151700,232,919147
2012-12-14,5.74016,5.85478,5.73061,5.82612,67300,112,408794
2012-12-17,5.87388,5.94073,5.76882,5.92163,196500,795,1211220
2012-12-18,5.92163,6.11265,5.90253,5.98849,233700,189,1462951
2012-12-19,6.01714,6.0458,5.95984,5.95984,35400,106,222090
2012-12-20,5.95984,5.99804,5.87388,5.87388,45200,94,279950
2012-12-21,5.86433,5.99804,5.74016,5.96939,110300,96,687356
2012-12-26,5.96939,6.23682,5.95029,6.20816,335500,259,2130062
2012-12-27,6.20816,6.29412,6.11265,6.29412,220100,123,1439210
2012-12-28,6.35143,6.54245,6.21771,6.39918,257900,123,1731458
2013-01-02,6.43739,6.46604,6.14131,6.14131,67800,257,453304
2013-01-03,6.20816,6.49469,6.20816,6.43739,110600,243,747005
2013-01-04,6.43739,6.44694,6.18906,6.30367,259000,208,1703316
2013-01-07,6.28457,6.29412,6.17951,6.20816,40500,77,263542
2013-01-08,6.24637,6.24637,6.07445,6.16041,98400,179,634225
2013-01-09,6.1505,6.5439,6.1505,6.19847,61400,261,400206
2013-01-10,6.20807,6.36159,6.17928,6.23685,82700,120,536425
2013-01-11,6.28483,6.28483,6.11212,6.18888,70400,105,453139
2013-01-14,6.22726,6.30402,6.16969,6.23685,24400,33,158453
2013-01-15,6.19847,6.23685,6.10252,6.1409,261600,140,1675130
2013-01-16,6.08333,6.16969,5.9394,6.07373,350600,60,2240847
2013-01-17,6.09293,6.16009,6.09293,6.1409,134500,16,862075
2013-01-18,6.1505,6.19847,6.06414,6.09293,10500,42,67027
2013-01-21,6.13131,6.19847,6.09293,6.19847,18100,30,115760
2013-01-22,6.1409,6.16009,6.12171,6.16009,11000,31,70400
2013-01-23,6.16969,6.16969,5.92981,6.04495,319300,112,2006585
2013-01-24,6.04495,6.16969,5.949,5.949,51500,88,325762
2013-01-28,5.97778,6.1409,5.97778,6.04495,23000,46,145046
2013-01-29,6.01616,6.1409,5.96819,6.09293,53900,138,340803
2013-01-30,6.09293,6.09293,6.00657,6.09293,36300,68,229716
2013-01-31,6.05454,6.09293,5.96819,6.09293,173900,140,1101022
2013-02-01,6.13131,6.1505,6.05454,6.09293,15000,37,95195
2013-02-04,6.04495,6.09293,5.95859,6.09293,35900,113,226012
2013-02-05,6.03535,6.03535,5.949,5.949,25500,93,158926
2013-02-06,5.9394,5.9394,5.81467,5.82426,95800,351,585182
2013-02-07,5.90102,5.90102,5.69952,5.69952,23200,89,138980
2013-02-08,5.69952,5.89143,5.62276,5.7475,56100,201,339298
2013-02-13,5.7475,5.78588,5.66114,5.66114,8100,36,48123
2013-02-14,5.70912,5.76669,5.57479,5.72831,48100,159,285116
2013-02-15,5.79548,5.83386,5.56519,5.56519,48400,147,291085
2013-02-18,5.58438,5.85305,5.58438,5.75709,8000,36,47589
2013-02-19,5.70912,5.90102,5.65155,5.85305,155400,267,938290
2013-02-20,5.85305,5.949,5.85305,5.88183,192700,201,1180126
2013-02-21,5.85305,5.91062,5.58438,5.76669,277800,198,1652596
2013-02-22,5.75709,5.79548,5.69952,5.75709,35400,126,211893
2013-02-25,5.76669,5.90102,5.63236,5.63236,95500,303,575436
2013-02-26,5.64195,5.85305,5.48843,5.85305,306900,299,1794753
2013-02-27,5.79548,5.85305,5.7379,5.85305,79200,118,481861
2013-02-28,5.85305,5.85305,5.70912,5.85305,130600,112,785480
2013-03-01,5.7475,5.85305,5.68993,5.85305,24300,52,146437
2013-03-04,5.81467,5.85305,5.69952,5.75709,20200,99,121035
2013-03-05,5.75709,5.85305,5.72831,5.76669,144100,152,873415
2013-03-06,5.77629,5.87224,5.68993,5.80507,314700,127,1917357
2013-03-07,5.81467,5.87224,5.75709,5.85305,123900,71,755743
2013-03-08,5.80507,5.949,5.76669,5.79548,31400,126,190736
2013-03-11,5.77629,5.79548,5.56519,5.72831,77100,463,456006
2013-03-12,5.75709,5.84345,5.61317,5.61317,326100,329,1942043
2013-03-13,5.68993,5.7379,5.56519,5.56519,81700,192,478828
2013-03-14,5.6724,5.8191,5.66262,5.8191,52100,63,306789
2013-03-15,5.8191,5.85822,5.70174,5.7702,254300,131,1499851
2013-03-18,5.71152,5.9658,5.71152,5.95602,178700,283,1076286
2013-03-19,5.9169,5.9658,5.84844,5.84844,95900,585,579503
2013-03-20,5.868,5.868,5.71152,5.84844,49000,93,290049
2013-03-21,5.79954,5.79954,5.63328,5.6724,325200,174,1893210
2013-03-22,5.70174,5.7702,5.6235,5.7702,91900,92,531753
2013-03-25,5.73108,5.75064,5.66262,5.6724,26300,140,153091
2013-03-26,5.64306,5.76042,5.6235,5.7213,113800,60,660813
2013-03-27,5.63328,5.7702,5.58438,5.64306,249700,93,1437795
2013-03-28,5.66262,5.868,5.6235,5.868,35500,123,210027
2013-04-01,5.88756,5.9658,5.84844,5.9169,74500,62,451170
2013-04-02,5.868,5.9169,5.71152,5.8191,169800,255,1009678
2013-04-03,5.77998,5.868,5.73108,5.868,61000,157,364369
2013-04-04,5.83866,5.9169,5.7702,5.868,31300,45,187205
2013-04-05,5.77998,5.88756,5.76042,5.88756,17600,20,105561
2013-04-08,5.87778,5.94624,5.87778,5.9169,58000,46,351566
2013-04-09,5.88756,5.94624,5.78976,5.85822,103900,158,623744
2013-04-10,5.868,6.0636,5.868,6.0147,390500,212,2388358
2013-04-11,5.97558,6.0636,5.82888,5.85822,61900,90,375395
2013-04-12,5.85822,5.92668,5.63328,5.78976,218400,194,1290146
2013-04-15,5.78976,5.78976,5.6724,5.6724,44900,161,261618
2013-04-16,5.69196,5.74086,5.6724,5.7213,39400,61,229839
2013-04-17,5.7213,5.77998,5.69196,5.69196,192000,38,1125177
2013-04-18,5.69196,5.90712,5.66262,5.66262,25100,59,148683
2013-04-19,5.68218,5.71152,5.6724,5.6724,18900,26,109695
2013-04-22,5.68218,5.69196,5.49636,5.59416,76200,105,438630
2013-04-23,5.6235,5.65284,5.58438,5.63328,16900,36,97047
2013-04-24,5.60394,5.65284,5.56482,5.60394,55600,121,319175
2013-04-25,5.6235,5.6724,5.5746,5.5746,5800,11,33185
2013-04-26,5.56482,5.6235,5.31054,5.31054,200200,346,1116704
2013-04-29,5.32032,5.6724,5.31054,5.4279,79900,108,443157
2013-04-30,5.43768,5.58438,5.379,5.379,36500,171,203606
2013-05-02,5.38878,5.46702,5.34966,5.4279,36000,159,198849
2013-05-03,5.48658,5.55504,5.44746,5.55504,12900,53,72647
2013-05-06,5.51592,5.59416,5.46702,5.59416,5100,21,28781
2013-05-07,5.60394,5.65284,5.56482,5.65284,10700,35,61447
2013-05-08,5.66262,5.7702,5.63328,5.63328,10600,44,62100
2013-05-09,5.66262,5.66262,5.4768,5.4768,6600,23,37631
2013-05-10,5.4768,5.6724,5.20296,5.36922,104500,503,569862
2013-05-13,5.34966,5.36922,5.19318,5.24208,82600,364,443995
2013-05-14,5.26164,5.26164,5.16384,5.17362,35700,113,190307
2013-05-15,5.17362,5.21274,5.0367,5.0367,58800,222,306585
2013-05-16,5.01714,5.20296,4.9878,5.00736,57400,192,298856
2013-05-17,5.01714,5.2812,5.01714,5.2812,22500,73,118805
2013-05-20,5.26164,5.2812,5.10516,5.26164,58200,220,310311
2013-05-21,5.26164,5.379,5.22252,5.27142,14700,39,79192
2013-05-22,5.27142,5.27142,5.11494,5.27142,66300,266,352267
2013-05-23,5.25186,5.27142,5.09538,5.19318,58500,130,310110
2013-05-24,5.19318,5.19318,5.05626,5.19318,77500,371,406263
2013-05-27,5.19318,5.2812,5.1345,5.2812,29200,39,155753
2013-05-28,5.26164,5.32032,5.1834,5.19318,48200,99,258145
2013-05-29,5.1834,5.1834,5.0367,5.1834,30100,51,158350
2013-05-31,5.14428,5.26164,5.07582,5.1834,68800,88,362982
2013-06-03,5.19318,5.19318,5.00736,5.09538,106400,280,552538
2013-06-04,5.09538,5.22252,5.0856,5.1834,139900,636,741530
2013-06-05,5.21274,5.21274,5.02692,5.0856,105300,300,549334
2013-06-06,5.0856,5.15406,4.99758,5.07582,82000,226,423515
2013-06-07,5.07582,5.07582,4.89,4.95846,168400,311,855807
2013-06-10,4.92912,5.06604,4.89,4.95846,39500,130,200306
2013-06-11,4.90956,4.9389,4.81176,4.82154,123200,283,610272
2013-06-12,4.89978,4.91934,4.75308,4.89,218900,307,1075063
2013-06-13,4.84,5.11,4.84,5.07,61200,64,304925
2013-06-14,5.06,5.06,4.87,4.9,105000,229,517783
2013-06-17,4.98,5.02,4.9,5.0,47200,93,235492
2013-06-18,5.08,5.08,4.94,4.95,19500,114,97116
2013-06-19,5.0,5.0,4.79,4.84,89600,164,434544
2013-06-20,4.79,4.79,4.43,4.6,375600,751,1729132
2013-06-21,4.59,4.62,4.42,4.49,172200,249,774137
2013-06-24,4.49,4.49,4.16,4.3,166300,223,716929
2013-06-25,4.37,4.37,4.26,4.32,29900,54,128381
2013-06-26,4.32,4.32,4.2,4.32,100300,106,428440
2013-06-27,4.36,4.39,4.23,4.32,101700,269,436201
2013-06-28,4.29,4.41,4.27,4.3,281900,588,1213245
2013-07-01,4.3,4.32,4.24,4.25,90200,193,383786
2013-07-02,4.25,4.37,3.98,4.0,105800,197,431181
2013-07-03,4.03,4.11,3.89,4.05,116000,199,464122
2013-07-04,4.09,4.15,4.05,4.1,44400,36,181441
2013-07-05,4.09,4.09,3.75,4.05,133400,188,521502
2013-07-08,4.06,4.08,3.97,4.02,42100,103,169398
2013-07-10,4.0,4.0,3.93,4.0,86600,226,344870
2013-07-11,4.0,4.05,3.9,4.0,225300,491,895256
2013-07-12,3.98,4.0,3.95,4.0,60300,167,240573
2013-07-15,4.0,4.0,3.95,4.0,58800,147,234370
2013-07-16,4.0,4.0,3.93,4.0,87500,91,347104
2013-07-17,3.98,4.0,3.96,4.0,17100,45,68348
2013-07-18,4.0,4.0,3.87,4.0,106600,142,422568
2013-07-19,4.0,4.0,3.86,3.86,76600,257,301649
2013-07-22,3.86,4.02,3.84,4.0,194600,321,772242
2013-07-23,3.99,4.06,3.96,4.06,126700,361,506771
2013-07-24,4.06,4.15,3.93,4.02,103100,185,412615
2013-07-25,4.02,4.27,4.02,4.07,86100,183,352760
2013-07-26,4.07,4.11,3.86,3.86,228000,296,892056
2013-07-29,3.86,3.9,3.8,3.8,116000,311,445484
2013-07-30,3.84,3.85,3.63,3.83,404300,648,1517585
2013-07-31,3.84,3.84,3.67,3.68,75600,169,280496
2013-08-01,3.71,3.74,3.51,3.51,123100,188,443587
2013-08-02,3.51,3.62,3.51,3.53,89300,227,320089
2013-08-05,3.55,3.55,3.3,3.4,96900,134,331505
2013-08-06,3.4,3.71,3.36,3.4,97400,115,335501
2013-08-07,3.4,3.54,3.39,3.42,369500,132,1282728
2013-08-08,3.46,3.46,3.4,3.43,46300,142,158926
2013-08-09,3.45,3.45,3.34,3.38,157500,219,535157
2013-08-12,3.42,3.54,3.38,3.38,171400,171,589585
2013-08-13,3.41,3.45,3.38,3.44,317000,195,1089147
2013-08-14,3.44,3.46,3.38,3.45,119800,83,413025
2013-08-15,3.46,3.78,3.41,3.75,821900,369,2943829
2013-08-16,3.75,3.8,3.62,3.75,348400,274,1283348
2013-08-19,3.8,3.9,3.73,3.9,122200,117,469625
2013-08-20,3.91,3.98,3.91,3.94,36300,65,143025
2013-08-21,3.95,3.99,3.9,3.95,72400,90,285237
2013-08-22,3.95,3.98,3.85,3.92,117500,131,462400
2013-08-23,3.92,3.95,3.89,3.93,43600,80,170817
2013-08-26,3.94,4.05,3.9,4.02,50300,88,200839
2013-08-27,3.97,4.0,3.9,3.91,15200,104,59682
2013-08-28,3.85,3.98,3.68,3.93,139400,87,535933
2013-08-29,3.93,4.01,3.92,4.01,65700,53,259268
2013-08-30,3.96,4.03,3.96,4.02,26700,22,106783
2013-09-02,4.1,4.2,4.09,4.2,52600,66,217372
2013-09-03,4.17,4.21,4.15,4.2,56800,50,238733
2013-09-04,4.2,4.32,4.15,4.2,141600,386,597347
2013-09-05,4.2,4.24,4.18,4.18,54700,48,229649
2013-09-06,4.19,4.28,4.14,4.14,66700,100,279479
2013-09-09,4.15,4.27,4.0,4.27,900500,1028,3741495
2013-09-10,4.29,4.47,4.29,4.4,318300,186,1398316
2013-09-11,4.37,4.53,4.37,4.5,172600,88,774447
2013-09-12,4.48,4.53,4.35,4.51,179500,687,802309
2013-09-13,4.55,4.55,4.47,4.52,64800,56,292336
2013-09-16,4.52,4.53,4.43,4.43,23800,44,106386
2013-09-17,4.45,4.45,4.35,4.4,112800,84,496340
2013-09-18,4.38,4.38,4.23,4.37,129900,176,563245
2013-09-19,4.39,4.42,4.32,4.34,89500,518,391671
2013-09-20,4.4,4.6,4.36,4.46,550900,445,2459339
2013-09-23,4.7,5.18,4.55,4.9,451700,338,2212873
2013-09-24,5.01,5.1,4.65,4.65,161500,171,774276
2013-09-25,4.67,4.67,4.46,4.49,162400,381,732471
2013-09-26,4.53,4.53,4.15,4.23,184500,206,790785
2013-09-27,4.18,4.37,4.14,4.35,95300,305,408691
2013-09-30,4.28,4.5,4.28,4.5,214000,153,954021
2013-10-01,4.46,4.54,4.46,4.52,56700,46,255744
2013-10-02,4.51,4.62,4.5,4.62,30500,33,139429
2013-10-03,4.64,4.7,4.55,4.55,61800,85,285476
2013-10-04,4.57,5.08,4.57,5.08,217200,226,1059370
2013-10-07,5.0,5.45,5.0,5.21,151600,138,806342
2013-10-08,5.2,5.3,5.17,5.28,34400,37,180508
2013-10-09,5.32,5.4,5.15,5.3,71900,154,382033
2013-10-10,5.34,5.49,5.34,5.48,182400,134,982274
2013-10-11,5.5,5.9,5.46,5.82,182200,158,1041490
2013-10-14,5.82,6.0,5.8,5.97,182400,125,1087645
2013-10-15,5.98,6.1,5.86,5.93,118700,94,710377
2013-10-16,6.07,6.07,5.81,5.99,158200,151,945768
2013-10-17,5.93,6.01,5.85,5.97,76700,57,457109
2013-10-18,5.97,6.03,5.97,6.01,116200,60,696103
2013-10-21,6.03,6.3,6.01,6.25,388000,178,2414270
2013-10-22,6.26,6.37,6.16,6.32,91800,331,578166
2013-10-23,6.3,6.35,6.09,6.35,240300,419,1498925
2013-10-24,6.33,6.45,6.26,6.43,75100,147,476884
2013-10-25,6.42,6.46,6.35,6.41,48800,115,312373
2013-10-28,6.4,6.7,6.4,6.66,252700,178,1653419
2013-10-29,6.63,7.05,6.63,7.05,691100,689,4795008
2013-10-30,7.24,7.55,7.23,7.4,1143600,698,8423679
2013-10-31,7.48,7.54,7.26,7.5,594300,385,4412970
2013-11-01,8.0,8.2,7.97,8.0,2727900,1221,21885954
2013-11-04,8.05,8.05,7.8,7.8,343900,274,2701218
2013-11-05,7.8,7.8,7.41,7.52,569800,328,4333117
2013-11-06,7.5,7.64,7.41,7.64,758500,163,5700741
2013-11-07,7.66,7.8,7.65,7.8,54300,111,419983
2013-11-08,7.88,8.13,7.5,7.5,846600,463,6656603
2013-11-11,7.5,7.73,7.5,7.67,99300,216,756945
2013-11-12,7.77,7.91,7.6,7.7,87800,114,673324
2013-11-13,7.7,7.76,7.62,7.73,54800,109,420476
2013-11-14,7.8,7.8,7.6,7.68,40400,54,309551
2013-11-18,7.65,7.65,7.58,7.6,149800,90,1139007
2013-11-19,7.54,7.6,7.54,7.6,124800,138,944581
2013-11-21,7.61,7.66,7.56,7.65,68700,94,523516
2013-11-22,7.55,7.58,7.43,7.43,119500,364,896251
2013-11-25,7.43,7.5,7.34,7.4,229600,117,1710375
2013-11-26,7.43,7.45,7.4,7.41,51000,38,378167
2013-11-27,7.45,7.5,7.41,7.49,82500,171,614200
2013-11-28,7.5,7.52,7.45,7.51,140600,45,1050543
2013-11-29,7.51,7.51,7.45,7.48,118900,31,887644
2013-12-02,7.46,7.52,7.43,7.45,124400,63,927775
2013-12-03,7.44,7.51,7.41,7.5,124300,131,927872
2013-12-04,7.44,7.5,7.42,7.49,63600,49,475437
2013-12-05,7.45,7.48,7.45,7.47,25400,24,189274
2013-12-06,7.47,7.5,7.42,7.45,187500,62,1401365
2013-12-09,7.43,7.43,7.28,7.43,65400,68,484740
2013-12-10,7.45,7.45,7.36,7.38,18700,36,138131
2013-12-11,7.39,7.4,7.32,7.4,70100,92,518307
2013-12-12,7.35,7.5,7.34,7.4,197100,37,1458301
2013-12-13,7.44,7.44,7.4,7.4,5100,10,37773
2013-12-16,7.4,7.4,7.34,7.4,39100,91,288824
2013-12-17,7.4,7.4,7.34,7.35,32100,63,236359
2013-12-18,7.35,7.35,7.32,7.35,9400,17,69049
2013-12-19,7.35,7.39,7.3,7.31,13000,51,95263
2013-12-20,7.31,7.4,7.27,7.4,148400,191,1092418
2013-12-23,7.4,7.4,7.35,7.35,35300,36,260429
2013-12-26,7.39,7.39,7.33,7.35,76400,24,561912
2013-12-27,7.35,7.39,7.35,7.35,18100,19,133069
2013-12-30,7.32,7.4,7.32,7.4,212600,34,1571347
2014-01-02,7.4,7.4,7.34,7.4,81200,50,600573
2014-01-03,7.38,7.45,7.37,7.4,94800,49,701118
2014-01-06,7.4,7.43,7.37,7.39,63400,31,468951
2014-01-07,7.41,7.52,7.4,7.5,109000,76,811119
2014-01-08,7.48,7.49,7.42,7.49,27800,19,207478
2014-01-09,7.5,7.5,7.4,7.4,17400,33,129076
2014-01-10,7.4,7.5,7.4,7.5,5200,20,38797
2014-01-13,7.43,7.43,7.35,7.36,92500,228,683737
2014-01-14,7.36,7.44,7.36,7.44,25100,52,185800
2014-01-15,7.41,7.45,7.4,7.4,21200,21,157261
2014-01-16,7.4,7.49,7.4,7.49,41900,56,311321
2014-01-17,7.45,7.45,7.4,7.4,22600,102,167366
2014-01-20,7.42,7.43,7.4,7.43,9800,12,72651
2014-01-21,7.4,7.41,7.33,7.38,44100,54,325561
2014-01-22,7.36,7.42,7.35,7.37,68500,113,504470
2014-01-23,7.35,7.39,7.35,7.37,20800,52,153088
2014-01-24,7.35,7.37,7.31,7.33,28500,68,209316
2014-01-27,7.26,7.32,7.22,7.24,94200,186,684144
2014-01-28,7.3,7.3,7.2,7.25,53500,88,387383
2014-01-29,7.24,7.24,7.18,7.2,186000,122,1343010
2014-01-30,7.2,7.23,7.15,7.18,11600,28,83189
2014-01-31,7.2,7.24,7.2,7.21,44500,40,321159
2014-02-03,7.24,7.24,7.14,7.19,27500,51,197424
2014-02-04,7.16,7.23,7.15,7.2,23500,66,168865
2014-02-05,7.23,7.25,7.15,7.17,21600,49,155638
2014-02-06,7.16,7.3,7.15,7.21,32600,32,234792
2014-02-07,7.19,7.3,7.15,7.21,18800,95,135575
2014-02-10,7.2,7.25,7.18,7.2,19900,60,143605
2014-02-11,7.2,7.25,7.16,7.25,48400,145,348637
2014-02-12,7.22,7.24,7.15,7.15,20300,87,145874
2014-02-13,7.16,7.2,7.13,7.2,48400,75,346753
2014-02-14,7.2,7.2,7.12,7.12,12600,15,89923
2014-02-17,7.19,7.48,7.16,7.48,12100,19,87781
2014-02-18,7.44,7.44,7.21,7.21,30500,47,223061
2014-02-19,7.21,7.22,7.11,7.12,184700,80,1322008
2014-02-20,7.11,7.19,7.11,7.19,71300,23,509489
2014-02-21,7.15,7.19,7.11,7.12,100500,155,718960
2014-02-24,7.13,7.15,7.11,7.12,104800,19,747137
2014-02-25,7.1,7.11,7.05,7.08,6600,12,46694
2014-02-26,7.06,7.2,7.04,7.15,76800,56,544204
2014-02-27,7.15,7.2,7.14,7.2,61900,39,444776
2014-02-28,7.18,7.29,7.13,7.29,18000,41,129927
2014-03-05,7.1,7.3,7.1,7.21,38100,56,273781
2014-03-06,7.26,7.33,7.26,7.3,11700,18,85413
2014-03-07,7.26,7.26,7.04,7.15,169200,116,1197920
2014-03-10,7.17,7.2,7.06,7.06,25600,38,181769
2014-03-11,7.06,7.11,6.89,7.0,120100,83,843092
2014-03-12,6.95,7.18,6.88,7.11,62500,31,435812
2014-03-13,7.09,7.1,7.0,7.0,22100,97,154839
2014-03-14,7.0,7.02,7.0,7.01,6800,11,47658
2014-03-17,7.01,7.03,7.0,7.02,63800,22,447637
2014-03-18,7.12,7.16,7.08,7.08,7900,14,56458
2014-03-19,7.04,7.16,7.04,7.16,9100,20,64886
2014-03-20,7.16,7.42,7.16,7.4,39800,54,291577
2014-03-21,7.44,7.7,7.4,7.55,65700,73,496631
2014-03-24,7.59,7.75,7.56,7.75,52900,93,405507
2014-03-25,7.74,8.0,7.74,7.88,90000,77,709449
2014-03-26,7.8,7.88,7.74,7.8,29500,35,231202
2014-03-27,7.7,7.85,7.69,7.81,62600,34,484596
2014-03-28,7.81,7.94,7.74,7.94,20500,49,161312
2014-03-31,7.96,7.99,7.85,7.94,33400,83,264601
2014-04-01,7.82,7.94,7.82,7.94,12900,28,101688
2014-04-02,7.95,8.12,7.94,8.1,341500,149,2740726
2014-04-03,8.06,8.14,7.95,8.0,34700,89,278169
2014-04-04,8.06,8.09,8.06,8.08,28100,29,226526
2014-04-07,8.1,8.15,8.08,8.15,106800,41,865309
2014-04-08,8.15,8.15,8.04,8.04,15100,20,122828
2014-04-09,8.0,8.1,8.0,8.01,22200,40,178152
2014-04-10,8.02,8.04,8.0,8.0,64700,37,517661
2014-04-11,8.0,8.0,7.85,7.86,113200,263,895658
2014-04-14,7.84,7.85,7.79,7.81,9600,9,75227
2014-04-15,7.83,8.01,7.83,7.99,40700,28,320279
2014-04-16,8.08,8.1,7.99,8.08,15000,26,120979
2014-04-17,8.1,8.1,8.0,8.0,11600,20,93137
2014-04-22,8.0,8.03,8.0,8.03,75000,12,600489
2014-04-23,8.0,8.06,8.0,8.0,33300,6,268216
2014-04-24,8.0,8.0,7.91,8.0,13200,36,105295
2014-04-25,7.93,8.0,7.91,8.0,70200,29,556560
2014-04-28,8.0,8.0,7.95,7.95,71800,7,574313
2014-04-29,8.03,8.04,7.98,8.0,158900,122,1271015
2014-04-30,7.92,7.99,7.92,7.99,20900,19,166677
2014-05-02,7.99,8.0,7.92,8.0,82400,21,656544
2014-05-05,8.0,8.0,7.94,7.99,6500,15,51930
2014-05-06,7.97,7.99,7.95,7.96,11700,16,93360
2014-05-07,7.94,7.99,7.89,7.95,163100,96,1295024
2014-05-08,7.93,7.94,7.9,7.92,133900,34,1059958
2014-05-09,7.9,7.95,7.89,7.92,78500,34,621769
2014-05-12,8.0,8.05,7.89,7.89,249500,117,1973030
2014-05-13,7.9,7.9,7.85,7.89,21700,30,170913
2014-05-14,7.87,7.92,7.85,7.85,112300,128,885436
2014-05-15,7.87,7.87,7.84,7.85,9100,18,71469
2014-05-16,7.9,7.9,7.79,7.81,367400,146,2874566
2014-05-19,7.83,7.88,7.81,7.88,58500,22,458119
2014-05-20,7.84,7.84,7.8,7.83,43600,36,340877
2014-05-21,7.87,7.87,7.75,7.79,83000,53,646161
2014-05-22,7.8,7.82,7.75,7.77,131400,67,1022894
2014-05-23,7.76,7.76,7.65,7.67,170500,60,1312201
2014-05-26,7.66,7.77,7.57,7.6,176600,14,1347240
2014-05-27,7.55,7.69,7.55,7.6,74300,81,566231
2014-05-28,7.57,7.6,7.52,7.57,437100,29,3289083
2014-05-29,7.59,7.59,7.53,7.54,101200,24,763789
2014-05-30,7.52,7.52,7.43,7.45,64700,40,483442
2014-06-02,7.46,7.51,7.32,7.46,733400,96,5395037
2014-06-03,7.42,7.42,7.42,7.42,3400,5,25228
2014-06-04,7.44,7.44,7.37,7.37,9800,19,72416
2014-06-05,7.43,7.45,7.32,7.33,61900,90,457077
2014-06-06,7.45,7.5,7.39,7.5,39900,46,297160
2014-06-09,7.52,7.6,7.48,7.5,101100,64,760710
2014-06-10,7.5,7.5,7.19,7.19,715300,203,5259608
2014-06-11,7.21,7.44,7.15,7.2,218200,170,1575527
2014-06-13,7.21,7.24,6.99,7.04,350800,114,2478962
2014-06-16,7.06,7.27,7.0,7.2,271400,93,1960347
2014-06-17,7.2,7.2,7.06,7.14,179100,38,1284334
2014-06-18,7.19,7.32,7.08,7.15,680100,54,4863157
2014-06-20,7.08,7.2,7.04,7.04,185400,47,1319995
2014-06-23,7.07,7.07,6.98,7.07,82000,159,577491
2014-06-24,7.08,7.34,7.08,7.3,15500,54,111965
2014-06-25,7.28,7.58,7.2,7.5,78600,135,579336
2014-06-26,7.59,7.7,7.4,7.54,146600,175,1098675
2014-06-27,7.5,7.5,7.45,7.5,85700,72,642072
2014-06-30,7.57,7.62,7.5,7.55,52600,21,396700
2014-07-01,7.55,7.55,7.41,7.5,6400,30,47730
2014-07-02,7.46,7.5,7.45,7.49,340800,81,2546776
2014-07-03,7.5,7.5,7.43,7.49,82700,55,618495
2014-07-04,7.5,7.5,7.48,7.48,52500,5,392750
2014-07-07,7.45,7.47,7.37,7.37,53500,28,398491
2014-07-08,7.4,7.4,7.35,7.35,39500,16,291740
2014-07-10,7.46,7.46,7.24,7.3,16200,31,118934
2014-07-11,7.3,7.45,7.24,7.4,149100,157,1097835
2014-07-14,7.4,7.55,7.34,7.47,290200,200,2167201
2014-07-15,7.55,7.8,7.52,7.73,537500,277,4110338
2014-07-16,7.73,7.75,7.56,7.7,108700,89,835334
2014-07-17,7.77,7.9,7.68,7.8,559900,162,4371051
2014-07-18,7.86,7.86,7.72,7.74,77700,96,605620
2014-07-21,7.98,8.1,7.93,7.95,771900,425,6173044
2014-07-22,7.88,7.95,7.68,7.91,917300,164,7249000
2014-07-23,7.94,8.0,7.89,7.94,142600,265,1135666
2014-07-24,8.0,8.0,7.9,7.9,108900,140,865095
2014-07-25,7.93,7.95,7.87,7.94,35600,86,282128
2014-07-28,7.95,8.0,7.88,7.89,196600,109,1561704
2014-07-29,7.89,7.95,7.83,7.88,74700,178,588464
2014-07-30,7.87,7.99,7.82,7.85,136600,222,1081935
2014-07-31,7.86,7.94,7.79,7.92,67600,144,533903
2014-08-01,7.94,7.94,7.81,7.9,14700,24,115829
2014-08-04,7.9,7.9,7.85,7.85,2900,3,22775
2014-08-05,7.85,7.89,7.75,7.82,43200,43,337993
2014-08-06,7.77,7.84,7.7,7.7,143400,92,1113756
2014-08-07,7.72,7.75,7.7,7.74,84700,126,653328
2014-08-08,7.7,7.78,7.7,7.74,143600,132,1111558
2014-08-11,7.76,7.82,7.7,7.8,255500,28,1979057
2014-08-12,7.8,7.8,7.75,7.8,115000,30,895933
2014-08-13,7.8,7.8,7.71,7.8,63900,28,496967
2014-08-14,7.75,7.78,7.73,7.78,6500,14,50487
2014-08-15,7.73,7.75,7.7,7.75,10000,18,77243
2014-08-18,7.72,7.72,7.5,7.5,147500,122,1118117
2014-08-19,7.52,7.71,7.52,7.62,61100,72,464705
2014-08-20,7.63,7.69,7.6,7.65,57400,57,439447
2014-08-21,7.64,7.81,7.58,7.7,186100,70,1440321
2014-08-22,7.7,7.7,7.61,7.7,106200,19,816372
2014-08-25,7.73,7.73,7.62,7.62,5300,8,40467
2014-08-26,7.62,7.78,7.5,7.6,145500,114,1109142
2014-08-27,7.53,7.66,7.51,7.65,115100,165,879260
2014-08-28,7.65,7.7,7.56,7.66,113600,148,870814
2014-08-29,7.69,7.77,7.6,7.6,119600,356,917649
2014-09-01,7.85,8.03,7.8,7.87,814400,345,6454845
2014-09-02,7.85,7.95,7.84,7.92,728000,480,5735062
2014-09-03,7.9,7.92,7.85,7.85,789800,257,6219707
2014-09-04,7.8,7.89,7.8,7.89,78000,56,610904
2014-09-05,7.88,7.89,7.8,7.89,26600,27,209592
2014-09-08,7.83,7.86,7.68,7.75,164700,128,1284044
2014-09-09,7.75,7.8,7.7,7.74,52800,59,408672
2014-09-10,7.63,7.77,7.63,7.75,446300,263,3458172
2014-09-11,7.77,7.87,7.74,7.74,337800,341,2638377
2014-09-12,7.75,7.78,7.7,7.73,164300,236,1272611
2014-09-15,7.69,7.75,7.63,7.65,335800,225,2573190
2014-09-16,7.67,7.72,7.6,7.61,253600,235,1938693
2014-09-17,7.65,7.65,7.55,7.61,137000,128,1043829
2014-09-18,7.54,7.59,6.86,6.95,520600,303,3823198
2014-09-19,7.0,7.54,7.0,7.5,634200,302,4718614
2014-09-22,7.45,7.55,7.33,7.35,165600,115,1224455
2014-09-23,7.39,7.41,7.32,7.4,131600,28,973615
2014-09-24,7.48,7.48,7.35,7.35,76600,140,564845
2014-09-25,7.32,7.45,7.32,7.4,160600,393,1185187
2014-09-26,7.49,7.5,7.36,7.45,61900,57,461000
2014-09-29,7.45,7.5,7.33,7.45,166300,147,1238357
2014-09-30,7.44,7.44,7.18,7.3,190700,373,1384670
2014-10-01,7.2,7.29,7.05,7.09,336300,738,2391563
2014-10-02,7.13,7.21,7.04,7.14,113300,280,805275
2014-10-03,7.18,7.18,7.01,7.03,152000,97,1070600
2014-10-06,7.07,7.11,6.94,7.0,113000,245,792409
2014-10-07,7.1,7.1,6.99,7.0,240600,126,1689572
2014-10-08,7.04,7.1,6.85,6.95,225600,172,1571592
2014-10-09,7.08,7.08,6.97,6.99,195300,65,1367026
2014-10-10,7.07,7.07,6.9,6.99,40700,22,284208
2014-10-13,7.06,7.06,6.9,6.95,41200,76,287314
2014-10-14,7.03,7.03,6.82,6.89,105300,99,732455
2014-10-15,7.0,7.0,6.76,6.85,184200,199,1273702
2014-10-16,6.86,6.86,6.75,6.8,96300,115,653178
2014-10-17,6.94,6.94,6.75,6.8,154200,97,1047483
2014-10-20,6.75,6.8,6.75,6.75,80100,22,540894
2014-10-21,6.65,6.75,6.65,6.74,45600,90,306180
2014-10-22,6.74,6.77,6.71,6.74,184000,122,1240408
2014-10-23,6.79,6.79,6.68,6.73,157100,128,1053397
2014-10-24,6.63,6.73,6.63,6.72,13500,33,90448
2014-10-27,6.74,6.75,6.6,6.74,173400,1040,1165084
2014-10-28,6.74,6.75,6.67,6.7,111500,424,748198
2014-10-29,6.67,6.7,6.67,6.7,32900,15,219932
2014-10-30,6.8,6.8,6.6,6.64,708900,60,4722206
2014-10-31,6.62,6.62,6.2,6.28,353400,1009,2250813
2014-11-03,6.32,6.32,6.06,6.06,559500,154,3461740
2014-11-04,6.08,6.09,5.84,6.0,424300,271,2557218
2014-11-05,6.04,6.04,5.93,5.95,49700,27,296411
2014-11-06,5.99,5.99,5.9,5.9,563300,36,3334806
2014-11-07,5.92,6.0,5.92,5.95,58000,96,346753
2014-11-10,5.98,6.0,5.88,5.88,26800,31,158108
2014-11-11,6.0,6.0,5.9,5.9,30100,3,179990
2014-11-12,5.96,5.96,5.77,5.8,115800,88,675010
2014-11-13,5.8,5.95,5.73,5.73,137600,27,790825
2014-11-14,5.85,5.88,5.66,5.71,115500,97,672062
2014-11-17,5.88,5.88,5.65,5.65,616100,73,3508705
2014-11-18,5.8,6.34,5.7,5.77,82700,328,488091
2014-11-19,5.68,6.0,5.68,5.85,92400,47,543793
2014-11-21,6.0,6.0,5.73,5.85,14000,81,81482
2014-11-24,6.0,6.0,5.61,5.7,814000,189,4600743
2014-11-25,5.73,5.89,5.72,5.89,68400,19,394312
2014-11-26,5.99,6.14,5.68,5.74,229400,165,1365667
2014-11-27,5.75,5.8,5.66,5.7,161400,57,927456
2014-11-28,5.7,5.7,5.69,5.7,56200,17,319940
2014-12-01,5.8,5.85,5.6,5.75,15900,41,90342
2014-12-02,5.7,5.7,5.65,5.65,76100,31,430484
2014-12-03,5.81,5.81,5.65,5.65,263900,82,1511040
2014-12-04,5.67,5.72,5.65,5.65,325400,10,1856792
2014-12-05,5.72,5.98,5.64,5.7,139200,23,830942
2014-12-08,5.67,5.79,5.67,5.7,9200,14,52536
2014-12-09,5.66,5.75,5.63,5.7,5500,17,31220
2014-12-10,5.69,5.69,5.6,5.64,128500,68,724687
2014-12-11,5.58,5.65,5.58,5.65,22500,12,126803
2014-12-12,5.8,5.88,5.62,5.7,267900,29,1556179
2014-12-15,5.86,5.86,5.55,5.6,160600,30,931126
2014-12-16,5.6,5.64,5.55,5.55,14800,8,82754
2014-12-17,5.65,5.69,5.5,5.5,249900,69,1400265
2014-12-18,5.42,5.6,5.42,5.6,185600,78,1021966
2014-12-19,5.68,5.85,5.61,5.85,168200,488,974787
2014-12-22,5.89,5.89,5.76,5.78,5200,10,30321
2014-12-23,5.85,5.85,5.68,5.68,9400,20,53839
2014-12-26,5.83,5.84,5.69,5.69,12600,7,73387
2014-12-29,5.8,5.8,5.8,5.8,100,1,580
2014-12-30,5.8,5.8,5.7,5.7,12100,14,69454
2015-01-02,5.89,5.89,5.85,5.85,3100,11,18175
2015-01-05,5.85,6.0,5.6,5.73,8500,29,48489
2015-01-06,5.85,5.85,5.53,5.61,99800,65,569706
2015-01-07,5.65,5.65,5.55,5.58,148100,46,829404
2015-01-08,5.66,5.78,5.53,5.59,609000,228,3418853
2015-01-09,5.6,5.72,5.5,5.55,519500,175,2903977
2015-01-12,5.63,5.63,5.44,5.5,285300,114,1567648
2015-01-13,5.64,5.64,5.45,5.45,164900,148,900219
2015-01-14,5.48,5.64,5.36,5.45,85200,174,464059
2015-01-15,5.55,5.6,5.35,5.37,253600,208,1362288
2015-01-16,5.39,5.55,5.39,5.43,72700,111,394892
2015-01-19,5.45,5.51,5.35,5.44,225800,80,1227000
2015-01-20,5.45,5.5,5.4,5.4,26400,19,143408
2015-01-21,5.56,5.56,5.35,5.45,257500,66,1402230
2015-01-22,5.45,5.47,5.35,5.38,295100,85,1605685
2015-01-23,5.41,5.54,5.35,5.45,42000,21,229217
2015-01-26,5.4,5.57,5.4,5.55,290000,70,1592783
2015-01-27,5.71,5.71,5.4,5.4,98700,59,539137
2015-01-28,5.37,5.55,5.35,5.45,78000,75,422518
2015-01-29,5.54,5.55,5.4,5.5,330100,152,1809635
2015-01-30,5.52,5.55,5.36,5.45,151000,107,819847
2015-02-02,5.5,5.61,5.45,5.55,333800,66,1849911
2015-02-03,5.62,5.65,5.5,5.55,246900,265,1380849
2015-02-04,5.62,5.62,5.55,5.55,91300,11,510972
2015-02-05,5.6,5.6,5.6,5.6,1500,4,8400
2015-02-06,5.61,5.61,5.47,5.47,59500,58,330542
2015-02-09,5.55,5.55,5.41,5.45,10800,30,58859
2015-02-10,5.47,5.6,5.42,5.5,61000,48,337824
2015-02-11,5.55,5.72,5.42,5.6,207700,65,1162301
2015-02-12,5.55,5.55,5.47,5.55,18700,18,103483
2015-02-13,5.6,5.6,5.54,5.54,301700,288,1674428
2015-02-18,5.46,5.65,5.45,5.45,154400,42,857515
2015-02-19,5.46,5.64,5.46,5.55,85100,28,473049
2015-02-20,5.55,5.63,5.49,5.55,153500,38,851825
2015-02-23,5.65,5.65,5.5,5.55,73100,75,405412
2015-02-24,5.65,5.65,5.55,5.55,5200,19,29065
2015-02-25,5.55,5.6,5.51,5.6,438300,23,2432926
2015-02-26,5.6,5.65,5.52,5.6,82100,17,460407
2015-02-27,5.65,5.65,5.54,5.65,75500,112,423653
2015-03-02,5.67,5.75,5.62,5.75,106200,63,601905
2015-03-03,5.74,5.74,5.6,5.65,172000,107,972581
2015-03-04,5.77,5.77,5.61,5.65,69900,14,398391
2015-03-05,5.66,5.69,5.65,5.65,50100,16,283421
2015-03-06,5.65,5.69,5.65,5.69,15400,2,87026
2015-03-09,5.68,5.7,5.53,5.65,67700,98,380106
2015-03-10,5.67,5.67,5.55,5.65,169300,37,951755
2015-03-11,5.7,5.7,5.61,5.65,41400,64,233852
2015-03-12,5.65,5.65,5.56,5.65,13900,45,78438
2015-03-13,5.52,5.65,5.51,5.65,18700,23,104936
2015-03-16,5.55,5.6,5.51,5.52,261200,44,1449547
2015-03-17,5.66,5.66,5.46,5.55,73300,79,407226
2015-03-18,5.6,5.69,5.55,5.65,263500,76,1474135
2015-03-19,5.56,5.64,5.54,5.6,16200,39,90354
2015-03-20,5.65,5.65,5.5,5.5,95200,27,523994
2015-03-23,5.55,5.69,5.42,5.65,823300,284,4501611
2015-03-24,5.52,5.99,5.52,5.75,145500,66,839204
2015-03-25,5.75,5.85,5.63,5.83,175200,40,1012846
2015-03-26,5.8,5.83,5.78,5.8,2800,9,16267
2015-03-27,5.86,5.9,5.81,5.87,135000,28,791656
2015-03-30,7.35,7.4,7.22,7.29,1009000,806,7341408
2015-03-31,7.35,7.4,7.26,7.35,193300,213,1417193
2015-04-01,7.29,7.39,7.29,7.35,74900,103,549490
2015-04-02,7.39,7.43,7.35,7.39,357700,57,2640431
2015-04-06,7.32,7.45,7.32,7.39,164500,48,1218240
2015-04-07,7.35,7.48,7.35,7.48,19000,59,140888
2015-04-08,7.38,7.52,7.38,7.44,61900,74,458366
2015-04-09,7.4,7.45,7.4,7.45,36000,35,266710
2015-04-10,7.48,7.48,7.4,7.45,46900,42,348075
2015-04-13,7.45,7.45,7.43,7.45,45100,69,335959
2015-04-14,7.41,7.45,7.37,7.44,183100,158,1356128
2015-04-15,7.45,7.47,7.38,7.45,1207400,231,8973689
2015-04-16,7.42,7.5,7.42,7.46,101200,61,755103
2015-04-17,7.45,7.47,7.42,7.45,134700,57,1003478
2015-04-20,7.43,7.5,7.43,7.5,122400,48,912123
2015-04-22,7.46,7.49,7.45,7.49,207600,22,1552844
2015-04-23,7.49,7.49,7.49,7.49,5100,5,38199
2015-04-24,7.45,7.49,7.45,7.49,174200,129,1301197
2015-04-27,7.5,7.5,7.45,7.48,44000,126,328377
2015-04-28,7.46,7.5,7.45,7.49,356200,109,2655436
2015-04-29,7.49,7.49,7.43,7.45,576500,251,4295252
2015-04-30,7.45,7.48,7.45,7.45,492500,127,3669392
2015-05-04,7.44,7.48,7.44,7.45,729800,111,5444166
2015-05-05,7.45,7.49,7.45,7.45,35500,37,265145
2015-05-06,7.45,7.48,7.45,7.47,197800,117,1474156
2015-05-07,7.45,7.48,7.37,7.48,207600,108,1543972
2015-05-08,7.45,7.49,7.45,7.49,2846400,97,21205776
2015-05-11,7.45,7.49,7.45,7.45,25400,13,189298
2015-05-12,7.45,7.46,7.4,7.43,162300,45,1203149
2015-05-13,7.45,7.45,7.36,7.4,387600,147,2881439
2015-05-14,7.45,7.48,7.43,7.45,289300,125,2153518
2015-05-15,7.41,7.49,7.41,7.47,83900,64,627258
2015-05-18,7.47,7.52,7.47,7.49,31100,27,233075
2015-05-19,7.5,7.52,7.49,7.5,226100,71,1693706
2015-05-20,7.46,7.5,7.46,7.5,506100,160,3789097
2015-05-21,7.49,7.51,7.49,7.5,93300,24,699749
2015-05-22,7.5,7.53,7.5,7.52,704400,27,5284181
2015-05-25,7.5,7.53,7.45,7.45,98300,13,735462
2015-05-26,7.53,7.53,7.5,7.52,270100,33,2030901
2015-05-27,7.5,7.52,7.5,7.52,33700,40,253422
2015-05-28,7.53,7.59,7.53,7.55,41600,47,314044
2015-05-29,7.52,7.58,7.52,7.53,157900,63,1189695
2015-06-01,7.53,7.58,7.53,7.58,82800,53,626788
2015-06-02,7.57,7.6,7.54,7.6,257700,55,1955596
2015-06-03,7.62,7.62,7.59,7.62,133500,20,1014741
2015-06-05,7.51,7.61,7.51,7.6,3400,9,25801
2015-06-08,7.59,7.65,7.58,7.6,40500,25,308098
2015-06-09,7.62,7.62,7.61,7.61,2700,3,20552
2015-06-10,7.61,7.65,7.59,7.63,159200,58,1211554
2015-06-11,7.61,7.64,7.61,7.62,206300,9,1570025
2015-06-12,7.61,7.61,7.6,7.6,41600,27,316330
2015-06-15,7.62,7.66,7.61,7.66,61800,37,471993
2015-06-16,7.64,7.69,7.64,7.66,700,4,5363
2015-06-17,7.69,7.75,7.65,7.75,30700,44,236918
2015-06-18,7.69,7.75,7.69,7.75,1600,6,12322
2015-06-19,7.69,7.7,7.69,7.7,6300,11,48500
2015-06-22,7.73,7.73,7.66,7.66,2400,12,18474
2015-06-23,7.66,7.75,7.66,7.75,12800,94,98977
2015-06-24,7.75,7.75,7.66,7.75,10600,13,81967
2015-06-25,7.67,7.73,7.67,7.73,12700,20,98093
2015-06-26,7.67,7.72,7.67,7.71,6300,22,48477
2015-06-29,7.7,7.7,7.62,7.62,99600,21,763986
2015-06-30,7.6,7.75,7.6,7.75,23100,16,178813
2015-07-01,7.75,7.75,7.62,7.74,6500,12,49872
2015-07-02,7.7,7.73,7.7,7.73,4500,5,34770
2015-07-03,7.63,7.74,7.43,7.64,31000,28,236826
2015-07-06,7.74,7.74,7.62,7.65,13500,36,103426
2015-07-07,7.7,7.7,7.44,7.65,152000,166,1159095
2015-07-08,7.69,7.69,7.61,7.62,365700,24,2786737
2015-07-10,7.65,7.75,7.6,7.75,633300,27,4836837
2015-07-13,7.8,7.8,7.67,7.7,49800,76,382854
2015-07-14,7.68,7.69,7.65,7.69,64900,17,496937
2015-07-15,7.66,7.75,7.52,7.64,18100,22,138423
2015-07-16,7.65,7.71,7.65,7.71,136300,6,1043001
2015-07-20,7.63,7.75,7.63,7.75,266800,65,2047251
2015-07-21,7.75,7.75,7.74,7.75,31500,14,244123
2015-07-22,7.7,7.75,7.66,7.75,31300,16,241565
2015-07-23,7.75,7.75,7.7,7.75,412600,65,3178081
2015-07-24,7.76,7.76,7.76,7.76,2000,5,15520
2015-07-28,7.8,7.8,7.76,7.76,18100,19,140952
2015-07-29,7.78,7.84,7.78,7.84,5800,7,45320
2015-07-30,7.8,7.84,7.78,7.84,15600,8,121584
2015-07-31,7.84,7.86,7.8,7.86,127200,74,999021
2015-08-03,7.86,7.9,7.64,7.88,32800,34,256619
2015-08-04,7.84,7.87,7.79,7.85,261600,84,2043266
2015-08-05,7.89,7.93,7.87,7.93,694600,28,5487392
2015-08-06,7.9,7.92,7.9,7.92,650000,20,5135040
2015-08-07,7.9,7.92,7.9,7.92,10000,19,79100
2015-08-10,7.9,7.93,7.85,7.93,52900,60,418277
2015-08-11,7.85,7.94,7.85,7.94,3900,13,30876
2015-08-12,7.94,7.95,7.89,7.95,15100,23,119834
2015-08-13,7.9,7.95,7.9,7.95,20300,36,161165
2015-08-14,7.94,7.97,7.9,7.96,22000,12,174840
2015-08-17,7.95,7.98,7.95,7.96,358100,29,2850681
2015-08-18,8.0,8.0,8.0,8.0,4100,8,32800
2015-08-19,7.92,7.99,7.9,7.96,48500,69,385605
2015-08-20,7.95,8.01,7.91,8.01,26000,26,207995
2015-08-21,8.01,8.01,8.01,8.01,4000,2,32040
2015-08-24,7.99,8.01,7.95,8.01,30200,21,241528
2015-08-25,7.98,8.14,7.98,8.06,31200,36,251124
2015-08-26,8.1,8.14,8.1,8.14,9600,19,77885
2015-08-27,8.15,8.16,8.14,8.16,311600,9,2536615
2015-08-28,8.15,8.18,8.14,8.18,1255100,159,10228836
2015-08-31,8.15,8.19,8.15,8.15,72500,103,591209
2015-09-01,8.15,8.17,8.11,8.17,487500,156,3963940
2015-09-02,8.13,8.18,8.13,8.18,4300,15,35100
2015-09-03,8.13,8.18,8.13,8.18,26700,18,217404
2015-09-04,8.17,8.18,8.16,8.18,26400,21,215648
2015-09-08,8.18,8.18,8.15,8.16,214700,35,1752046
2015-09-09,8.15,8.17,8.12,8.16,376400,94,3070157
2015-09-10,8.11,8.17,8.11,8.16,258100,67,2100911
2015-09-11,8.15,8.17,8.15,8.15,222000,78,1810650
2015-09-14,8.18,8.18,8.15,8.16,223800,74,1827195
2015-09-15,8.17,8.18,8.15,8.18,172900,84,1411067
2015-09-16,8.16,8.18,8.16,8.18,47800,121,390888
2015-09-17,8.16,8.2,8.16,8.2,259400,261,2118334
2015-09-18,8.17,8.25,8.17,8.22,498500,485,4089689
2015-09-21,8.22,8.27,8.13,8.2,153600,312,1256480
2015-09-22,8.17,8.2,8.11,8.2,46000,134,375372
2015-09-23,8.13,8.2,8.13,8.2,16700,41,136121
2015-09-24,8.11,8.12,8.0,8.0,63900,195,514491
2015-09-25,8.05,8.1,7.6,8.1,487500,120,3876095
2015-09-28,7.95,8.13,7.95,8.01,699700,130,5618863
2015-09-29,8.05,8.13,8.05,8.13,53100,78,429957
2015-09-30,8.13,8.16,8.12,8.13,20800,64,168980
2015-10-01,8.15,8.2,8.13,8.15,93200,92,759712
2015-10-02,8.15,8.2,8.15,8.16,135000,74,1101351
2015-10-05,8.2,8.22,8.16,8.18,65300,104,534911
2015-10-06,8.2,8.22,8.2,8.22,69800,74,572481
2015-10-07,8.2,8.22,8.2,8.22,48900,94,401113
2015-10-08,8.2,8.21,8.18,8.2,137300,95,1125275
2015-10-09,8.22,8.28,8.2,8.27,49200,224,404391
2015-10-13,8.21,8.28,8.21,8.28,10800,56,88914
2015-10-14,8.23,8.25,8.22,8.24,36200,67,298030
2015-10-15,8.24,8.32,8.24,8.32,7700,36,63597
2015-10-16,8.25,8.25,8.25,8.25,100,1,825
