Date,Open,High,Low,Close,Volume,Neg,Fin
2018-04-30,28.13882,28.46987,24.49732,24.49732,1288200,5393,101861681
2018-05-02,24.50394,24.79195,24.24573,24.74561,255300,688,18950192
2018-05-03,24.79857,25.14286,24.74892,25.0601,113200,264,8553179
2018-05-04,24.79195,24.79195,22.31574,23.55053,542200,1996,38702328
2018-05-07,23.55384,24.15304,23.55384,24.06696,353400,673,25685218
2018-05-08,24.16628,24.66284,24.10007,24.53043,300400,385,22103473
2018-05-09,24.65291,24.65953,24.49732,24.49732,47800,187,3538047
2018-05-10,24.50394,24.64629,22.83878,24.64629,185500,723,13404882
2019-07-19,14.36735,14.53287,13.80457,14.13231,930300,3461,39674699
2019-07-22,14.37066,14.67522,13.67215,14.30114,613000,2564,25920236
2019-07-23,14.21507,14.21507,13.70526,14.10251,566300,2685,23818839
2019-07-24,14.05286,14.31438,13.80457,14.17865,519700,2133,22249537
2019-07-25,14.20183,14.23493,13.89726,14.06941,401200,2434,17006043
2019-07-26,14.15879,14.23493,13.83768,13.90389,946200,3388,39987890
2019-07-29,13.90389,13.99658,13.33449,13.35766,1898100,1412,78696316
2019-07-30,16.2212,16.2212,15.29096,15.69153,2756200,8927,131296017
2019-07-31,15.76767,18.27368,15.76767,16.75087,2499200,10480,129925679
2019-08-01,18.04195,18.80335,17.62814,18.20747,2696200,12425,146659655
2019-08-02,18.38623,19.2006,17.26399,17.94264,2054200,8183,112937136
2019-08-05,17.44607,17.69435,17.14813,17.31365,734100,2219,38727107
2019-08-06,17.56855,17.8698,17.14813,17.3633,945400,2059,49842262
2019-08-07,17.44607,17.85987,17.01902,17.85987,1042100,2168,54320871
2019-08-08,17.81021,19.29661,17.72083,18.86956,1561400,3340,86066185
2019-08-09,19.2006,20.02822,19.0417,19.86269,2157500,4351,128874896
2019-08-12,19.86269,20.94852,19.79648,20.16064,2447200,6307,150201095
2019-08-13,20.52809,21.97145,20.07456,21.97145,2673000,5146,167533270
2019-08-14,22.04097,23.90144,21.7,23.43798,1847300,6862,128979027
2019-08-15,23.81868,24.49732,19.69717,20.69031,2226600,8501,147971516
2019-08-16,21.51792,21.84896,16.91308,19.76338,3259900,10820,182755791
2019-08-19,20.22353,20.50823,17.9956,18.20747,1454300,5240,81946280
2019-08-20,18.20747,19.9918,16.75418,19.2006,1861800,7614,102418789
2019-08-21,19.36282,20.56451,19.17081,20.52478,870200,3873,52728665
2019-08-22,20.85583,21.15377,19.62434,20.52148,712500,3059,44014582
2019-08-23,19.9587,20.82273,19.46544,19.63096,707300,2312,42545734
2019-08-26,20.2765,20.2765,19.22709,19.33302,451500,1826,26528319
2019-08-27,19.33302,19.92559,18.57824,19.92559,320900,1498,18750111
2019-08-28,19.73028,20.52148,19.36613,20.32285,1624300,4745,98342031
2019-08-29,20.49168,20.80617,20.13746,20.25995,2494400,2222,154135753
2019-08-30,20.43209,20.72672,20.17057,20.23346,1061700,2388,65164502
2019-09-02,20.23677,20.26326,19.85607,20.25995,685900,4393,41726781
2019-09-03,20.12753,20.4354,19.82628,19.86269,501200,2294,30432074
2019-09-04,20.14408,20.14408,19.55813,19.60779,256600,984,15274982
2019-09-05,19.66738,19.90242,19.66738,19.82959,352600,1626,21088585
2019-09-06,19.72696,19.90904,19.0715,19.42571,548900,2962,32437170
2019-09-09,19.43233,19.43565,17.82677,18.04195,1292600,6068,71709529
2019-09-10,18.0254,18.0254,16.91308,17.3633,1969600,5244,102629324
2019-09-11,17.63807,18.42265,17.52552,18.42265,402900,1704,21991395
2019-09-12,18.63452,18.83315,18.24388,18.83315,815700,1481,45358132
2019-09-13,18.79673,19.2006,18.4392,19.2006,637200,2524,36314397
2019-09-16,19.82628,20.03815,19.12115,19.53165,1037100,3775,60806409
2019-09-17,19.39923,19.51841,19.01522,19.29992,491500,1427,28666497
2019-09-18,19.28337,19.81304,19.09467,19.81304,376100,1437,21987251
2019-09-19,19.73359,19.85607,19.38268,19.62103,641900,1730,37810520
2019-09-20,19.6111,19.6111,18.95232,18.95232,897400,2035,51785897
2019-09-23,18.98542,19.2006,18.77687,19.2006,349800,1721,20081852
2019-09-24,19.0417,19.34626,18.80335,18.80335,222600,929,12688264
2019-09-25,18.79673,18.86956,18.42265,18.86625,842000,2268,47167161
2019-09-26,18.90598,19.19729,18.70735,19.19729,474900,1646,27129734
2019-09-27,19.03508,19.05494,18.67424,18.80335,506700,2431,28861150
2019-09-30,18.75369,18.86956,18.53852,18.7868,366900,1907,20727057
2019-10-01,18.62992,18.6763,17.89108,17.92753,792000,2678,43198108
2019-10-02,17.75193,17.75193,16.8375,16.96339,2276600,6479,117160803
2019-10-03,17.12906,17.33447,16.17155,16.26763,1580100,4775,78324815
2019-10-04,16.33721,16.53268,15.46916,15.57187,1770200,5761,84099012
2019-10-07,15.52217,15.52217,14.74358,14.80984,1541200,4126,69572610
2019-10-08,14.78002,15.06495,14.41226,14.65412,1078000,6207,47983578
2019-10-09,14.77671,15.83692,14.3228,15.83692,1818400,5711,82244640
2019-10-10,15.89324,16.43329,15.32007,15.40621,1041600,5368,49349523
2019-10-11,15.79054,16.53268,15.4791,16.53268,922400,2866,44425434
2019-10-14,16.68178,17.82482,16.66521,17.39411,1944500,7559,102599983
2019-10-15,17.72542,18.451,16.74804,16.74804,2110100,4287,113192679
2019-10-16,16.97002,17.192,16.26432,16.48299,1507800,4877,75144912
2019-10-17,16.56582,16.98327,16.35377,16.59895,767600,4305,38612427
2019-10-18,16.69834,17.06279,16.48299,16.48299,317000,1465,15936065
2019-10-21,16.5857,16.89382,16.48299,16.69172,438000,1500,22071377
2019-10-22,16.864,17.00978,16.37697,16.73148,1851600,2181,93303546
2019-10-23,16.82755,16.89713,16.34383,16.65858,901700,1253,45433361
2019-10-24,16.56582,16.79774,15.94956,16.40016,1114100,2081,55047686
2019-10-25,16.18149,16.59895,16.18149,16.59895,260900,1023,12984954
2019-10-28,16.59895,16.89713,16.44323,16.89713,356300,1248,17965048
2019-10-29,16.83087,17.31459,16.64865,17.22845,383500,2020,19840366
2019-10-30,17.23176,17.55976,17.11249,17.22845,550000,2022,28680029
2019-10-31,17.19532,17.27815,16.94021,17.16218,641600,2011,33228147
2019-11-01,17.1655,17.19532,16.72485,16.89713,891900,2332,45714664
2019-11-04,16.89713,16.90707,16.57244,16.6619,270000,1092,13602713
2019-11-05,16.6619,16.71491,16.20137,16.26763,448400,2038,22230976
2019-11-06,16.40016,16.56251,16.18149,16.21794,456600,2218,22425465
2019-11-07,16.0092,16.0092,15.21073,15.40621,1923200,8047,89780665
2019-11-08,15.40621,15.5056,14.91586,14.96225,970900,4047,44436748
2019-11-11,15.0252,15.0252,14.45864,14.51165,1627100,4184,71773444
2019-11-12,14.21016,14.21016,13.53758,13.6171,1740400,4732,72860561
2019-11-13,13.45807,13.54421,12.69273,13.37855,2915300,9435,114283294
2019-11-14,13.53758,15.00863,13.53758,15.00863,3272900,7145,142068886
2019-11-18,15.11134,15.62156,14.48184,14.90592,837600,3282,38296454
2019-11-19,14.91255,15.24055,14.51497,14.80984,447100,2094,19937568
2019-11-21,14.80321,15.16766,14.59117,15.16766,443100,1966,20015404
2019-11-22,15.07489,15.14116,14.84297,14.90924,447300,2393,20248099
2019-11-25,14.90592,15.02188,14.14721,14.15052,927300,3925,40294307
2019-11-26,14.2963,14.38575,13.63367,14.23997,2242300,3233,95701459
2019-11-27,14.27973,14.39569,13.85565,14.01468,670200,2616,28446249
2019-11-28,14.08094,14.61436,13.82583,14.57792,1254600,3403,53611761
2019-11-29,14.52822,14.98544,14.47853,14.90924,919000,3097,41152106
2019-12-02,14.90924,15.19748,14.7502,14.9755,623900,2644,28247569
2019-12-03,15.00863,15.11134,14.81978,15.11134,422300,2193,19130591
2019-12-04,15.20742,15.49898,15.02188,15.24055,484100,2360,22318644
2019-12-05,15.17429,15.73421,15.04839,15.73421,480900,2339,22626178
2019-12-06,15.73752,16.00589,15.605,15.66463,490000,2511,23393464
2019-12-09,15.66463,16.00258,15.66463,15.87005,307900,1697,14773457
2019-12-10,16.00258,16.00258,15.51223,15.71433,276000,1285,13082167
2019-12-11,15.73752,15.87668,15.52217,15.77066,291200,1740,13811158
2019-12-12,15.79716,15.89324,14.52822,14.52822,2730700,7414,123111148
2019-12-13,14.53153,14.81315,14.17703,14.66075,1265600,3674,55773387
2019-12-16,14.66075,15.01194,14.51165,15.00863,1180600,3522,52469933
2019-12-17,15.10802,15.15109,14.61105,14.71045,217400,1001,9697358
2019-12-18,14.77671,14.96225,14.64418,14.74689,316700,1652,14149788
2019-12-19,14.74689,14.74689,14.38575,14.51165,495900,2764,21732912
2019-12-20,14.51165,14.7237,14.23335,14.23335,629700,2264,27600064
2019-12-23,14.41557,14.7502,14.15052,14.15052,1334700,2248,58442069
2019-12-26,14.22341,14.94237,14.22341,14.94237,473300,2354,20851795
2019-12-27,14.94237,15.09477,14.64749,15.06164,646400,2081,28974324
2019-12-30,15.06374,15.73368,14.82163,15.45841,831400,2972,38481340
2020-01-02,15.46172,15.53137,14.59279,15.22293,1497600,3935,68540235
2020-01-03,15.1566,16.06865,14.85811,16.06865,2017200,4562,96352403
2020-01-06,15.91941,17.04704,15.72042,17.04704,1513500,7564,75650118
2020-01-07,16.91437,17.9425,16.73528,17.74351,1139300,7242,59825594
2020-01-08,17.581,17.80652,17.09347,17.26261,491500,2465,25688047
2020-01-09,17.26592,17.44502,16.5993,17.14985,498500,2563,25619704
2020-01-10,17.27919,18.21114,17.27919,18.00883,1068600,6865,57873941
2020-01-13,18.17134,18.50631,17.60089,17.95577,635100,3150,34640528
2020-01-14,17.93587,18.21114,17.61084,17.843,353500,1703,18979493
2020-01-15,17.843,18.23767,17.77336,18.07516,723900,2944,39216255
2020-01-16,18.07848,19.12982,18.05858,19.05354,1164900,4097,65690472
2020-01-17,19.19947,19.20279,18.34048,18.7053,608900,2967,34450337
2020-01-20,18.90098,19.06017,18.54611,18.58591,342500,1764,19351287
2020-01-21,18.59586,19.20279,18.29405,18.68872,1247200,6556,71108352
2020-01-22,18.76168,18.97063,18.01546,18.40681,816600,3505,44924405
2020-01-23,18.35707,18.55938,17.95908,18.24099,498500,2267,27463125
2020-01-24,18.2443,18.64561,18.00883,18.00883,272800,1408,14990867
2020-01-27,17.82642,17.82642,16.74854,16.94753,375200,1488,19494788
2020-01-28,16.99397,17.33557,16.81487,16.88452,317100,1319,16216749
2020-01-29,17.07688,17.20623,16.33729,16.43347,425800,1560,21389449
2020-01-30,16.25438,16.29418,15.52142,15.95257,1051100,3105,50064041
2020-01-31,15.94594,16.0388,15.63087,15.6375,371800,2364,17777639
2020-02-03,15.68725,16.34393,15.60102,16.198,415700,2649,20036084
2020-02-04,16.54955,16.79166,16.42684,16.78503,387000,2021,19395775
2020-02-05,17.06362,17.17306,16.44674,16.58935,587100,3142,29482446
2020-02-06,16.74523,16.74523,16.30744,16.36714,395200,1713,19567562
2020-02-07,16.37046,16.42352,15.79338,16.02222,308000,1807,14940136
2020-02-10,16.02222,16.05207,15.18977,15.44846,1269200,2727,58977070
2020-02-11,15.64413,16.24775,15.51811,15.85308,378600,2063,18125041
2020-02-12,15.98574,16.5794,15.98574,16.39036,341400,1997,16864698
2020-02-13,16.58272,16.85799,15.72705,15.75358,773300,3877,37923063
2020-02-14,15.75358,16.1184,15.62424,15.7569,246300,1539,11733398
2020-02-17,15.7569,15.95257,15.36555,15.55459,377700,2172,17697350
2020-02-18,15.42193,15.46172,15.02063,15.46172,368900,1353,16964688
2020-02-19,15.32243,15.42193,14.9543,15.32243,504000,2292,23174167
2020-02-20,15.32243,15.65409,15.09027,15.58444,698300,2917,32425793
2020-02-21,15.51811,15.81991,15.18645,15.68062,429800,2553,20074927
2020-02-26,14.92445,14.92445,14.3938,14.65912,582400,3449,25637349
2020-02-27,14.44686,15.55127,13.89963,14.59279,872500,5092,38258310
2020-02-28,14.3938,15.38876,14.01239,15.38876,677900,4552,29980898
2020-03-02,15.2959,15.64082,14.98414,15.55459,633300,4043,29236191
2020-03-03,15.55459,15.64082,14.70224,15.10685,427400,2531,19587376
2020-03-04,15.41861,15.41861,14.66244,14.815,831700,3997,37256309
2020-03-05,14.72214,14.80836,13.26617,13.59783,1176900,3887,49694508
2020-03-06,12.6692,12.90799,12.15845,12.53653,1521100,8839,57581774
2020-03-09,11.5681,11.5681,9.72079,9.75064,2990500,9088,94538614
2020-03-10,10.7257,11.33926,10.3642,11.13695,1845700,10833,59976354
2020-03-11,11.127,11.84669,9.39908,9.63456,1468800,5158,46240251
2020-03-12,7.9597,8.14875,6.63309,8.12885,2991200,2217,67280392
2020-03-13,9.4422,10.31113,8.38091,9.94963,2896700,9659,78690476
2020-03-16,8.62301,8.73246,7.94975,8.45719,1455900,8681,36945200
2020-03-17,8.6396,9.13376,8.20844,8.68934,908400,4560,24028207
2020-03-18,8.01609,8.24493,6.57007,8.23498,1203300,4847,27208308
2020-03-19,7.95639,8.73578,7.12725,8.58985,1182500,6335,29421917
2020-03-20,8.96462,10.30782,8.95467,9.18683,1516300,6368,43886803
2020-03-23,8.75567,9.33275,7.99619,9.11718,1512500,4957,39349700
2020-03-24,9.47536,10.04249,9.42562,9.77717,764500,3324,22456615
2020-03-25,9.7838,10.60962,9.7838,10.21495,1446200,4575,43682016
2020-03-26,10.06571,11.37574,9.78049,11.37574,1695800,5493,54044522
2020-03-27,10.79535,11.15022,10.49354,11.12369,661600,4320,21680283
2020-03-30,11.07394,11.6477,10.7854,10.7854,475300,3000,15845909
2020-03-31,10.96118,11.10379,10.14199,10.47696,590100,2953,18742096
2020-04-01,10.36363,10.36363,9.67914,10.26062,726300,3564,21832523
2020-04-02,10.40682,10.53641,9.95161,10.34701,535900,3407,16535378
2020-04-03,10.39685,10.39685,9.02788,9.42329,875500,4792,24577085
2020-04-06,9.88515,10.00809,9.39671,9.53959,682000,3340,19757619
2020-04-07,10.00477,10.09448,9.23722,9.23722,607300,3868,17556141
2020-04-08,9.30367,9.57946,9.25051,9.30367,697000,3079,19756456
2020-04-09,9.49971,10.07122,9.45319,9.85192,386500,2527,11359826
2020-04-13,9.80873,9.91173,9.36016,9.43658,394900,2412,11380662
2020-04-14,9.75224,10.13103,9.40003,9.63595,15402200,4478,446573825
2020-04-15,9.3369,9.5861,9.27377,9.33358,412100,2501,11628554
2020-04-16,9.53294,9.61933,8.9714,8.98801,543200,2491,14934204
2020-04-17,9.13753,9.28706,8.89165,8.9714,1553800,2694,42272548
2020-04-20,8.80194,9.18738,8.6657,9.18738,1126200,5380,30845616
2020-04-22,9.2638,9.32028,9.05447,9.2937,805200,3528,22338943
2020-04-23,9.46981,10.02803,9.24718,9.8054,1156000,4470,33668569
2020-04-24,9.73563,9.73563,8.47631,9.35684,989100,4303,26718342
2020-04-27,9.3668,9.48975,8.95811,9.24386,708900,3553,19613815
2020-04-28,9.47313,9.62598,9.18073,9.56949,477600,2772,13611432
2020-04-29,9.6592,10.19749,9.44655,10.19749,355100,1807,10548050
2020-04-30,9.89844,9.89844,9.14418,9.14418,1199800,3788,33662786
2020-05-04,8.93152,9.10098,8.79862,9.03453,1136200,3495,30528879
2020-05-05,9.19402,9.44987,9.05114,9.08769,701400,2063,19600473
2020-05-06,9.14418,9.30367,8.96475,9.07108,677200,2485,18561914
2020-05-07,9.21063,9.30035,8.53944,8.57599,684300,3960,18131274
2020-05-08,8.64577,8.86507,8.53612,8.5627,1038200,4079,27228672
2020-05-11,8.47631,8.88501,8.47631,8.56935,545100,3242,14187571
2020-05-12,8.56935,8.70558,8.13074,8.34672,726300,3515,18317839
2020-05-13,8.37331,8.68232,8.28359,8.68232,816100,3453,20907285
2020-05-14,8.52283,8.83184,8.33343,8.83184,944800,4162,24342563
2020-05-15,8.64577,8.99798,8.54941,8.782,403300,2638,10689741
2020-05-18,8.88501,9.40335,8.78532,9.30367,423000,2603,11632135
2020-05-19,9.30699,9.65256,9.24386,9.30367,434900,2504,12358355
2020-05-20,8.99798,9.2206,8.67235,8.67235,909800,5078,24109302
2020-05-21,8.73881,8.8551,8.45969,8.67235,1094000,7009,28310492
2020-05-22,8.64577,9.17076,8.58264,9.02788,937600,3364,25277984
2020-05-25,9.30035,9.96822,9.23057,9.96822,497500,2912,14567346
2020-05-26,10.0679,11.13118,10.0679,11.0315,652500,2931,21094483
2020-05-27,11.06472,11.46345,10.66599,11.09463,364600,2221,12028515
2020-05-28,11.09795,11.27073,10.77565,10.83213,1605300,2520,52664553
2020-05-29,10.83213,11.1644,10.40682,11.1644,856900,2977,27877387
2020-06-01,11.17105,11.68608,10.92185,11.54652,692600,2913,23872098
2020-06-02,11.83892,12.06154,11.15444,11.20096,1222400,5392,42623712
2020-06-03,11.47674,11.70269,11.31061,11.45016,766000,4804,26541004
2020-06-04,11.29067,11.7924,11.08134,11.61962,519000,3264,18149385
2020-06-05,12.09809,12.37389,11.65617,11.65617,1478500,4310,53621162
2020-06-08,11.84225,12.17784,11.65949,11.65949,724000,3986,25816235
2020-06-09,11.69604,11.69604,11.33387,11.397,461000,2884,15941311
2020-06-10,11.55649,11.88212,10.79891,10.79891,504100,2962,16790923
2020-06-12,10.46663,11.07801,10.05129,11.07801,696500,3766,22309096
2020-06-15,10.63277,11.34051,10.31711,11.07801,390600,2560,12598350
2020-06-16,11.38038,11.57643,10.97501,11.01488,380100,2542,12902614
2020-06-17,11.05808,11.46345,11.04146,11.22422,332500,1339,11252119
2020-06-18,11.19763,11.46013,11.07469,11.1046,351400,2525,11914217
2020-06-19,11.36377,11.49668,10.66599,10.66599,1309300,4733,42583082
2020-06-22,10.98498,12.69951,10.98165,12.69287,1308800,7200,46784412
2020-06-23,12.92546,13.56342,12.46028,12.63306,1622400,6394,63083249
2020-06-24,12.4636,12.96201,12.19446,12.4935,2983300,2711,112487119
2020-06-25,12.44366,12.97862,12.18116,12.92213,1199800,2874,46246481
2020-06-26,12.92213,14.21136,12.859,13.58336,1738000,5840,70776313
2020-06-29,13.62655,14.71974,13.4571,14.47718,1017400,4463,43047089
2020-06-30,14.50376,14.85597,13.52355,13.68969,993800,4314,42216374
2020-07-01,13.8525,15.09521,13.61659,15.09521,799900,3618,35076844
2020-07-02,15.28128,15.4009,14.5968,14.67986,417900,2679,18764449
2020-07-03,14.68319,15.00217,14.27117,14.93904,684400,1752,30712422
2020-07-06,15.31677,15.69304,15.05706,15.23353,490300,2793,22704251
2020-07-07,15.15029,15.47993,14.88724,14.9838,592400,3204,26825153
2020-07-08,14.9838,15.38337,14.96382,15.38337,890200,1956,40580813
2020-07-09,15.31677,15.58315,15.04374,15.35673,311700,1498,14322616
2020-07-10,15.55319,16.91505,15.41001,16.78186,1208800,6359,58769975
2020-07-13,16.94835,17.14813,16.036,16.3157,693400,4024,34650549
2020-07-14,16.31236,16.50882,15.93611,16.50882,1551100,3540,76247667
2020-07-15,16.53213,16.79518,16.34566,16.57874,431100,2726,21420279
2020-07-16,16.52547,16.85844,16.19583,16.79518,353600,2344,17637548
2020-07-17,16.81183,17.09818,16.75522,16.91505,580600,2932,29484206
2020-07-20,16.97831,17.22804,16.85178,17.11483,543900,2721,27909181
2020-07-21,17.1115,17.581,17.04158,17.55769,595600,3753,31072315
2020-07-22,17.61096,18.24028,17.36123,18.14372,588300,3491,31626989
2020-07-23,17.98056,18.38346,17.47777,17.80409,515100,2838,27877711
2020-07-24,17.74748,18.3768,17.13481,18.14372,604700,3678,32365106
2020-07-27,18.34683,18.81299,18.14705,18.51665,622600,4098,34744488
2020-07-28,18.52228,18.88873,18.27576,18.76547,439200,2728,24635204
2020-07-29,18.88873,19.97475,18.8221,19.82484,706600,4518,41456770
2020-07-30,19.68492,20.37784,19.26517,19.98808,456900,3000,27264381
2020-07-31,19.98808,20.70432,19.69492,20.18129,521800,3439,31731362
2020-08-03,20.15464,21.37059,19.53835,20.81758,875800,5784,54421712
2020-08-04,20.68766,21.46719,20.15797,20.28123,901300,5214,56001916
2020-08-05,20.48778,20.97749,20.36452,20.53109,1019000,5037,63339466
2020-08-06,20.74429,21.31728,20.33454,21.21068,592400,3831,37237130
2020-08-07,21.26398,21.63376,20.99081,21.32061,513900,3277,32940650
2020-08-10,21.40723,21.57713,20.82091,20.82091,506600,2691,31985621
2020-08-11,20.98415,21.12407,20.00806,20.15464,507200,3540,31506087
2020-08-12,20.37451,20.5111,19.75155,20.07136,680400,4110,41086898
2020-08-13,20.26791,20.9575,20.1713,20.85423,674100,3981,41789633
2020-08-14,20.69432,20.80092,19.58165,19.85815,655700,3792,39355381
2020-08-17,19.92145,20.12466,18.13251,18.45566,807500,4553,45940831
2020-08-18,18.81877,19.78153,18.51229,19.78153,690400,4661,39539940
2020-08-19,19.78153,20.0647,19.26851,19.65161,527700,3312,31030815
2020-08-20,19.26851,20.06137,18.77547,19.98808,404000,2808,23727772
2020-08-21,19.98475,20.5544,19.84816,20.5544,396200,2820,24033599
2020-08-24,20.65435,20.94417,20.44447,20.45447,305700,1988,18917895
2020-08-25,20.52442,20.81092,20.26458,20.29123,364400,2272,22373786
2020-08-26,20.42115,20.75095,19.57832,20.12466,1172500,5762,71072623
2020-08-27,20.22127,22.18677,20.14798,22.18677,1358300,4793,86875204
2020-08-28,21.99688,22.15012,21.28397,21.57047,681700,3752,44441515
2020-08-31,21.42056,21.92026,20.8942,21.56713,662200,3842,42659120
2020-09-01,21.72371,21.92026,21.19069,21.70372,4968000,3674,320982751
2020-09-02,21.70372,23.28611,21.69373,23.10288,1344700,6545,92017524
2020-09-03,22.99295,23.29277,21.37391,21.48385,2343500,9451,155600451
2020-09-04,21.65375,21.92026,20.07136,20.3412,2797700,14061,172559487
2020-09-08,20.16464,20.41782,18.92204,19.31514,1773000,9318,103546142
2020-09-09,19.36844,19.83484,19.07196,19.15524,1848900,11623,107383860
2020-09-10,19.0553,19.48837,18.57558,18.9487,1299300,8136,73756040
2020-09-11,19.1086,19.11859,18.42234,18.48897,1110600,5118,62241912
2020-09-14,18.6622,19.8948,18.59891,19.71157,1007300,6154,58564611
2020-09-15,19.79153,19.92478,19.1619,19.4917,589500,3515,34359636
2020-09-16,19.5017,19.87148,19.20521,19.56833,433600,3268,25572333
2020-09-17,19.52169,19.70491,19.01532,19.39176,517600,3627,30007486
2020-09-18,19.32181,19.45839,18.13251,18.16916,1124300,6548,62271026
2020-09-21,17.93597,17.93597,16.93323,17.12312,1756400,10682,90476798
2020-09-22,17.12645,17.48957,16.49349,17.21306,1580100,9183,79958731
2020-09-23,17.39296,17.85934,16.99319,17.43626,1155900,6605,60306160
2020-09-24,17.43626,18.13585,17.04317,17.8227,982300,6500,52229510
2020-09-25,17.76274,17.9393,17.47624,17.72609,945600,6030,50125486
2020-09-28,17.87933,18.64887,17.72942,18.02924,1352300,7941,74074492
2020-09-29,17.98594,18.02924,17.19641,17.53954,913500,5191,47913788
2020-09-30,17.6628,18.18915,17.51289,18.08255,1367400,6091,73331488
2020-10-01,18.07588,19.28183,17.9926,19.28183,790100,4533,44461828
2020-10-02,19.2252,19.66827,18.88207,19.36178,854100,4480,49659311
2020-10-05,19.48171,19.80485,19.12526,19.45506,665500,3805,38905335
2020-10-06,19.53168,20.42115,19.52835,20.29789,1025200,5779,62089278
2020-10-07,20.37451,20.58439,19.99474,20.39783,858200,3896,52497279
2020-10-08,20.40783,20.7243,20.108,20.21794,2277000,6467,138853966
2020-10-09,19.87814,20.68766,19.70491,20.40783,919500,4891,56352103
2020-10-13,20.46113,21.02079,20.39117,20.92085,594000,3215,36892607
2020-10-14,20.87754,20.98415,20.41116,20.8409,587600,3302,36506140
2020-10-15,20.67433,21.15405,20.31122,20.76095,556600,3192,34725564
2020-10-16,20.84423,20.88421,19.99141,20.10467,512600,3150,31169171
2020-10-19,20.15797,20.46446,19.73489,19.86148,362800,2260,21844602
2020-10-20,19.99141,20.20128,19.7782,19.99141,356100,2667,21368121
2020-10-21,20.03805,20.73763,19.92145,20.64768,599100,3424,36759432
2020-10-22,20.58772,21.07076,20.44447,20.84756,617500,3083,38531269
2020-10-23,20.91419,21.14738,20.20128,20.51776,469900,2759,29010063
2020-10-26,20.42115,20.60771,19.52502,19.82151,723900,4043,43243022
2020-10-27,19.82817,20.01139,18.98867,19.14524,695400,4283,40370157
2020-10-28,18.92204,18.92871,18.17916,18.39902,688700,4066,38098665
2020-10-29,18.05589,18.05589,17.45625,17.94596,1140200,6827,60920589
2020-10-30,17.88267,18.01925,16.65673,16.93323,1292500,5911,65908012
2020-11-03,17.27303,17.37963,16.6001,16.92324,1466400,5894,74232166
2020-11-04,17.03983,18.39902,16.78332,18.39902,1491000,7943,79437485
2020-11-05,18.58891,19.88814,18.3224,19.65494,1679100,8304,96923616
2020-11-06,19.49837,20.31455,19.01532,20.31455,1488300,7199,88717898
2020-11-09,20.65101,20.79093,19.5017,19.94144,1312300,7263,78742892
2020-11-10,19.94144,20.15464,18.72549,18.72549,1656000,7635,95852856
2020-11-11,18.82544,19.26851,18.25578,18.8221,957300,5545,53614717
2020-11-12,18.95869,19.62496,18.63555,19.555,1515300,5969,87757807
2020-11-13,19.4917,21.91692,19.41175,21.87362,2805400,13193,176035312
2020-11-16,21.98688,22.32002,21.46386,21.97689,1308000,7718,85995768
2020-11-17,21.68706,22.51324,21.37391,21.37391,708800,4560,46338319
2020-11-18,21.62377,21.95024,20.98748,21.62044,996000,5056,64165180
2020-11-19,21.65042,22.06351,21.38058,21.98688,649100,4184,42376330
2020-11-20,22.02686,23.31942,21.77034,23.11954,1082000,5536,74596896
2020-11-23,23.1362,23.22948,22.14346,22.48658,573400,3760,38756446
2020-11-24,22.48658,22.95963,22.25339,22.70312,656900,4672,44615483
2020-11-25,22.58652,23.31609,22.46993,23.07623,771000,4707,53398286
2020-11-26,23.02959,23.42602,22.55654,23.36273,673200,3542,46746166
2020-11-27,23.38272,23.78914,23.26612,23.71252,415600,3050,29343652
2020-11-30,23.68254,24.45208,23.33608,24.27885,901100,4346,65163326
2020-12-01,24.40877,25.6447,24.21555,25.31823,1140100,6882,85866113
2020-12-02,25.38819,25.75463,24.74857,24.92846,699900,4256,52548209
2020-12-03,24.88848,26.91727,24.87183,26.29098,1533900,7894,120661577
2020-12-04,26.61079,26.61079,25.94119,26.60746,579300,3524,45806809
2020-12-07,26.59414,26.6541,25.43816,25.6547,829200,3648,64660058
2020-12-08,25.47147,26.19104,25.32156,25.91787,526000,3358,40654140
2020-12-09,26.10109,27.02388,25.83125,26.4842,919100,6055,73337327
2020-12-10,26.4842,27.24708,25.8779,27.24708,842900,4941,67465736
2020-12-11,27.08384,28.83946,26.84398,28.81281,979000,5506,82388760
2020-12-14,28.81281,29.52239,28.18319,29.42911,916700,4874,79504937
2020-12-15,29.87884,30.99151,29.24255,30.24862,1359600,4989,123803849
2020-12-16,30.25195,31.24136,29.78223,31.23137,753000,4484,68891725
2020-12-17,31.28134,32.57723,31.09811,32.26409,1022100,5125,98213659
2020-12-18,32.28074,33.31013,31.82435,31.87099,1755300,9611,170936397
2020-12-21,31.43791,33.11691,30.82828,32.45731,1664800,7414,162758175
2020-12-22,32.8071,33.81316,32.64053,33.60329,1302900,8441,130562420
2020-12-23,33.7432,34.31286,33.15688,33.24017,1001000,5897,101493695
2020-12-28,33.19353,34.22292,33.03363,34.04636,682500,3109,69379882
2020-12-29,34.14296,34.70263,33.61662,34.09299,648500,4105,66191600
2020-12-30,33.97973,34.34617,32.69716,32.7971,2726100,9328,269466745
2021-01-04,33.31346,33.64326,31.71774,32.11417,1201400,6645,116861804
2021-01-05,32.09752,32.79044,31.04814,31.36462,1993900,10040,188992699
2021-01-06,31.27135,31.6811,30.71834,30.735,738400,5030,69045172
2021-01-07,30.85826,32.89371,30.85826,32.74713,1378900,5180,134391424
2021-01-08,33.21352,40.66907,33.0736,40.01946,3481200,15086,401130593
2021-01-11,39.30988,42.5746,38.73689,42.5746,1848600,10557,226477412
2021-01-12,42.73783,43.97377,41.17543,41.98829,2547000,12714,324938139
2021-01-13,42.2448,42.75449,41.30869,41.53522,1013800,6258,127131197
2021-01-14,41.94498,43.28751,41.02552,43.08429,2173600,6235,277274461
2021-01-15,42.99768,44.13034,41.55188,41.97496,1183200,6044,149490943
2021-01-18,42.18483,44.96984,42.16484,44.04039,774500,5659,102530303
2021-01-19,44.34022,48.28119,43.96045,44.97317,2271700,13140,313349107
2021-01-20,45.55615,46.67549,43.64063,45.97257,2050800,11262,280809598
2021-01-21,46.47227,46.47894,44.14367,44.48679,909300,6078,122596110
2021-01-22,44.0937,45.4229,43.55402,45.03313,911600,6079,122018322
2021-01-26,44.78661,46.83539,44.31356,46.83539,958600,5945,133170299
2021-01-27,46.6555,46.96865,41.54188,41.78507,1416400,8416,186712478
2021-01-28,41.78507,43.95378,40.93891,43.74724,2552500,9472,328349218
2021-01-29,43.3075,45.30298,43.08429,44.05705,1435500,9038,190505814
2021-02-01,44.19696,44.69334,42.42469,43.22754,1075300,6671,139448233
2021-02-02,43.22754,47.5483,43.1376,47.25847,1328400,7701,183612561
2021-02-03,47.25847,52.63194,46.60553,51.90237,2980600,11685,445266735
2021-02-04,52.12224,53.94115,50.51653,52.17887,1637300,8495,259308832
2021-02-05,52.49868,53.76792,49.97019,50.41659,1100200,6490,169550037
2021-02-08,50.63979,53.77459,50.18007,53.15163,1092900,6176,173029063
2021-02-09,53.05168,53.24823,49.5038,51.76245,1629000,10084,249863920
2021-02-10,51.68916,53.63467,48.02468,48.44776,1820200,11367,274949001
2021-02-11,49.41053,50.29665,48.52771,48.97079,1487500,7437,219942255
2021-02-12,48.97079,51.30273,48.05133,50.96959,1329400,9770,200198550
2021-02-17,51.43598,52.29546,49.63706,50.58649,1711800,8453,260752552
2021-02-18,51.26941,53.19493,49.9502,50.24003,1987500,10412,305156114
2021-02-19,50.63979,53.12497,50.13009,53.01504,1781500,11700,279040361
2021-02-22,51.83575,54.25097,49.47715,52.86179,1852100,11177,290646997
2021-02-23,53.28155,53.8079,51.25276,52.6819,1570000,9510,247658817
2021-02-24,52.98506,53.18493,51.88904,52.69856,1840100,11934,291444611
2021-02-25,52.73187,54.93056,50.30332,51.14615,2720900,14482,429379567
2021-02-26,50.6198,53.72794,50.6198,51.76245,13800700,27215,2153705913
2021-03-01,52.53866,56.69284,51.969,55.96661,2122400,13706,347812620
2021-03-02,55.76007,56.86607,54.11771,54.56744,2004100,12075,330563777
2021-03-03,54.70403,56.23645,52.0656,55.73008,2471600,10136,403428703
2021-03-04,56.13318,56.96601,52.30213,53.25822,2826700,12470,457184515
2021-03-05,53.42146,53.96114,46.30571,50.38993,3217500,15958,483858999
2021-03-08,49.4505,49.5571,45.01648,46.01588,3239700,12277,453179119
2021-03-09,46.25241,48.01802,45.39626,46.68881,1721600,11088,241646722
2021-03-10,46.63884,47.55496,45.63944,46.6555,1439300,8017,201450729
2021-03-11,46.97198,47.70487,44.97317,47.70487,1846000,9718,256888080
2021-03-12,47.60493,47.89143,45.55615,47.45502,1201600,8128,168787803
2021-03-15,46.72213,52.1289,46.63884,51.24277,1255200,8508,190437717
2021-03-16,51.24277,51.77578,49.17733,50.74306,1612400,7014,244121129
2021-03-17,50.63646,52.05561,49.93687,50.96959,1411900,6616,215619521
2021-03-18,50.90297,51.88239,48.57103,48.77424,1057500,5640,159061306
2021-03-19,49.50713,51.50927,48.64098,51.50927,1366900,6150,207701658
2021-03-22,51.49416,52.60708,50.38791,51.48083,602800,3576,92818436
2021-03-23,51.06432,55.97916,50.82774,55.77923,2278100,10113,374894407
2021-03-24,55.77923,56.51229,53.04025,53.90326,1343400,7035,221145944
2021-03-25,53.90993,53.9799,51.25092,51.64743,1292800,7437,203382886
2021-03-26,51.7574,53.14688,49.83811,50.98102,1365500,9051,211379487
2021-03-29,51.031,52.2672,50.24796,50.6778,876700,6157,133799124
2021-03-30,51.1876,52.03396,50.38791,51.17428,940300,5633,144641519
2021-03-31,51.14096,52.31052,50.42123,52.21723,1021400,7201,158433775
2021-04-01,52.21389,54.71296,51.88401,54.03654,1387600,8624,223668281
2021-04-05,54.3231,54.66298,53.0969,53.52007,671100,3916,107842575
2021-04-06,53.55006,56.14576,53.31681,56.03247,1137200,5574,187961219
2021-04-07,56.02914,58.81144,55.65928,58.5482,1553600,7266,271016086
2021-04-08,58.5682,59.078,57.36197,57.63187,888100,4897,154467883
2021-04-09,57.57856,59.64113,57.4786,58.26164,1133900,5550,199019546
2021-04-12,58.67149,64.53264,58.4749,62.96656,3015300,15109,564176022
2021-04-13,63.63964,64.22276,61.15723,61.76367,998900,5549,186177271
2021-04-14,62.14353,63.59965,61.35715,62.74331,1157100,6160,217251052
2021-04-15,63.30976,63.76292,61.1439,62.47341,970000,6274,180931971
2021-04-16,63.64297,66.05874,63.17648,63.82956,2832800,12660,549956240
2021-04-19,63.82624,64.84252,62.21684,62.21684,829000,5297,156427405
2021-04-20,62.23016,63.7196,61.50044,62.00358,1173700,4864,218934804
2021-04-22,62.74997,63.61964,61.88029,63.1265,1062700,5642,199772764
2021-04-23,63.30643,68.14462,63.10317,67.00839,2813200,11483,563404094
2021-04-26,67.145,68.10464,66.44859,67.12501,1211600,7739,245356611
2021-04-27,67.45489,74.15572,67.29827,72.80623,3393000,17488,728865771
2021-04-28,73.27605,75.40859,71.9732,74.40562,1585200,9261,353265157
2021-04-29,75.47189,78.17755,74.63888,76.53816,2656500,12709,609641119
2021-04-30,76.5415,78.47078,75.49522,77.20459,5462700,16315,1265645330
2021-05-03,77.63776,78.51077,75.58852,77.25124,1393900,9089,322128730
2021-05-04,77.47115,77.79436,69.72737,71.30679,2433100,13615,529133884
2021-05-05,72.03984,74.26901,70.8003,72.97282,1335200,6703,290588662
2021-05-06,73.92248,74.61221,69.48746,69.72071,1433300,6791,304563876
2021-05-07,69.9073,70.92027,68.74441,69.96728,1219000,7616,255399220
2021-05-10,70.64037,71.21681,65.66222,66.55855,1805400,7716,364089853
2021-05-11,65.90879,68.47118,64.05615,67.7781,1498400,8949,299716073
2021-05-12,67.77477,67.90805,61.64704,62.52005,1583500,9120,300787174
2021-05-13,62.45341,64.61261,59.078,60.6141,2347100,15200,430563822
2021-05-14,61.79699,62.64001,60.0743,60.37752,1682700,9129,308205163
2021-05-17,60.51413,61.11058,59.32457,59.99099,696500,5059,125627391
2021-05-18,60.04431,60.97729,58.64483,60.36419,786900,5500,141799969
2021-05-19,58.82476,59.81773,57.07208,59.55449,1292600,7669,227978586
2021-05-20,59.971,64.80587,59.82106,61.44379,1751100,11580,327247795
2021-05-21,61.66371,62.06023,58.47823,59.60114,1334700,8186,238807367
2021-05-24,65.97543,74.4023,65.82549,74.4023,4202800,24510,885968805
2021-05-25,74.30566,75.80511,68.86436,69.21423,2151500,12613,461032908
2021-05-26,70.43377,74.97208,66.67517,67.4149,4692800,22198,324026006
2021-05-27,68.57446,68.67442,64.87585,67.07502,4577400,13343,304622323
2021-05-28,67.59483,68.53448,66.09539,66.77514,2472700,11350,165468194
2021-05-31,66.28532,68.91434,65.90546,68.30457,2012000,9272,136170982
2021-06-01,68.30457,68.62445,65.03578,65.84548,3019800,13732,200971094
2021-06-02,65.92545,67.92471,64.436,65.81549,2408700,11424,159812186
2021-06-04,65.87547,67.87473,65.7855,66.21534,2746400,11013,182673870
2021-06-07,66.01542,67.20498,63.61631,63.75626,3348000,16051,216674748
2021-06-08,64.96581,64.97581,62.5767,63.42638,2578100,10381,164835334
2021-06-09,63.50635,65.29568,61.777,64.96581,5515300,21301,352689401
2021-06-10,64.58595,66.57521,63.47636,66.57521,3265300,12993,211237053
2021-06-11,66.29531,66.29531,64.28606,64.35603,2148900,8313,139649074
2021-06-14,64.35603,65.29568,63.81624,64.07614,1480200,8107,95224510
2021-06-15,64.07614,64.466,61.71702,62.32679,2626300,12054,165262442
2021-06-16,62.32679,67.39491,61.42713,65.74551,7938300,32883,521594118
2021-06-17,66.35529,70.87361,66.11538,69.26421,6989900,23050,479444465
2021-06-18,68.57446,70.02393,67.47488,67.9447,2296000,11325,157631696
2021-06-21,68.17461,69.13426,66.82511,69.13426,2043400,9042,139470145
2021-06-22,68.29457,71.46339,68.00468,70.22385,2799600,13832,195826604
2021-06-23,69.80401,72.37305,69.80401,71.64332,2597800,10685,185970897
2021-06-24,72.18312,73.3327,68.70442,69.17424,3167200,11366,222663840
2021-06-25,71.37342,72.17312,68.97432,69.97395,12248100,12443,858683804
2021-06-28,69.97395,71.86324,69.86398,70.87361,3125700,12793,221086447
2021-06-29,70.97357,74.71218,70.97357,73.80252,5902600,23251,435348457
2021-06-30,73.82251,78.45079,73.82251,77.76105,10163500,35448,786531541
2021-07-01,78.96059,79.47041,76.38156,77.39118,4197500,19530,327466064
2021-07-02,78.08092,79.17052,77.22124,78.71069,2791700,14714,218837064
2021-07-05,79.32047,79.96022,77.13128,78.11092,3756700,10953,295757393
2021-07-06,77.59111,79.32047,76.21162,77.45116,2872400,14689,222871963
2021-07-07,78.27086,79.2205,74.57223,77.24123,5030100,20743,386433316
2021-07-08,75.76179,76.47153,74.01244,75.94172,4223800,16228,317399090
2021-07-12,76.49152,79.25049,76.49152,78.58074,2925400,14047,229450737
2021-07-13,78.27086,80.36008,76.52151,76.97134,2976700,13152,230904902
2021-07-14,77.99095,81.67958,77.39118,81.6496,5518600,22534,442866143
2021-07-15,81.66959,83.21901,80.42005,82.30935,3109700,15654,255352285
2021-07-16,82.36933,83.90876,81.3597,82.1894,3004600,11938,248583166
2021-07-19,81.17977,82.89913,79.32047,82.89913,3389000,13477,274325781
2021-07-20,83.34896,83.56888,81.3797,82.79917,1884400,9207,155524054
2021-07-21,83.269,86.7377,83.09905,84.8684,3720500,14260,318327567
2021-07-22,84.8584,85.71808,81.91949,82.75919,2440500,10773,202878957
2021-07-23,83.15,83.68,80.84,81.3,3390400,8308,276552622
2021-07-26,81.07,82.44,79.67,79.8,1790600,9156,144383123
2021-07-27,79.74,79.8,74.92,76.78,3018800,13516,231746992
2021-07-28,76.51,79.23,75.47,76.71,1835800,9686,141412310
2021-07-29,77.47,77.47,74.65,75.5,4793800,9522,360848817
2021-07-30,74.99,75.39,69.99,70.98,3894700,18262,279283054
2021-08-02,72.75,75.98,71.55,72.0,4050700,14702,294992375
2021-08-03,71.6,73.19,68.78,72.13,2602100,11057,185775386
2021-08-04,72.5,72.76,69.75,69.98,2572200,11258,181830286
2021-08-05,71.0,72.5,69.82,70.55,2641800,10464,188706614
2021-08-06,71.0,72.52,69.5,72.18,1832600,8952,130937783
2021-08-09,72.16,74.22,70.77,73.67,2751100,10978,199652206
2021-08-10,73.82,75.05,72.56,74.57,3731900,15750,276393921
2021-08-11,74.85,74.89,70.8,71.8,4382300,17339,316905006
2021-08-12,71.8,72.32,66.09,67.38,8094200,32493,547139195
2021-08-13,68.0,68.73,64.51,65.65,4577600,22882,302072129
2021-08-16,65.08,66.1,63.41,64.2,4378300,22419,283397671
2021-08-17,63.83,64.1,58.64,61.99,5563900,24276,340125363
2021-08-18,61.99,63.92,60.36,62.77,3439000,18813,213931281
2021-08-19,61.24,66.0,60.01,64.58,6417600,21892,400280533
2021-08-20,64.0,67.51,63.05,66.92,3040500,13456,201259642
2021-08-23,67.04,69.34,66.97,67.2,2856500,14437,194522433
2021-08-24,67.44,70.62,67.0,67.16,2811200,11400,193358615
2021-08-25,67.5,67.98,63.49,64.19,4655700,18970,304318773
2021-08-26,65.65,70.28,65.65,67.12,9338800,30905,636333232
2021-08-27,70.15,72.25,69.18,71.86,5139000,22402,363836108
2021-08-30,72.0,72.93,69.73,70.26,2281200,12291,162357323
2021-08-31,70.16,71.73,65.85,67.79,5799700,24161,394042836
2021-09-01,68.35,68.35,63.93,66.51,6106400,27645,402087352
2021-09-02,65.79,70.19,65.46,66.33,5731000,27061,391195141
2021-09-03,66.95,68.29,63.33,63.75,13135600,31536,844285951
2021-09-06,63.45,65.0,63.0,63.69,2681300,12578,170928201
2021-09-08,63.48,63.48,59.49,59.79,4490600,21280,272367048
2021-09-09,59.91,64.0,58.83,62.63,6109100,29724,371454889
2021-09-10,64.06,64.34,61.01,61.49,3703000,21164,231669169
2021-09-13,62.65,65.73,62.65,65.39,3822100,19583,247447818
2021-09-14,65.51,68.93,65.51,67.46,4753300,23775,320969220
2021-09-15,67.12,67.2,64.54,65.11,2915500,13816,190500316
2021-09-16,64.24,67.08,63.5,64.54,3937900,14287,255022971
2021-09-17,63.8,64.11,60.01,60.01,5991700,20504,365257037
2021-09-20,57.83,58.18,55.42,56.98,5696600,27467,321984229
2021-09-21,58.18,58.45,55.56,58.05,5474000,21055,313019410
2021-09-22,58.8,60.95,58.56,59.25,5165200,26115,308516271
2021-09-23,59.4,61.43,59.19,60.58,4396300,14292,266103571
2021-09-24,59.38,64.29,58.54,61.08,7016300,23694,430360498
2021-09-27,60.86,60.86,57.62,58.71,4552600,18414,267390100
2021-09-28,57.4,57.72,50.0,51.77,12803000,45008,674056076
2021-09-29,53.11,53.86,48.82,50.3,9709500,32625,489091961
2021-09-30,50.33,51.43,45.97,46.65,15195600,39374,724084954
2021-10-01,50.0,51.3,46.8,51.1,15353100,51031,758039463
2021-10-04,51.88,51.88,44.0,44.24,12549000,43563,581063739
2021-10-05,44.92,46.89,42.72,42.88,13442100,40882,591552615
2021-10-06,41.29,42.68,39.84,41.55,16291200,46993,671244527
2021-10-07,43.36,47.44,43.17,46.56,15845100,54735,717390923
2021-10-08,46.55,50.95,45.23,50.01,16173100,49776,796126755
2021-10-11,50.0,50.31,44.38,44.9,10738500,40366,498135872
2021-10-13,45.15,48.85,44.6,48.4,8513600,34093,400131552
2021-10-14,48.67,52.12,47.8,50.9,7386900,26435,370485661
2021-10-15,50.81,51.86,49.02,50.28,6051500,25245,307085735
2021-10-18,49.17,49.47,47.29,48.3,4888100,21783,236640104
2021-10-19,48.41,48.48,44.18,45.02,6170600,27802,282876492
2021-10-20,45.41,49.0,45.02,48.15,7662400,22918,362587123
2021-10-21,46.32,46.87,41.69,43.0,12888100,43016,562712149
2021-10-22,41.86,41.86,37.17,40.14,22603200,67182,893290920
2021-10-25,41.17,43.45,39.76,42.22,9740600,32670,411805156
2021-10-26,41.5,41.95,39.35,39.82,8753400,24690,353616444
2021-10-27,41.01,42.55,39.4,40.1,9924300,32193,404898055
2021-10-28,39.4,41.98,39.01,39.51,8068900,27499,326350879
2021-10-29,40.1,40.28,35.5,35.5,11789200,30569,438348317
2021-11-01,36.34,43.09,36.2,42.31,13766500,39581,558047631
2021-11-03,44.04,46.62,41.84,44.58,13487900,41957,588530913
2021-11-04,43.94,45.87,42.52,43.51,9594200,32478,418873712
2021-11-05,44.38,46.84,43.78,46.17,8910600,28324,406643948
2021-11-08,45.36,45.49,41.78,42.8,7834600,27548,337534197
2021-11-09,43.15,44.22,41.43,42.83,9550900,30880,408361595
2021-11-10,43.0,47.28,42.54,43.8,12510100,42824,565924071
2021-11-11,45.25,48.9,44.4,46.46,7804700,30463,366723550
2021-11-12,46.71,47.9,43.5,45.15,6063500,22630,271811675
2021-11-16,45.75,46.3,41.5,42.87,6510800,26884,281362132
2021-11-17,44.0,44.45,38.68,39.73,10989900,34490,444099069
2021-11-18,40.01,41.33,38.61,38.95,7660600,27000,303595991
2021-11-19,38.81,42.37,37.55,40.81,8947200,29405,365025931
2021-11-22,40.55,41.83,35.05,35.05,13159700,42880,490801575
2021-11-23,35.85,36.41,32.39,34.8,13776400,41851,468201522
2021-11-24,34.12,37.23,33.76,36.2,9315500,26304,333451154
2021-11-25,36.59,39.22,36.55,37.56,6039400,20487,230082906
2021-11-26,35.8,36.74,34.5,36.08,7925400,24628,283722332
2021-11-29,37.49,39.21,36.35,37.71,10661600,39802,405539268
2021-11-30,37.4,39.38,35.9,36.23,12896000,42292,479725191
2021-12-01,37.5,38.58,33.33,33.44,10248200,35285,366005045
2021-12-02,34.34,34.82,32.4,32.99,7425300,26077,249019659
2021-12-03,31.86,35.34,31.86,32.99,9461200,31913,316829997
2021-12-06,33.51,34.78,32.86,33.0,7313300,24325,245225435
2021-12-07,33.9,37.8,33.83,37.41,11367800,35375,411583460
2021-12-08,37.01,38.7,36.52,38.23,8498800,33664,321545548
2021-12-09,37.85,39.84,35.07,35.26,12789800,43387,478885917
2021-12-10,36.5,38.74,36.12,37.51,8414000,30760,315775934
2021-12-13,37.23,40.29,36.41,36.54,7305000,26825,275654526
2021-12-14,37.63,37.74,33.3,33.51,8113000,33190,280492780
2021-12-15,33.99,35.19,32.24,34.98,9381700,33070,316630424
2021-12-16,35.3,36.15,31.9,32.28,11891700,33387,391688485
2021-12-17,31.95,31.95,29.7,30.32,14607500,36472,447957220
2021-12-20,29.5,30.85,28.75,29.03,9106800,24800,268100727
2021-12-21,29.6,29.75,27.76,28.24,21812100,26460,613128087
2021-12-22,28.5,29.54,27.8,28.59,11340000,30322,325961297
2021-12-23,28.74,29.32,27.83,28.58,5058200,17742,144322492
2021-12-27,28.76,29.4,28.44,29.22,5375300,15585,156007716
2021-12-28,29.0,29.38,28.29,29.0,4476700,11956,129346027
2021-12-29,29.01,29.5,27.53,27.58,5219600,15955,146848458
2021-12-30,27.91,29.28,27.5,28.57,10467000,22982,298137024
