Date,Open,High,Low,Close,Volume,Neg,Fin
2010-04-23,2.98067,2.98067,2.98067,2.98067,1000,1,3110
2010-05-28,2.69315,2.69315,2.69315,2.69315,1000,1,2810
2010-07-23,3.06693,3.06693,3.06693,3.06693,1000,1,3200
2010-08-24,2.87524,2.87524,2.87524,2.87524,2000,1,6000
2010-08-31,2.87524,2.87524,2.87524,2.87524,2000,1,6000
2010-09-09,2.904,2.904,2.904,2.904,1000,1,3030
2010-09-22,2.904,2.904,2.904,2.904,1000,1,3030
2010-10-04,2.82732,2.82732,2.82732,2.82732,2000,1,5900
2010-10-08,2.68356,2.68356,2.68356,2.68356,2000,1,5600
2010-12-07,2.54938,2.54938,2.54938,2.54938,3000,2,7980
2010-12-30,2.45354,2.45354,2.45354,2.45354,2000,1,5120
2011-04-01,2.45354,2.45354,2.45354,2.45354,1000,1,2560
2011-06-14,2.68356,2.68356,2.68356,2.68356,4000,4,11200
2011-06-15,2.87524,2.87524,1.83057,1.83057,6000,6,13940
2011-06-22,1.72515,1.72515,1.72515,1.72515,1000,1,1800
2011-08-01,1.44721,1.44721,1.44721,1.44721,1000,1,1510
2011-08-08,1.3897,1.3897,1.3897,1.3897,2000,2,2900
2011-08-11,1.3897,1.3897,1.3897,1.3897,1000,1,1450
2011-08-12,1.43762,1.43762,1.43762,1.43762,1000,1,1500
2011-08-31,1.72515,1.72515,1.72515,1.72515,1000,1,1800
2011-09-08,2.01267,2.01267,2.01267,2.01267,2000,2,4200
2011-12-23,3.35445,3.35445,3.34487,3.34487,172000,4,601800
2012-01-09,1.7539,1.90725,1.7539,1.90725,2000,2,3820
2012-01-10,1.90725,1.90725,1.90725,1.90725,1000,1,1990
2012-01-20,1.54305,1.54305,1.54305,1.54305,1000,1,1610
2012-02-02,1.53346,1.53346,1.53346,1.53346,2000,2,3200
2012-02-10,2.06059,2.06059,2.06059,2.06059,4000,3,8600
2012-02-15,2.06059,2.06059,2.06059,2.06059,1000,1,2150
2012-02-24,2.20435,2.20435,2.20435,2.20435,2000,2,4600
2012-02-27,2.39604,2.39604,2.39604,2.39604,12000,3,30000
2012-02-28,2.39604,2.39604,2.39604,2.39604,1000,1,2500
2012-02-29,2.63564,2.63564,2.63564,2.63564,1000,1,2750
2012-03-01,2.7794,2.97109,2.7794,2.97109,9000,7,27290
2012-03-02,3.35445,3.83366,3.35445,3.73782,9000,8,35200
2012-03-05,3.73782,3.9295,3.73782,3.9295,3000,3,12000
2012-03-06,3.9295,3.9295,2.69315,2.69315,6000,6,19240
2012-03-14,2.63564,2.63564,2.63564,2.63564,1000,1,2750
2012-04-20,2.40562,2.40562,2.40562,2.40562,1000,1,2510
2012-04-23,2.40562,2.40562,2.40562,2.40562,1000,1,2510
2012-05-28,2.87524,2.87524,2.87524,2.87524,1000,1,3000
2012-06-01,2.87524,2.87524,2.87524,2.87524,1000,1,3000
2012-06-04,2.87524,2.87524,2.87524,2.87524,1000,1,3000
2012-06-25,2.7794,2.7794,2.7794,2.7794,1000,1,2900
2012-07-12,2.87524,2.87524,2.87524,2.87524,1000,1,3000
2012-09-18,2.97109,2.97109,2.97109,2.97109,1000,1,3100
2012-12-28,4.68665,4.68665,4.36079,4.36079,3000,3,13990
2013-01-18,4.60998,4.60998,4.60998,4.60998,2000,2,9620
2013-01-30,4.79207,4.79207,4.79207,4.79207,1000,1,5000
2013-02-06,4.79207,4.79207,4.79207,4.79207,2000,1,10000
2013-02-07,4.79207,4.79207,4.79207,4.79207,1000,1,5000
2013-02-14,4.79207,4.79207,4.79207,4.79207,2000,1,10000
2013-02-18,6.52681,6.52681,6.52681,6.52681,2000,2,13620
2013-02-19,7.04435,8.09861,7.04435,8.09861,4000,4,31250
2013-02-20,8.09861,8.09861,8.09861,8.09861,1000,1,8450
2013-02-21,8.86534,8.86534,8.19445,8.62574,5000,4,44800
2013-02-22,8.62574,8.62574,7.66732,7.66732,9000,7,78120
2013-02-26,6.69932,6.69932,6.69932,6.69932,1000,1,6990
2013-03-05,7.66732,7.66732,7.66732,7.66732,3000,2,24000
2013-03-28,7.66732,7.66732,7.66732,7.66732,9000,4,72000
2013-04-15,7.58106,7.58106,7.58106,7.58106,1000,1,7910
2013-05-03,7.1977,7.1977,7.1977,7.1977,1000,1,7510
2013-05-06,7.23603,7.23603,7.23603,7.23603,2000,2,15100
2013-05-07,7.28395,7.28395,7.28395,7.28395,1000,1,7600
2013-05-10,7.37979,7.37979,7.37979,7.37979,2000,2,15400
2013-05-13,7.37979,7.37979,7.37979,7.37979,1000,1,7700
2013-05-14,7.37979,7.37979,7.37979,7.37979,2000,2,15400
2013-05-21,7.64815,7.64815,7.64815,7.64815,1000,1,7980
2013-05-29,7.66732,7.66732,7.66732,7.66732,2000,2,16000
2013-05-31,8.43405,8.43405,8.43405,8.43405,2000,2,17600
2013-06-11,7.66732,7.66732,7.57148,7.57148,2000,2,15900
2013-06-12,7.47564,7.47564,7.47564,7.47564,1000,1,7800
2013-06-17,9.58415,9.58415,9.58415,9.58415,1000,1,10000
2013-08-28,7.66732,7.66732,7.66732,7.66732,57000,5,456000
2013-08-29,7.66732,8.14653,7.66732,8.14653,3000,2,24500
2013-09-03,8.01235,8.01235,8.01235,8.01235,1000,1,8360
2013-09-04,8.62574,8.62574,8.62574,8.62574,1000,1,9000
2013-09-05,8.65449,8.65449,8.65449,8.65449,1000,1,9030
2013-09-06,8.68324,8.7695,8.67365,8.7695,3000,3,27260
2013-09-10,8.62574,8.81742,8.62574,8.81742,7000,6,63200
2013-09-11,8.99952,8.99952,8.99952,8.99952,1000,1,9390
2013-09-12,8.72158,8.99952,8.72158,8.99952,2000,2,18490
2013-09-13,8.81742,8.91326,8.6449,8.91326,3000,3,27520
2013-09-16,8.91326,9.0091,8.91326,9.0091,2000,2,18700
2013-09-17,9.10494,9.10494,9.10494,9.10494,1000,1,9500
2013-09-18,9.10494,9.10494,9.10494,9.10494,198000,7,1881000
2013-09-26,8.62574,8.89409,8.62574,8.89409,28000,10,252560
2013-09-27,8.91326,9.20078,8.91326,9.20078,4000,2,37500
2013-09-30,9.10494,9.10494,9.10494,9.10494,3000,3,28500
2013-10-04,9.10494,9.10494,9.10494,9.10494,62000,8,589000
2013-10-10,9.10494,9.10494,9.10494,9.10494,14000,3,133000
2013-10-11,9.10494,9.10494,9.10494,9.10494,36000,3,342000
2013-10-15,9.10494,9.10494,9.10494,9.10494,6000,3,57000
2013-10-16,8.72158,9.10494,8.72158,9.10494,11000,6,102150
2013-10-17,8.81742,9.10494,8.81742,9.10494,9000,3,85200
2013-10-22,9.10494,9.48831,9.10494,9.10494,61000,10,579900
2013-10-23,9.10494,9.10494,9.10494,9.10494,11000,2,104500
2013-10-28,9.57456,10.35088,9.10494,9.10494,13000,6,134590
2013-10-30,9.10494,9.10494,9.10494,9.10494,28000,12,266000
2013-10-31,9.10494,9.10494,9.10494,9.10494,23000,4,218500
2013-11-01,9.10494,9.11453,9.10494,9.11453,6000,2,57050
2013-11-04,9.11453,9.39247,9.11453,9.39247,7000,3,68010
2013-11-06,9.10494,9.20078,9.10494,9.20078,11000,3,105100
2013-11-07,9.15286,9.16245,9.15286,9.16245,4000,2,38220
2013-11-08,9.22954,9.22954,9.22954,9.22954,1000,1,9630
2013-11-11,9.48831,9.58415,9.48831,9.58415,10000,6,99580
2013-11-12,9.67999,9.77583,9.40205,9.40205,8000,6,80610
2013-11-13,9.67999,9.87167,9.67999,9.87167,10000,5,102070
2013-11-14,9.87167,9.87167,9.87167,9.87167,1000,1,10300
2013-11-18,9.67999,9.67999,9.67999,9.67999,1000,1,10100
2013-11-21,10.00585,10.06336,9.58415,9.58415,139000,16,1395630
2013-11-25,9.56498,9.58415,9.56498,9.58415,26000,8,259940
2013-11-26,9.58415,9.58415,9.58415,9.58415,17000,3,170000
2013-11-27,9.58415,9.58415,9.58415,9.58415,100000,2,1000000
2013-11-28,9.58415,9.58415,9.58415,9.58415,4000,1,40000
2013-11-29,9.58415,9.58415,9.58415,9.58415,200000,5,2000000
2013-12-02,9.10494,9.58415,9.10494,9.58415,22000,7,219000
2013-12-04,8.73116,9.57456,8.73116,9.57456,2000,2,19100
2013-12-05,9.56498,9.56498,9.56498,9.56498,1000,1,9980
2013-12-06,9.5554,9.58415,9.5554,9.58415,7000,5,69940
2013-12-10,9.58415,9.58415,9.58415,9.58415,4000,2,40000
2013-12-11,9.57456,9.58415,9.57456,9.58415,36000,2,359990
2013-12-12,9.53623,9.53623,9.53623,9.53623,1000,1,9950
2013-12-13,9.39247,9.39247,9.29662,9.29662,3000,3,29200
2013-12-16,9.48831,9.58415,9.48831,9.58415,122000,3,1219800
2013-12-17,9.5554,9.56498,9.5554,9.56498,2000,2,19950
2013-12-18,9.56498,9.58415,9.0091,9.58415,10000,8,98860
2013-12-19,9.57456,9.57456,9.57456,9.57456,1000,1,9990
2013-12-26,9.10494,9.57456,9.10494,9.57456,4000,2,38490
2013-12-30,9.57456,9.57456,9.57456,9.57456,1000,1,9990
2014-02-03,9.61361,9.62343,9.23063,9.57433,10400,10,100997
2014-02-04,9.32883,9.32883,9.32883,9.32883,3000,2,28500
2014-02-05,9.13244,9.28955,8.93604,9.28955,1500,7,13974
2014-02-06,9.29937,9.29937,9.27973,9.27973,2100,3,19866
2014-02-07,9.04406,9.26991,9.03424,9.26009,2600,5,24239
2014-02-10,8.98514,9.18154,8.98514,9.18154,2000,6,18600
2014-02-11,9.26009,9.27973,9.08334,9.27973,4600,10,43040
2014-02-12,9.13244,9.22082,9.13244,9.22082,1100,2,10239
2014-02-13,8.59235,9.17172,8.59235,9.17172,400,4,3634
2014-02-14,9.17172,9.23063,9.17172,9.23063,2900,3,27112
2014-02-19,8.83784,9.03424,8.83784,8.83784,6000,3,54100
2014-02-20,8.73964,8.83784,8.59235,8.8182,2500,6,22246
2014-02-21,8.83784,9.17172,8.83784,9.17172,3200,3,29190
2014-02-24,8.90658,9.20118,8.83784,9.18154,4700,12,43386
2014-02-25,9.22082,9.22082,8.95568,9.13244,2200,5,20454
2014-02-26,9.1619,9.1619,9.1619,9.1619,200,1,1866
2014-02-27,9.10298,9.17172,9.10298,9.17172,3200,4,29708
2014-02-28,9.19136,9.19136,9.19136,9.19136,300,2,2808
2014-03-05,9.22082,9.23063,9.22082,9.23063,2900,2,27250
2014-03-06,9.13244,9.23063,9.03424,9.03424,2300,3,21340
2014-03-07,9.20118,9.20118,8.73964,8.82802,13300,13,119625
2014-03-10,9.08334,9.08334,8.83784,8.83784,1500,2,13625
2014-03-11,9.03424,9.03424,9.03424,9.03424,500,1,4600
2014-03-13,8.80838,8.83784,8.80838,8.83784,1600,2,14370
2014-03-14,8.82802,8.82802,8.82802,8.82802,1100,2,9889
2014-03-17,8.80838,8.80838,8.64145,8.64145,2000,2,17770
2014-03-18,8.8182,8.8182,8.8182,8.8182,1000,1,8980
2014-03-19,8.8182,8.8182,8.8182,8.8182,1000,1,8980
2014-03-20,8.8182,8.8182,8.35667,8.35667,3000,4,26210
2014-03-21,8.60217,8.93604,8.54325,8.73964,32500,20,291400
2014-03-24,8.83784,8.83784,8.83784,8.83784,600,2,5400
2014-03-26,8.59235,8.82802,8.50397,8.50397,1100,3,9604
2014-03-27,8.73964,8.82802,8.73964,8.82802,200,2,1789
2014-03-28,8.60217,8.60217,8.59235,8.59235,500,3,4376
2014-03-31,8.63163,8.63163,8.63163,8.63163,200,2,1758
2014-04-01,8.73964,8.73964,8.73964,8.73964,100,1,890
2014-04-02,8.59235,8.80838,8.35667,8.35667,6600,8,56606
2014-04-03,8.60217,8.80838,8.54325,8.73964,500,5,4404
2014-04-04,8.64145,8.73964,8.64145,8.73964,200,2,1770
2014-04-07,8.44505,8.72982,8.44505,8.72982,3700,5,31969
2014-04-11,8.73964,8.73964,8.73964,8.73964,200,2,1780
2014-04-15,8.39595,8.39595,8.39595,8.39595,200,1,1710
2014-04-16,8.39595,8.39595,8.39595,8.39595,2200,2,18810
2014-04-17,8.83784,8.83784,8.83784,8.83784,100,1,900
2014-04-24,8.82802,8.82802,8.82802,8.82802,200,2,1798
2014-04-25,8.80838,8.80838,8.80838,8.80838,100,1,897
2014-04-29,8.49415,8.49415,8.44505,8.44505,800,3,6886
2014-04-30,8.64145,8.73964,8.64145,8.73964,700,3,6175
2014-05-06,8.39595,8.82802,8.39595,8.82802,6200,8,55129
2014-05-07,8.72982,8.73964,8.72982,8.73964,1600,3,14237
2014-05-09,8.39595,8.72,8.39595,8.72,400,3,3478
2014-05-12,7.95406,8.44505,7.95406,8.44505,1600,6,13233
2014-05-15,8.43523,8.44505,8.43523,8.44505,900,2,7739
2014-05-16,8.14063,8.43523,8.14063,8.43523,500,4,4177
2014-05-19,7.85586,7.85586,7.66928,7.66928,38000,25,303428
2014-05-20,7.85586,7.85586,7.53181,7.75766,700,3,5425
2014-05-21,7.83622,7.83622,7.83622,7.83622,100,1,798
2014-05-26,8.34685,8.34685,8.14063,8.14063,17400,3,144939
2014-05-28,7.79694,8.10136,7.79694,7.99334,1500,8,12120
2014-05-29,8.13081,8.13081,7.91478,8.10136,14300,9,117965
2014-05-30,7.95406,8.15045,7.95406,8.15045,2600,4,21134
2014-06-05,7.36487,7.85586,7.36487,7.39433,325800,29,2444850
2014-06-06,7.61036,7.85586,7.43361,7.85586,35500,27,283206
2014-06-09,7.85586,7.85586,7.85586,7.85586,100,1,800
2014-06-13,7.37469,7.80676,7.37469,7.80676,500,5,3909
2014-06-16,7.65946,7.85586,7.63982,7.63982,14100,6,112758
2014-06-25,7.84604,7.84604,7.84604,7.84604,100,1,799
2014-06-26,7.85586,7.85586,7.85586,7.85586,300,1,2400
2014-06-30,7.84604,8.34685,7.84604,8.34685,10000,5,82746
2014-07-03,7.75766,7.85586,7.75766,7.85586,5100,4,40300
2014-07-04,7.48271,7.85586,7.48271,7.85586,400,4,3124
2014-07-08,7.85586,7.85586,7.85586,7.85586,100,1,800
2014-07-11,7.75766,7.75766,7.75766,7.75766,100,1,790
2014-07-18,7.69874,7.74784,7.69874,7.74784,1200,4,9418
2014-07-21,7.56126,7.56126,7.36487,7.36487,3200,8,24020
2014-07-23,7.36487,7.36487,7.36487,7.36487,200,2,1500
2014-07-24,7.36487,7.80676,7.36487,7.80676,2400,5,18090
2014-07-29,7.39433,7.52199,7.36487,7.52199,3800,16,28790
2014-07-30,7.31577,7.31577,7.10955,7.10955,400,2,2938
2014-07-31,7.16847,7.36487,7.07027,7.36487,5100,14,37508
2014-08-04,7.35505,7.36487,7.35505,7.36487,1600,2,11990
2014-08-05,7.36487,7.36487,7.36487,7.36487,400,1,3000
2014-08-06,7.36487,7.36487,7.17829,7.17829,700,5,5193
2014-08-07,7.36487,7.36487,7.17829,7.17829,600,2,4481
2014-08-13,7.33541,7.36487,6.98189,7.31577,13000,29,96695
2014-08-20,7.08009,7.65946,7.07027,7.36487,24300,28,183623
2014-08-21,7.26667,7.65946,7.26667,7.65946,1200,3,9320
2014-08-22,7.43361,7.65946,7.21757,7.28631,7700,16,57415
2014-08-25,7.08009,7.39433,7.08009,7.21757,10300,18,76492
2014-08-26,7.21757,7.21757,7.21757,7.21757,3000,1,22050
2014-08-27,7.18811,7.36487,7.16847,7.36487,10000,7,73623
2014-08-29,7.21757,7.36487,7.21757,7.26667,390800,19,2872520
2014-09-01,7.41397,7.41397,7.41397,7.41397,100,1,755
2014-09-08,7.23721,7.34523,7.23721,7.34523,1700,5,12672
2014-09-11,7.36487,7.36487,7.36487,7.36487,100,1,750
2014-09-15,7.24703,7.36487,7.24703,7.36487,1400,2,10380
2014-09-16,7.35505,7.35505,7.35505,7.35505,400,2,2996
2014-09-18,7.11937,7.25685,7.07027,7.07027,10600,11,77224
2014-09-19,7.07027,7.31577,7.07027,7.31577,400,3,2930
2014-09-22,7.11937,7.25685,7.11937,7.25685,1700,7,12395
2014-09-23,7.25685,7.25685,7.25685,7.25685,800,2,5912
2014-09-24,7.16847,7.16847,7.16847,7.16847,800,1,5840
2014-10-01,7.07027,7.08009,7.07027,7.07027,10700,9,77041
2014-10-02,6.72658,6.72658,6.72658,6.72658,100,1,685
2014-10-03,6.7364,6.87388,6.72658,6.7364,900,6,6186
2014-10-07,6.72658,6.72658,6.72658,6.72658,1000,1,6850
2014-10-21,6.72658,6.72658,6.72658,6.72658,700,3,4795
2014-10-22,7.41397,7.41397,7.41397,7.41397,100,1,755
2014-10-24,7.41397,7.41397,7.41397,7.41397,500,1,3775
2014-10-27,6.38289,8.19955,6.38289,8.19955,3600,10,27418
2014-10-28,8.8182,8.8182,8.54325,8.54325,1000,2,8840
2014-11-05,8.32721,8.32721,8.00316,8.00316,3200,5,26177
2014-11-06,7.96388,7.96388,7.95406,7.95406,19200,6,155567
2014-11-10,8.05226,8.05226,8.05226,8.05226,1200,1,9840
2014-11-12,8.34685,8.34685,8.34685,8.34685,200,1,1700
2014-11-17,8.34685,8.34685,8.34685,8.34685,200,1,1700
2014-11-19,7.85586,8.29775,7.85586,8.29775,1400,4,11480
2014-11-21,8.28793,8.28793,8.28793,8.28793,1700,1,14348
2014-11-26,8.29775,8.29775,8.29775,8.29775,100,1,845
2014-12-02,7.37469,8.00316,7.36487,8.00316,10200,5,76595
2014-12-09,7.36487,7.36487,6.8837,6.8837,600,5,4353
2014-12-10,6.67748,6.67748,6.67748,6.67748,12000,2,81600
2014-12-12,6.57928,6.57928,6.53018,6.53018,10600,5,70515
2014-12-15,6.54,6.54982,6.53018,6.53018,21100,6,140326
2014-12-17,6.67748,6.67748,6.67748,6.67748,20100,3,136680
2014-12-18,6.6873,6.6873,6.67748,6.67748,13600,5,92482
2014-12-19,6.87388,7.36487,6.87388,7.36487,600,3,4450
2014-12-23,7.36487,8.34685,7.36487,8.34685,2800,4,21900
2015-01-02,8.05226,8.05226,8.05226,8.05226,100,1,820
2015-01-05,7.36487,8.00316,7.36487,8.00316,1300,7,10140
2015-01-08,7.36487,7.75766,6.90334,7.75766,6700,8,51243
2015-01-09,7.07027,7.07027,7.07027,7.07027,2800,5,20160
2015-01-14,6.97208,6.97208,6.97208,6.97208,5400,3,38340
2015-01-19,6.53018,6.94262,6.53018,6.9328,7200,4,47963
2015-01-23,6.76586,6.76586,6.76586,6.76586,25000,1,172250
2015-01-26,7.10955,7.10955,7.10955,7.10955,26500,6,191860
2015-01-27,6.57928,6.57928,6.57928,6.57928,7000,2,46900
2015-01-28,7.25685,7.25685,7.25685,7.25685,100,1,739
2015-01-29,7.07027,7.07027,7.07027,7.07027,500,1,3600
2015-02-02,6.48108,7.06045,6.48108,7.06045,6300,7,44235
2015-02-04,6.4909,7.25685,6.4909,7.25685,300,3,2139
2015-02-06,6.87388,6.87388,6.87388,6.87388,200,1,1400
2015-02-09,6.48108,6.8346,6.48108,6.8346,11800,14,79788
2015-02-10,6.8346,6.8346,6.8346,6.8346,100,1,696
2015-02-11,6.86406,6.86406,6.38289,6.38289,40200,37,263390
2015-02-12,6.66766,6.66766,6.66766,6.66766,100,1,679
2015-02-13,6.77568,6.77568,6.66766,6.66766,5300,3,36295
2015-02-18,6.54,6.54,6.54,6.54,600,4,3996
2015-02-20,6.81496,6.81496,6.74622,6.79532,3000,8,20721
2015-02-24,6.79532,6.87388,6.79532,6.87388,29700,2,205532
2015-02-27,6.86406,6.86406,6.86406,6.86406,1600,1,11184
2015-03-03,6.87388,6.87388,6.87388,6.87388,100,1,700
2015-03-05,6.5891,6.5891,6.5891,6.5891,3500,1,23485
2015-03-09,6.45162,6.45162,6.45162,6.45162,6000,1,39420
2015-03-11,6.40253,6.57928,6.39271,6.57928,1000,4,6537
2015-03-12,6.40253,6.57928,6.40253,6.57928,600,3,3966
2015-03-16,6.39271,6.56946,6.39271,6.56946,2000,2,13038
2015-03-17,6.56946,6.56946,6.56946,6.56946,500,1,3345
2015-03-18,6.56946,6.56946,6.56946,6.56946,13000,1,86970
2015-03-27,6.53018,6.77568,6.53018,6.77568,300,2,2020
2015-03-31,6.84442,6.84442,6.84442,6.84442,100,1,697
2015-04-13,6.38289,6.85424,6.38289,6.85424,5400,13,36012
2015-04-14,6.84442,6.84442,6.84442,6.84442,1000,3,6970
2015-04-16,6.61856,6.85424,6.61856,6.85424,2300,9,15910
2015-04-23,6.85424,6.85424,6.85424,6.85424,70000,1,488600
2015-04-24,6.82478,6.84442,6.82478,6.84442,500,2,3481
2015-04-28,6.48108,6.64802,6.48108,6.4909,759300,17,5011419
2015-04-29,6.71676,6.71676,6.65784,6.65784,1800,5,12288
2015-04-30,6.77568,6.77568,6.48108,6.48108,1300,6,8670
2015-05-04,6.48108,6.84442,6.48108,6.84442,80100,6,556844
2015-05-05,6.77568,6.87388,6.77568,6.77568,10000,6,69366
2015-05-06,6.67748,6.77568,6.5891,6.59892,311300,28,2090090
2015-05-07,6.87388,6.87388,6.87388,6.87388,6800,5,47600
2015-05-11,7.07027,7.07027,7.07027,7.07027,500,1,3600
2015-05-12,7.36487,7.36487,7.36487,7.36487,100,1,750
2015-05-14,7.26667,7.36487,7.26667,7.36487,5200,3,38893
2015-05-15,7.31577,7.36487,7.31577,7.36487,13600,7,101985
2015-05-18,7.36487,7.36487,7.36487,7.36487,3300,1,24750
2015-05-19,7.35505,7.56126,7.35505,7.36487,27500,8,206250
2015-05-20,7.36487,7.55145,7.36487,7.36487,27000,9,202519
2015-05-21,7.56126,7.56126,7.56126,7.56126,100,1,770
2015-05-22,8.77892,8.77892,8.77892,8.77892,100,1,894
2015-05-26,8.79856,8.83784,7.84604,7.84604,4600,11,39750
2015-05-29,8.45487,8.45487,8.45487,8.45487,100,1,861
2015-06-02,8.77892,8.77892,8.77892,8.77892,100,1,894
2015-06-03,8.7691,8.7691,8.7691,8.7691,100,1,893
2015-06-05,7.56126,8.73964,7.56126,8.73964,1400,8,11540
2015-06-15,7.65946,8.31739,7.65946,8.31739,2900,8,23219
2015-06-16,8.0719,8.0719,7.85586,7.85586,4000,8,32182
2015-06-17,7.86568,7.86568,7.85586,7.85586,200,2,1601
2015-06-18,7.85586,7.85586,7.85586,7.85586,1000,1,8000
2015-06-22,7.85586,7.85586,7.37469,7.37469,2400,10,18578
2015-06-23,7.37469,7.37469,7.36487,7.36487,10600,5,79506
2015-07-03,7.36487,7.36487,7.36487,7.36487,100,1,750
2015-07-20,6.87388,7.25685,6.87388,7.20775,3700,10,26201
2015-07-21,7.26667,7.26667,7.26667,7.26667,200,2,1480
2015-07-22,7.20775,7.20775,7.20775,7.20775,200,2,1468
2015-07-23,6.8837,7.07027,6.87388,6.87388,2100,5,14730
2015-07-24,6.87388,6.89352,6.87388,6.87388,700,3,4902
2015-07-30,6.87388,6.87388,6.87388,6.87388,100,1,700
2015-07-31,6.72658,6.72658,6.72658,6.72658,200,1,1370
2015-08-05,6.87388,6.87388,6.87388,6.87388,100,1,700
2015-08-07,6.87388,6.87388,6.87388,6.87388,100,1,700
2015-08-11,6.62838,6.82478,6.62838,6.82478,3700,5,25155
2015-08-12,6.86406,6.86406,6.86406,6.86406,300,2,2097
2015-08-13,6.84442,6.84442,6.8346,6.8346,900,3,6271
2015-08-14,6.8346,6.8346,6.77568,6.77568,1200,3,8340
2015-08-17,6.59892,6.59892,6.38289,6.38289,11500,15,75036
2015-08-18,6.38289,6.48108,6.38289,6.38289,9100,11,59370
2015-08-24,6.38289,6.39271,6.38289,6.38289,26600,15,172904
2015-09-02,6.37307,6.37307,6.37307,6.37307,9000,2,58410
2015-09-03,6.38289,6.38289,6.38289,6.38289,100,1,650
2015-09-04,6.38289,6.38289,6.38289,6.38289,100,1,650
2015-09-10,6.28469,6.28469,6.28469,6.28469,1600,2,10240
2015-09-14,6.08829,6.18649,6.08829,6.18649,10100,3,62630
2015-09-15,6.18649,6.18649,6.18649,6.18649,3000,1,18900
2015-09-22,5.89189,6.05883,5.6955,5.6955,23000,7,137985
2015-09-23,5.89189,6.03919,5.89189,5.94099,211800,8,1278305
2015-09-28,6.38289,6.38289,6.38289,6.38289,100,1,650
2015-09-30,6.39271,6.39271,6.38289,6.38289,511800,8,3331800
2015-10-14,6.38289,6.38289,6.38289,6.38289,120000,1,780000
2015-10-23,6.48108,6.48108,6.48108,6.48108,50000,1,330000
2015-10-30,6.48108,6.48108,6.48108,6.48108,100,1,660
2015-11-04,6.4909,6.4909,6.4909,6.4909,10000,2,66100
2015-11-10,6.38289,6.38289,6.38289,6.38289,1100,4,7150
2015-11-11,6.56946,6.56946,6.56946,6.56946,10200,2,68238
2015-11-12,6.56946,6.56946,6.56946,6.56946,1000,1,6690
2015-11-13,6.56946,6.56946,6.38289,6.38289,3100,5,20340
2015-11-16,6.56946,6.56946,6.56946,6.56946,1000,1,6690
2015-11-17,6.4909,6.4909,6.48108,6.48108,5100,2,33661
2015-11-18,6.38289,6.38289,6.38289,6.38289,1200,1,7800
2015-11-24,6.37307,6.56946,6.37307,6.56946,28500,5,190149
2015-11-26,6.56946,6.56946,6.56946,6.56946,2000,1,13380
2015-11-27,6.38289,6.38289,6.38289,6.38289,100,1,650
2015-11-30,5.89189,6.37307,5.89189,5.90171,20300,11,122433
2015-12-02,5.89189,5.89189,5.89189,5.89189,3000,3,18000
2015-12-08,5.90171,5.90171,5.89189,5.89189,2900,3,17410
2015-12-10,5.89189,5.89189,5.7937,5.7937,1700,4,10170
2015-12-15,5.89189,5.89189,5.7937,5.7937,3500,3,20700
2015-12-16,5.6955,5.86243,5.6955,5.86243,1300,2,7557
2015-12-17,6.02937,6.02937,6.02937,6.02937,100,1,614
2015-12-18,5.6955,5.6955,5.6955,5.6955,109400,14,634520
2015-12-21,5.6955,5.6955,5.6955,5.6955,151000,13,875800
2015-12-22,6.08829,6.08829,6.08829,6.08829,500500,2,3103100
2015-12-28,5.68568,5.68568,5.4009,5.4009,12000,16,66339
2015-12-29,5.5482,5.6955,5.4991,5.65622,8700,14,48836
2015-12-30,5.7937,6.08829,5.4991,5.4991,3300,17,18914
2016-01-05,5.4991,5.4991,5.41072,5.41072,3000,3,16620
2016-01-06,5.4009,5.4009,5.4009,5.4009,2000,1,11000
2016-01-08,5.3027,5.3027,5.20451,5.20451,11200,5,60383
2016-01-11,5.29289,5.3027,4.90991,4.90991,9800,4,52877
2016-01-13,4.91973,4.91973,4.91973,4.91973,200,1,1002
2016-01-14,4.95901,4.95901,4.91973,4.91973,600,3,3026
2016-01-19,4.91973,4.91973,4.91973,4.91973,500,1,2505
2016-01-26,4.91973,4.91973,4.90991,4.90991,14800,3,74048
2016-02-03,4.81171,4.90991,4.81171,4.90991,7100,3,35490
2016-02-04,4.90991,4.90991,4.90991,4.90991,5200,1,26000
2016-02-05,4.90991,4.90991,4.90991,4.90991,14800,2,74000
2016-02-11,4.90991,4.90991,4.81171,4.81171,200,2,990
2016-02-12,4.90991,4.90991,4.90991,4.90991,100,1,500
2016-02-15,5.05721,5.05721,5.05721,5.05721,500,4,2575
2016-02-16,5.05721,5.05721,4.86081,4.90991,1400,4,6970
2016-02-22,5.10631,5.10631,5.10631,5.10631,5200,2,27040
2016-02-24,5.20451,5.20451,5.20451,5.20451,100,1,530
2016-02-25,5.20451,5.20451,5.20451,5.20451,100,1,530
2016-03-01,4.90991,5.20451,4.90991,5.15541,5200,6,26305
2016-03-02,5.3027,5.4009,5.3027,5.4009,900,3,4940
2016-03-17,5.68568,5.68568,5.13577,5.13577,37500,13,210325
2016-03-18,5.13577,5.13577,5.13577,5.13577,480500,3,2513015
2016-03-21,5.6955,5.6955,5.6955,5.6955,100,1,580
2016-03-22,5.89189,5.89189,5.89189,5.89189,100,1,600
2016-03-23,5.89189,5.89189,5.89189,5.89189,200,1,1200
2016-03-24,5.99009,5.99009,5.99009,5.99009,800,1,4880
2016-03-30,5.99009,5.99009,5.99009,5.99009,4000,2,24400
2016-03-31,6.38289,6.38289,6.38289,6.38289,1000,1,6500
2016-04-04,6.38289,6.38289,6.38289,6.38289,200,1,1300
2016-04-07,5.6464,5.6464,5.6464,5.6464,1000,2,5750
2016-04-08,6.38289,6.38289,6.38289,6.38289,1800,3,11700
2016-04-12,6.38289,6.38289,6.38289,6.38289,1400,1,9100
2016-04-15,6.04901,6.08829,6.04901,6.08829,2000,5,12360
2016-04-19,6.38289,6.38289,6.38289,6.38289,900,2,5850
2016-05-02,6.38289,6.38289,6.38289,6.38289,3000,5,19500
2016-05-03,6.38289,6.38289,6.38289,6.38289,20600,8,133900
2016-05-04,5.94099,5.96063,5.94099,5.96063,4800,3,29056
2016-05-05,5.99991,5.99991,5.99991,5.99991,300,1,1833
2016-05-11,6.13739,6.13739,6.13739,6.13739,100,1,625
2016-05-12,6.18649,6.18649,6.14721,6.18649,4000,3,25196
2016-05-13,6.38289,6.38289,6.38289,6.38289,1100,1,7150
2016-05-16,6.28469,6.38289,6.28469,6.38289,10100,7,64650
2016-05-17,6.38289,6.38289,6.38289,6.38289,300,1,1950
2016-05-19,6.76586,6.77568,6.4909,6.4909,27900,27,192124
2016-05-20,6.76586,6.76586,6.76586,6.76586,3000,5,20670
2016-05-24,6.76586,6.76586,6.76586,6.76586,59200,6,407888
2016-05-25,6.76586,6.76586,6.76586,6.76586,10100,3,69589
2016-05-27,6.87388,6.87388,6.87388,6.87388,100,1,700
2016-05-30,6.87388,6.87388,6.87388,6.87388,200,1,1400
2016-05-31,6.4418,6.4418,6.4418,6.4418,600,2,3936
2016-06-01,6.76586,6.87388,6.76586,6.87388,3600,4,24881
2016-06-02,6.87388,6.87388,6.76586,6.76586,1500,3,10448
2016-06-03,6.76586,6.76586,6.76586,6.76586,2000,2,13780
2016-06-07,6.87388,6.87388,6.87388,6.87388,14500,2,101500
2016-06-08,6.92298,6.92298,6.76586,6.82478,10000,8,69255
2016-06-09,6.82478,6.82478,6.82478,6.82478,100,1,695
2016-06-10,6.82478,6.82478,6.82478,6.82478,2100,1,14595
2016-06-14,7.36487,7.36487,7.36487,7.36487,7500,4,56250
2016-06-21,7.36487,7.36487,7.36487,7.36487,600,1,4500
2016-06-28,6.87388,6.87388,6.87388,6.87388,100,1,700
2016-06-29,6.90334,6.90334,6.90334,6.90334,700,1,4921
2016-07-01,6.89352,6.89352,6.87388,6.87388,2800,2,19610
2016-07-05,6.87388,6.87388,6.87388,6.87388,1500,2,10500
2016-07-06,6.87388,6.87388,6.87388,6.87388,2500,3,17500
2016-07-20,6.99171,6.99171,6.99171,6.99171,200,2,1424
2016-08-01,6.97208,6.97208,6.97208,6.97208,200,1,1420
2016-08-02,6.87388,6.87388,6.87388,6.87388,300,1,2100
2016-08-05,6.67748,6.67748,6.67748,6.67748,4300,7,29240
2016-08-08,6.6873,6.6873,6.67748,6.67748,1600,7,10883
2016-08-09,7.26667,7.26667,7.26667,7.26667,100,1,740
2016-08-12,6.97208,6.97208,6.97208,6.97208,100,1,710
2016-08-26,7.16847,7.16847,7.16847,7.16847,400,1,2920
2016-08-31,7.16847,7.16847,7.16847,7.16847,300,1,2190
2016-09-01,7.07027,7.08009,7.07027,7.08009,3700,4,26665
2016-09-05,7.09973,7.09973,7.07027,7.07027,2700,4,19470
2016-09-06,7.07027,7.07027,7.07027,7.07027,900,2,6480
2016-09-14,6.87388,7.07027,6.87388,7.02117,12500,10,88730
2016-09-15,6.89352,6.97208,6.89352,6.97208,3600,5,25480
2016-09-20,7.36487,7.36487,7.36487,7.36487,7600,3,57000
2016-09-27,7.16847,7.36487,7.16847,7.36487,2400,3,17600
2016-09-28,7.36487,7.36487,6.8837,7.36487,52000,10,389482
2016-09-29,7.36487,7.36487,7.36487,7.36487,2400,1,18000
2016-09-30,7.36487,7.36487,7.36487,7.36487,200,1,1500
2016-10-03,7.09973,7.09973,6.98189,6.98189,1200,3,8664
2016-10-04,7.02117,7.36487,7.02117,7.36487,14400,11,107965
2016-10-07,7.36487,7.36487,7.36487,7.36487,3300,3,24750
2016-10-10,7.36487,7.36487,7.36487,7.36487,100,1,750
2016-10-14,7.16847,7.16847,7.16847,7.16847,100,1,730
2016-10-18,7.36487,7.36487,7.36487,7.36487,200,1,1500
2016-10-20,6.89352,7.07027,6.87388,6.87388,5600,11,39611
2016-10-21,6.87388,6.87388,6.87388,6.87388,900,2,6300
2016-10-24,6.87388,6.87388,6.67748,6.67748,300,2,2060
2016-10-25,6.87388,6.87388,6.87388,6.87388,2000,2,14000
2016-10-26,6.92298,6.97208,6.87388,6.97208,23700,6,168210
2016-11-04,6.57928,6.57928,6.29451,6.29451,114100,17,764354
2016-11-07,6.23559,6.23559,6.19631,6.19631,1600,6,10152
2016-11-08,6.30433,6.30433,6.30433,6.30433,34600,2,222132
2016-11-11,6.30433,6.30433,6.30433,6.30433,100,1,642
2016-11-16,6.36325,6.37307,6.36325,6.37307,1500,2,9721
2016-11-18,6.37307,6.37307,6.37307,6.37307,45200,2,293348
2016-11-21,6.19631,6.19631,6.18649,6.18649,3100,2,19531
2016-11-29,6.18649,6.18649,6.18649,6.18649,100,1,630
2016-11-30,6.18649,6.18649,6.18649,6.18649,200,1,1260
2016-12-01,6.18649,6.18649,6.18649,6.18649,100,1,630
2016-12-02,6.18649,6.18649,6.18649,6.18649,25100,2,158130
2016-12-07,5.70532,5.71514,5.6955,5.6955,2200,7,12782
2016-12-08,5.7446,5.7446,5.7446,5.7446,300,2,1755
2016-12-09,5.89189,5.89189,5.7446,5.7937,113200,4,667905
2016-12-13,5.5973,5.5973,5.5973,5.5973,1600,3,9120
2016-12-14,5.60712,5.60712,5.60712,5.60712,600,2,3426
2016-12-15,5.78388,5.78388,5.78388,5.78388,100,1,589
2016-12-16,5.86243,5.99009,5.86243,5.99009,300,2,1804
2016-12-19,6.08829,6.08829,6.08829,6.08829,2900,5,17980
2016-12-20,6.33379,6.33379,6.33379,6.33379,200,1,1290
2016-12-22,6.33379,6.33379,6.33379,6.33379,200,1,1290
2016-12-27,6.34361,6.34361,6.33379,6.33379,800,5,5162
2017-01-03,6.33379,6.33379,6.33379,6.33379,3100,2,19995
2017-01-05,6.81496,6.82478,6.81496,6.82478,200,2,1389
2017-01-09,6.87388,6.87388,6.87388,6.87388,1500,2,10500
2017-01-10,6.38289,6.45162,6.38289,6.45162,200,2,1307
2017-01-11,6.48108,6.48108,6.48108,6.48108,100,1,660
2017-01-12,6.48108,6.48108,6.48108,6.48108,1100,2,7260
2017-01-16,5.93117,6.86406,5.93117,6.86406,3100,3,21574
2017-01-17,6.86406,6.86406,6.86406,6.86406,500,1,3495
2017-01-23,6.67748,6.87388,6.67748,6.87388,3200,7,22230
2017-01-26,6.38289,6.39271,6.20613,6.20613,8800,13,57076
2017-01-27,6.28469,6.38289,6.28469,6.38289,4100,3,26270
2017-01-31,6.17667,6.17667,5.94099,5.94099,11500,11,71999
2017-02-01,5.90171,5.94099,5.8428,5.94099,94800,22,568841
2017-02-02,6.11775,6.11775,6.11775,6.11775,100,1,623
2017-02-03,5.94099,5.94099,5.94099,5.94099,100,1,605
2017-02-06,5.94099,5.94099,5.94099,5.94099,100,1,605
2017-02-07,5.94099,5.94099,5.94099,5.94099,200,2,1210
2017-02-08,5.94099,5.94099,5.5973,5.89189,2600,6,15010
2017-02-13,6.38289,6.38289,6.38289,6.38289,1400,4,9100
2017-02-14,6.38289,6.38289,6.28469,6.38289,2300,3,14920
2017-02-16,6.38289,6.38289,6.38289,6.38289,300,1,1950
2017-02-17,6.38289,6.38289,6.38289,6.38289,1300,2,8450
2017-02-20,6.87388,6.87388,6.87388,6.87388,200,1,1400
2017-02-21,6.87388,6.87388,6.87388,6.87388,700,1,4900
2017-02-22,6.87388,7.36487,6.87388,6.97208,4400,8,31670
2017-02-23,6.98189,7.02117,6.77568,7.02117,5800,11,40811
2017-02-24,6.87388,6.87388,6.72658,6.72658,700,2,4825
2017-03-02,6.77568,6.77568,6.4418,6.4418,4000,8,26666
2017-03-03,6.92298,6.97208,6.92298,6.97208,400,2,2835
2017-03-06,6.87388,6.87388,6.87388,6.87388,100,1,700
2017-03-07,6.97208,6.97208,6.97208,6.97208,800,3,5680
2017-03-08,6.97208,6.97208,6.97208,6.97208,100,1,710
2017-03-09,6.97208,7.07027,6.97208,7.07027,1300,4,9310
2017-03-13,7.07027,7.07027,7.07027,7.07027,100,1,720
2017-03-15,7.02117,7.07027,7.02117,7.07027,900,4,6470
2017-03-17,7.36487,7.36487,7.36487,7.36487,100,1,750
2017-03-20,7.07027,7.07027,7.07027,7.07027,1500,4,10800
2017-03-21,6.87388,6.87388,6.66766,6.66766,1500,4,10206
2017-03-22,6.79532,7.05063,6.6873,6.6873,3800,6,26554
2017-03-27,6.87388,7.07027,6.87388,7.07027,3000,4,21440
2017-03-28,7.24703,7.25685,7.24703,7.25685,1300,5,9597
2017-03-29,7.41455,7.41455,7.41455,7.41455,600,2,4500
2017-03-30,7.11796,7.11796,6.87081,6.8807,2700,10,18924
2017-03-31,6.92024,6.92024,6.92024,6.92024,1000,1,7000
2017-04-03,6.92024,6.94001,6.92024,6.94001,2500,4,17510
2017-04-04,6.9499,7.06853,6.94001,6.94001,2800,4,19919
2017-04-05,6.92024,6.92024,6.92024,6.92024,3400,4,23800
2017-04-06,6.92024,6.92024,6.92024,6.92024,2000,2,14000
2017-04-18,6.82138,6.82138,6.77195,6.77195,900,4,6195
2017-04-25,6.95979,7.41455,6.95979,6.95979,8700,37,62903
2017-04-26,6.96967,7.21682,6.5248,6.71264,12700,42,85390
2017-04-27,6.8115,6.82138,6.78184,6.82138,3800,9,26160
2017-05-02,6.82138,6.92024,6.72252,6.72252,3200,7,22020
2017-05-03,6.82138,7.41455,6.82138,7.0191,600,3,4220
2017-05-08,6.75218,6.92024,6.75218,6.92024,3400,4,23783
2017-05-09,6.92024,6.92024,6.92024,6.92024,1100,1,7700
2017-05-10,7.0191,7.0191,6.92024,6.92024,700,2,4910
2017-05-11,7.11796,7.11796,7.11796,7.11796,1100,1,7920
2017-05-12,7.11796,7.11796,7.11796,7.11796,1000,2,7200
2017-05-17,6.84115,7.41455,6.84115,7.41455,800,4,5912
2017-05-18,5.95141,6.92024,5.73392,6.68298,6100,15,37688
2017-05-19,6.68298,7.60238,6.68298,6.92024,1800,8,12714
2017-05-22,6.92024,6.92024,6.92024,6.92024,1000,1,7000
2017-05-23,6.82138,6.92024,6.82138,6.92024,2200,2,15380
2017-05-24,6.92024,7.21682,6.92024,7.21682,3800,6,27290
2017-05-25,6.93013,7.41455,6.93013,7.21682,1800,6,13244
2017-05-30,7.21682,7.21682,7.21682,7.21682,200,1,1460
2017-05-31,7.41455,7.41455,7.41455,7.41455,1600,5,12000
2017-06-01,10.08378,12.04122,9.89595,10.9241,127000,378,1401829
2017-06-02,11.27011,12.35758,10.58797,10.96364,58500,173,672219
2017-06-05,10.67695,10.86478,9.41153,9.63891,13500,52,134058
2017-06-06,9.49062,9.49062,8.54156,8.99632,8200,37,74537
2017-06-07,9.09518,10.78569,8.6503,10.78569,53700,77,534521
2017-06-08,10.78569,10.78569,10.78569,10.78569,100,1,1091
2017-06-09,10.67695,10.67695,9.88606,9.88606,1600,11,16565
2017-06-12,10.08378,10.08378,9.87617,9.88606,4200,13,42200
2017-06-13,9.87617,9.87617,9.39176,9.39176,1100,2,10744
2017-06-14,9.39176,9.39176,9.39176,9.39176,200,1,1900
2017-06-16,9.19404,9.19404,8.89745,8.89745,2100,9,19111
2017-06-19,8.89745,8.89745,8.40315,8.43281,900,5,7903
2017-06-20,8.25486,8.35372,8.20543,8.35372,3400,9,28464
2017-06-21,8.23509,8.89745,8.03737,8.42292,16200,22,137085
2017-06-22,8.89745,9.88606,8.89745,9.88606,1500,7,14020
2017-06-23,8.90734,9.39176,8.89745,8.91723,4900,21,44725
2017-06-26,8.69973,8.80848,8.69973,8.80848,1300,5,11461
2017-06-27,9.19404,9.39176,8.90734,8.90734,2000,6,18786
2017-06-28,8.90734,9.14461,8.84802,8.84802,400,4,3622
2017-06-29,9.05563,9.05563,9.02597,9.02597,200,2,1829
2017-06-30,8.937,9.68834,8.937,9.68834,2400,12,23028
2017-07-03,9.68834,9.68834,9.67845,9.68834,1000,4,9799
2017-07-04,9.68834,9.68834,9.58948,9.58948,1300,4,12730
2017-07-05,9.39176,9.39176,9.39176,9.39176,500,1,4750
2017-07-06,9.5005,9.5005,9.49062,9.49062,2000,2,19202
2017-07-07,10.27162,10.27162,9.83663,9.83663,1000,3,9994
2017-07-10,9.98492,10.86478,8.99632,9.09518,12200,30,113723
2017-07-11,9.2929,9.2929,9.10506,9.2929,1600,4,15021
2017-07-12,9.88606,9.88606,9.5005,9.5005,2100,4,20601
2017-07-14,9.5005,9.5005,9.5005,9.5005,800,4,7688
2017-07-17,9.7872,9.7872,9.39176,9.40164,500,4,4791
2017-07-18,9.41153,9.41153,9.41153,9.41153,100,1,952
2017-07-19,9.2929,9.49062,9.2929,9.31267,2400,7,22589
2017-07-20,9.30278,9.77732,9.30278,9.77732,700,2,6683
2017-07-21,9.19404,9.19404,9.19404,9.19404,4400,8,40920
2017-07-24,9.19404,9.19404,8.89745,9.04574,1800,11,16352
2017-07-25,9.2929,9.2929,8.89745,8.89745,2000,10,18045
2017-07-26,8.94689,9.26324,8.937,8.937,1200,5,10920
2017-07-27,9.19404,9.54005,9.19404,9.2929,1300,6,12223
2017-07-28,9.63891,9.63891,9.49062,9.49062,200,2,1935
2017-07-31,9.54005,9.87617,9.54005,9.87617,1700,11,16640
2017-08-01,9.87617,9.87617,9.58948,9.70811,3200,4,31603
2017-08-02,9.58948,9.58948,9.32256,9.32256,1500,6,14253
2017-08-03,9.34233,9.88606,9.2929,9.88606,1500,8,14485
2017-08-04,9.45107,9.49062,9.39176,9.39176,9900,14,94777
2017-08-07,9.88606,9.88606,9.87617,9.88606,1900,4,18992
2017-08-08,9.88606,10.38036,9.88606,10.38036,3100,2,31050
2017-08-09,10.38036,10.38036,10.38036,10.38036,200,2,2100
2017-08-10,10.67695,10.86478,10.65717,10.67695,1000,7,10817
2017-08-11,11.3492,11.46783,11.3492,11.36897,1300,8,14993
2017-08-14,11.4184,11.86327,11.4184,11.85339,700,5,8328
2017-08-15,11.86327,11.86327,11.86327,11.86327,100,1,1200
2017-08-16,11.36897,11.36897,10.97353,10.97353,1500,7,16690
2017-08-17,11.17125,11.17125,11.17125,11.17125,100,1,1130
2017-08-18,11.36897,11.36897,11.36897,11.36897,100,1,1150
2017-08-22,11.56669,11.56669,11.56669,11.56669,100,1,1170
2017-08-23,10.87467,11.02296,10.31116,10.87467,5300,26,57276
2017-08-24,11.36897,11.36897,11.17125,11.36897,2500,11,28570
2017-08-25,11.36897,11.36897,11.36897,11.36897,200,2,2300
2017-08-29,11.36897,11.36897,11.36897,11.36897,100,1,1150
2017-08-30,11.82373,12.32792,11.81384,12.32792,8000,13,96335
2017-08-31,12.35758,12.85188,12.35758,12.85188,8700,22,111887
2017-09-01,13.8306,13.8306,12.9112,12.9112,1800,6,24221
2017-09-04,13.19789,13.19789,12.65416,12.65416,2400,4,31275
2017-09-05,11.89293,11.89293,11.89293,11.89293,100,1,1203
2017-09-06,12.18951,12.18951,12.18951,12.18951,2200,3,27126
2017-09-08,12.35758,12.35758,12.35758,12.35758,1000,1,12500
2017-09-11,12.06099,12.06099,11.96213,11.96213,900,5,10940
2017-09-12,11.99179,12.35758,11.96213,12.35758,5900,8,71959
2017-09-13,12.15985,12.35758,11.54692,11.54692,16700,18,200021
2017-09-14,11.5568,12.41689,11.5568,12.35758,2200,7,26858
2017-09-15,12.90131,12.95074,12.20929,12.20929,2600,8,33460
2017-09-18,12.39712,12.67393,12.20929,12.20929,15900,21,200820
2017-09-19,12.20929,12.25872,12.20929,12.25872,3700,7,45770
2017-09-20,12.35758,12.35758,12.06099,12.06099,4800,8,59620
2017-09-21,12.35758,12.35758,12.06099,12.06099,1600,6,19736
2017-09-22,11.86327,11.86327,11.86327,11.86327,100,1,1200
2017-09-25,12.06099,12.21917,11.96213,12.21917,6600,25,80820
2017-09-26,12.16974,12.16974,11.83362,11.83362,1100,9,13295
2017-09-27,11.86327,12.15985,11.86327,12.15985,2400,4,29400
2017-09-29,11.97202,12.15985,11.97202,11.9819,5700,12,69428
2017-10-02,12.15985,12.15985,11.66555,11.81384,13600,16,162745
2017-10-03,11.99179,11.99179,11.99179,11.99179,200,1,2426
2017-10-04,11.86327,11.86327,11.86327,11.86327,100,1,1200
2017-10-05,11.86327,11.86327,11.86327,11.86327,800,2,9600
2017-10-06,11.99179,11.99179,11.66555,11.66555,2700,5,32173
2017-10-10,11.99179,11.99179,11.20091,11.36897,4800,8,55229
2017-10-11,11.20091,11.27011,11.08227,11.27011,2800,10,31762
2017-10-13,11.17125,11.36897,11.17125,11.36897,600,3,6820
2017-10-16,11.19102,11.20091,11.19102,11.19102,1400,6,15851
2017-10-17,11.04273,11.20091,11.04273,11.20091,1200,5,13562
2017-10-18,11.05262,11.22068,11.05262,11.22068,200,2,2253
2017-10-19,11.05262,11.05262,11.02296,11.02296,6800,5,75866
2017-10-20,10.94387,11.46783,10.9241,10.97353,18100,29,203263
2017-10-23,11.85339,11.85339,11.07239,11.26022,2900,19,33120
2017-10-24,11.92259,12.35758,11.10205,11.10205,7000,26,80872
2017-10-25,11.26022,11.26022,11.05262,11.22068,5000,11,56097
2017-10-26,11.20091,11.27011,10.94387,11.27011,1200,8,13513
2017-10-27,11.17125,11.36897,10.9241,11.36897,2400,12,26633
2017-10-30,11.17125,11.17125,10.9241,10.9241,1700,11,18893
2017-10-31,11.22068,11.22068,10.9241,10.97353,1000,6,11088
2017-11-01,11.07239,11.24045,11.07239,11.24045,500,4,5634
2017-11-03,10.93398,10.93398,10.9241,10.9241,3200,3,35362
2017-11-06,10.9241,10.9241,10.47922,10.81535,5200,12,56431
2017-11-07,10.57808,10.75603,10.48911,10.75603,1900,3,20339
2017-11-08,10.58797,10.72638,10.52865,10.72638,4400,6,47547
2017-11-09,10.52865,10.71649,10.47922,10.71649,1400,4,14913
2017-11-10,11.85339,11.85339,10.67695,10.67695,9000,12,101716
2017-11-13,10.87467,10.87467,10.47922,10.47922,8800,8,93760
2017-11-14,10.18264,10.87467,10.18264,10.87467,2600,7,27140
2017-11-16,11.80396,11.80396,10.47922,10.72638,2800,9,29864
2017-11-17,10.46934,10.47922,10.46934,10.47922,200,2,2119
2017-11-21,10.62752,11.0625,9.93549,9.93549,17800,37,190768
2017-11-22,9.99481,10.61763,9.98492,10.4298,12200,21,127083
2017-11-23,10.27162,10.87467,9.98492,10.87467,24000,46,253753
2017-11-24,10.7066,10.7066,10.67695,10.67695,2300,3,24900
2017-11-27,10.52865,10.52865,9.98492,10.38036,14000,26,145681
2017-11-28,10.38036,10.38036,10.38036,10.38036,300,2,3150
2017-11-29,10.47922,10.47922,10.32105,10.32105,2100,3,21956
2017-11-30,10.16287,10.16287,10.16287,10.16287,1700,1,17476
2017-12-01,10.03435,10.03435,9.90583,9.90583,2000,4,20236
2017-12-04,10.08378,11.07239,9.81686,9.88606,29200,64,303865
2017-12-05,9.88606,10.33093,9.88606,10.13321,1000,10,10127
2017-12-06,9.88606,10.04424,9.88606,10.04424,800,8,8064
2017-12-07,9.89595,9.89595,9.89595,9.89595,2100,2,21021
2017-12-08,9.8564,10.03435,9.83663,9.83663,900,9,8992
2017-12-11,9.81686,9.81686,9.81686,9.81686,800,1,7944
2017-12-12,9.81686,9.88606,9.718,9.88606,1300,4,12972
2017-12-14,10.04424,10.38036,9.39176,10.38036,11100,23,110034
2017-12-15,9.7872,9.7872,9.7872,9.7872,200,2,1980
2017-12-19,9.41153,9.41153,9.39176,9.39176,2200,4,20907
2017-12-20,9.48073,9.49062,9.24347,9.24347,3700,6,34867
2017-12-21,8.90734,8.98643,8.66019,8.74916,2300,11,20571
2017-12-22,8.79859,8.89745,8.69973,8.69973,11000,16,97449
2017-12-27,8.74916,8.79859,8.74916,8.79859,300,3,2660
2017-12-28,8.84802,9.39176,8.84802,9.39176,4700,6,42120
2018-01-02,8.88757,8.89745,8.70962,8.89745,2700,7,24249
2018-01-03,8.89745,8.89745,8.89745,8.89745,700,3,6300
2018-01-05,8.89745,8.89745,8.89745,8.89745,700,1,6300
2018-01-08,8.88757,8.89745,8.88757,8.89745,2100,5,18887
2018-01-09,9.14461,9.39176,8.94689,8.94689,500,5,4635
2018-01-10,8.99632,8.99632,8.99632,8.99632,900,2,8190
2018-01-11,8.98643,8.99632,8.98643,8.99632,900,2,8189
2018-01-12,8.89745,8.89745,8.89745,8.89745,1000,2,9000
2018-01-16,9.19404,9.19404,8.89745,8.89745,800,8,7350
2018-01-17,8.89745,8.89745,8.89745,8.89745,2300,5,20700
2018-01-22,8.99632,8.99632,8.99632,8.99632,1000,1,9100
2018-01-23,8.74916,8.74916,8.74916,8.74916,200,1,1770
2018-01-24,9.19404,9.87617,9.19404,9.39176,4500,15,42823
2018-01-26,9.39176,9.39176,9.39176,9.39176,200,1,1900
2018-01-29,8.94689,8.94689,8.55144,8.55144,4300,15,38207
2018-01-30,8.74916,8.74916,8.74916,8.74916,2100,2,18585
2018-01-31,8.89745,8.89745,8.50201,8.50201,16400,18,143147
2018-02-01,8.87768,8.87768,8.21532,8.21532,2900,6,24790
2018-02-02,8.29441,8.29441,8.26475,8.26475,3200,9,26833
2018-02-05,8.26475,8.26475,8.26475,8.26475,300,2,2508
2018-02-06,8.0176,8.0176,7.90885,7.90885,7800,20,63117
2018-02-07,8.88757,8.88757,8.10657,8.10657,3600,8,30298
2018-02-08,8.10657,8.10657,8.10657,8.10657,400,3,3280
2018-02-09,7.92862,7.92862,7.91874,7.92862,700,5,5611
2018-02-14,7.95828,7.95828,7.93851,7.93851,2500,7,20112
2018-02-15,7.72101,7.76056,7.72101,7.76056,200,2,1566
2018-02-16,7.92862,7.92862,7.90885,7.90885,1200,2,9604
2018-02-19,7.90885,7.90885,7.80999,7.80999,2700,7,21470
2018-02-20,7.63204,7.80999,7.63204,7.80999,21600,6,170145
2018-02-21,7.84953,7.85942,7.84953,7.85942,1200,3,9533
2018-02-22,7.76056,7.90885,7.76056,7.90885,7400,8,58975
2018-02-23,7.90885,7.90885,7.51341,7.61227,10100,34,78318
2018-02-26,7.90885,7.90885,7.63204,7.63204,19100,20,150697
2018-02-27,7.64193,7.90885,7.60238,7.80999,13900,26,108994
2018-02-28,7.61227,7.61227,7.51341,7.51341,4400,10,33682
2018-03-01,7.71113,7.71113,7.24648,7.24648,3300,13,24864
2018-03-02,7.24648,7.26625,7.24648,7.26625,300,3,2203
2018-03-05,7.24648,7.24648,7.24648,7.24648,200,2,1466
2018-03-06,7.24648,7.24648,7.12785,7.12785,2300,12,16798
2018-03-07,7.16739,7.16739,7.00922,7.16739,10100,79,72166
2018-03-08,7.00922,7.16739,7.00922,7.16739,14300,95,102614
2018-03-09,7.10808,7.10808,6.95979,7.10808,9000,89,64070
2018-03-12,7.08831,7.08831,6.92024,6.92024,10300,96,73056
2018-03-13,7.08831,7.08831,6.82138,7.05865,7400,56,52319
2018-03-14,7.08831,7.08831,6.84115,6.96967,8300,83,58774
2018-03-15,7.08831,7.10808,6.94001,7.0191,8900,89,63186
2018-03-16,7.08831,7.10808,6.94001,7.10808,9500,91,67484
2018-03-19,7.08831,7.08831,6.92024,7.03888,11600,106,82076
2018-03-20,7.06853,7.06853,6.92024,7.0191,7700,57,54336
2018-03-21,7.06853,7.06853,6.82138,6.82138,4000,39,28332
2018-03-22,7.0191,7.0191,6.82138,6.87081,1800,18,12595
2018-03-23,7.0191,7.06853,6.87081,6.92024,9500,93,66717
2018-03-26,7.0191,7.04876,6.86093,6.92024,7300,45,51308
2018-03-27,6.72252,7.10808,6.72252,6.99933,23000,102,162428
2018-03-28,7.06853,7.36512,7.06853,7.36512,4200,4,30165
2018-03-29,7.31569,7.58261,7.26625,7.26625,18700,30,139909
2018-04-02,7.14762,7.25637,7.14762,7.25637,3500,6,25462
2018-04-03,7.22671,7.51341,7.22671,7.51341,11700,95,86535
2018-04-04,7.51341,7.51341,7.32557,7.375,7800,76,58487
2018-04-05,7.47386,7.49363,7.21682,7.21682,14200,99,106053
2018-04-06,7.20694,7.20694,6.92024,7.11796,9200,13,66170
2018-04-10,7.20694,7.34534,6.92024,6.99933,31700,95,226287
2018-04-11,7.02899,7.13774,6.92024,7.06853,15900,97,113397
2018-04-12,7.15751,7.26625,6.96967,7.25637,10800,78,78068
2018-04-13,7.33546,7.52329,7.11796,7.51341,7200,66,53131
2018-04-16,7.61227,7.90885,7.51341,7.80999,8200,29,63933
2018-04-17,7.90885,9.28301,7.90885,9.24347,11000,30,94251
2018-04-18,8.89745,8.89745,8.40315,8.40315,12400,34,108396
2018-04-19,8.28452,8.41304,8.28452,8.41304,9800,7,83086
2018-04-20,7.41455,8.10657,7.41455,8.06703,5100,11,39943
2018-04-23,8.19554,8.88757,8.10657,8.88757,9100,11,76369
2018-04-24,9.09518,9.2929,8.89745,9.08529,10300,30,94668
2018-04-25,8.40315,8.89745,8.40315,8.89745,5200,8,45750
2018-04-26,8.89745,8.89745,7.92862,8.79859,12700,15,111747
2018-04-27,8.156,8.79859,8.156,8.79859,2500,6,21170
2018-04-30,8.45258,8.45258,8.27463,8.27463,3900,9,33181
2018-05-02,8.31418,8.40315,8.28452,8.35372,9600,14,80975
2018-05-03,8.30429,8.30429,8.2252,8.2252,2700,4,22643
2018-05-07,8.25486,8.25486,8.25486,8.25486,1200,1,10020
2018-05-08,8.28452,8.28452,8.17577,8.25486,8200,82,68327
2018-05-09,7.93851,8.13623,7.91874,8.10657,3600,12,29483
2018-05-10,8.10657,8.156,8.10657,8.156,2200,3,18140
2018-05-11,8.30429,8.30429,8.18566,8.25486,1000,10,8347
2018-05-14,8.25486,8.25486,8.20543,8.20543,3100,5,25855
2018-05-15,8.10657,8.10657,7.61227,7.64193,8000,12,63637
2018-05-16,7.64193,8.00771,7.64193,7.71113,5200,4,41446
2018-05-17,7.85942,7.93851,7.80999,7.80999,8600,14,68291
2018-05-18,7.79022,7.79022,7.68147,7.68147,8900,89,69671
2018-05-21,7.6617,7.71113,7.6617,7.71113,2300,3,17840
2018-05-22,7.58261,7.69136,7.56284,7.56284,10100,87,77910
2018-05-23,7.71113,7.76056,7.61227,7.61227,11500,86,89359
2018-05-24,7.45409,7.61227,7.2366,7.34534,8800,50,65694
2018-05-25,7.12785,7.31569,7.11796,7.11796,7200,11,51992
2018-05-28,7.0191,7.0191,7.0191,7.0191,1000,1,7100
2018-05-29,6.92024,7.0191,6.92024,7.0191,3100,4,21900
2018-05-30,7.12785,7.12785,7.11796,7.11796,2100,3,15122
2018-06-01,7.0191,7.0191,6.92024,6.92024,5300,8,37313
2018-06-04,7.0191,7.11796,6.96967,6.96967,4600,4,32645
2018-06-05,7.0191,7.0191,7.0191,7.0191,1300,1,9230
2018-06-06,6.99933,6.99933,6.92024,6.92024,1200,6,8456
2018-06-07,6.92024,6.92024,6.74229,6.74229,4900,29,33662
2018-06-08,6.82138,7.26625,6.82138,7.07842,14700,28,103665
2018-06-11,7.31569,7.31569,7.13774,7.13774,4500,4,32740
2018-06-12,7.31569,7.31569,7.31569,7.31569,100,1,740
2018-06-13,7.52329,7.52329,7.31569,7.31569,2500,4,18689
2018-06-14,7.27614,7.27614,7.06853,7.06853,1300,4,9326
2018-06-15,7.02899,7.02899,7.0191,7.02899,1100,4,7813
2018-06-18,7.17728,7.17728,7.06853,7.06853,2500,11,17953
2018-06-19,7.06853,7.11796,7.06853,7.10808,1600,10,11504
2018-06-20,7.11796,7.16739,7.11796,7.16739,800,8,5779
2018-06-21,7.06853,7.06853,7.06853,7.06853,3200,5,22880
2018-06-22,6.97956,7.06853,6.96967,7.06853,12900,96,91748
2018-06-25,6.95979,7.06853,6.92024,6.92024,17100,28,120440
2018-06-26,6.92024,6.9499,6.84115,6.93013,7300,54,50949
2018-06-27,6.93013,6.94001,6.90047,6.90047,900,8,6303
2018-06-28,6.91036,6.94001,6.91036,6.94001,800,7,5606
2018-06-29,6.9499,7.0191,6.89058,7.0191,4100,17,29012
2018-07-02,6.93013,7.0191,6.93013,7.00922,1800,18,12706
2018-07-03,6.91036,6.91036,6.79172,6.79172,2800,6,19484
2018-07-04,6.80161,6.95979,6.80161,6.85104,8300,83,57849
2018-07-05,6.92024,7.02899,6.80161,6.96967,10500,86,73367
2018-07-06,6.90047,6.95979,6.89058,6.95979,1600,11,11199
2018-07-10,7.11796,9.54005,7.11796,8.57121,52500,141,460305
2018-07-11,8.70962,9.67845,8.10657,8.2252,24600,65,212360
2018-07-12,8.20543,8.97654,8.20543,8.24498,26500,79,227195
2018-07-13,8.18566,8.54156,8.17577,8.40315,16300,54,137757
2018-07-16,8.50201,8.6503,8.0868,8.21532,18600,112,154312
2018-07-17,8.0868,8.20543,7.8001,7.90885,16400,85,134232
2018-07-18,8.00771,8.10657,7.90885,8.03737,14100,101,114266
2018-07-19,7.98794,8.17577,7.41455,8.12634,20200,41,162237
2018-07-20,8.10657,8.5811,7.96817,7.96817,27500,112,231434
2018-07-23,7.90885,8.2252,7.90885,8.09668,14700,92,120445
2018-07-24,8.12634,8.48224,8.05714,8.07691,24700,121,205502
2018-07-25,8.05714,8.46247,8.05714,8.09668,25900,127,216305
2018-07-26,8.09668,8.38338,8.00771,8.02748,21400,115,177747
2018-07-27,8.156,8.38338,8.03737,8.05714,23000,86,190766
2018-07-30,8.18566,8.89745,8.12634,8.156,30400,95,259261
2018-07-31,8.40315,8.40315,8.04725,8.05714,12300,56,101499
2018-08-01,8.02748,8.46247,8.02748,8.06703,18000,96,149459
2018-08-02,8.07691,8.38338,7.76056,8.06703,39700,141,324173
2018-08-03,8.0868,8.38338,8.05714,8.05714,17700,55,146226
2018-08-06,7.93851,8.24498,7.87919,8.04725,6400,26,52261
2018-08-07,8.17577,8.37349,7.89896,8.20543,17000,66,139527
2018-08-08,8.31418,8.34383,7.92862,7.92862,13600,67,111987
2018-08-09,7.93851,8.62065,7.93851,8.59099,14600,87,120190
2018-08-10,8.89745,9.09518,8.10657,8.35372,24700,59,215051
2018-08-13,8.06703,8.60087,8.05714,8.40315,9200,49,77171
2018-08-14,8.45258,8.45258,7.61227,8.07691,25800,102,211115
2018-08-15,7.95828,8.14611,7.7309,8.06703,12000,58,96460
2018-08-16,8.10657,8.34383,7.76056,8.33395,25600,91,206768
2018-08-17,8.20543,8.41304,7.96817,8.16589,25000,100,207143
2018-08-20,8.00771,8.30429,7.85942,8.14611,24600,119,201925
2018-08-21,8.12634,8.20543,7.8001,7.8001,9900,39,81063
2018-08-22,7.70124,8.04725,7.70124,7.89896,15200,83,121218
2018-08-23,8.00771,8.34383,7.87919,7.87919,46700,130,382085
2018-08-24,7.99782,8.24498,7.92862,8.11646,14700,53,120972
2018-08-27,8.11646,8.11646,7.94839,7.94839,5500,41,44785
2018-08-28,8.05714,8.19554,7.71113,8.06703,30600,108,247709
2018-08-29,8.19554,8.30429,7.85942,7.85942,13500,54,111256
2018-08-30,7.95828,8.156,7.64193,8.156,23500,85,186931
2018-08-31,8.14611,8.26475,7.90885,7.90885,13200,37,107804
2018-09-03,7.90885,7.90885,7.63204,7.63204,6600,46,52045
2018-09-04,7.65181,8.09668,7.46398,7.78033,96400,401,764208
2018-09-05,7.85942,7.97805,7.78033,7.78033,18200,63,143849
2018-09-06,8.00771,8.00771,7.53318,7.54306,11000,45,86345
2018-09-10,7.57272,7.79022,7.56284,7.7309,6400,43,49918
2018-09-11,7.56284,7.80999,7.42443,7.80999,11600,47,89990
2018-09-12,7.61227,7.76056,7.59249,7.67158,2800,11,21910
2018-09-13,7.90885,8.00771,7.6617,7.6617,7000,27,55527
2018-09-14,7.80999,7.80999,7.6617,7.74079,5400,10,42463
2018-09-17,7.63204,8.69973,7.63204,8.53167,22200,49,182869
2018-09-18,8.74916,8.94689,8.30429,8.50201,14300,54,124054
2018-09-19,8.30429,8.55144,8.06703,8.30429,8500,26,71569
2018-09-20,8.40315,8.69973,8.09668,8.54156,12300,46,103377
2018-09-21,8.72939,8.73928,8.40315,8.42292,5100,20,44672
2018-09-24,8.50201,8.60087,8.20543,8.21532,6700,33,56865
2018-09-25,8.0176,8.72939,7.90885,8.32406,14000,48,118238
2018-09-26,8.26475,8.26475,8.25486,8.25486,4200,15,35076
2018-09-27,8.32406,8.50201,8.32406,8.40315,5600,16,47532
2018-09-28,8.21532,8.60087,8.09668,8.09668,13700,40,116354
2018-10-01,8.09668,8.40315,7.91874,8.32406,9400,30,77191
2018-10-02,8.36361,9.08529,8.36361,8.67008,20600,65,181043
2018-10-03,8.8678,9.32256,8.20543,8.20543,18300,63,161591
2018-10-04,8.34383,8.50201,8.20543,8.20543,4700,20,40024
2018-10-05,8.20543,8.20543,8.0868,8.20543,4900,13,40515
2018-10-08,8.40315,9.04574,8.40315,8.60087,8700,19,76476
2018-10-09,8.45258,8.89745,8.45258,8.71951,8300,33,71865
2018-10-10,8.50201,8.89745,8.25486,8.6503,8500,28,73623
2018-10-11,8.74916,8.89745,8.00771,8.11646,28400,90,238113
2018-10-15,8.20543,8.79859,8.20543,8.54156,13500,50,115152
2018-10-16,8.69973,8.69973,8.05714,8.05714,6300,19,53197
2018-10-17,8.05714,8.156,7.87919,7.96817,14000,47,113992
2018-10-18,7.98794,8.00771,7.93851,8.00771,4000,13,32327
2018-10-19,8.00771,8.00771,7.72101,7.80999,5300,29,42469
2018-10-22,8.04725,8.16589,8.04725,8.16589,7700,17,63422
2018-10-23,8.00771,8.156,8.00771,8.09668,3000,10,24351
2018-10-24,7.94839,8.8678,7.94839,8.67008,30200,160,259011
2018-10-25,8.87768,9.19404,8.40315,8.59099,13400,46,117758
2018-10-26,8.73928,9.39176,8.55144,9.39176,14200,51,125873
2018-10-29,9.38187,9.38187,8.55144,8.55144,25400,50,223334
2018-10-30,8.60087,8.78871,8.60087,8.60087,2600,8,22673
2018-10-31,8.52178,8.55144,8.156,8.156,3400,16,28841
2018-11-01,8.35372,8.79859,8.35372,8.40315,8000,28,68540
2018-11-06,8.41304,8.41304,8.40315,8.40315,2700,6,22951
2018-11-07,8.21532,9.04574,8.21532,8.69973,24800,90,216563
2018-11-08,8.99632,9.0754,8.156,8.24498,20900,65,176198
2018-11-09,8.33395,8.33395,7.90885,7.90885,9500,25,78237
2018-11-12,8.12634,8.12634,8.02748,8.04725,1400,11,11476
2018-11-13,8.20543,8.64042,8.19554,8.38338,7800,18,65122
2018-11-14,8.76894,8.76894,8.0176,8.09668,14300,80,118885
2018-11-16,8.23509,8.47235,8.05714,8.0868,8400,27,69271
2018-11-19,8.05714,8.14611,8.00771,8.0868,2200,16,17960
2018-11-21,8.12634,8.87768,8.12634,8.8678,24400,80,209353
2018-11-22,8.8678,9.19404,8.33395,8.33395,20100,58,176687
2018-11-23,8.30429,8.78871,8.30429,8.78871,14300,56,122343
2018-11-26,8.78871,9.08529,8.21532,8.21532,20100,65,171902
2018-11-27,8.43281,8.49213,8.25486,8.29441,7600,20,64489
2018-11-28,8.31418,8.31418,8.30429,8.30429,500,3,4202
2018-11-29,8.54156,8.55144,8.54156,8.54156,1100,4,9506
2018-11-30,8.30429,8.50201,8.26475,8.50201,7300,42,62245
2018-12-03,8.54156,8.54156,8.40315,8.40315,4700,18,39968
2018-12-04,8.41304,9.04574,8.41304,8.79859,23700,71,209084
2018-12-05,9.14461,9.39176,8.5119,8.5119,19600,59,175166
2018-12-06,8.50201,8.50201,8.41304,8.41304,4900,9,42013
2018-12-07,8.50201,8.50201,8.40315,8.40315,3100,12,26434
2018-12-10,8.40315,8.41304,8.26475,8.26475,1300,8,11033
2018-12-11,8.50201,8.50201,8.40315,8.40315,3800,6,32380
2018-12-12,8.40315,8.40315,8.30429,8.30429,200,2,1690
2018-12-13,8.43281,8.43281,8.20543,8.27463,2600,8,22035
2018-12-14,8.26475,8.30429,8.18566,8.30429,2100,8,17472
2018-12-17,8.30429,8.30429,8.29441,8.29441,3900,14,32749
2018-12-18,8.42292,8.84802,8.20543,8.20543,12000,41,102784
2018-12-19,8.38338,8.40315,8.20543,8.30429,6200,21,51843
2018-12-26,8.29441,8.31418,8.23509,8.31418,3600,11,30231
2018-12-27,8.4427,8.4427,8.20543,8.20543,30900,15,259560
2018-12-28,8.20543,8.20543,8.05714,8.07691,2600,18,21386
2019-01-02,8.20543,8.20543,8.09668,8.09668,5200,6,43099
2019-01-03,8.09668,8.09668,7.98794,8.0176,2500,7,20277
2019-01-04,8.10657,8.45258,8.10657,8.24498,8600,19,71339
2019-01-07,8.35372,8.45258,8.35372,8.45258,2400,8,20390
2019-01-08,8.32406,8.32406,8.32406,8.32406,4300,9,36206
2019-01-09,8.21532,8.21532,8.19554,8.19554,3700,5,30696
2019-01-10,8.10657,8.10657,7.95828,7.95828,4700,13,38349
2019-01-11,7.98794,8.17577,7.95828,8.0176,10600,32,86660
2019-01-14,8.11646,8.20543,8.11646,8.20543,500,3,4114
2019-01-15,8.10657,8.10657,7.93851,7.94839,4300,11,34956
2019-01-17,8.04725,8.05714,7.93851,8.05714,3700,7,29970
2019-01-18,7.97805,8.13623,7.97805,8.00771,2500,11,20352
2019-01-21,8.0176,8.03737,7.90885,8.03737,7000,7,56473
2019-01-22,8.156,8.16589,7.95828,7.95828,5100,8,41735
2019-01-23,7.95828,8.156,7.89896,7.90885,20400,56,164820
2019-01-24,7.90885,7.90885,7.71113,7.71113,3300,10,26380
2019-01-28,7.82976,7.82976,7.71113,7.71113,1400,8,10982
2019-01-29,7.59249,8.10657,7.41455,7.61227,37300,98,289297
2019-01-30,7.62215,7.99782,7.42443,7.58261,26600,90,207873
2019-01-31,7.6617,7.78033,7.56284,7.60238,18700,41,144554
2019-02-01,7.51341,7.90885,7.41455,7.89896,38700,79,300954
2019-02-04,7.78033,7.98794,7.43432,7.43432,34600,107,270228
2019-02-05,7.51341,7.69136,7.26625,7.27614,27400,68,205197
2019-02-06,7.36512,7.51341,6.73241,6.98945,36200,141,262510
2019-02-07,6.99933,7.56284,6.83127,6.86093,54500,175,401082
2019-02-08,6.73241,7.21682,6.62366,7.19705,32900,114,230113
2019-02-11,7.45409,7.45409,6.67309,7.20694,47900,168,341572
2019-02-12,7.21682,7.36512,6.94001,6.94001,20200,89,146066
2019-02-13,7.10808,7.10808,6.82138,6.87081,18600,67,130256
2019-02-14,6.89058,6.96967,6.87081,6.87081,10100,22,70633
2019-02-15,6.95979,7.90885,6.8807,7.90885,32400,102,231696
2019-02-18,7.53318,7.53318,6.84115,6.96967,57700,179,409869
2019-02-19,7.15751,7.15751,6.91036,6.91036,6900,32,48519
2019-02-20,6.94001,6.9499,6.8115,6.82138,16200,45,112274
2019-02-21,6.92024,7.0191,6.64343,6.67309,17800,51,121535
2019-02-22,6.79172,6.8807,6.55446,6.76207,27700,57,188067
2019-02-25,6.62366,6.87081,6.62366,6.77195,6800,25,46701
2019-02-26,6.86093,6.91036,6.77195,6.77195,1500,9,10320
2019-02-27,6.74229,6.77195,6.73241,6.73241,3400,15,23219
2019-02-28,6.62366,6.94001,6.55446,6.594,32800,75,222845
2019-03-01,6.69286,6.69286,6.5248,6.5248,8400,40,55933
2019-03-06,6.61377,6.82138,6.53469,6.70275,12000,34,80666
2019-03-07,6.72252,6.90047,6.38639,6.38639,17900,55,119443
2019-03-08,6.22822,6.49514,6.06016,6.32708,31400,105,202444
2019-03-11,6.40617,6.50503,6.26776,6.26776,9700,42,62633
2019-03-12,6.36662,6.5248,6.24799,6.32708,10700,42,69167
2019-03-13,6.40617,6.42594,6.27765,6.41605,5100,16,32996
2019-03-14,6.41605,6.41605,6.35674,6.35674,200,2,1292
2019-03-15,6.42594,6.42594,6.33697,6.33697,900,5,5841
2019-03-18,6.38639,6.91036,6.27765,6.72252,29800,94,198213
2019-03-19,6.72252,6.92024,6.42594,6.49514,22300,76,149180
2019-03-20,6.4556,6.92024,6.44571,6.77195,13600,55,89976
2019-03-21,6.92024,6.94001,6.13924,6.33697,28900,94,189628
2019-03-22,6.32708,6.32708,6.10959,6.12936,52100,86,325096
2019-03-25,6.22822,6.46548,6.04038,6.12936,14200,45,89316
2019-03-26,6.05027,6.72252,6.05027,6.72252,59800,154,380302
2019-03-27,6.74229,6.91036,6.28753,6.33697,32200,97,214277
2019-03-28,6.5248,6.72252,6.22822,6.594,13800,58,90261
2019-03-29,6.6632,6.9499,6.32708,6.69286,28500,107,190974
2019-04-01,6.90047,6.9499,6.24799,6.32708,44400,141,297159
2019-04-02,6.67309,6.67309,6.17879,6.17879,28900,79,183881
2019-04-03,6.34685,6.34685,6.1689,6.27765,9500,37,60036
2019-04-04,6.30731,6.68298,6.24799,6.57423,38500,77,249403
2019-04-05,6.62366,6.70275,6.46548,6.46548,13900,33,93204
2019-04-08,6.28753,6.61377,6.28753,6.60389,10400,32,67657
2019-04-09,6.40617,6.40617,6.2381,6.37651,3500,15,22543
2019-04-10,6.5248,6.60389,6.34685,6.48526,6800,26,44431
2019-04-11,6.58412,6.58412,6.13924,6.18867,53300,75,337931
2019-04-12,6.14913,6.20845,5.82289,6.01073,69200,198,421702
2019-04-15,6.02061,6.42594,5.97118,6.39628,41100,168,258552
2019-04-16,6.37651,6.62366,6.14913,6.19856,18800,65,120147
2019-04-17,6.31719,6.31719,6.0305,6.13924,13500,51,83916
2019-04-18,6.26776,6.27765,6.10959,6.10959,12900,26,80981
2019-04-22,6.12936,6.29742,5.98107,6.0305,54600,64,334486
2019-04-23,6.04038,6.04038,6.00084,6.00084,18000,30,109523
2019-04-24,6.01073,6.0305,5.94152,5.95141,3700,13,22366
2019-04-25,6.05027,6.27765,5.99095,6.0305,23100,43,144897
2019-04-26,6.12936,6.12936,6.0305,6.0305,2900,13,17777
2019-04-29,6.0305,6.0305,5.93164,5.93164,4700,22,28380
2019-04-30,5.94152,6.08981,5.94152,5.94152,8400,33,51214
2019-05-02,6.04038,6.1689,5.91186,5.91186,11500,39,69500
2019-05-03,5.93164,5.93164,5.93164,5.93164,300,3,1800
2019-05-06,6.0305,6.0305,5.84266,5.84266,5800,18,34663
2019-05-07,5.93164,6.32708,5.84266,5.84266,36700,133,224192
2019-05-08,5.87232,6.02061,5.77346,6.02061,9500,24,56755
2019-05-09,6.12936,6.22822,5.68448,5.93164,40400,140,238285
2019-05-10,5.85255,5.95141,5.77346,5.94152,22000,46,131221
2019-05-13,5.84266,5.91186,5.63505,5.64494,36800,120,215788
2019-05-14,5.75369,6.0305,5.64494,5.813,55200,186,324132
2019-05-15,5.83278,5.88221,5.48676,5.6746,28000,87,160118
2019-05-16,5.54608,5.66471,5.49665,5.66471,15400,78,86850
2019-05-17,5.72403,5.72403,5.51642,5.54608,20400,66,115431
2019-05-20,6.0305,6.57423,5.61528,6.57423,55300,176,332999
2019-05-21,6.5248,6.60389,5.99095,5.99095,35800,127,228483
2019-05-22,5.95141,6.42594,5.93164,6.21833,45100,126,281795
2019-05-23,6.27765,6.31719,6.02061,6.0305,20900,50,129593
2019-05-24,6.20845,6.25788,5.96129,5.99095,9300,51,57327
2019-05-27,5.98107,6.05027,5.93164,5.98107,18300,59,110609
2019-05-28,5.98107,6.11947,5.93164,5.94152,14000,42,84819
2019-05-29,5.94152,6.04038,5.89209,5.89209,9300,33,56155
2019-05-30,5.93164,5.93164,5.88221,5.89209,10700,25,63821
2019-05-31,5.89209,6.07993,5.89209,5.96129,14300,37,87074
2019-06-03,6.47537,6.47537,5.90198,6.30731,133500,310,829154
2019-06-04,6.29742,6.42594,6.17879,6.32708,46300,87,295449
2019-06-05,6.33697,6.33697,6.12936,6.12936,9400,36,59043
2019-06-06,6.22822,6.41605,6.05027,6.41605,83800,259,531086
2019-06-07,6.41605,6.41605,6.12936,6.36662,41900,196,266284
2019-06-10,6.30731,6.64343,6.15902,6.62366,54100,218,351226
2019-06-11,6.62366,6.84115,6.42594,6.42594,27000,88,179974
2019-06-12,6.39628,6.49514,6.21833,6.21833,30700,96,198590
2019-06-13,6.36662,6.57423,6.27765,6.28753,32300,112,207908
2019-06-14,6.50503,6.67309,6.4556,6.60389,16100,98,106687
2019-06-17,6.61377,6.71264,6.32708,6.36662,24400,65,160111
2019-06-18,6.32708,6.51491,6.18867,6.37651,62300,245,398090
2019-06-19,6.5248,6.5248,6.0305,6.0305,81200,468,503381
2019-06-21,6.12936,6.29742,6.0997,6.10959,26000,103,162851
2019-06-24,6.12936,6.17879,5.96129,5.98107,17700,52,108494
2019-06-25,6.35674,6.56434,6.22822,6.31719,53400,139,345710
2019-06-26,6.42594,6.71264,6.2381,6.61377,43600,134,289660
2019-06-27,6.61377,7.41455,6.61377,7.31569,70500,240,509927
2019-06-28,7.3058,7.31569,6.73241,7.31569,45100,122,331322
2019-07-01,7.41455,7.85942,7.41455,7.74079,36400,106,285236
2019-07-02,7.80999,8.10657,7.57272,7.6617,30900,103,242017
2019-07-03,7.67158,8.05714,7.62215,7.80999,21000,79,165995
2019-07-04,7.89896,8.30429,7.7309,8.07691,36800,125,299706
2019-07-05,8.07691,8.60087,7.90885,8.37349,30900,115,257204
2019-07-08,8.69973,8.69973,8.156,8.20543,21600,67,182008
2019-07-10,8.38338,8.53167,8.28452,8.35372,14000,49,118849
2019-07-11,8.34383,8.50201,8.34383,8.48224,13600,57,115795
2019-07-12,8.48224,8.48224,8.20543,8.20543,7200,25,60844
2019-07-15,8.04725,8.67996,7.80999,8.40315,46400,99,394713
2019-07-16,8.54156,8.77882,8.48224,8.68985,19100,56,165754
2019-07-17,8.81837,8.84802,8.40315,8.59099,25700,85,225570
2019-07-18,8.47235,8.84802,8.47235,8.78871,16500,48,146792
2019-07-19,8.63053,8.85791,8.5119,8.62065,13400,53,117962
2019-07-22,8.5119,8.59099,8.45258,8.54156,4700,24,40462
2019-07-23,8.52178,8.8678,8.46247,8.70962,22200,83,195401
2019-07-24,8.77882,8.88757,8.41304,8.63053,17400,55,151858
2019-07-25,8.68985,8.68985,8.50201,8.68985,15700,62,136954
2019-07-26,8.67008,8.68985,8.60087,8.67996,11800,31,103496
2019-07-29,8.6503,8.67996,8.53167,8.64042,13200,37,115442
2019-07-30,8.63053,8.6503,8.40315,8.40315,9400,39,80733
2019-07-31,8.55144,8.67996,8.16589,8.16589,52700,132,449299
2019-08-01,8.0176,8.40315,7.95828,8.30429,26200,62,221094
2019-08-02,8.20543,8.79859,8.0176,8.30429,32600,118,277497
2019-08-05,8.156,8.50201,7.93851,8.05714,65900,195,544886
2019-08-06,8.20543,8.30429,7.80999,7.89896,28800,97,232989
2019-08-07,8.03737,8.04725,7.63204,7.64193,15500,64,121616
2019-08-08,7.64193,7.8693,7.54306,7.59249,24300,85,188080
2019-08-09,7.68147,7.90885,7.42443,7.90885,29300,103,225997
2019-08-12,7.89896,7.89896,7.4442,7.4442,27500,87,212904
2019-08-13,7.52329,7.90885,7.42443,7.42443,15700,69,118936
2019-08-14,7.41455,7.77044,7.29591,7.60238,20400,69,154397
2019-08-15,7.85942,8.09668,7.24648,7.40466,33000,70,257853
2019-08-16,7.31569,7.82976,7.31569,7.32557,24200,58,183572
2019-08-19,7.22671,7.34534,7.21682,7.21682,6500,15,48044
2019-08-20,7.21682,7.41455,7.09819,7.16739,23500,47,170606
2019-08-21,7.26625,7.90885,7.07842,7.41455,28200,98,213560
2019-08-22,7.41455,7.71113,7.26625,7.48375,22800,71,172201
2019-08-23,7.68147,7.71113,7.14762,7.38489,35200,89,261958
2019-08-26,7.41455,7.48375,6.95979,6.99933,33100,99,241087
2019-08-27,6.96967,7.40466,6.95979,7.0191,7600,33,54665
2019-08-28,6.98945,7.17728,6.93013,6.96967,15300,57,108169
2019-08-29,7.32557,7.32557,7.04876,7.04876,7000,29,50530
2019-08-30,7.15751,7.59249,7.15751,7.59249,9900,31,73250
2019-09-02,7.60238,7.60238,7.16739,7.33546,19000,58,140267
2019-09-03,7.35523,7.36512,6.93013,7.16739,31400,73,225124
2019-09-04,7.21682,7.27614,7.21682,7.22671,4000,17,29208
2019-09-05,7.31569,7.51341,7.27614,7.51341,11100,35,83062
2019-09-06,7.51341,7.61227,7.50352,7.61227,3500,17,26685
2019-09-09,7.61227,8.16589,7.61227,8.00771,16800,60,134546
2019-09-10,8.00771,8.27463,7.56284,7.58261,27900,99,222949
2019-09-11,7.71113,8.10657,7.63204,7.81987,13000,54,103040
2019-09-12,7.93851,8.60087,7.93851,8.46247,33900,103,282356
2019-09-13,8.30429,8.46247,7.89896,7.90885,13500,46,110013
2019-09-16,7.7309,8.39326,7.7309,8.09668,12300,36,99920
2019-09-17,8.11646,8.38338,7.92862,8.16589,18100,57,147795
2019-09-18,8.156,8.156,7.89896,7.94839,6200,27,50316
2019-09-19,7.81987,8.09668,7.80999,7.80999,5600,23,44998
2019-09-20,7.80999,8.14611,7.7309,7.91874,14400,52,116360
2019-09-23,8.14611,8.17577,7.98794,7.98794,3200,30,26148
2019-09-24,8.10657,8.10657,7.81987,7.81987,15200,45,123100
2019-09-25,7.80999,8.00771,7.80999,8.00771,1300,9,10466
2019-09-26,7.88908,8.04725,7.84953,8.03737,6700,19,53412
2019-09-27,7.95828,8.04725,7.95828,7.96817,1300,6,10475
2019-09-30,7.99782,8.0868,7.99782,8.00771,5600,17,45405
2019-10-01,7.90885,8.07691,7.90885,8.05714,3300,13,26787
2019-10-02,7.79022,8.05714,7.72101,8.05714,15400,33,122685
2019-10-03,8.04725,8.38338,7.80999,8.17577,25800,74,213541
2019-10-04,8.20543,8.20543,7.83965,7.84953,18600,58,149090
2019-10-07,7.85942,7.92862,7.84953,7.92862,6200,29,49412
2019-10-08,7.85942,7.85942,7.81987,7.85942,3300,13,26216
2019-10-09,7.93345,8.08314,7.92347,7.98335,4800,22,38445
2019-10-10,7.99333,8.09312,7.94343,7.94343,7900,30,63293
2019-10-11,8.0033,8.01328,8.0033,8.0033,2000,9,16051
2019-10-14,7.88355,8.07316,7.78376,7.90351,8100,23,64247
2019-10-15,7.83366,7.98335,7.70393,7.84364,19200,40,150862
2019-10-16,8.02326,8.03324,7.92347,8.02326,4400,19,35321
2019-10-17,8.0532,8.94135,8.03324,8.63199,40600,100,342942
2019-10-18,8.63199,9.38043,8.12305,8.87149,136000,443,1193804
2019-10-21,8.92139,9.27066,8.18293,8.67191,65700,191,577464
2019-10-22,8.88147,9.02118,8.41245,8.78168,67100,171,588735
2019-10-23,8.98126,9.17087,8.28272,8.37253,55000,184,471611
2019-10-24,8.48231,8.78168,8.11308,8.25278,47700,160,398582
2019-10-25,8.2927,8.78168,8.23283,8.66193,60800,161,519986
2019-10-28,8.66193,8.93137,8.39249,8.5322,30600,103,266636
2019-10-29,8.5322,8.5821,8.2428,8.5821,25500,66,215647
2019-10-30,8.5821,8.5821,8.23283,8.23283,25900,69,218042
2019-10-31,8.26276,8.40247,8.20289,8.37253,4900,26,40681
2019-11-01,8.38251,8.38251,8.23283,8.28272,8300,25,69153
2019-11-04,8.21287,8.56214,8.20289,8.23283,34500,90,289146
2019-11-05,8.28272,8.36256,8.16297,8.16297,56600,99,467547
2019-11-06,8.18293,9.15091,8.18293,8.98126,66700,206,582642
2019-11-07,8.98126,9.53012,8.97128,9.47024,116900,367,1081738
2019-11-08,9.47024,9.63989,9.08106,9.08106,40500,145,375453
2019-11-11,9.10101,9.85943,9.10101,9.85943,33600,114,313473
2019-11-12,10.07897,10.84737,10.07897,10.46816,58000,221,607719
2019-11-13,10.46816,10.85735,10.02908,10.09893,24200,88,251403
2019-11-14,10.27856,10.28854,9.8295,9.83947,29900,122,299578
2019-11-18,10.10891,10.27856,9.7796,9.97918,17900,70,179414
2019-11-19,10.02908,10.08895,9.7297,9.7796,36800,103,360558
2019-11-21,9.7796,10.12887,9.67981,10.12887,27600,100,272847
2019-11-22,9.88937,10.32845,9.38043,9.38043,40100,205,397180
2019-11-25,9.44031,9.65985,9.41037,9.47024,13900,81,132873
2019-11-26,9.47024,9.73968,8.99124,9.47024,88800,318,823436
2019-11-27,9.58002,9.87939,9.28064,9.62991,36900,149,355057
2019-11-28,9.62991,9.81952,9.14093,9.14093,66000,191,617065
2019-11-29,9.19083,9.29062,9.13095,9.13095,29300,119,270384
2019-12-02,9.20081,9.32056,9.13095,9.13095,28600,103,262483
2019-12-03,9.17087,9.67981,9.13095,9.42035,66600,235,618827
2019-12-04,9.42035,9.81952,9.23074,9.23074,34500,133,322356
2019-12-05,9.33054,9.39041,9.13095,9.13095,19400,53,180237
2019-12-06,9.38043,9.7796,9.23074,9.7796,47000,102,450337
2019-12-09,9.67981,10.13885,9.52014,9.7796,24200,52,235727
2019-12-10,9.7297,9.94925,9.63989,9.86941,18100,31,177690
2019-12-11,10.069,10.069,9.58002,9.63989,29500,86,289573
2019-12-12,9.52014,10.37835,9.52014,10.14883,47400,125,472035
2019-12-13,10.11889,10.9771,10.11889,10.9771,38100,91,396260
2019-12-16,10.87731,12.08479,10.87731,12.07481,108100,252,1262693
2019-12-17,11.97502,12.31431,11.60579,11.87523,68200,210,811017
2019-12-18,12.16462,12.47398,11.67564,11.85527,33000,88,397195
2019-12-19,12.2245,12.2245,11.42616,11.47606,29500,98,347051
2019-12-20,11.506,11.97502,11.506,11.62575,40800,78,478635
2019-12-23,11.62575,12.07481,11.42616,11.84529,36400,118,429548
2019-12-26,11.96504,12.2245,11.53594,12.2245,42300,112,504753
2019-12-27,11.87523,12.49394,11.76546,12.4141,99900,157,1230300
2019-12-30,12.34425,12.77335,12.14466,12.37419,35000,97,436850
2020-01-02,12.56379,12.82325,12.4141,12.79331,29500,170,373856
2020-01-03,12.69352,13.44196,12.2245,13.26233,56900,304,741658
2020-01-06,13.22242,14.64944,12.69352,14.37002,98500,328,1370435
2020-01-07,14.62948,17.3538,14.02075,16.88478,157200,600,2465964
2020-01-08,17.18415,18.96045,17.16419,17.68311,148900,542,2710629
2020-01-09,17.68311,18.11222,16.16628,16.71513,112800,491,1889580
2020-01-10,16.94465,17.31388,15.97667,16.61534,102900,582,1730523
2020-01-13,17.10432,17.10432,16.42573,16.44569,68100,189,1137412
2020-01-14,16.70515,16.70515,16.27605,16.56544,30500,139,505360
2020-01-15,16.5854,16.8249,16.21617,16.36586,17200,71,284025
2020-01-16,16.37584,16.61534,16.36586,16.36586,33300,101,549812
2020-01-17,16.65526,16.66524,15.817,16.25609,19100,101,311970
2020-01-20,16.31596,16.31596,15.36794,15.74715,40100,169,633578
2020-01-21,15.76711,16.16628,14.95879,15.54757,50900,204,787591
2020-01-22,15.56752,16.11638,15.37792,15.59746,47900,156,752993
2020-01-23,15.44777,15.85692,14.78915,15.6773,20100,72,312657
2020-01-24,15.6773,16.75505,14.88894,15.46773,38600,145,615356
2020-01-27,15.39788,15.40786,14.58956,15.06857,59400,169,895491
2020-01-28,14.88894,15.69725,14.88894,15.40786,31200,100,475688
2020-01-29,15.40786,15.46773,14.78915,15.46773,19700,70,299807
2020-01-30,15.35796,15.36794,14.67938,15.31805,32100,106,485490
2020-01-31,15.63738,15.96669,14.86898,15.21825,54100,230,827822
2020-02-03,15.21825,15.54757,14.76919,15.26815,49700,234,756936
2020-02-04,15.66732,15.99663,15.06857,15.32802,51900,231,808375
2020-02-05,15.89684,16.21617,15.36794,15.49767,23200,113,363188
2020-02-06,15.8669,15.8669,15.16836,15.64736,28900,137,447499
2020-02-07,15.28811,15.63738,15.18832,15.4378,12600,61,195057
2020-02-10,15.4378,15.73717,14.86898,15.46773,26600,106,406213
2020-02-11,15.56752,15.74715,15.07854,15.338,25500,128,394914
2020-02-12,15.74715,16.25609,15.13842,15.71721,38900,208,611643
2020-02-13,15.66732,15.66732,15.23821,15.55755,37500,118,583416
2020-02-14,15.46773,15.90682,15.42782,15.46773,14300,68,224268
2020-02-17,15.56752,15.85692,15.27813,15.47771,21200,63,328845
2020-02-18,15.46773,15.46773,15.06857,15.45775,11900,60,181958
2020-02-19,15.46773,15.46773,15.00869,15.22823,25200,139,382562
2020-02-20,15.22823,15.36794,14.96877,15.06857,11600,65,175908
2020-02-21,15.07854,15.35796,14.97875,15.15838,13000,75,197742
2020-02-26,14.94882,14.94882,13.61161,14.18042,42000,171,598128
2020-02-27,13.97086,14.76919,13.52179,14.28021,48600,161,683656
2020-02-28,14.25027,14.44986,13.07273,13.57169,27800,153,378956
2020-03-02,13.77127,14.63946,13.57169,14.46981,39800,116,560103
2020-03-03,14.71929,15.53759,13.97086,14.76919,49500,215,722046
2020-03-04,14.76919,15.16836,14.45984,14.71929,34500,134,508152
2020-03-05,14.46981,15.40786,14.07065,14.6694,84400,468,1261328
2020-03-06,13.98083,14.27023,13.1825,14.16046,56700,129,780518
2020-03-09,12.95298,12.95298,11.59581,11.97502,36400,106,447420
2020-03-10,12.97294,12.97294,12.12471,12.55381,15500,66,194896
2020-03-11,12.55381,12.87315,11.62575,12.77335,14700,69,181089
2020-03-12,11.67564,11.67564,9.98916,11.47606,34300,98,375169
2020-03-13,12.27439,12.47398,11.027,11.96504,16400,72,190407
2020-03-16,10.55797,11.42616,9.86941,9.97918,24600,79,257310
2020-03-17,10.37835,10.87731,9.78958,9.97918,23500,64,238493
2020-03-18,9.64987,9.64987,7.48439,9.48022,37000,109,330592
2020-03-19,9.27066,9.47024,7.87357,8.98126,35100,100,310418
2020-03-20,9.58002,10.77752,8.50226,8.98126,11100,52,104697
2020-03-23,8.86151,8.98126,8.68189,8.83158,5600,14,49718
2020-03-24,9.09103,9.48022,8.5821,9.42035,22900,78,209048
2020-03-25,8.69187,10.33843,8.69187,9.7796,41100,84,400463
2020-03-26,9.90933,10.92721,9.64987,9.87939,22300,72,227376
2020-03-27,9.86941,9.87939,9.29062,9.48022,5000,28,47649
2020-03-30,9.36047,10.27856,9.13095,9.68979,33700,88,332332
2020-03-31,10.24862,10.91722,9.68979,10.12887,73100,91,749288
2020-04-01,9.97918,9.97918,9.08106,9.7796,18200,70,174243
2020-04-02,10.47814,10.9771,9.39041,9.7796,30600,101,310108
2020-04-03,9.39041,9.62991,9.03116,9.58002,7900,41,73591
2020-04-06,9.78958,10.71764,9.7796,9.9692,22800,82,227145
2020-04-07,10.03906,11.027,9.93927,10.15881,41300,127,434629
2020-04-08,10.17877,10.63781,9.58002,10.16879,13600,60,138609
2020-04-09,10.63781,11.27648,9.38043,9.68979,28800,108,284768
2020-04-13,9.97918,10.42825,9.10101,10.27856,28900,118,278635
2020-04-14,10.46816,10.46816,9.97918,10.05902,24100,118,244897
2020-04-15,10.47814,10.47814,9.94925,10.07897,33400,100,335660
2020-04-16,10.17877,10.18875,9.92929,10.09893,7800,40,78635
2020-04-17,10.17877,10.23864,9.94925,10.11889,6000,45,60426
2020-04-20,9.97918,10.65777,9.97918,10.55797,19600,71,203537
2020-04-22,10.53802,10.85735,10.39831,10.60787,10000,47,106009
2020-04-23,10.67772,10.6877,10.46816,10.47814,28700,43,301683
2020-04-24,10.47814,10.4981,9.3006,9.87939,11600,51,113543
2020-04-27,10.26858,10.56795,9.68979,9.97918,22400,79,226273
2020-04-28,10.08895,10.08895,9.78958,10.08895,9200,49,92218
2020-04-29,10.37835,10.37835,9.9692,10.16879,19700,45,199939
2020-04-30,9.98916,10.08895,9.87939,9.92929,9400,45,93802
2020-05-04,9.67981,9.97918,9.28064,9.88937,11300,35,109604
2020-05-05,9.99914,10.24862,9.68979,10.17877,21700,82,218746
2020-05-06,10.03906,10.47814,9.73968,9.94925,34500,84,351512
2020-05-07,10.02908,10.61785,9.92929,10.24862,32000,95,328764
2020-05-08,10.37835,10.87731,10.17877,10.47814,17000,70,179136
2020-05-11,10.67772,11.77544,10.67772,11.027,65000,223,736899
2020-05-12,11.42616,11.76546,10.89727,10.9771,39200,151,445587
2020-05-13,11.43614,11.46608,10.67772,11.05693,32400,118,358623
2020-05-14,10.9771,11.65569,10.6877,11.64571,18700,86,207899
2020-05-15,11.7455,11.76546,11.47606,11.67564,12400,66,144174
2020-05-18,11.77544,12.35423,11.42616,12.07481,34100,145,405927
2020-05-19,12.21452,12.71348,11.90516,12.42408,52800,201,656464
2020-05-20,12.56379,13.4719,12.28437,12.87315,32700,136,419242
2020-05-21,12.67356,13.67148,12.67356,13.65152,73500,230,981038
2020-05-22,13.65152,14.37002,13.27231,13.27231,60400,152,834098
2020-05-25,13.15256,13.97086,13.15256,13.6615,19500,76,268691
2020-05-26,13.76129,14.36004,13.67148,13.98083,45900,136,646695
2020-05-27,15.96669,16.76503,15.13842,16.54548,143600,632,2316180
2020-05-28,16.77501,17.01451,16.18623,16.48561,91200,336,1523615
2020-05-29,16.46565,17.01451,16.46565,16.6353,35900,119,601748
2020-06-01,17.0644,22.70264,16.96461,22.25358,438100,1797,9144921
2020-06-02,22.58289,28.93963,22.58289,23.60077,984500,3856,25843346
2020-06-03,25.42696,25.79619,19.22989,21.9542,489600,2019,10859783
2020-06-04,19.94839,19.94839,18.46149,18.88061,194700,968,3741566
2020-06-05,18.71097,18.71097,16.47563,16.89476,209100,848,3563639
2020-06-08,16.96461,18.46149,16.96461,17.76294,157900,596,2811976
2020-06-09,17.96253,19.70889,17.80286,19.45941,146200,527,2754155
2020-06-10,19.56918,20.44734,18.77084,18.95047,90700,457,1751319
2020-06-12,17.96253,18.3617,17.47355,17.67313,63500,275,1138438
2020-06-15,17.46357,17.50349,16.46565,16.97459,57900,257,986032
2020-06-16,17.3538,17.93259,16.96461,17.01451,69400,250,1207085
2020-06-17,17.16419,17.76294,16.8748,17.66315,26500,166,459788
2020-06-18,17.26398,17.76294,17.12428,17.14424,44800,186,785779
2020-06-19,17.51346,17.5434,17.01451,17.44361,40000,152,694513
2020-06-22,17.46357,18.16211,17.01451,17.01451,30800,131,543436
2020-06-23,17.23405,17.81284,16.96461,16.96461,52700,206,911862
2020-06-24,17.15421,17.46357,16.57542,16.86482,52000,194,883967
2020-06-25,16.93467,17.25401,16.76503,16.96461,22100,107,376357
2020-06-26,17.15421,17.31388,16.96461,16.96461,32900,120,560699
2020-06-29,16.97459,17.86274,16.96461,17.66315,60100,266,1046553
2020-06-30,17.56336,17.86274,17.02448,17.67313,51000,208,900240
2020-07-01,17.93259,18.69101,17.58332,18.66107,86600,378,1567671
2020-07-02,18.71097,19.25982,17.86274,17.98249,49100,194,915950
2020-07-03,17.8328,18.7908,17.80286,18.42157,21300,130,390666
2020-07-06,18.86065,19.16003,18.16211,18.2619,42200,158,791475
2020-07-07,17.88269,18.66107,17.86274,18.3617,27000,90,493024
2020-07-08,18.5513,18.85068,18.17209,18.58124,34000,154,632106
2020-07-09,18.85068,18.85068,18.21201,18.24195,20900,99,386049
2020-07-10,18.16211,18.38165,17.66315,17.81284,42700,187,767532
2020-07-13,17.57334,18.16211,17.25401,17.41367,44600,182,791118
2020-07-14,17.51346,17.71305,17.02448,17.50349,30600,145,531656
2020-07-15,17.65317,17.86274,17.16419,17.26398,28200,109,492406
2020-07-16,17.07438,17.71305,17.07438,17.38374,23000,112,400270
2020-07-17,17.46357,18.0723,17.22407,17.22407,51800,278,910907
2020-07-20,17.22407,17.75297,17.01451,17.25401,40600,162,706508
2020-07-21,17.45359,17.51346,17.22407,17.45359,27200,110,474744
2020-07-22,17.40369,17.64319,17.02448,17.26398,46600,136,807453
2020-07-23,17.23405,17.48353,17.16419,17.46357,28300,211,492579
2020-07-24,17.26398,17.40369,17.03446,17.0644,51900,213,893855
2020-07-27,17.3538,17.36378,16.76503,16.77501,25000,106,425952
2020-07-28,16.8249,16.96461,16.71513,16.81492,23800,87,400928
2020-07-29,16.96461,16.96461,16.16628,16.21617,21900,131,362830
2020-07-30,16.26607,16.3459,15.8669,16.20619,28700,128,462718
2020-07-31,16.20619,16.42573,15.87688,15.88686,35600,180,570873
2020-08-03,15.82698,16.71513,15.82698,16.5854,22900,102,376250
2020-08-04,16.5854,16.85484,16.11638,16.14632,14700,100,242294
2020-08-05,16.42573,16.61534,16.16628,16.18623,11600,57,189760
2020-08-06,16.60536,16.66524,16.26607,16.35588,12200,61,201658
2020-08-07,16.40578,16.76503,16.22615,16.45567,14900,80,246791
2020-08-10,16.45567,16.76503,16.27605,16.54548,44900,156,745133
2020-08-11,16.76503,17.41367,16.47563,17.00453,33700,132,569798
2020-08-12,17.00453,17.31388,16.36586,16.56544,20000,90,334302
2020-08-13,16.62532,16.85484,16.26607,16.44569,15000,82,246832
2020-08-14,16.5854,16.81492,16.26607,16.56544,11900,44,197017
2020-08-17,16.46565,16.46565,15.92677,16.06648,31200,168,507230
2020-08-18,16.46565,16.75505,16.17625,16.38582,9400,39,153864
2020-08-19,16.19621,16.36586,16.06648,16.24611,7000,29,113484
2020-08-20,16.06648,16.35588,15.98665,16.25609,9700,45,157178
2020-08-21,16.14632,16.41576,16.11638,16.16628,6100,35,99475
2020-08-24,16.36586,16.95463,16.18623,16.21617,36400,117,608885
2020-08-25,16.26607,16.35588,15.96669,16.32594,17000,70,274856
2020-08-26,16.40578,16.41576,15.8669,16.14632,34300,138,550957
2020-08-27,16.07646,16.30598,15.8669,15.96669,14600,64,234131
2020-08-28,16.05651,16.11638,15.9168,15.96669,15100,79,242174
2020-08-31,15.97667,16.06648,15.61742,16.06648,26000,83,412294
2020-09-01,16.1563,16.21617,15.8669,16.00661,11500,67,185372
2020-09-02,16.06648,16.1563,15.74715,15.95671,23700,74,377675
2020-09-03,15.96669,16.06648,15.75713,15.817,24500,63,389157
2020-09-04,15.817,15.93675,15.66732,15.8669,15000,59,237019
2020-09-08,15.85692,16.16628,15.76711,15.96669,27000,64,432713
2020-09-09,16.21617,16.21617,16.01659,16.06648,6400,43,103048
2020-09-10,16.02657,16.26607,15.817,16.11638,14500,65,234587
2020-09-11,16.16628,16.66524,16.07646,16.31596,50900,116,832409
2020-09-14,16.31596,16.88478,16.26607,16.71513,36000,184,601142
2020-09-15,16.78498,17.26398,16.5854,16.5854,16800,89,282949
2020-09-16,16.51555,16.75505,16.41576,16.75505,3400,21,56361
2020-09-17,16.68519,16.74507,16.54548,16.74507,1800,14,30058
2020-09-18,16.47563,16.61534,16.14632,16.14632,4700,38,76960
2020-09-21,16.20619,16.32594,15.98665,16.1563,21100,90,339947
2020-09-22,16.19621,16.69517,16.19621,16.51555,10600,51,174699
2020-09-23,17.05442,17.1143,16.16628,16.16628,19800,70,335098
2020-09-24,16.48561,16.66524,16.29601,16.51555,13000,72,214995
2020-09-25,16.76503,16.76503,16.37584,16.61534,7600,58,125955
2020-09-28,16.76503,17.25401,16.41576,16.84486,45700,192,774407
2020-09-29,16.62532,16.71513,16.17625,16.45567,14700,78,242216
2020-09-30,16.60536,16.75505,15.98665,16.56544,59900,192,981057
2020-10-01,16.56544,16.86482,16.47563,16.5854,6000,45,99999
2020-10-02,16.57542,17.15421,16.42573,16.42573,8700,58,144897
2020-10-05,16.46565,16.74507,16.21617,16.48561,16600,72,273393
2020-10-06,16.65526,16.76503,16.23613,16.3958,4700,38,77568
2020-10-07,16.56544,16.74507,15.98665,16.06648,32100,112,524368
2020-10-08,16.41576,16.41576,16.01659,16.12636,8600,51,139700
2020-10-09,16.12636,16.36586,16.11638,16.24611,8900,34,144817
2020-10-13,16.28,16.39,16.0,16.2,6300,38,101628
2020-10-14,15.95,16.15,15.9,16.1,7900,38,126337
2020-10-15,15.99,17.38,15.99,16.9,30700,92,515175
2020-10-16,17.02,17.04,16.43,16.6,16000,85,267891
2020-10-19,16.74,17.78,16.74,16.84,52500,186,896520
2020-10-20,17.15,17.15,16.45,16.57,4700,25,78128
2020-10-21,16.45,16.5,16.38,16.38,7600,33,124821
2020-10-22,16.47,16.99,16.34,16.64,13200,47,218687
2020-10-23,16.89,17.0,16.46,16.46,12000,43,200065
2020-10-26,16.79,16.79,15.85,16.1,17000,72,276459
2020-10-27,16.01,16.64,16.01,16.41,13500,52,220468
2020-10-28,16.27,16.31,15.85,16.0,31400,75,506397
2020-10-29,16.07,17.42,16.06,17.1,45300,153,759616
2020-10-30,16.89,17.0,16.37,17.0,19300,71,323755
2020-11-03,17.28,17.6,16.52,16.91,17700,69,300156
2020-11-04,16.62,17.3,16.56,16.82,23700,113,399920
2020-11-05,16.87,17.37,16.83,17.15,31600,98,536678
2020-11-06,16.9,18.49,16.9,18.0,37700,140,660110
2020-11-09,18.0,18.44,16.8,16.8,59400,206,1031697
2020-11-10,16.99,17.46,16.5,16.56,33000,142,553350
2020-11-11,16.53,16.88,16.31,16.32,24400,117,402111
2020-11-12,16.3,16.49,16.08,16.49,18400,73,298326
2020-11-13,16.72,16.89,16.62,16.7,11400,48,190792
2020-11-16,16.8,17.2,16.5,16.61,15200,80,257819
2020-11-17,16.99,17.4,16.32,16.85,47900,140,800401
2020-11-18,16.89,17.39,16.52,17.09,39400,181,668066
2020-11-19,17.1,17.12,16.46,16.7,70800,251,1178943
2020-11-20,16.94,17.0,16.81,16.85,24700,58,418235
2020-11-23,16.91,16.94,16.2,16.2,155500,387,2562476
2020-11-24,16.48,16.48,16.01,16.3,73100,242,1185121
2020-11-25,16.22,16.32,16.1,16.17,36400,112,590109
2020-11-26,16.11,16.28,16.08,16.1,132500,99,2141218
2020-11-27,16.1,16.41,16.09,16.23,35900,128,582027
2020-11-30,16.23,16.36,16.08,16.08,18900,72,305031
2020-12-01,16.08,16.44,16.08,16.44,30200,151,489468
2020-12-02,16.44,16.91,16.4,16.5,35700,127,593680
2020-12-03,16.5,16.95,16.5,16.7,7500,35,125884
2020-12-04,17.0,17.38,16.62,17.0,36300,119,618278
2020-12-07,17.29,17.29,16.91,17.19,28100,83,479419
2020-12-08,17.1,18.5,16.75,17.49,71700,264,1249020
2020-12-09,17.5,17.89,17.05,17.09,21000,84,365888
2020-12-10,17.45,17.47,16.81,16.81,12400,59,212928
2020-12-11,17.1,17.29,16.57,17.1,11300,49,193073
2020-12-14,17.44,17.44,16.83,17.1,24800,64,426036
2020-12-15,17.5,17.7,16.84,17.0,12100,49,208179
2020-12-16,17.3,17.67,16.81,16.82,10000,39,169592
2020-12-17,17.1,18.36,17.1,17.39,63100,190,1114070
2020-12-18,17.6,17.6,16.91,17.07,11900,62,203263
2020-12-21,16.91,17.1,16.41,16.97,14300,66,239707
2020-12-22,17.1,17.1,15.63,16.67,32500,103,541012
2020-12-23,16.94,16.94,16.3,16.65,21500,95,356088
2020-12-28,16.99,16.99,16.31,16.41,48300,171,796675
2020-12-29,16.61,16.8,16.05,16.2,31200,129,509929
2020-12-30,16.4,16.49,16.21,16.21,16200,54,264881
2021-01-04,16.4,16.47,16.11,16.18,14000,62,228171
2021-01-05,16.12,16.29,16.0,16.25,10800,68,173904
2021-01-06,16.29,16.38,16.08,16.2,13700,75,222044
2021-01-07,16.2,16.35,15.35,15.66,71900,91,1152176
2021-01-08,15.98,16.74,15.5,15.95,136100,615,2175999
2021-01-11,16.29,16.29,15.65,15.65,13400,75,211551
2021-01-12,15.84,16.33,15.44,16.0,35100,209,553908
2021-01-13,15.81,16.23,15.81,16.0,12000,87,192442
2021-01-14,15.99,16.4,15.76,16.4,19000,121,305834
2021-01-15,16.2,16.37,16.19,16.34,4900,38,79826
2021-01-18,16.14,16.33,16.13,16.2,8300,42,134789
2021-01-19,16.1,16.16,16.1,16.15,1900,14,30620
2021-01-20,16.06,16.1,15.85,15.85,5800,40,92871
2021-01-21,15.83,16.0,15.7,15.95,9100,56,143947
2021-01-22,15.81,15.99,15.52,15.9,20200,83,317141
2021-01-26,15.89,15.99,15.54,15.55,7600,50,119473
2021-01-27,15.55,15.78,15.31,15.6,28900,110,447389
2021-01-28,15.82,16.14,15.35,15.52,37100,225,574184
2021-01-29,15.48,15.54,15.32,15.46,12500,62,192532
2021-02-01,15.74,15.74,15.35,15.59,16100,66,249442
2021-02-02,15.73,15.91,15.66,15.66,5600,34,88577
2021-02-03,15.75,15.86,15.37,15.6,10900,64,171515
2021-02-04,15.75,15.87,15.45,15.45,14700,89,228908
2021-02-05,15.66,15.79,15.34,15.34,20000,121,309732
2021-02-08,15.44,15.5,15.11,15.16,31400,69,478278
2021-02-09,15.18,15.32,15.0,15.0,19200,65,289700
2021-02-10,14.99,15.47,14.4,14.77,40500,142,605335
2021-02-11,14.98,15.25,14.8,14.8,8300,30,123447
2021-02-12,14.89,15.58,14.89,14.99,21100,139,318482
2021-02-17,15.12,15.49,14.85,14.95,4000,30,60610
2021-02-18,14.95,14.97,14.76,14.77,8600,43,127515
2021-02-19,14.8,15.27,14.8,15.2,7900,40,118351
2021-02-22,14.82,14.99,14.5,14.75,31400,87,462780
2021-02-23,14.98,15.38,14.73,14.8,31300,134,468906
2021-02-24,14.86,15.06,14.78,15.0,8700,29,128960
2021-02-25,15.25,15.39,14.85,14.89,9800,44,145906
2021-02-26,14.94,14.99,14.75,14.99,600,6,8921
2021-03-01,14.73,14.78,14.51,14.75,27000,75,394573
2021-03-02,15.0,15.09,14.7,15.0,16300,59,243955
2021-03-03,15.1,15.1,14.75,14.84,6000,32,88745
2021-03-04,15.07,15.07,14.8,14.85,5000,40,74542
2021-03-05,14.68,15.08,14.68,14.91,11200,60,167121
2021-03-08,14.8,15.04,14.8,14.8,4200,26,62351
2021-03-09,14.8,15.28,14.8,15.07,15200,73,229366
2021-03-10,15.09,15.5,14.86,15.38,10300,62,155780
2021-03-11,15.48,15.95,15.11,15.11,10100,60,154483
2021-03-12,15.29,15.39,15.09,15.14,2300,17,35032
2021-03-15,15.35,15.37,15.12,15.15,5100,22,78175
2021-03-16,15.2,15.2,14.95,14.95,9400,36,141246
2021-03-17,14.9,15.15,14.9,15.15,10300,42,154336
2021-03-18,15.15,15.33,14.93,14.93,12600,51,190421
2021-03-19,15.16,15.16,14.93,14.93,3600,21,53884
2021-03-22,14.94,15.38,14.93,15.38,8200,38,123709
2021-03-23,15.46,16.0,15.4,15.65,31400,126,488404
2021-03-24,15.68,15.84,15.35,15.61,23800,78,371575
2021-03-25,15.87,16.24,15.51,16.02,11500,62,182571
2021-03-26,16.34,16.41,16.2,16.26,16400,66,266621
2021-03-29,16.26,17.0,16.26,16.58,55000,251,915800
2021-03-30,16.58,16.7,16.36,16.61,37500,152,621841
2021-03-31,16.61,16.8,16.11,16.11,27200,85,450658
2021-04-01,16.18,16.6,16.0,16.0,22000,69,354556
2021-04-05,16.2,16.7,16.11,16.7,12400,52,204873
2021-04-06,16.75,16.75,16.18,16.35,23300,106,382178
2021-04-07,18.31,19.5,17.37,17.95,243100,1060,4451610
2021-04-08,17.95,18.2,17.53,17.88,28700,159,510850
2021-04-09,17.88,18.09,17.41,17.73,20900,111,369424
2021-04-12,17.74,17.8,17.18,17.35,19900,122,347566
2021-04-13,17.77,18.11,17.57,17.62,45100,239,804610
2021-04-14,17.75,17.99,17.57,17.65,13300,70,236591
2021-04-15,17.74,18.1,17.61,17.7,9400,69,166470
2021-04-16,17.54,17.78,17.52,17.68,6000,28,105630
2021-04-19,17.46,17.59,17.42,17.59,5000,32,87439
2021-04-20,17.59,17.65,17.39,17.42,7700,45,134748
2021-04-22,17.42,17.67,17.3,17.52,8100,43,141755
2021-04-23,17.49,17.5,17.33,17.33,2100,20,36558
2021-04-26,17.34,17.49,17.03,17.4,21000,84,359883
2021-04-27,17.38,17.38,16.96,17.13,11800,42,201815
2021-04-28,17.15,17.15,16.86,17.0,8100,40,137426
2021-04-29,16.91,16.91,16.3,16.3,6100,24,101257
2021-04-30,16.4,16.89,16.39,16.89,8100,41,133839
2021-05-03,16.7,16.7,15.7,16.0,9400,44,152990
2021-05-04,16.18,16.4,15.61,15.84,12900,59,205857
2021-05-05,16.0,16.11,15.8,15.99,6000,47,95363
2021-05-06,16.02,16.3,15.82,15.82,10200,66,162925
2021-05-07,15.73,16.05,15.73,16.0,14800,39,236592
2021-05-10,15.81,16.27,15.75,15.8,10700,37,170986
2021-05-11,15.99,16.2,15.99,16.05,12800,44,205585
2021-05-12,16.0,16.1,15.75,15.93,6700,40,106395
2021-05-13,16.13,16.2,15.78,15.91,8400,50,133531
2021-05-14,16.01,16.3,15.91,16.29,3900,30,62724
2021-05-17,16.48,16.85,16.0,16.35,9200,50,149088
2021-05-18,16.49,16.49,16.2,16.45,2500,19,40849
2021-05-19,16.2,16.72,16.14,16.46,30900,27,503510
2021-05-20,16.27,16.37,16.25,16.37,1800,15,29313
2021-05-21,16.12,16.19,15.5,15.8,57600,143,909566
2021-05-24,16.01,16.01,15.78,15.83,3800,13,60068
2021-05-25,15.9,15.99,15.6,15.72,12300,19,195138
2021-05-26,15.93,16.4,15.7,16.13,14200,73,228802
2021-05-27,16.44,17.0,16.35,16.35,14200,64,235165
2021-05-28,16.19,16.4,15.95,16.1,43600,59,702148
2021-05-31,16.29,16.29,16.1,16.25,7300,34,117959
2021-06-01,16.0,16.27,16.0,16.2,8500,49,137228
2021-06-02,16.15,16.32,16.03,16.03,6800,36,109888
2021-06-04,16.02,16.04,15.91,15.99,2100,17,33557
2021-06-07,16.4,16.46,15.69,15.89,10000,57,159740
2021-06-08,15.89,15.9,15.7,15.71,7400,34,116972
2021-06-09,15.88,15.96,15.72,15.73,4600,30,72680
2021-06-10,15.81,15.85,15.4,15.55,30800,75,480401
2021-06-11,15.77,15.8,15.6,15.6,4800,26,75550
2021-06-14,15.7,15.96,15.47,15.96,5900,29,92676
2021-06-15,15.99,16.28,15.8,16.1,14600,59,235050
2021-06-16,16.18,16.26,15.92,16.18,21700,134,350532
2021-06-17,16.12,16.23,15.91,16.09,16900,98,272156
2021-06-18,16.08,16.09,15.86,16.07,2700,19,43292
2021-06-21,16.08,16.1,15.84,15.86,15400,48,247268
2021-06-22,15.81,15.95,15.71,15.76,13700,34,216659
2021-06-23,15.73,15.89,15.5,15.83,11700,47,183541
2021-06-24,15.83,15.85,15.73,15.79,3100,18,48963
2021-06-25,15.74,15.8,15.65,15.75,12600,46,197775
2021-06-28,15.55,15.7,15.54,15.6,18500,14,288084
2021-06-29,15.47,15.59,15.46,15.47,2400,19,37206
2021-06-30,15.56,15.69,15.44,15.45,5500,26,84890
2021-07-01,15.49,15.5,15.42,15.44,6300,21,97336
2021-07-02,15.31,16.39,15.31,16.39,17700,93,283544
2021-07-05,16.38,16.46,15.95,16.0,5000,37,81202
2021-07-06,16.2,16.2,15.8,16.04,2700,22,43087
2021-07-07,15.91,15.98,15.89,15.98,2100,10,33500
2021-07-08,15.97,16.3,15.43,15.65,14500,62,230967
2021-07-12,15.87,15.9,15.62,15.62,11100,24,176180
2021-07-13,15.58,15.7,15.43,15.49,23100,100,358331
2021-07-14,15.55,15.84,15.45,15.45,11500,47,179101
2021-07-15,15.58,15.58,15.11,15.2,17200,65,263333
2021-07-16,15.38,15.4,15.23,15.39,1800,18,27631
2021-07-19,15.22,15.58,15.2,15.2,9500,28,144574
2021-07-20,15.35,15.4,15.2,15.23,11100,20,168900
2021-07-21,15.34,15.45,15.12,15.12,3800,23,58042
2021-07-22,15.1,15.38,15.1,15.17,3200,18,48784
2021-07-23,15.16,15.27,15.06,15.2,10600,50,160967
2021-07-26,15.3,15.58,14.8,15.45,30700,79,462942
2021-07-27,15.53,15.59,15.26,15.35,6500,48,99386
2021-07-28,15.52,15.52,15.0,15.01,2900,28,43799
2021-07-29,15.14,15.6,15.14,15.3,15800,62,242976
2021-07-30,15.29,15.29,15.0,15.1,4300,20,64612
2021-08-02,15.3,15.5,14.9,14.9,22300,63,336097
2021-08-03,14.92,15.01,14.8,14.97,22800,38,341088
2021-08-04,15.05,15.1,14.5,14.5,9700,76,143387
2021-08-05,14.56,14.83,14.49,14.52,6700,61,97783
2021-08-06,14.65,14.65,14.5,14.5,2000,14,29140
2021-08-09,14.5,14.79,14.35,14.79,10900,76,157405
2021-08-10,14.68,14.8,14.53,14.53,2400,16,35110
2021-08-11,14.53,14.53,14.35,14.35,600,6,8671
2021-08-12,14.45,14.55,13.6,13.89,12500,48,177156
2021-08-13,13.89,14.0,12.9,13.14,26300,100,345157
2021-08-16,13.2,13.2,12.9,12.9,8400,31,108655
2021-08-17,12.82,12.9,12.4,12.4,12600,29,160008
2021-08-18,12.49,12.5,12.2,12.2,10700,25,131994
2021-08-19,12.5,13.0,12.32,12.68,7000,39,88968
2021-08-20,12.5,13.5,12.25,13.0,11400,65,146543
2021-08-23,12.79,12.94,12.59,12.94,2300,16,29373
2021-08-24,13.0,14.05,12.95,13.9,8400,40,114074
2021-08-25,13.7,13.75,13.57,13.75,1400,11,19246
2021-08-26,13.58,14.5,13.58,13.9,11000,56,155226
2021-08-27,14.15,14.5,14.11,14.5,7700,22,111232
2021-08-30,14.67,14.68,13.9,13.9,5700,39,80326
2021-08-31,13.81,14.31,13.75,13.76,3800,27,53196
2021-09-01,13.58,14.08,12.61,14.08,19900,81,267825
2021-09-02,13.5,13.5,13.0,13.0,8500,50,113192
2021-09-03,13.1,13.1,12.8,12.8,2900,20,37355
2021-09-06,13.01,13.05,12.72,12.9,6200,34,79353
2021-09-08,13.1,13.45,11.8,12.2,29300,92,369019
2021-09-09,12.11,13.44,12.1,13.44,16600,72,213522
2021-09-10,13.21,14.06,13.0,13.95,9400,53,127159
2021-09-13,13.95,14.64,13.95,14.5,34600,35,490294
2021-09-14,14.49,15.9,14.49,15.6,41100,106,619891
2021-09-15,15.7,15.99,15.31,15.9,32300,94,510297
2021-09-16,15.8,15.93,15.23,15.23,3500,20,54644
2021-09-17,14.97,14.97,14.97,14.97,300,2,4491
2021-09-20,14.97,15.09,14.85,15.0,8200,30,123509
2021-09-21,15.33,15.47,15.0,15.0,2400,18,36550
2021-09-22,15.18,15.74,15.18,15.35,11800,43,181586
2021-09-23,15.5,15.59,15.35,15.4,3600,23,55579
2021-09-24,14.65,15.0,14.65,14.85,9500,37,140268
2021-09-27,14.8,15.3,14.65,15.3,4700,29,70350
2021-09-28,15.59,15.7,14.5,14.9,19000,46,284920
2021-09-29,15.1,15.14,14.99,14.99,3600,22,54205
2021-09-30,15.0,15.1,14.56,14.88,7800,54,116033
2021-10-01,15.25,16.3,15.25,15.7,39700,142,627272
2021-10-04,16.2,16.39,15.79,15.95,17400,73,281991
2021-10-05,16.0,16.39,15.9,15.9,12300,66,199558
2021-10-06,15.71,16.0,14.94,14.94,14400,71,223087
2021-10-07,14.75,15.39,14.75,15.0,4100,24,61742
2021-10-08,15.0,15.19,14.82,15.0,2700,19,40678
2021-10-11,14.82,15.0,14.82,15.0,900,5,13386
2021-10-13,14.9,15.2,14.9,15.19,4200,19,62853
2021-10-14,14.91,15.0,14.9,14.99,2400,12,35829
2021-10-15,15.39,15.77,14.9,14.9,3000,22,45438
2021-10-18,15.0,15.02,14.8,14.81,2900,19,43160
2021-10-19,14.81,14.81,14.23,14.39,1800,14,26138
2021-10-20,14.38,14.74,14.38,14.74,3500,20,50872
2021-10-21,14.65,14.65,14.04,14.51,6000,27,85514
2021-10-22,14.61,14.61,13.14,13.23,10100,73,136691
2021-10-25,13.55,14.51,13.55,14.51,6000,34,85600
2021-10-26,14.5,14.81,13.71,13.99,19600,51,280350
2021-10-27,14.1,14.1,13.26,13.4,4400,28,59291
2021-10-28,13.69,14.01,13.69,13.87,2100,15,28852
2021-10-29,14.18,14.26,13.46,13.89,12300,45,172416
2021-11-01,13.99,13.99,13.77,13.95,700,7,9690
2021-11-03,13.99,14.0,13.31,13.46,6200,31,84986
2021-11-04,13.72,14.0,13.72,13.86,1700,11,23537
2021-11-05,13.99,13.99,13.71,13.98,1100,11,15329
2021-11-08,13.83,13.9,13.35,13.35,9800,50,133779
2021-11-09,13.52,13.68,13.5,13.68,3500,24,47466
2021-11-10,13.93,14.1,13.7,14.0,2000,11,27573
2021-11-11,14.2,14.2,14.1,14.1,3300,19,46753
2021-11-12,14.1,14.45,13.81,14.45,2800,17,39381
2021-11-16,14.48,14.7,14.25,14.26,1800,10,25810
2021-11-17,14.26,14.26,13.8,13.8,3100,21,43646
2021-11-18,13.99,13.99,13.33,13.5,1800,17,24456
2021-11-19,13.5,13.95,13.4,13.4,1800,12,24507
2021-11-22,13.4,13.51,13.1,13.1,4700,30,62733
2021-11-23,13.3,13.3,12.54,12.9,29300,180,376114
2021-11-24,13.25,13.25,12.4,12.8,14100,69,181033
2021-11-25,12.8,13.2,12.7,13.05,5300,30,68885
2021-11-26,12.9,13.15,12.15,13.0,21400,90,273989
2021-11-29,12.6,13.7,12.6,12.8,13300,65,171620
2021-11-30,12.75,13.12,12.75,13.0,2000,11,26081
2021-12-01,13.2,13.68,12.31,12.91,20900,107,270289
2021-12-02,13.0,13.36,12.6,13.28,15100,98,196998
2021-12-03,13.05,13.75,12.87,12.87,7900,51,104452
2021-12-06,13.09,13.77,12.89,12.89,15400,71,202971
2021-12-07,13.2,13.3,13.03,13.23,3300,14,43704
2021-12-08,13.04,13.3,12.85,13.25,2800,22,36827
2021-12-09,12.98,13.08,12.6,12.7,7100,45,91245
2021-12-10,12.87,13.75,12.2,13.67,63000,200,821439
2021-12-13,13.97,13.98,12.88,12.99,19300,81,252804
2021-12-14,13.3,13.54,12.78,12.99,23900,173,311946
2021-12-15,13.01,13.25,12.9,13.22,40400,237,529016
2021-12-16,13.34,13.45,12.95,12.95,27600,99,359653
2021-12-17,12.97,14.18,12.85,13.87,17300,95,234996
2021-12-20,13.5,14.1,12.95,12.95,20100,117,273062
2021-12-21,13.09,14.0,13.09,13.4,12200,69,164393
2021-12-22,13.5,13.79,13.1,13.4,63500,122,843903
2021-12-23,13.39,13.65,13.05,13.2,7900,42,104935
2021-12-27,13.48,13.7,13.24,13.32,6400,33,85608
2021-12-28,13.42,13.63,13.25,13.37,8000,34,107602
2021-12-29,13.36,13.58,13.1,13.48,6300,41,84062
2021-12-30,13.3,13.47,12.96,12.98,6100,36,80348
