Date,Open,High,Low,Close,Volume,Neg,Fin
2010-01-04,6.6658,6.69137,6.43565,6.54646,2193700,3749,16784435
2010-01-05,6.58056,6.8448,6.52089,6.71694,3995800,3665,31534696
2010-01-06,6.78514,7.22839,6.71694,7.21134,6279400,4254,52020953
2010-01-07,7.16019,7.40739,7.03233,7.16019,2750500,6253,23398631
2010-01-08,7.17724,7.34772,7.16872,7.23691,1538600,2718,13089706
2010-01-11,7.29658,7.70573,7.16019,7.62902,4882700,3486,43238647
2010-01-12,7.52673,7.82507,7.42444,7.62902,3473500,4607,31129276
2010-01-13,7.73983,7.81655,7.62902,7.68868,1885600,2489,17107923
2010-01-14,7.74835,7.7995,7.57787,7.57787,1708100,1939,15402072
2010-01-15,7.61197,7.61197,7.25396,7.41591,1216400,1706,10593536
2010-01-18,7.50115,7.71426,7.48411,7.69721,1064300,1216,9519811
2010-01-19,7.67164,7.92736,7.53525,7.85064,2223300,2008,20322971
2010-01-20,7.80802,7.83359,7.42444,7.56935,2171200,2007,19355108
2010-01-21,7.67164,7.67164,7.04086,7.07495,2360800,3092,19966246
2010-01-22,6.99824,7.16019,6.76809,6.913,2318300,2658,18996153
2010-01-26,6.82776,6.93857,6.6658,6.93857,1606700,1195,12851250
2010-01-27,6.93857,6.97266,6.64875,6.64875,2654400,1876,21070282
2010-01-28,6.78514,6.89595,6.73399,6.81923,3103400,1573,24832948
2010-01-29,6.86185,7.04086,6.81071,7.04086,1027200,799,8390506
2010-02-01,7.07495,7.32215,6.97266,7.28805,2168100,2764,18151884
2010-02-02,7.49263,7.52673,7.3392,7.42444,2384400,2049,20750894
2010-02-03,7.45854,7.49263,7.11757,7.28805,1646700,1809,14151053
2010-02-04,7.29658,7.29658,6.6658,6.81923,2952000,2797,23897858
2010-02-05,6.60613,6.72547,6.35041,6.54646,2399000,2415,18388850
2010-02-08,6.68285,6.81071,6.52089,6.54646,1139300,1228,8883699
2010-02-09,6.75956,6.90447,6.73399,6.83628,1738100,1991,13930516
2010-02-10,6.92152,7.02381,6.75956,7.02381,1373500,1213,11114860
2010-02-11,7.42444,7.47558,7.24543,7.45001,4466200,3290,38669995
2010-02-12,7.33068,7.41591,7.17724,7.39887,1692100,1426,14525666
2010-02-17,7.45854,7.7654,7.45854,7.7654,2310100,3632,20736328
2010-02-18,7.67164,7.71426,7.53525,7.57787,2468600,2113,22085022
2010-02-19,7.49263,7.75688,7.3392,7.70573,2104800,2803,18883054
2010-02-22,7.71426,8.00407,7.71426,7.89326,5103700,7249,47308569
2010-02-23,7.86769,7.89326,7.68016,7.75688,2199900,2289,20024016
2010-02-24,7.77392,7.83359,7.7313,7.7995,879800,955,8022929
2010-02-25,7.67164,7.86769,7.60344,7.83359,3698500,2612,33555563
2010-02-26,7.87621,8.10636,7.72278,7.72278,15699400,12174,144335080
2010-03-01,7.75688,7.79097,7.41591,7.48411,3620900,4132,31981120
2010-03-02,7.54378,7.62902,7.50115,7.56082,2370800,1759,21029250
2010-03-03,7.58639,7.66311,7.48411,7.52673,1943300,3273,17248914
2010-03-04,7.56935,7.56935,7.3392,7.39034,4004700,2335,34814366
2010-03-05,7.50115,7.5182,7.06643,7.20281,2544500,2567,21708230
2010-03-08,7.31363,7.39034,7.15167,7.29658,1358400,2264,11634191
2010-03-09,7.29658,7.49263,7.22839,7.39887,1293700,1855,11260833
2010-03-10,7.43296,7.62902,7.28805,7.39887,2547900,1936,22271893
2010-03-11,7.41591,7.50115,7.34772,7.42444,1389500,881,12077064
2010-03-12,7.45854,7.45854,7.27953,7.34772,1036600,854,8937734
2010-03-15,7.32215,7.47558,7.18577,7.18577,2902900,1434,24745707
2010-03-16,7.23691,7.38182,7.11757,7.22839,3908600,1559,33163102
2010-03-17,7.3051,7.3051,7.04086,7.10905,2956700,2000,24922642
2010-03-18,7.16019,7.24543,7.10905,7.1261,4689000,2802,39495688
2010-03-19,7.20281,7.22839,6.81071,6.86185,3725500,2199,30326309
2010-03-22,6.81923,6.81923,6.59761,6.81923,3663100,2425,28928586
2010-03-23,6.913,6.97266,6.71694,6.77661,2831000,2250,22528793
2010-03-24,6.73399,6.80218,6.6658,6.77661,1015000,676,8039529
2010-03-25,6.73399,6.83628,6.56351,6.64023,2077600,2134,16309080
2010-03-26,6.67432,6.80218,6.57204,6.80218,3234500,2311,25347461
2010-03-29,6.81923,6.94709,6.73399,6.73399,2616200,2570,20972300
2010-03-30,6.81071,6.88742,6.69137,6.77661,2279000,1211,18137004
2010-03-31,6.77661,6.86185,6.69137,6.78514,2547600,3737,20202639
2010-04-01,6.78514,6.913,6.78514,6.913,1033600,2478,8329528
2010-04-05,6.97266,7.21134,6.94709,7.16019,2642100,7035,22054841
2010-04-06,7.07495,7.24543,7.04086,7.11757,1623900,3821,13720750
2010-04-07,7.11757,7.20281,6.98971,6.98971,1801000,2768,14959170
2010-04-08,6.98971,7.06643,6.93004,7.02381,2577600,1641,21174818
2010-04-09,7.04938,7.1261,6.93857,6.93857,3244600,3946,26685657
2010-04-12,6.96414,7.04938,6.8448,6.93004,1720700,2575,13955872
2010-04-13,6.92152,6.98971,6.87038,6.96414,1122900,1245,9134978
2010-04-14,6.98119,7.04086,6.85333,6.89595,1169200,1913,9479639
2010-04-15,6.913,6.93004,6.68285,6.68285,2583700,4626,20511992
2010-04-16,6.73399,6.76809,6.59761,6.64875,2066400,4793,16194515
2010-04-19,6.6658,6.75956,6.58908,6.71694,1294000,2302,10177080
2010-04-20,6.82776,6.86185,6.74252,6.82776,2615500,2544,20863737
2010-04-22,6.71694,6.75956,6.65728,6.69137,1626000,2453,12801327
2010-04-23,6.70842,6.74252,6.65728,6.72547,1414200,1757,11122582
2010-04-26,6.73399,6.80218,6.64023,6.6999,1301200,2239,10221900
2010-04-27,6.61466,6.6999,6.4527,6.52089,1753300,2947,13555364
2010-04-28,6.51237,6.60613,6.39303,6.52089,720400,1152,5493782
2010-04-29,6.56351,6.64875,6.52089,6.54646,717200,832,5539244
2010-04-30,6.55499,6.6999,6.49532,6.65728,1266700,1602,9829006
2010-05-03,6.75274,6.94321,6.75274,6.86529,1546200,2839,12255823
2010-05-04,6.80469,6.89992,6.5796,6.64885,1145600,1798,8827097
2010-05-05,6.5796,6.61423,6.39779,6.42376,1780600,4776,13336592
2010-05-06,6.37182,6.51899,5.54071,5.97358,3324800,4253,23580060
2010-05-07,6.06881,6.12941,5.41951,5.584,4103500,3929,26975959
2010-05-10,5.98224,6.25927,5.93029,6.25927,1839200,1944,12931964
2010-05-11,6.08613,6.44974,6.06015,6.37182,1745600,2236,12711021
2010-05-12,6.40645,6.5796,6.37182,6.5796,1036400,2877,7760996
2010-05-13,6.5796,6.63154,6.41511,6.49302,1226800,1238,9255742
2010-05-14,6.38913,6.38913,6.14673,6.20733,1148400,1386,8261313
2010-05-17,6.20733,6.26793,5.92164,6.08613,1022100,1118,7156702
2010-05-18,6.27659,6.27659,5.73117,5.73117,1996500,1815,13495951
2010-05-19,5.66192,5.99955,5.42817,5.7658,3163400,3440,20889611
2010-05-20,5.61863,6.2333,5.47145,6.02553,3084200,2912,20631223
2010-05-21,5.98224,6.26793,5.84372,6.1121,2795600,2812,19837981
2010-05-24,6.18136,6.2333,5.88701,5.88701,1391600,1747,9679997
2010-05-25,5.63594,5.79178,5.53206,5.74849,1557700,1516,10170412
2010-05-26,5.88701,6.02553,5.71386,5.71386,1999900,2287,13568739
2010-05-27,6.09478,6.10344,5.9909,6.10344,950400,1463,6646422
2010-05-28,6.12076,6.45839,6.06881,6.45839,1684100,2276,12303331
2010-05-31,6.45839,6.75274,6.40645,6.75274,1653000,1377,12709442
2010-06-01,6.66617,6.89126,6.49302,6.5796,3338900,3522,25725204
2010-06-02,6.5796,6.83066,6.53631,6.79603,1327700,1813,10336468
2010-06-04,6.73543,6.81334,6.51034,6.66617,2024100,3104,15481321
2010-06-07,6.66617,6.77006,6.51899,6.51899,1526700,2157,11656684
2010-06-08,6.55362,6.79603,6.55362,6.79603,848900,1547,6542200
2010-06-09,6.80469,6.86529,6.70946,6.75274,3131100,3311,24486427
2010-06-10,6.83932,6.83932,6.73543,6.83066,2429700,3264,19039891
2010-06-11,6.83066,6.83066,6.65751,6.69214,1784200,2737,13869531
2010-06-14,6.74409,6.81334,6.7008,6.70946,1709200,2355,13341054
2010-06-15,6.73543,6.79603,6.68348,6.73543,1522200,1670,11842592
2010-06-16,6.70946,6.81334,6.52765,6.59691,2459300,2513,18987914
2010-06-17,6.62288,6.77872,6.52765,6.72677,2043500,2918,15782672
2010-06-18,6.74409,6.7614,6.65751,6.72677,714200,610,5543823
2010-06-21,6.7614,6.78737,6.71811,6.7614,1773600,2442,13861225
2010-06-22,6.74409,6.79603,6.70946,6.73543,1268500,1542,9888564
2010-06-23,6.73543,6.78737,6.63154,6.74409,1223600,2754,9472696
2010-06-24,6.69214,6.73543,6.5796,6.61423,1253800,1592,9591083
2010-06-25,6.64885,6.75274,6.61423,6.70946,885600,818,6844305
2010-06-28,6.67483,7.08172,6.66617,7.03844,2567500,2860,20587768
2010-06-29,6.92589,7.03844,6.75274,6.75274,3268500,3340,26189735
2010-06-30,6.77006,6.94321,5.99955,6.73543,3962700,7777,30885894
2010-07-01,6.7614,6.89992,6.66617,6.77006,1917400,6067,15024459
2010-07-02,6.822,6.84797,6.41511,6.7614,1253500,4459,9716381
2010-07-05,6.70946,6.85663,6.67483,6.79603,987000,5136,7742523
2010-07-06,6.86529,7.07307,6.83932,6.96918,2564000,4762,20767516
2010-07-07,6.97784,7.31547,6.94321,7.27218,3346300,3885,27864127
2010-07-08,7.15964,7.34144,7.06441,7.28084,3309100,5031,27706214
2010-07-12,7.28084,7.31547,7.02978,7.13367,1244900,2901,10281990
2010-07-13,7.14232,7.30681,7.06441,7.17695,2489700,4735,20551828
2010-07-14,7.2289,7.23756,7.03844,7.18561,3859100,4848,31798169
2010-07-15,7.1683,7.18561,7.04709,7.05575,2264900,3989,18583349
2010-07-16,7.09904,7.21158,6.97784,7.09038,2436600,3897,20017113
2010-07-19,7.09904,7.3501,7.09904,7.30681,2771400,4058,23235956
2010-07-20,7.27218,7.29816,7.09904,7.15964,1966100,3400,16321430
2010-07-21,7.18561,7.34144,7.1683,7.27218,2014400,4275,16903640
2010-07-22,7.3501,7.79163,7.3501,7.72237,3752800,4659,33002687
2010-07-23,7.66177,7.74834,7.55788,7.60117,2251300,3995,19927414
2010-07-26,7.60982,7.71371,7.33279,7.57519,2013800,4011,17661945
2010-07-27,7.61848,7.64445,7.4107,7.50593,2211900,4286,19140786
2010-07-28,7.44533,7.6964,7.43667,7.61848,1800300,4725,15813746
2010-07-29,7.66177,7.67908,7.43667,7.61848,1447600,3619,12647111
2010-07-30,7.56653,7.96477,7.49728,7.96477,2400900,5590,21578492
2010-08-02,8.05135,8.13792,7.8176,7.92149,2003300,4305,18332024
2010-08-03,7.8782,7.89552,7.67908,7.67908,1199900,3874,10789452
2010-08-04,7.70505,7.90417,7.62714,7.74834,2213200,4797,19928608
2010-08-05,7.79163,7.90417,7.6964,7.83491,1406200,4741,12694983
2010-08-06,7.8176,7.86954,7.68774,7.79163,1667300,4003,14956206
2010-08-09,7.80894,7.8782,7.74834,7.79163,1199300,3518,10817922
2010-08-10,7.73103,7.78297,7.63579,7.6964,1409500,5671,12517231
2010-08-11,7.66177,7.6964,7.54056,7.58385,1726400,3486,15155472
2010-08-12,7.52325,7.66177,7.45399,7.61848,1902000,3530,16704046
2010-08-13,7.64445,7.83491,7.64445,7.70505,2893100,4716,25960247
2010-08-16,7.72237,7.8782,7.6964,7.76566,1828500,6414,16390756
2010-08-17,7.76566,7.85223,7.6964,7.757,3346900,7033,29934491
2010-08-18,7.76566,7.84357,7.6964,7.80029,2462800,7119,22204175
2010-08-19,7.82626,7.85223,7.66177,7.73968,1669800,6807,14940008
2010-08-20,7.79163,8.12061,7.79163,8.05135,4526200,9655,41533703
2010-08-23,8.11195,8.25912,8.05135,8.21584,2462200,6387,23263375
2010-08-24,8.12926,8.38898,7.86089,8.14658,2952700,10640,27929014
2010-08-25,8.10329,8.11195,7.89552,7.98209,1968900,6974,18152071
2010-08-26,8.06866,8.07732,7.70505,7.79163,2086700,7972,18920111
2010-08-27,7.93015,8.21584,7.757,8.19852,3223100,9461,30044363
2010-08-30,8.12061,8.30241,7.9388,8.03403,1830500,5597,17046234
2010-08-31,8.01672,8.11195,7.84357,7.84357,8679900,6932,79208103
2010-09-01,7.95612,8.05135,7.79163,8.04269,4788200,4677,44026880
2010-09-02,8.02538,8.05135,7.86089,7.94746,1836300,2289,16839178
2010-09-03,8.00806,8.00806,7.67908,7.6964,2431400,7369,21960024
2010-09-06,7.73968,7.78297,7.70505,7.73103,469900,469,4199014
2010-09-08,7.70505,7.77431,7.54056,7.64445,1885400,2884,16659136
2010-09-09,7.6964,7.82626,7.55788,7.73968,1959500,3968,17341955
2010-09-10,7.757,7.9388,7.6964,7.8176,1450800,2916,13049308
2010-09-13,7.94746,8.00806,7.85223,7.97343,1902000,5411,17489034
2010-09-14,7.96477,8.30241,7.9388,8.15524,3193400,8328,30057348
2010-09-15,8.11195,8.20718,7.98209,8.12061,1615800,3196,15148094
2010-09-16,8.12926,8.16389,7.88686,7.94746,1430900,2621,13162557
2010-09-17,7.97343,8.00806,7.77431,7.86089,2265200,2677,20512934
2010-09-20,7.92149,8.04269,7.86089,8.03403,1076100,2724,9916362
2010-09-21,8.04269,8.04269,7.8176,7.82626,1828000,3627,16696370
2010-09-22,7.85223,8.04269,7.80894,8.04269,2000300,4796,18401158
2010-09-23,7.9994,8.22449,7.96477,7.98209,2000300,4197,18765696
2010-09-24,8.06866,8.25047,7.96477,8.00806,2241700,4048,20958580
2010-09-27,8.06866,8.13792,7.82626,7.93015,1834100,2441,16893419
2010-09-28,7.94746,7.9994,7.86954,7.92149,743700,2169,6808712
2010-09-29,7.9388,7.9388,7.67908,7.757,2376900,4076,21384591
2010-09-30,7.8176,7.86954,7.67042,7.86954,1991700,2727,17860767
2010-10-01,7.8782,8.00806,7.8176,7.9994,1467100,2943,13454280
2010-10-04,7.9994,8.05135,7.86954,7.8782,1516000,2652,13889175
2010-10-05,7.94746,7.99075,7.8782,7.89552,2426500,3032,22181891
2010-10-06,7.9388,7.9388,7.80029,7.86954,1947800,3900,17741148
2010-10-07,7.89552,7.90417,7.68774,7.8176,1619800,2054,14599793
2010-10-08,7.8176,8.14658,7.8176,8.14658,3364800,3815,31246042
2010-10-11,8.14658,8.54482,8.11195,8.49287,3821100,4963,37153931
2010-10-13,8.57945,8.80454,8.5275,8.65736,5427400,8021,54447271
2010-10-14,8.66602,8.85648,8.41496,8.55348,2365300,3510,23582566
2010-10-15,8.60542,8.69199,8.18987,8.3457,5127700,3829,49513125
2010-10-18,8.38033,8.51019,8.18121,8.18121,16672900,3607,158414660
2010-10-19,8.05135,8.12061,7.82626,7.85223,2639500,3477,24324479
2010-10-20,7.96477,8.10329,7.86089,8.03403,1636100,2209,15137726
2010-10-21,8.09464,8.16389,7.70505,7.79163,2676400,4466,24409143
2010-10-22,7.84357,7.98209,7.70505,7.74834,1512000,2534,13580826
2010-10-25,7.77431,7.95612,7.757,7.79163,1402700,2278,12727646
2010-10-26,7.82626,7.9388,7.72237,7.9388,1566800,2543,14202364
2010-10-27,7.93015,8.05135,7.8782,8.05135,1048000,1999,9675390
2010-10-28,8.08598,8.10329,7.83491,7.88686,2094200,2854,19234119
2010-10-29,7.93015,8.01672,7.83491,8.01672,3140100,2842,28834502
2010-11-01,7.94746,8.13792,7.94746,8.02538,1158900,2468,10738241
2010-11-03,7.99075,8.08598,7.85223,7.96477,2066800,2816,18968543
2010-11-04,7.9994,8.11195,7.93015,8.09464,1822400,4525,16855412
2010-11-05,8.07732,8.18121,7.97343,8.06866,1601700,3480,14920361
2010-11-08,8.04269,8.12061,7.99075,8.12061,722100,1557,6713972
2010-11-09,8.13792,8.17255,7.83491,7.90417,1626300,2519,14966859
2010-11-10,7.89552,7.89552,7.66177,7.79163,2411400,4893,21604061
2010-11-11,7.8176,7.84357,7.68774,7.76566,1802100,3945,16111559
2010-11-12,7.74834,7.76566,7.56653,7.57519,2298500,3778,20288668
2010-11-16,7.53191,7.58385,7.23756,7.3501,2345800,3840,20069097
2010-11-17,7.38473,7.63579,7.34144,7.61848,2013100,3341,17407382
2010-11-18,7.71371,7.79163,7.64445,7.67908,2437400,2572,21655520
2010-11-19,7.65311,7.77431,7.52325,7.67908,1754300,1462,15510468
2010-11-22,7.65311,7.70505,7.34144,7.40205,1247100,2259,10763338
2010-11-23,7.26353,7.26353,7.03844,7.08172,2557000,3028,21022462
2010-11-24,7.25487,7.29816,7.1683,7.27218,2023600,2485,16898652
2010-11-25,7.2895,7.34144,7.2289,7.24621,629700,1082,5303751
2010-11-26,7.09904,7.25487,7.01246,7.01246,1370600,2572,11267812
2010-11-29,7.02978,7.09904,6.85663,6.97784,1933800,3077,15521516
2010-11-30,6.95186,7.05575,6.86529,7.04709,3547700,3902,28521971
2010-12-01,7.1683,7.30681,7.11635,7.2289,2050100,3431,17076238
2010-12-02,7.26353,7.27218,7.11635,7.2289,1755000,4108,14579469
2010-12-03,7.23756,7.34144,7.15098,7.23756,1721600,3377,14417264
2010-12-06,7.27218,7.27218,7.08172,7.14232,1250200,2209,10335278
2010-12-07,7.19427,7.23756,7.09038,7.21158,2182100,3573,18077347
2010-12-08,7.18561,7.20293,6.86529,6.89992,3089200,3880,24918417
2010-12-09,7.04709,7.18561,6.78737,6.83066,4961600,5993,40097904
2010-12-10,6.93455,7.00381,6.79603,7.00381,3362100,4816,26836885
2010-12-13,7.06441,7.13367,7.02978,7.09038,2203900,3314,18053390
2010-12-14,7.09904,7.34144,7.09038,7.33279,3910200,5158,32596465
2010-12-15,7.27218,7.27218,7.02112,7.13367,2471500,4207,20322456
2010-12-16,7.17695,7.19427,6.80469,6.81334,3925300,6659,31481185
2010-12-17,6.81334,6.94321,6.6402,6.94321,5083500,5526,39793336
2010-12-20,6.96918,6.98649,6.77006,6.87395,2096000,3053,16591937
2010-12-21,6.96052,7.04709,6.87395,7.01246,1635300,3770,13193444
2010-12-22,6.94321,6.97784,6.822,6.96052,1953900,3274,15584946
2010-12-23,6.8826,7.01246,6.83932,7.01246,1789100,2420,14318935
2010-12-27,6.8826,6.99515,6.86529,6.98649,1010100,1832,8083898
2010-12-28,6.96918,7.2895,6.90858,7.22024,2336600,3775,19388300
2010-12-29,7.2289,7.54056,7.20293,7.51459,3491200,3531,29978640
2010-12-30,7.51459,7.58385,7.44533,7.48862,3734300,3680,32378459
2011-01-03,7.48862,7.63579,7.47131,7.54922,1666300,2614,14548950
2011-01-04,7.54056,7.60982,7.47131,7.60117,3448100,4366,30074706
2011-01-05,7.50593,7.60982,7.47131,7.60982,2261200,2837,19705658
2011-01-06,7.54056,7.67042,7.49728,7.62714,3249100,6408,28440686
2011-01-07,7.61848,7.6964,7.56653,7.57519,2753400,2512,24222959
2011-01-10,7.54922,7.60982,7.49728,7.52325,2698100,2986,23506219
2011-01-11,7.59251,7.59251,7.46265,7.48862,2377200,2405,20587846
2011-01-12,7.59251,7.66177,7.51459,7.64445,2106900,3487,18482237
2011-01-13,7.65311,7.6964,7.36742,7.43667,3661900,3470,31730135
2011-01-14,7.45399,7.57519,7.38473,7.41936,1284400,2255,11096609
2011-01-17,7.43667,7.44533,7.2289,7.2289,2235000,2358,18800414
2011-01-18,7.31547,7.36742,7.20293,7.36742,1905000,3615,16026788
2011-01-19,7.36742,7.4107,7.21158,7.24621,1186800,1984,9996486
2011-01-20,7.2289,7.37607,7.15964,7.18561,2001300,2591,16686622
2011-01-21,7.20293,7.23756,7.01246,7.02978,2571300,2633,21123555
2011-01-24,7.02112,7.33279,7.02112,7.28084,1227100,3102,10220504
2011-01-26,7.26353,7.31547,6.95186,7.00381,3294900,4822,27193526
2011-01-27,7.02112,7.09904,6.70946,6.79603,5000500,8219,39265742
2011-01-28,6.81334,6.96052,6.65751,6.72677,2486600,4678,19428306
2011-01-31,6.7614,6.83066,6.5796,6.64885,1665100,3495,12918120
2011-02-01,6.70946,6.78737,6.61423,6.72677,3177500,3817,24531608
2011-02-02,6.77006,6.85663,6.51899,6.64885,2781000,4440,21488940
2011-02-03,6.66617,6.822,6.49302,6.822,1971000,2761,15117395
2011-02-04,6.77006,6.78737,6.49302,6.49302,2999700,4822,22869374
2011-02-07,6.56228,6.66617,6.47571,6.47571,1723200,3195,13026076
2011-02-08,6.46705,6.74409,6.37182,6.70946,2892800,4223,22199406
2011-02-09,6.66617,6.66617,6.45839,6.53631,2857700,3841,21575117
2011-02-10,6.54497,6.65751,6.44108,6.48436,1809300,2425,13606165
2011-02-11,6.49302,6.77872,6.45839,6.75274,3063700,3948,23565220
2011-02-14,6.74409,7.05575,6.68348,7.01246,2124100,3628,16891536
2011-02-15,6.96918,6.96918,6.78737,6.96052,1703700,2599,13595589
2011-02-16,6.99515,7.05575,6.86529,7.03844,2878100,6153,23240676
2011-02-17,7.03844,7.07307,6.8826,6.99515,1681000,2328,13498946
2011-02-18,6.92589,7.07307,6.89126,7.03844,2146700,2636,17321453
2011-02-21,7.00381,7.00381,6.87395,6.87395,1239600,2085,9907472
2011-02-22,6.89126,6.89126,6.53631,6.53631,3408200,4381,26234830
2011-02-23,6.5796,6.67483,6.40645,6.61423,2974900,4501,22538402
2011-02-24,6.5796,6.83066,6.56228,6.75274,2333500,3440,18140224
2011-02-25,6.80469,6.83066,6.62288,6.65751,1818800,3040,14086708
2011-02-28,6.66617,6.75274,6.34585,6.7008,3584100,4447,27197523
2011-03-01,6.7008,6.71811,6.44974,6.44974,1936700,2913,14782726
2011-03-02,6.51034,6.75274,6.45839,6.70946,1380800,2330,10609356
2011-03-03,6.66617,6.83066,6.66617,6.79603,1497700,2822,11721980
2011-03-04,6.78737,6.78737,6.65751,6.72677,944800,1605,7318094
2011-03-09,6.69214,6.8826,6.69214,6.8826,1310200,3014,10298830
2011-03-10,6.79603,6.91723,6.7008,6.89992,1435800,2602,11362556
2011-03-11,6.86529,6.98649,6.77006,6.98649,2092200,3086,16691188
2011-03-14,6.92589,7.00381,6.80469,6.92589,1996600,4018,15857956
2011-03-15,6.822,6.8826,6.7008,6.78737,2864900,7363,22499551
2011-03-16,6.84797,6.91723,6.7614,6.822,2860200,5024,22576032
2011-03-17,6.83932,6.94321,6.77872,6.79603,1338700,4021,10628570
2011-03-18,6.8826,7.09904,6.86529,6.92589,2014400,3435,16258800
2011-03-21,7.08172,7.15098,6.90858,6.90858,1468100,2755,11922693
2011-03-22,6.94321,7.21158,6.92589,7.17695,2886500,3005,23754499
2011-03-23,7.17695,7.28084,7.15098,7.23756,2271300,3126,18985830
2011-03-24,7.25487,7.28084,7.02978,7.09038,1674200,3498,13745035
2011-03-25,7.1683,7.34144,7.11635,7.2289,1526200,3303,12817388
2011-03-28,7.2895,7.31547,7.08172,7.11635,1675400,3348,13972272
2011-03-29,7.12501,7.20293,6.95186,7.01246,1581000,2804,12909450
2011-03-30,7.1077,7.17695,7.04709,7.13367,1400200,2642,11481702
2011-03-31,7.13367,7.34144,7.12501,7.34144,1750600,2997,14730183
2011-04-01,7.35876,7.61848,7.35876,7.57519,3526400,5683,30743483
2011-04-04,7.54056,7.73968,7.52325,7.61848,2269900,5184,20114421
2011-04-05,7.54056,7.84357,7.46265,7.84357,3066400,3758,27476318
2011-04-06,7.83491,7.86954,7.70505,7.73968,2542400,4617,22907262
2011-04-07,7.76566,7.8782,7.76566,7.83491,1294600,2113,11701487
2011-04-08,7.88686,7.92149,7.73968,7.83491,1911000,3166,17256041
2011-04-11,7.84357,8.00806,7.8176,7.88686,2573100,4660,23515237
2011-04-12,7.79163,7.79163,7.50593,7.60117,3724800,6977,32642618
2011-04-13,7.67042,7.70505,7.55788,7.65311,1745700,4758,15375935
2011-04-14,7.58385,7.70505,7.46265,7.50593,1976600,3001,17198559
2011-04-15,7.48862,7.59251,7.39339,7.57519,1829600,4202,15849625
2011-04-18,7.50593,7.67042,7.40205,7.49728,1560400,2823,13586282
2011-04-19,7.60117,7.64445,7.53191,7.54922,1980900,3998,17340076
2011-04-20,7.65311,7.79163,7.61848,7.66177,1960700,3699,17471095
2011-04-25,7.67042,7.757,7.63579,7.72237,992700,1950,8835642
2011-04-26,7.77431,7.86954,7.71371,7.86089,1807700,3734,16343796
2011-04-27,7.83491,7.86954,7.70505,7.83491,1283300,2789,11526378
2011-04-28,7.71371,7.79163,7.46265,7.59251,1951500,3133,17138533
2011-04-29,7.58385,7.83491,7.55788,7.57519,2886000,3913,25631713
2011-05-02,7.73663,7.73663,7.42467,7.49598,1748500,3106,14724248
2011-05-03,7.46032,7.5762,7.35337,7.35337,1746700,3581,14639152
2011-05-04,7.41576,7.54946,7.24641,7.28206,1672200,4023,13904804
2011-05-05,7.26423,7.46032,7.05032,7.1751,1721700,3614,13951818
2011-05-06,7.29989,7.71881,7.26423,7.56728,2851800,5617,23892331
2011-05-09,7.56728,7.77229,7.50489,7.70989,1297800,2852,11109146
2011-05-10,7.75446,7.86142,7.67424,7.70989,1456100,2702,12690233
2011-05-11,7.62146,7.65724,7.51411,7.59462,2179600,2997,18515409
2011-05-12,7.52306,8.00611,7.47833,8.00611,2365900,3746,20666732
2011-05-13,7.91666,8.024,7.60357,7.60357,3195800,4521,27515470
2011-05-16,7.61251,7.7288,7.46939,7.46939,2301800,3853,19576244
2011-05-17,7.46939,7.59462,7.39783,7.55884,1793200,3855,15078120
2011-05-18,7.5499,7.67513,7.33521,7.33521,2290400,4147,19105942
2011-05-19,7.37993,7.46044,6.98634,7.01317,2535000,4063,20499964
2011-05-20,7.00423,7.19208,6.87005,6.97739,2804400,5011,22090164
2011-05-23,6.91477,7.08474,6.84321,7.03106,1454400,3739,11392762
2011-05-24,7.11157,7.37993,7.08474,7.37993,2259100,4973,18280989
2011-05-25,7.37099,7.50517,7.2547,7.36204,1832600,3411,15181610
2011-05-26,7.33521,7.46939,7.27259,7.38888,1843500,3628,15252908
2011-05-27,7.43361,7.47833,7.28154,7.41572,1680100,3154,13925390
2011-05-30,7.42466,7.42466,7.30837,7.3531,494800,1012,4066951
2011-05-31,7.39783,7.46939,7.29943,7.40677,4003700,5159,33020149
2011-06-01,7.39783,7.39783,7.29048,7.29048,1430200,3665,11724948
2011-06-02,7.36204,7.6483,7.26364,7.6483,3483600,5420,29006654
2011-06-03,7.56779,8.00611,7.56779,7.87193,3872400,6245,33930133
2011-06-06,7.93455,7.95244,7.47833,7.47833,2561200,3525,21761779
2011-06-07,7.57673,7.69302,7.53201,7.56779,2218100,3893,18875504
2011-06-08,7.53201,7.6483,7.38888,7.55884,1932300,3103,16321262
2011-06-09,7.56779,7.71091,7.51411,7.66619,1573000,2031,13448766
2011-06-10,7.66619,7.66619,7.39783,7.42466,1509100,2901,12602576
2011-06-13,7.4515,7.47833,7.21892,7.23681,2589500,6033,21123431
2011-06-14,7.30837,7.38888,7.1563,7.16525,3157300,4496,25776828
2011-06-15,7.16525,7.20997,6.91477,6.9595,3233400,5495,25422227
2011-06-16,7.01317,7.14735,6.75376,6.83427,3081000,7615,24046726
2011-06-17,6.92372,6.97739,6.71798,6.88794,3960200,6189,30338825
2011-06-20,6.84321,7.00423,6.78954,6.95056,1612700,2892,12474263
2011-06-21,6.98634,7.01317,6.79848,6.83427,2197500,3219,16895582
2011-06-22,6.78954,6.85216,6.71798,6.77165,1967800,3733,14938718
2011-06-24,6.77165,6.80743,6.63747,6.65536,1392400,3142,10409116
2011-06-27,6.64641,6.84321,6.59274,6.78059,1943200,3339,14653292
2011-06-28,6.79848,6.97739,6.78954,6.93267,2197200,6413,17004368
2011-06-29,7.00423,7.02212,6.81638,7.02212,1337500,2840,10394565
2011-06-30,7.02212,7.07579,6.78059,6.80743,2600400,4618,20001269
2011-07-01,6.80743,6.95056,6.70903,6.88794,3493500,5729,26754786
2011-07-04,6.87899,6.93267,6.80743,6.82532,1798100,1982,13719875
2011-07-05,6.82532,6.8611,6.61063,6.61063,2244500,3447,16755976
2011-07-06,6.59274,6.65536,6.50329,6.5838,3379100,5107,24779148
2011-07-07,6.70903,6.72692,6.4854,6.50329,2938300,3827,21680170
2011-07-08,6.49434,6.54801,6.43172,6.54801,2684900,3905,19510857
2011-07-11,6.44067,6.46751,6.35122,6.35122,2608600,4033,18608771
2011-07-12,6.33333,6.42278,6.18125,6.18125,3297100,3758,23380626
2011-07-13,6.26176,6.35122,6.17231,6.30649,2980800,5085,20975166
2011-07-14,6.2886,6.29754,6.11864,6.22598,2318900,3728,16063288
2011-07-15,6.20809,6.26176,6.07391,6.07391,1274800,2188,8771316
2011-07-18,6.08286,6.08286,5.81449,5.81449,4085700,7160,26867533
2011-07-19,5.93078,5.94867,5.75188,5.81449,3804000,5179,24807528
2011-07-20,5.90395,5.93973,5.81449,5.87711,3903900,8970,25591825
2011-07-21,5.90395,6.23493,5.88606,6.20809,3470400,5820,23869031
2011-07-22,6.24387,6.52118,6.10075,6.2886,3437900,5508,24419309
2011-07-25,6.21704,6.42278,6.1902,6.27071,2564700,4010,18141760
2011-07-26,6.32438,6.44067,6.2886,6.35122,3061300,5278,21750415
2011-07-27,6.24387,6.30649,6.06496,6.06496,2748600,4610,18989117
2011-07-28,6.14547,6.21704,5.95762,6.04707,2104900,4134,14344560
2011-07-29,5.93973,6.17231,5.86817,6.10075,1666200,3478,11338331
2011-08-01,6.21704,6.34227,5.85922,6.02024,2093900,3655,14052512
2011-08-02,5.97551,6.13653,5.91289,5.97551,2237700,3403,15033642
2011-08-03,5.98446,6.01129,5.62664,5.90395,3374900,5916,21800708
2011-08-04,5.72504,5.78766,5.29566,5.29566,4277400,6843,26257518
2011-08-05,5.3225,5.59086,5.05414,5.33144,4853500,9511,28623133
2011-08-08,5.08097,5.16148,4.34745,4.74105,5859400,10360,31627327
2011-08-09,4.80367,5.09886,4.46374,4.99152,6422200,13342,34621295
2011-08-10,4.80367,5.18832,4.79472,4.96468,4778000,10339,26689027
2011-08-11,5.01836,5.57297,4.97363,5.45668,5772400,9411,34403544
2011-08-12,5.40301,5.51035,5.10781,5.25094,4690600,11045,27529715
2011-08-15,5.23304,5.48351,5.23304,5.46562,3669300,8317,22143298
2011-08-16,5.33144,5.60875,5.27777,5.57297,2474800,8364,15177111
2011-08-17,5.58191,5.71609,5.4209,5.6177,4467700,10456,27867281
2011-08-18,5.4209,5.43879,5.27777,5.35828,2974300,4568,17785896
2011-08-19,5.34039,5.50141,5.28672,5.43879,2224700,5308,13491740
2011-08-22,5.52824,5.5998,5.39406,5.39406,2743000,3521,16740390
2011-08-23,5.38512,5.50141,5.24199,5.50141,2830800,6384,17072392
2011-08-24,5.46562,5.54613,5.31355,5.49246,2388500,4409,14483046
2011-08-25,5.50141,5.53719,5.3225,5.39406,2207500,4052,13313490
2011-08-26,5.33144,5.39406,5.14359,5.33144,4018000,8687,23774518
2011-08-29,5.41195,5.71609,5.41195,5.71609,3561500,8320,22338528
2011-08-30,5.68926,6.05602,5.62664,5.91289,3381600,6815,22297990
2011-08-31,6.07391,6.32438,6.02024,6.26176,5412400,7027,37713111
2011-09-01,6.44067,6.84321,6.40489,6.61958,3950700,8277,29567171
2011-09-02,6.4854,6.4854,6.16336,6.17231,3010600,4210,21185347
2011-09-05,6.02918,6.02918,5.86817,5.86817,2063200,3411,13695823
2011-09-06,5.74293,6.24387,5.73398,6.24387,3114200,4402,21079582
2011-09-08,6.37805,6.59274,6.23493,6.30649,3791100,6300,27043371
2011-09-09,6.20809,6.20809,5.93078,5.93078,2082600,4025,14071672
2011-09-12,5.81449,6.03813,5.68031,6.01129,3308000,6864,21769923
2011-09-13,6.08286,6.20809,5.83238,5.90395,2550600,4235,17003786
2011-09-14,5.96657,6.04707,5.73398,5.81449,2694200,4668,17680607
2011-09-15,5.88606,5.93078,5.76082,5.76977,3143900,9305,20420660
2011-09-16,5.81449,6.02918,5.74293,6.02918,4338100,3846,28839280
2011-09-19,5.82344,5.92184,5.76977,5.82344,3155100,5849,20613978
2011-09-20,5.83238,5.87711,5.40301,5.40301,4790000,7854,29843343
2011-09-21,5.49246,5.53719,5.19726,5.23304,3964100,6751,23883416
2011-09-22,4.91996,5.0273,4.75894,4.8305,5234900,8701,28598314
2011-09-23,4.8305,5.09886,4.78578,4.93785,3415700,7348,18840471
2011-09-26,5.01836,5.08097,4.82156,5.0273,3150500,4635,17483817
2011-09-27,5.14359,5.26883,4.97363,5.01836,2209200,3871,12719156
2011-09-28,5.05414,5.17043,4.93785,4.98257,3235400,3392,18182826
2011-09-29,5.05414,5.17043,4.96468,5.08992,3942900,7353,22264860
2011-09-30,5.0273,5.13464,4.91996,4.93785,5547900,8058,31095593
2011-10-03,4.8305,4.85734,4.62476,4.69632,5636400,10727,29700892
2011-10-04,4.54425,4.85734,4.49058,4.81261,4816600,10442,25550834
2011-10-05,4.83945,5.03625,4.74999,5.00941,3357400,6961,18313215
2011-10-06,5.11675,5.19726,5.08097,5.13464,3442600,4361,19787462
2011-10-07,5.18832,5.25988,4.93785,5.00941,4380500,6744,24792334
2011-10-10,5.06308,5.19726,5.00941,5.16148,3052100,6056,17533534
2011-10-11,5.08992,5.34933,5.08097,5.33144,3261100,5497,19094797
2011-10-13,5.43879,5.6177,5.25988,5.54613,5302000,10990,32090240
2011-10-14,5.53719,5.62664,5.43879,5.51035,4300000,7706,26549456
2011-10-17,5.43879,5.51035,5.27777,5.30461,2799400,3510,16811113
2011-10-18,5.34039,5.59086,5.29566,5.53719,3150800,4532,19235429
2011-10-19,5.6177,5.70715,5.56402,5.67137,4159400,6908,26269356
2011-10-20,5.6177,5.6177,5.33144,5.41195,5064400,6572,30862799
2011-10-21,5.49246,5.62664,5.48351,5.53719,1876300,4090,11688146
2011-10-24,5.54613,5.75188,5.54613,5.5998,3908100,3921,24729469
2011-10-25,5.5998,5.67137,5.53719,5.5998,2938000,4895,18385744
2011-10-26,5.67137,5.80555,5.56402,5.80555,2445700,4061,15605092
2011-10-27,6.01129,6.26176,5.98446,6.08286,3848000,5036,26241076
2011-10-28,6.05602,6.22598,6.00235,6.14547,1757700,2388,12040983
2011-10-31,6.03813,6.03813,5.87711,5.90395,2497000,3398,16587629
2011-11-01,5.51035,5.67137,5.50141,5.59086,2469800,4373,15420713
2011-11-03,5.72504,5.75188,5.50141,5.50141,3114400,6882,19509235
2011-11-04,5.52824,5.65348,5.38512,5.65348,2725900,3548,16829097
2011-11-07,5.71609,5.74293,5.63559,5.68926,1789700,2641,11384644
2011-11-08,5.73398,5.78766,5.63559,5.71609,2281900,3410,14543987
2011-11-09,5.54613,5.60875,5.34933,5.4209,2610700,4261,15922995
2011-11-10,5.48351,5.52824,5.31355,5.36722,2517300,3730,15305410
2011-11-11,5.46562,5.63559,5.4209,5.63559,1947200,2937,12053819
2011-11-14,5.6177,5.6177,5.38512,5.42984,4083300,5443,24843121
2011-11-16,5.39406,5.48351,5.31355,5.36722,4396300,5482,26565201
2011-11-17,5.34933,5.4209,5.07203,5.18832,3958200,6370,23167059
2011-11-18,5.24199,5.26883,5.00941,5.03625,3537600,6217,20088834
2011-11-21,4.91996,5.00941,4.78578,4.80367,4580200,6515,24917980
2011-11-22,4.83945,4.87523,4.68738,4.75894,5820000,12602,30915709
2011-11-23,4.64265,4.85734,4.64265,4.65159,4389900,6058,23250479
2011-11-24,4.74999,4.87523,4.65159,4.87523,2672600,4172,14112159
2011-11-25,4.77683,5.04519,4.74105,5.04519,2469300,4177,13584482
2011-11-28,5.14359,5.16148,5.06308,5.08097,3204200,5608,18311617
2011-11-29,5.03625,5.18832,4.9289,5.14359,4364800,7096,24842170
2011-11-30,5.24199,5.37617,5.18832,5.31355,4062100,7129,24091566
2011-12-01,5.41195,5.47457,5.35828,5.43879,2423800,4159,14700056
2011-12-02,5.49246,5.52824,5.2241,5.26883,3607200,6395,21468026
2011-12-05,5.3225,5.47457,5.3225,5.41195,3718100,5837,22501096
2011-12-06,5.36722,5.40301,5.31355,5.37617,2014400,2502,12077334
2011-12-07,5.39406,5.39406,5.23304,5.23304,1626100,4638,9636943
2011-12-08,5.24199,5.31355,5.00046,5.00046,3084700,6231,17514744
2011-12-09,5.0273,5.08992,4.96468,4.98257,3276500,4760,18341587
2011-12-12,4.94679,4.97363,4.74999,4.80367,3923600,5843,21129734
2011-12-13,4.88417,5.00941,4.83945,4.94679,3637600,5887,20064407
2011-12-14,4.9289,4.93785,4.78578,4.80367,3883400,9609,20976757
2011-12-15,4.83945,4.90207,4.76788,4.76788,1501700,2916,8084606
2011-12-16,4.78578,4.86628,4.72316,4.76788,1907500,4480,10230817
2011-12-19,4.79472,4.82156,4.57109,4.70527,2128900,3142,11181785
2011-12-20,4.7321,4.78578,4.53531,4.7321,4749900,6148,24913882
2011-12-21,4.69632,4.72316,4.62476,4.67843,2761600,5498,14441469
2011-12-22,4.69632,4.80367,4.60687,4.60687,3162400,6547,16593892
2011-12-23,4.65159,4.74105,4.60687,4.71421,1620200,3191,8482514
2011-12-26,4.7321,4.74999,4.69632,4.71421,1004600,2818,5300077
2011-12-27,4.72316,4.78578,4.71421,4.71421,1551300,3018,8245753
2011-12-28,4.71421,4.74105,4.5532,4.5532,2310800,4574,11961067
2011-12-29,4.58898,4.66949,4.42796,4.42796,4875700,4126,24464452
2012-01-02,4.48163,4.83945,4.48163,4.78578,6296700,6030,32962538
2012-01-03,4.81261,5.09886,4.78578,5.08992,4086300,6695,22970601
2012-01-04,5.0273,5.19726,4.9289,5.04519,2804200,5609,15926659
2012-01-05,5.00941,5.1257,4.84839,4.87523,4472500,6039,24869491
2012-01-06,4.98257,5.15254,4.91996,4.96468,3108500,5152,17518826
2012-01-09,5.09886,5.1257,4.98257,5.00941,2325800,3820,13164516
2012-01-10,5.14359,5.14359,5.03625,5.11675,2853600,3907,16286368
2012-01-11,5.10781,5.14359,5.04519,5.10781,2002500,3671,11409705
2012-01-12,5.11675,5.17937,5.04519,5.13464,2060400,4349,11799150
2012-01-13,5.1257,5.1257,4.9289,4.99152,2076700,3971,11576492
2012-01-16,5.04519,5.04519,4.88417,4.96468,2266600,2563,12534067
2012-01-17,5.08992,5.08992,4.94679,5.07203,2504900,4671,14104979
2012-01-18,5.10781,5.10781,4.96468,5.0273,3007500,6332,16843371
2012-01-19,5.06308,5.25094,5.03625,5.21515,3963500,5588,22755659
2012-01-20,5.2241,5.31355,5.15254,5.26883,3225900,4477,18939977
2012-01-23,5.29566,5.45668,5.20621,5.34933,3546900,4198,21092504
2012-01-24,5.34039,5.40301,5.25988,5.36722,3814000,6253,22831611
2012-01-26,5.45668,5.68031,5.42984,5.54613,4811200,11022,30049038
2012-01-27,5.59086,5.67137,5.54613,5.63559,2960500,5063,18569810
2012-01-30,5.54613,5.55508,5.4209,5.50141,2144300,3990,13138783
2012-01-31,5.6177,5.67137,5.49246,5.49246,2950900,4942,18375836
2012-02-01,5.57297,5.7966,5.48351,5.76977,3829800,6583,24502869
2012-02-02,5.75188,5.93973,5.62664,5.85028,3196100,6202,20663518
2012-02-03,5.76082,6.10075,5.73398,5.9934,2326000,4335,15614807
2012-02-06,5.9934,6.02918,5.85028,5.93078,2109300,4886,13990755
2012-02-07,5.895,5.93078,5.74293,5.85028,3924600,7247,25511251
2012-02-08,5.87711,5.92184,5.76082,5.84133,2336300,4717,15241430
2012-02-09,5.86817,5.90395,5.67137,5.70715,2885400,6895,18664198
2012-02-10,5.62664,5.62664,5.48351,5.53719,3036300,5082,18842910
2012-02-13,5.65348,5.84133,5.63559,5.84133,2514900,3938,16125126
2012-02-14,5.86817,5.97551,5.82344,5.87711,2730200,6252,18042568
2012-02-15,5.9934,6.19914,5.98446,6.03813,4238200,10021,28898696
2012-02-16,5.85922,6.12758,5.82344,6.0918,2340800,4615,15826659
2012-02-17,6.11864,6.17231,5.96657,6.0918,2452800,5292,16631105
2012-02-22,6.12758,6.15442,5.97551,6.06496,1085200,2803,7343538
2012-02-23,6.06496,6.06496,5.94867,6.00235,1795300,4626,12052363
2012-02-24,6.06496,6.0918,5.92184,5.94867,1643100,3421,11042343
2012-02-27,5.92184,5.93973,5.6982,5.76977,2186600,6954,14074743
2012-02-28,5.77871,5.95762,5.75188,5.93078,3384500,3384,22080578
2012-02-29,5.98446,6.03813,5.74293,5.81449,3831100,5014,25037855
2012-03-01,5.82344,5.97551,5.82344,5.91289,2031200,3494,13385089
2012-03-02,5.94867,6.08286,5.87711,6.05602,2426600,6055,16291781
2012-03-05,5.9934,6.16336,5.93973,5.98446,1710200,3671,11566988
2012-03-06,5.92184,5.97551,5.77871,5.90395,1973000,4306,13012771
2012-03-07,5.93078,6.13653,5.93078,6.06496,2066600,3808,14022993
2012-03-08,6.21704,6.54801,6.20809,6.44067,4281000,6223,30606189
2012-03-09,6.54801,6.59274,6.04707,6.10075,4618200,7582,32244902
2012-03-12,6.07391,6.18125,5.95762,6.16336,3678000,7220,25168285
2012-03-13,6.25282,6.42278,6.21704,6.33333,3359000,7723,23753823
2012-03-14,6.21704,6.25282,5.97551,6.02918,9274400,16749,63096025
2012-03-15,5.93078,6.07391,5.83238,6.04707,4987600,7248,33118810
2012-03-16,6.07391,6.11864,5.81449,5.81449,4095700,6783,27099640
2012-03-19,5.83238,5.86817,5.74293,5.76082,2807000,5389,18190679
2012-03-20,5.64453,5.74293,5.59086,5.67137,3877700,7135,24575082
2012-03-21,5.70715,5.70715,5.5998,5.63559,2755300,5855,17358442
2012-03-22,5.55508,5.60875,5.42984,5.43879,3016300,6104,18567889
2012-03-23,5.51035,5.68926,5.46562,5.55508,2282300,4483,14231508
2012-03-26,5.64453,5.70715,5.56402,5.57297,2076700,5137,13068725
2012-03-27,5.58191,5.66242,5.42984,5.42984,2569000,5206,15947069
2012-03-28,5.42984,5.54613,5.26883,5.4209,4430300,8434,26738359
2012-03-29,5.34039,5.42984,5.25094,5.29566,3942000,6661,23483449
2012-03-30,5.37617,5.42984,5.21515,5.21515,3422000,7640,20378788
2012-04-02,5.21515,5.27777,5.07203,5.14359,3806400,6450,21983640
2012-04-03,5.18832,5.18832,5.01836,5.08097,2815700,5756,16028014
2012-04-04,5.00941,5.40301,4.99152,5.33144,4125900,10902,24225546
2012-04-05,5.35828,5.46562,5.25094,5.36722,2630300,6435,15810985
2012-04-09,5.25988,5.33144,5.14359,5.25988,2502200,6439,14655533
2012-04-10,5.20621,5.24199,4.91101,4.99152,3609900,7473,20353136
2012-04-11,5.04519,5.08992,4.8305,4.8305,3615500,7755,19881644
2012-04-12,4.88417,5.08097,4.79472,5.0273,2280500,4132,12773167
2012-04-13,4.93785,4.99152,4.83945,4.83945,2232000,4031,12181169
2012-04-16,4.87523,4.93785,4.65159,4.91996,3432700,6419,18425638
2012-04-17,5.05414,5.07203,4.94679,5.05414,3728000,9852,20928956
2012-04-18,5.15651,5.20296,4.97998,5.01714,5263200,9254,28776218
2012-04-19,4.97069,5.0543,4.84061,4.97998,2208900,5886,11864568
2012-04-20,5.02643,5.09147,4.87777,4.90565,1907400,4669,10183153
2012-04-23,4.78486,4.78486,4.66408,4.71054,3246700,5817,16488883
2012-04-24,4.70125,4.91494,4.68266,4.85919,3818600,7803,19687031
2012-04-25,4.90565,4.96139,4.71054,4.82203,2432500,4533,12698453
2012-04-26,4.78486,4.86848,4.71983,4.8499,2476400,5715,12792021
2012-04-27,4.87777,4.92423,4.69196,4.69196,2524400,8099,12891693
2012-04-30,4.67337,4.72912,4.63621,4.66408,1897800,4135,9566899
2012-05-02,4.6455,4.75699,4.6455,4.75699,1928900,5461,9780502
2012-05-03,4.80345,4.97998,4.7477,4.89636,2993400,5955,15704426
2012-05-04,4.9521,5.08218,4.77557,4.81274,4134900,9202,21920700
2012-05-07,4.81274,4.92423,4.76628,4.8499,2645700,6464,13815939
2012-05-08,4.83132,4.84061,4.6455,4.72912,4956900,12262,25176998
2012-05-09,4.6455,4.70125,4.57117,4.57117,3955700,7722,19741284
2012-05-10,4.63621,4.67337,4.48755,4.51543,4098400,9206,20072884
2012-05-11,4.46897,4.67337,4.45968,4.56188,3552200,6333,17557700
2012-05-14,4.35748,4.35748,3.88364,3.88364,12886700,13270,56231157
2012-05-15,3.83718,3.88364,3.53058,3.65136,9018600,19643,35987529
2012-05-16,3.76286,3.76286,3.47483,3.57703,6968700,15413,26973733
2012-05-17,3.53987,3.66065,3.44696,3.44696,6067500,10507,23218192
2012-05-18,3.45625,3.60491,3.35405,3.39122,5417500,8290,20267347
2012-05-21,3.43767,3.56774,3.40051,3.53987,3740900,6953,14021902
2012-05-22,3.50271,3.52129,3.24256,3.27043,5602300,9023,20207160
2012-05-23,3.25185,3.36334,3.14965,3.31689,7702300,11431,27146602
2012-05-24,3.27043,3.49342,3.16823,3.43767,6247800,11326,22080436
2012-05-25,3.38192,3.76286,3.38192,3.76286,5288500,9776,20899430
2012-05-28,3.82789,4.03229,3.66995,3.74427,4491300,7594,18731423
2012-05-29,3.75356,3.80931,3.47483,3.47483,6380000,11899,24738253
2012-05-30,3.38192,3.42838,3.25185,3.31689,6863300,12034,24478628
2012-05-31,3.32618,3.42838,3.17752,3.2983,29775500,26482,105344647
2012-06-01,3.16823,3.4098,3.15894,3.18681,4961200,7407,17500782
2012-06-04,3.27043,3.3076,3.16823,3.16823,2728300,4508,9506271
2012-06-05,3.21469,3.27043,2.95454,3.02887,5040800,7299,16784685
2012-06-06,3.0939,3.24256,3.01028,3.22398,6543500,8653,22037649
2012-06-08,3.15894,3.24256,3.08461,3.11248,6663900,6645,22336847
2012-06-11,3.17752,3.20539,3.10319,3.10319,4615600,4872,15642225
2012-06-12,3.12178,3.18681,3.05674,3.18681,4637000,6543,15654010
2012-06-13,3.12178,3.39122,3.11248,3.39122,8357100,13419,29280398
2012-06-14,3.33547,3.4098,3.28901,3.2983,5302000,7873,19059636
2012-06-15,3.34476,3.47483,3.2983,3.43767,5783000,7683,21198836
2012-06-18,3.4098,3.512,3.34476,3.37263,5210000,6701,19292252
2012-06-19,3.38192,3.41909,3.32618,3.32618,4194900,6659,15211368
2012-06-20,3.35405,3.52129,3.2983,3.43767,4084000,4849,15035020
2012-06-21,3.44696,3.55845,3.4098,3.47483,8178500,7719,30745014
2012-06-22,3.50271,3.56774,3.31689,3.34476,6055400,9327,22219945
2012-06-25,3.24256,3.27043,3.03816,3.03816,3501600,5194,11885609
2012-06-26,3.12178,3.1961,3.06603,3.0939,5811000,6460,19459907
2012-06-27,3.12178,3.15894,2.97312,2.97312,3656300,5232,11950389
2012-06-28,2.91737,3.07532,2.86163,2.98241,4389100,4831,14094748
2012-06-29,3.12178,3.17752,3.07532,3.07532,3721000,5642,12482994
2012-07-02,3.0939,3.22398,3.07532,3.15894,4071000,7637,13853784
2012-07-03,3.1961,3.28901,3.14965,3.23327,4328500,8589,15067680
2012-07-04,3.21469,3.34476,3.15894,3.28901,2765300,2678,9774378
2012-07-05,3.36334,3.36334,3.14965,3.26114,4862400,6422,16988019
2012-07-06,3.17752,3.25185,3.07532,3.07532,2957300,3414,9994431
2012-07-10,3.13107,3.13107,2.82446,2.83375,6997300,11178,22267988
2012-07-11,2.83375,2.91737,2.70368,2.73155,6278800,11737,18820648
2012-07-12,2.73155,2.75943,2.64793,2.69439,4834900,6964,14004610
2012-07-13,2.74084,2.80588,2.72226,2.76872,2099900,4387,6237617
2012-07-16,2.75014,2.82446,2.63864,2.64793,3324100,5450,9584736
2012-07-17,2.67581,2.77801,2.61077,2.73155,2415100,4413,7008659
2012-07-18,2.73155,2.80588,2.70368,2.75943,3004000,4483,8950080
2012-07-19,2.7873,2.88021,2.76872,2.84305,3829400,5647,11649464
2012-07-20,2.74084,2.82446,2.74084,2.76872,3524400,7040,10568184
2012-07-23,2.67581,2.6851,2.5829,2.62006,5160300,6482,14571768
2012-07-24,2.60148,2.64793,2.55502,2.57361,3323300,4461,9259750
2012-07-25,2.62006,2.64793,2.50857,2.50857,2846100,3758,7904513
2012-07-26,2.55502,2.74084,2.55502,2.71297,3407500,4448,9633223
2012-07-27,2.76872,2.94525,2.75014,2.84305,7862900,10990,24257743
2012-07-30,2.84305,3.01028,2.84305,2.96383,5432500,5326,17147797
2012-07-31,2.97312,3.01028,2.85234,2.85234,3378000,4916,10612073
2012-08-01,2.88021,3.06603,2.87092,2.97312,7591400,14641,24356901
2012-08-02,2.94525,3.03816,2.89879,2.89879,5318900,8540,16868184
2012-08-03,3.01957,3.18681,2.98241,3.14965,5865600,11047,19684458
2012-08-06,3.14036,3.44696,3.10319,3.2983,6874700,9694,24559950
2012-08-07,3.39122,3.53987,3.08461,3.0939,12259700,15447,43322010
2012-08-08,3.11248,3.28901,3.0939,3.23327,5276900,5921,18306154
2012-08-09,3.26114,3.36334,3.12178,3.20539,5200600,7179,18066411
2012-08-10,3.16823,3.22398,3.0939,3.15894,7768000,9617,26310493
2012-08-13,3.17752,3.2983,3.08461,3.25185,6955400,10482,23914741
2012-08-14,3.21469,3.32618,3.01028,3.06603,6841600,10216,23304418
2012-08-15,2.94525,3.2983,2.91737,3.25185,15716800,12176,53041590
2012-08-16,3.2983,3.52129,3.2983,3.36334,10178000,10720,37510424
2012-08-17,3.42838,3.42838,3.22398,3.27043,4969400,6030,17685861
2012-08-20,3.31689,3.42838,3.27043,3.40051,4341800,5055,15598668
2012-08-21,3.45625,3.78144,3.43767,3.65136,16980900,11560,66933440
2012-08-22,3.69782,3.98584,3.6142,3.97655,13956200,13920,57061814
2012-08-23,3.89293,3.93009,3.76286,3.82789,7752800,10870,32174172
2012-08-24,3.8186,3.95797,3.75356,3.86506,5895900,7207,24600884
2012-08-27,3.86506,3.93938,3.78144,3.80931,3742700,5322,15502744
2012-08-28,3.80931,3.84647,3.67924,3.77215,5368900,7223,21943310
2012-08-29,3.80002,3.88364,3.73498,3.75356,4521900,7806,18498224
2012-08-30,3.64207,3.84647,3.63278,3.77215,6529600,8076,26430441
2012-08-31,3.85577,3.88364,3.68853,3.78144,9085800,8799,36977537
2012-09-03,3.8186,3.83718,3.74427,3.80002,3141600,4862,12819722
2012-09-04,3.77215,3.80931,3.70711,3.70711,3828700,6584,15467853
2012-09-05,3.73498,3.78144,3.55845,3.62349,3277200,4108,12857848
2012-09-06,3.66065,3.84647,3.65136,3.80931,5061600,4846,20297761
2012-09-10,3.85577,3.89293,3.69782,3.69782,3392600,6047,13780190
2012-09-11,3.75356,3.78144,3.66065,3.72569,4939000,7094,19839024
2012-09-12,3.79073,4.023,3.73498,3.94867,9033500,8660,37640371
2012-09-13,3.97655,4.41322,3.91151,4.32961,9574700,9315,43247941
2012-09-14,4.34819,4.45968,4.19024,4.24599,5577600,8728,25740715
2012-09-17,4.19953,4.32961,4.04158,4.06017,6843000,7126,30553613
2012-09-18,4.0,4.15,3.81,4.14,16473000,12515,65630309
2012-09-19,4.21,4.26,4.08,4.14,9537000,6351,39725402
2012-09-20,4.08,4.3,4.03,4.21,7967500,6142,33402604
2012-09-21,4.25,4.3,4.1,4.11,5303800,5082,22100404
2012-09-24,4.1,4.2,4.06,4.13,6023000,7363,24885782
2012-09-25,4.11,4.14,4.01,4.03,4078300,3319,16638274
2012-09-26,4.01,4.15,3.97,4.06,6293900,8595,25427717
2012-09-27,4.12,4.14,3.99,4.02,3519800,4850,14255582
2012-09-28,4.01,4.04,3.85,3.95,5225900,5712,20727586
2012-10-01,4.0,4.04,3.86,3.86,4058800,4443,16060430
2012-10-02,3.89,3.93,3.55,3.66,10490200,13787,38731426
2012-10-03,3.68,3.78,3.61,3.66,7150300,7495,26442360
2012-10-04,3.68,3.7,3.43,3.46,10292100,10859,36653374
2012-10-05,3.53,3.79,3.52,3.61,11769500,13038,43055326
2012-10-08,3.61,3.64,3.46,3.57,8875100,8692,31616278
2012-10-09,3.61,3.72,3.54,3.72,6404700,9993,23152943
2012-10-10,3.73,3.84,3.63,3.76,9539200,10398,35700522
2012-10-11,3.78,3.88,3.76,3.83,4087300,5273,15714459
2012-10-15,3.89,4.07,3.76,4.0,7043800,9517,27912293
2012-10-16,4.01,4.15,3.9,3.9,5639700,5994,22608852
2012-10-17,3.95,4.02,3.9,3.95,7033000,8639,27780567
2012-10-18,3.95,4.0,3.91,3.97,3848100,5481,15248047
2012-10-19,3.97,4.0,3.76,3.76,5617800,5605,21759717
2012-10-22,3.8,3.9,3.78,3.82,4119200,7909,15836428
2012-10-23,3.79,3.83,3.72,3.77,3461200,5603,13029213
2012-10-24,3.77,3.84,3.68,3.75,2756700,3326,10328088
2012-10-25,3.78,3.82,3.65,3.65,3151500,2868,11687697
2012-10-26,3.6,3.62,3.5,3.56,2819900,3597,10036486
2012-10-29,3.56,3.6,3.44,3.51,2049600,2924,7156482
2012-10-30,3.53,3.62,3.49,3.6,2051800,2792,7305497
2012-10-31,3.64,3.7,3.53,3.55,2864000,4818,10272172
2012-11-01,3.57,3.62,3.54,3.62,2601000,3015,9320329
2012-11-05,3.55,3.6,3.51,3.53,3040200,3807,10813019
2012-11-06,3.55,3.69,3.5,3.66,5542000,6194,19861475
2012-11-07,3.68,3.75,3.57,3.57,4167100,4343,15197245
2012-11-08,3.6,3.63,3.45,3.45,3318000,4429,11718998
2012-11-09,3.45,3.52,3.35,3.36,5239100,7448,17963306
2012-11-12,3.39,3.45,3.33,3.39,2748000,5220,9342525
2012-11-13,3.35,3.44,3.31,3.41,4493700,6803,15286647
2012-11-14,3.37,3.43,3.27,3.28,5526900,9580,18374246
2012-11-16,3.21,3.26,3.11,3.15,4491500,5558,14268007
2012-11-19,3.18,3.25,3.13,3.19,3439900,4180,11021652
2012-11-21,3.21,3.28,3.13,3.18,4917500,5118,15785965
2012-11-22,3.21,3.26,3.19,3.23,1651900,2362,5312218
2012-11-23,3.25,3.33,3.2,3.33,2736700,4558,8986818
2012-11-26,3.3,3.31,3.22,3.23,2666100,3780,8682060
2012-11-27,3.24,3.4,3.24,3.31,4835800,6197,16135722
2012-11-28,3.3,3.33,3.22,3.24,3405100,4544,11079067
2012-11-29,3.27,3.37,3.26,3.37,2679300,3461,8890360
2012-11-30,3.38,3.39,3.24,3.3,4259600,6144,13998362
2012-12-03,3.3,3.45,3.3,3.41,4157300,5111,14112378
2012-12-04,3.43,3.57,3.31,3.32,7767500,7228,26737520
2012-12-05,3.39,3.42,3.27,3.3,4273800,5941,14203578
2012-12-06,3.27,3.4,3.26,3.35,4261600,6263,14232227
2012-12-07,3.39,3.47,3.36,3.4,8851400,10748,30320016
2012-12-10,3.41,3.54,3.36,3.51,5113500,6285,17844327
2012-12-11,3.53,3.53,3.39,3.45,6132500,6872,21341800
2012-12-12,3.46,3.53,3.38,3.45,6951300,11003,24077397
2012-12-13,3.45,3.51,3.41,3.44,2894700,3780,10002734
2012-12-14,3.5,3.51,3.41,3.44,3185300,6209,10993996
2012-12-17,3.41,3.47,3.39,3.39,2052800,3178,7039553
2012-12-18,3.43,3.48,3.4,3.45,4726300,5737,16325035
2012-12-19,3.48,3.51,3.45,3.46,3461100,4164,12041643
2012-12-20,3.47,3.5,3.44,3.49,1754800,3051,6094471
2012-12-21,3.44,3.46,3.38,3.42,3118800,4989,10661787
2012-12-26,3.41,3.47,3.41,3.44,1660400,2879,5725632
2012-12-27,3.45,3.46,3.31,3.33,2653300,3831,8912712
2012-12-28,3.35,3.42,3.25,3.42,6228600,5197,20654892
2013-01-02,3.45,3.62,3.45,3.57,5183200,6877,18433413
2013-01-03,3.56,3.77,3.55,3.73,6424600,6990,23606343
2013-01-04,3.71,3.77,3.61,3.67,7198800,7253,26411324
2013-01-07,3.67,3.7,3.56,3.68,4556000,5155,16465602
2013-01-08,3.69,3.72,3.58,3.6,4023100,4753,14590864
2013-01-09,3.61,3.68,3.53,3.63,2904200,4324,10502488
2013-01-10,3.62,3.67,3.57,3.6,3937600,7863,14251334
2013-01-11,3.6,3.65,3.57,3.59,2027100,2880,7327740
2013-01-14,3.64,3.78,3.59,3.66,4062400,4560,15041873
2013-01-15,3.72,3.93,3.72,3.86,9902000,6234,37915704
2013-01-16,3.91,3.97,3.76,3.77,7497600,7519,28734574
2013-01-17,3.77,3.84,3.73,3.84,4015900,8161,15223272
2013-01-18,3.88,3.88,3.77,3.79,3706700,4292,14172704
2013-01-21,3.82,3.83,3.75,3.77,1198700,2016,4546028
2013-01-22,3.77,3.79,3.56,3.56,5320900,5793,19400394
2013-01-23,3.58,3.7,3.53,3.6,7878300,8412,28713549
2013-01-24,3.61,3.69,3.46,3.49,4741300,6828,16993084
2013-01-28,3.53,3.55,3.32,3.36,3857200,6903,13264061
2013-01-29,3.38,3.42,3.34,3.37,5398100,6401,18199509
2013-01-30,3.38,3.4,3.29,3.32,5518600,7753,18408599
2013-01-31,3.34,3.42,3.31,3.38,4408200,5919,14797615
2013-02-01,3.37,3.63,3.35,3.6,6380400,7209,22524107
2013-02-04,3.57,3.63,3.46,3.48,4771200,5471,16858255
2013-02-05,3.49,3.64,3.47,3.64,4478200,5971,15867787
2013-02-06,3.64,3.64,3.47,3.47,4204500,5550,14844883
2013-02-07,3.49,3.54,3.43,3.43,4073100,4567,14151186
2013-02-08,3.43,3.51,3.4,3.5,2788900,4082,9655534
2013-02-13,3.53,3.54,3.43,3.47,4858000,6412,16840656
2013-02-14,3.46,3.47,3.41,3.43,1105600,1267,3802624
2013-02-15,3.46,3.52,3.36,3.42,4104400,9130,14047869
2013-02-18,3.41,3.43,3.25,3.25,5023600,4574,16531794
2013-02-19,3.26,3.34,3.16,3.17,5607500,6595,18114449
2013-02-20,3.12,3.3,3.05,3.06,6264300,9292,19838750
2013-02-21,3.07,3.11,2.94,2.96,6420100,6858,19134956
2013-02-22,3.04,3.14,2.94,3.14,6757700,6080,20517197
2013-02-25,3.15,3.26,3.1,3.15,5607600,4776,17839306
2013-02-26,3.11,3.16,3.03,3.12,6838900,7585,21094278
2013-02-27,3.12,3.31,3.1,3.25,4668600,5646,15042316
2013-02-28,3.25,3.3,3.15,3.15,4544600,4824,14590470
2013-03-01,3.13,3.13,3.04,3.06,4081600,8074,12548196
2013-03-04,3.05,3.15,3.01,3.14,3349700,4239,10405110
2013-03-05,3.15,3.2,2.97,2.98,5923500,5317,18191527
2013-03-06,3.04,3.1,2.95,3.02,6327200,7373,19157754
2013-03-07,3.08,3.14,3.05,3.07,4615100,5677,14262117
2013-03-08,3.06,3.1,3.0,3.05,7188000,3798,21961700
2013-03-11,3.03,3.07,3.01,3.06,1927200,3730,5865473
2013-03-12,3.06,3.13,3.05,3.09,3108100,4140,9648845
2013-03-13,3.07,3.17,3.03,3.09,3152900,4558,9789199
2013-03-14,3.08,3.13,2.87,2.88,9480400,9089,27983757
2013-03-15,2.91,2.93,2.72,2.75,8713100,13318,24301659
2013-03-18,2.77,2.8,2.72,2.79,3751400,4782,10393223
2013-03-19,2.76,2.85,2.71,2.71,4830300,4957,13290526
2013-03-20,2.74,2.75,2.58,2.59,9182500,9445,24267849
2013-03-21,2.59,2.68,2.53,2.68,5532000,5703,14440045
2013-03-22,2.68,2.75,2.51,2.53,5557500,7445,14443816
2013-03-25,2.56,2.59,2.38,2.39,8002100,13355,19597754
2013-03-26,2.42,2.55,2.38,2.55,7516500,5797,18439949
2013-03-27,2.5,2.63,2.45,2.5,6430900,5869,16361276
2013-03-28,2.56,2.57,2.45,2.51,7405100,5238,18436964
2013-04-01,2.46,2.51,2.44,2.44,3196400,4308,7871042
2013-04-02,2.46,2.5,2.2,2.22,10715100,8251,25050676
2013-04-03,2.26,2.34,2.19,2.27,9486200,11602,21378750
2013-04-04,2.28,2.33,2.2,2.26,9976500,10441,22507546
2013-04-05,2.22,2.37,2.22,2.35,9745400,9540,22595817
2013-04-08,2.36,2.49,2.36,2.49,9033600,7922,21792234
2013-04-09,2.51,2.63,2.47,2.47,11060800,9950,28118362
2013-04-10,2.48,2.54,2.42,2.42,10338000,12762,25583095
2013-04-11,2.44,2.46,2.38,2.44,4705500,3279,11428554
2013-04-12,2.42,2.46,2.32,2.36,7531600,4232,17847937
2013-04-15,2.31,2.33,2.19,2.19,8773800,7171,19615918
2013-04-16,2.22,2.27,2.12,2.23,8464800,5217,18574485
2013-04-17,2.17,2.2,2.11,2.15,13007000,10253,28008111
2013-04-18,2.15,2.2,2.07,2.11,7684500,4962,16387654
2013-04-19,2.18,2.19,2.13,2.16,4649300,3733,10024539
2013-04-22,2.15,2.19,2.09,2.12,6010700,4936,12761930
2013-04-23,2.13,2.2,2.08,2.13,10031100,5989,21395249
2013-04-24,2.14,2.19,2.14,2.17,5026200,5417,10903398
2013-04-25,2.19,2.23,2.12,2.12,5700500,5986,12307671
2013-04-26,2.13,2.15,2.1,2.11,4357100,4275,9227927
2013-04-29,2.12,2.14,2.07,2.11,11211000,6736,23658018
2013-04-30,2.11,2.21,2.1,2.19,11535900,11733,24830426
2013-05-02,2.17,2.19,2.11,2.18,7069800,6685,15231491
2013-05-03,2.2,2.28,2.2,2.21,22225300,12917,49324092
2013-05-06,2.21,2.24,2.11,2.11,8931600,8497,19062210
2013-05-07,2.12,2.15,2.06,2.14,9000300,4277,19025823
2013-05-08,2.15,2.16,2.09,2.1,6433600,3788,13603118
2013-05-09,1.99,2.05,1.94,1.95,14600300,5761,29112771
2013-05-10,1.95,1.96,1.86,1.86,10919500,8332,20741620
2013-05-13,1.87,1.9,1.75,1.76,10063200,5822,17980335
2013-05-14,1.78,1.8,1.73,1.8,11391300,8960,20115947
2013-05-15,1.78,1.86,1.71,1.74,15285200,12730,27155049
2013-05-16,1.74,1.8,1.72,1.75,10894800,5351,19074752
2013-05-17,1.77,1.78,1.73,1.74,3971500,2718,6965060
2013-05-20,1.74,1.76,1.72,1.74,5052200,2953,8767417
2013-05-21,1.74,1.85,1.73,1.82,8259900,3387,14867392
2013-05-22,1.84,1.93,1.83,1.9,10908900,5951,20691207
2013-05-23,1.86,1.94,1.83,1.89,7648900,5874,14549321
2013-05-24,1.89,2.02,1.88,2.01,11050400,13096,21498922
2013-05-27,1.99,2.08,1.99,2.07,5255500,4429,10825679
2013-05-28,2.09,2.12,1.96,1.96,8976200,3995,18156565
2013-05-29,1.95,1.97,1.86,1.87,8659400,3760,16402831
2013-05-31,1.83,1.85,1.69,1.69,10366900,5924,18163851
2013-06-03,1.75,1.75,1.68,1.71,7264600,4056,12397052
2013-06-04,1.73,1.77,1.7,1.74,6602200,5451,11433279
2013-06-05,1.72,1.77,1.71,1.74,4463500,2959,7739309
2013-06-06,1.75,1.84,1.72,1.78,6201900,3129,10974596
2013-06-07,1.75,1.78,1.65,1.66,10910100,5702,18516925
2013-06-10,1.66,1.68,1.6,1.61,5488600,3800,8956048
2013-06-11,1.58,1.61,1.51,1.56,13008600,5748,20267423
2013-06-12,1.6,1.62,1.52,1.58,13761600,11215,21545905
2013-06-13,1.57,1.65,1.56,1.65,10903700,6709,17676036
2013-06-14,1.66,1.67,1.57,1.58,6080700,2643,9796835
2013-06-17,1.6,1.62,1.48,1.51,9826600,3077,15171019
2013-06-18,1.49,1.56,1.44,1.55,11174700,4778,16640216
2013-06-19,1.54,1.57,1.46,1.47,9281600,5074,14098242
2013-06-20,1.45,1.53,1.38,1.52,10313000,6912,14877207
2013-06-21,1.48,1.49,1.42,1.42,7176500,6130,10355638
2013-06-24,1.39,1.4,1.32,1.4,12686200,9471,17377905
2013-06-25,1.44,1.47,1.39,1.42,8632700,4401,12295266
2013-06-26,1.43,1.51,1.43,1.51,6572700,4938,9767358
2013-06-27,1.52,1.61,1.51,1.59,7931800,5874,12445648
2013-06-28,1.59,1.6,1.5,1.5,11906100,3302,18408475
2013-07-01,1.5,1.52,1.45,1.46,4732800,5034,6987623
2013-07-02,1.45,1.47,1.38,1.4,8444300,4021,11937080
2013-07-03,1.39,1.41,1.31,1.34,13647400,9298,18520662
2013-07-04,1.38,1.44,1.37,1.41,5581100,6645,7834225
2013-07-05,1.4,1.46,1.37,1.46,9405700,12897,13335601
2013-07-08,1.48,1.55,1.47,1.52,10398900,4202,15726141
2013-07-10,1.52,1.55,1.49,1.52,7687800,3600,11619176
2013-07-11,1.53,1.56,1.51,1.51,6596900,4127,10039137
2013-07-12,1.5,1.55,1.49,1.52,5262900,3803,8021194
2013-07-15,1.52,1.59,1.52,1.56,6214100,5221,9681648
2013-07-16,1.58,1.65,1.54,1.62,5976600,2438,9514396
2013-07-17,1.62,1.65,1.6,1.62,4577200,2762,7427601
2013-07-18,1.62,1.74,1.62,1.74,8907700,4940,15178217
2013-07-19,1.72,1.82,1.7,1.71,6211800,5778,10873056
2013-07-22,1.72,1.8,1.71,1.78,5377800,4334,9481891
2013-07-23,1.8,1.84,1.7,1.7,8472700,16145,14811559
2013-07-24,1.7,1.77,1.67,1.76,11290400,5608,19547020
2013-07-25,1.76,1.82,1.71,1.8,8987800,4827,15992705
2013-07-26,1.8,1.82,1.75,1.79,5092900,2747,9114603
2013-07-29,1.77,1.79,1.74,1.75,2792300,2296,4905587
2013-07-30,1.79,1.79,1.7,1.72,10928000,4864,18967799
2013-07-31,1.7,1.74,1.65,1.66,9248000,8344,15554802
2013-08-01,1.69,1.71,1.63,1.65,5697800,4341,9483038
2013-08-02,1.64,1.76,1.63,1.67,11982700,4068,20295814
2013-08-05,1.67,1.73,1.64,1.65,3667700,2539,6110708
2013-08-06,1.66,1.68,1.57,1.58,11523200,5325,18580206
2013-08-07,1.59,1.6,1.52,1.53,8727900,4275,13513938
2013-08-08,1.55,1.68,1.54,1.67,12991600,7204,21068032
2013-08-09,1.69,1.78,1.66,1.78,13360700,5710,23044983
2013-08-12,1.79,1.9,1.78,1.86,11464800,5594,21366046
2013-08-13,1.88,1.88,1.79,1.86,10412900,5819,19167725
2013-08-14,1.86,1.94,1.84,1.88,23207700,11198,44121561
2013-08-15,1.82,1.92,1.79,1.82,13315900,7699,24505517
2013-08-16,1.83,1.89,1.81,1.89,15702100,7471,29400092
2013-08-19,1.86,1.95,1.85,1.88,6153800,3430,11687540
2013-08-20,1.86,1.92,1.82,1.82,5728800,9286,10643111
2013-08-21,1.81,1.83,1.75,1.76,10316400,4511,18512547
2013-08-22,1.8,1.81,1.73,1.77,6183900,3796,10903268
2013-08-23,1.77,1.89,1.75,1.88,6467000,2109,11817310
2013-08-26,1.86,1.91,1.8,1.8,4942700,2181,9091024
2013-08-27,1.77,1.79,1.69,1.7,7679600,3625,13295918
2013-08-28,1.72,1.79,1.7,1.78,6160500,3763,10821921
2013-08-29,1.78,1.83,1.75,1.75,5162600,5351,9256792
2013-08-30,1.77,1.79,1.7,1.7,9886700,4227,16992590
2013-09-02,1.75,1.84,1.73,1.83,8973600,7351,16126287
2013-09-03,1.82,1.89,1.81,1.89,6424200,4927,11954741
2013-09-04,1.89,1.9,1.84,1.87,7679900,6324,14378037
2013-09-05,1.85,1.94,1.85,1.93,9769800,5315,18673728
2013-09-06,1.96,1.99,1.92,1.98,10193000,5752,20053206
2013-09-09,1.99,2.01,1.92,1.94,13442600,7813,26476762
2013-09-10,1.96,1.97,1.88,1.9,8458400,3886,16218665
2013-09-11,1.9,1.93,1.86,1.87,6557900,1860,12427342
2013-09-12,1.88,1.89,1.79,1.8,12673500,4910,23090856
2013-09-13,1.8,1.84,1.75,1.81,15363700,5719,27665455
2013-09-16,1.84,1.86,1.77,1.78,14686600,7278,26518677
2013-09-17,1.78,1.82,1.76,1.77,15294500,4778,27304412
2013-09-18,1.77,1.79,1.72,1.78,25174400,5822,44234114
2013-09-19,1.79,1.81,1.73,1.74,10791700,4504,19094029
2013-09-20,1.74,1.75,1.65,1.68,14274100,3931,24187252
2013-09-23,1.69,1.7,1.63,1.67,10784600,4907,17888818
2013-09-24,1.67,1.67,1.63,1.65,6350300,1746,10504126
2013-09-25,1.66,1.73,1.65,1.69,16606400,3977,28036942
2013-09-26,1.71,1.74,1.66,1.67,10973300,2722,18598796
2013-09-27,1.66,1.7,1.66,1.66,6163200,3530,10334927
2013-09-30,1.65,1.65,1.6,1.61,6359900,2536,10304687
2013-10-01,1.63,1.66,1.61,1.65,8356300,3365,13653220
2013-10-02,1.64,1.67,1.62,1.65,5025300,2566,8300044
2013-10-03,1.67,1.69,1.58,1.59,14310000,5155,23119805
2013-10-04,1.6,1.61,1.55,1.59,12910000,2690,20345426
2013-10-07,1.57,1.59,1.55,1.55,6843400,2800,10714328
2013-10-08,1.56,1.57,1.53,1.55,6887700,5082,10622063
2013-10-09,1.56,1.59,1.53,1.58,9580500,2392,14943337
2013-10-10,1.6,1.61,1.56,1.58,5054800,2305,8023117
2013-10-11,1.59,1.6,1.55,1.55,3507900,2878,5515161
2013-10-14,1.54,1.6,1.54,1.6,4408600,1971,6931128
2013-10-15,1.6,1.61,1.58,1.61,7153400,3231,11429080
2013-10-16,1.62,1.64,1.59,1.62,9596700,6922,15561505
2013-10-17,1.61,1.68,1.59,1.68,9745300,3017,15861444
2013-10-18,1.67,1.69,1.56,1.58,9039100,3112,14597963
2013-10-21,1.58,1.6,1.56,1.58,3490100,2563,5516961
2013-10-22,1.58,1.6,1.56,1.58,3878500,4911,6137010
2013-10-23,1.57,1.59,1.56,1.56,4233200,5272,6651472
2013-10-24,1.57,1.58,1.48,1.49,10817100,5102,16358001
2013-10-25,1.48,1.52,1.46,1.46,7864200,3846,11626490
2013-10-28,1.47,1.49,1.47,1.48,3465600,2377,5125250
2013-10-29,1.47,1.48,1.43,1.44,6478800,2367,9416391
2013-10-30,1.46,1.46,1.41,1.42,7916000,4754,11321880
2013-10-31,1.41,1.43,1.39,1.41,9685600,4646,13614862
2013-11-01,1.4,1.41,1.35,1.35,12231700,6595,16761744
2013-11-04,1.35,1.36,1.3,1.32,11839100,6476,15697619
2013-11-05,1.32,1.33,1.25,1.26,13577000,9167,17429263
2013-11-06,1.25,1.27,1.17,1.19,16169700,4639,19570391
2013-11-07,1.18,1.25,1.15,1.17,19581400,6293,23265602
2013-11-08,1.17,1.19,1.11,1.13,13908600,4509,15900239
2013-11-11,1.13,1.15,1.1,1.11,10073500,4384,11338707
2013-11-12,1.11,1.14,1.08,1.1,12736200,3243,14050684
2013-11-13,1.1,1.12,1.07,1.12,9220000,4441,10089482
2013-11-14,1.14,1.18,1.13,1.14,13298600,5583,15292879
2013-11-18,1.15,1.2,1.15,1.19,10116500,3664,11918073
2013-11-19,1.19,1.19,1.09,1.1,14069700,5694,15800815
2013-11-21,1.08,1.11,1.07,1.1,7309000,5968,8018313
2013-11-22,1.1,1.17,1.08,1.13,8384800,11753,9475968
2013-11-25,1.14,1.16,1.11,1.13,7597300,3039,8609968
2013-11-26,1.13,1.13,1.1,1.12,9408700,4597,10494935
2013-11-27,1.13,1.14,1.09,1.11,8597400,7547,9633846
2013-11-28,1.12,1.16,1.11,1.11,6919800,3361,7833175
2013-11-29,1.12,1.13,1.09,1.12,7783800,3437,8624543
2013-12-02,1.1,1.12,1.06,1.07,8374500,4371,9102629
2013-12-03,1.06,1.08,1.0,1.01,11710300,6797,12096415
2013-12-04,1.02,1.03,0.99,1.01,8379800,4435,8435833
2013-12-05,1.02,1.05,1.0,1.01,8442800,3545,8621513
2013-12-06,1.02,1.04,1.0,1.03,7345900,4065,7486815
2013-12-09,1.04,1.05,1.01,1.01,4653700,2061,4769999
2013-12-10,1.01,1.05,1.01,1.01,4715500,1913,4792484
2013-12-11,1.02,1.03,0.98,0.98,10508900,3731,10492652
2013-12-12,0.99,1.0,0.98,0.99,9733900,7254,9635890
2013-12-13,1.0,1.02,0.98,1.0,6399400,2684,6417195
2013-12-16,1.0,1.02,1.0,1.01,4885800,1297,4932401
2013-12-17,1.01,1.03,1.0,1.01,4520900,2962,4584367
2013-12-18,1.02,1.09,1.02,1.07,14919400,8085,15817993
2013-12-19,1.09,1.12,1.04,1.1,13118200,4288,14128749
2013-12-20,1.1,1.1,1.06,1.07,5025700,3511,5407370
2013-12-23,1.08,1.09,1.07,1.07,6019300,2116,6498852
2013-12-26,1.07,1.11,1.06,1.06,8135500,1419,8834459
2013-12-27,1.07,1.1,1.06,1.1,4265100,2035,4593694
2013-12-30,1.1,1.15,1.09,1.15,7835900,9023,8861266
2014-01-02,1.14,1.15,1.02,1.02,13055400,19410,13818990
2014-01-03,1.03,1.15,1.02,1.15,24105700,6409,26700026
2014-01-06,1.1,1.15,1.09,1.12,9621800,5458,10810533
2014-01-07,1.13,1.16,1.1,1.11,9509600,5205,10747418
2014-01-08,1.13,1.13,1.08,1.08,7604600,10607,8338067
2014-01-09,1.08,1.1,1.03,1.03,11045500,4606,11540777
2014-01-10,1.03,1.07,1.03,1.04,11125900,3289,11645515
2014-01-13,1.04,1.06,1.04,1.06,5144500,3030,5409370
2014-01-14,1.06,1.07,1.04,1.06,5573600,1909,5870257
2014-01-15,1.06,1.08,1.05,1.07,7147000,1203,7622888
2014-01-16,1.08,1.09,1.04,1.06,4945900,1896,5231900
2014-01-17,1.05,1.05,1.03,1.03,5129800,1264,5321039
2014-01-20,1.03,1.05,1.03,1.04,3043200,598,3166216
2014-01-21,1.04,1.06,1.03,1.06,7224600,1377,7587146
2014-01-22,1.07,1.12,1.06,1.11,10692300,2396,11749176
2014-01-23,1.12,1.34,1.1,1.32,44897300,12389,55287549
2014-01-24,1.26,1.29,1.19,1.24,22559500,5501,27797310
2014-01-27,1.35,1.42,1.29,1.29,22742500,5168,30498279
2014-01-28,1.32,1.36,1.29,1.32,11504100,4003,15265714
2014-01-29,1.31,1.33,1.26,1.3,8345900,4352,10787065
2014-01-30,1.3,1.34,1.29,1.3,8474600,5285,11165674
2014-01-31,1.3,1.32,1.28,1.32,4498700,2937,5883578
2014-02-03,1.32,1.32,1.24,1.26,6549000,3671,8353952
2014-02-04,1.27,1.3,1.25,1.3,5884000,2776,7538004
2014-02-05,1.3,1.32,1.26,1.27,4636200,2368,5948278
2014-02-06,1.28,1.3,1.25,1.25,6339900,2577,8089262
2014-02-07,1.26,1.28,1.24,1.25,4217800,2650,5311693
2014-02-10,1.26,1.26,1.16,1.17,10220900,5685,12266328
2014-02-11,1.18,1.27,1.17,1.24,10158400,4271,12436686
2014-02-12,1.26,1.26,1.21,1.23,5404400,4807,6661259
2014-02-13,1.21,1.22,1.17,1.18,8069100,6548,9574403
2014-02-14,1.19,1.24,1.19,1.24,5262700,1966,6405553
2014-02-17,1.48,1.5,1.45,1.47,25387800,4333,37489526
2014-02-18,1.47,1.48,1.42,1.43,12837400,7282,18718997
2014-02-19,1.44,1.5,1.42,1.47,9228900,2680,13512619
2014-02-20,1.47,1.49,1.45,1.49,4269600,2480,6296419
2014-02-21,1.48,1.5,1.47,1.48,2252000,1565,3343211
2014-02-24,1.48,1.52,1.48,1.48,7574900,3688,11323854
2014-02-25,1.48,1.49,1.46,1.47,6552300,2757,9683872
2014-02-26,1.48,1.48,1.43,1.46,8180100,2546,11889222
2014-02-27,1.46,1.49,1.44,1.49,6481700,3998,9532529
2014-02-28,1.48,1.49,1.44,1.47,4609500,4519,6739449
2014-03-05,1.47,1.47,1.43,1.45,2967900,2143,4290125
2014-03-06,1.46,1.46,1.43,1.44,4067900,909,5878217
2014-03-07,1.45,1.45,1.39,1.41,8194700,3314,11631168
2014-03-10,1.4,1.43,1.39,1.42,5537700,2953,7802956
2014-03-11,1.43,1.47,1.41,1.45,7987600,2839,11439879
2014-03-12,1.45,1.46,1.43,1.45,1798400,1167,2605631
2014-03-13,1.46,1.47,1.43,1.43,5095900,2198,7403998
2014-03-14,1.43,1.48,1.43,1.46,6516600,1873,9518655
2014-03-17,1.46,1.47,1.44,1.45,3698900,1500,5359128
2014-03-18,1.45,1.46,1.44,1.46,3423400,1548,4975112
2014-03-19,1.46,1.48,1.45,1.48,2485900,2003,3642115
2014-03-20,1.47,1.48,1.45,1.47,4320700,2233,6315251
2014-03-21,1.45,1.46,1.43,1.43,7553800,3682,10895628
2014-03-24,1.44,1.45,1.43,1.45,2447400,1764,3533619
2014-03-25,1.45,1.45,1.43,1.45,4929500,2635,7104333
2014-03-26,1.45,1.46,1.43,1.43,2568400,1552,3698164
2014-03-27,1.44,1.47,1.42,1.47,7297900,6389,10591839
2014-03-28,1.46,1.47,1.45,1.47,3487500,2624,5109322
2014-03-31,1.47,1.48,1.45,1.46,3392600,2218,4973802
2014-04-01,1.47,1.47,1.45,1.47,4195900,2270,6157355
2014-04-02,1.47,1.49,1.45,1.46,9316400,3833,13705266
2014-04-03,1.46,1.47,1.44,1.45,2706000,1941,3936696
2014-04-04,1.46,1.47,1.43,1.44,5165700,3210,7499882
2014-04-07,1.45,1.45,1.41,1.42,6741400,2481,9617255
2014-04-08,1.43,1.44,1.41,1.42,4148400,3140,5917237
2014-04-09,1.41,1.43,1.41,1.41,6857500,2136,9707676
2014-04-10,1.42,1.43,1.39,1.4,4102800,1287,5776177
2014-04-11,1.39,1.44,1.34,1.43,10539800,2713,14770825
2014-04-14,1.43,1.45,1.4,1.45,5288900,1093,7560095
2014-04-15,1.44,1.47,1.43,1.46,7274200,3488,10572334
2014-04-16,1.46,1.48,1.45,1.47,7057600,4007,10362589
2014-04-17,1.47,1.48,1.45,1.46,3726600,1763,5445543
2014-04-22,1.46,1.46,1.44,1.45,5843400,3156,8462938
2014-04-23,1.44,1.45,1.43,1.44,1548900,2490,2225812
2014-04-24,1.44,1.45,1.43,1.44,1958100,2334,2816225
2014-04-25,1.43,1.44,1.41,1.41,3282900,2470,4663018
2014-04-28,1.42,1.45,1.41,1.45,3708600,1915,5318908
2014-04-29,1.45,1.45,1.42,1.43,3826500,3049,5509732
2014-04-30,1.43,1.45,1.42,1.43,2508000,2433,3590679
2014-05-02,1.43,1.48,1.42,1.48,23046900,4752,33945072
2014-05-05,1.48,1.48,1.43,1.45,5410100,6885,7867356
2014-05-06,1.45,1.46,1.43,1.44,3061300,2935,4420888
2014-05-07,1.43,1.45,1.43,1.44,3159800,1505,4541616
2014-05-08,1.44,1.46,1.44,1.45,1268400,699,1836689
2014-05-09,1.45,1.46,1.44,1.46,1351000,506,1957011
2014-05-12,1.46,1.46,1.45,1.45,958100,438,1390554
2014-05-13,1.46,1.48,1.45,1.46,3562600,1050,5208068
2014-05-14,1.46,1.49,1.46,1.46,3705000,591,5467510
2014-05-15,1.47,1.49,1.46,1.48,3544900,814,5232654
2014-05-16,1.49,1.49,1.46,1.47,3341500,3005,4924736
2014-05-19,1.46,1.48,1.45,1.45,2894000,2048,4217255
2014-05-20,1.45,1.48,1.44,1.45,4909500,1735,7178402
2014-05-21,1.46,1.47,1.44,1.46,3296400,2179,4808544
2014-05-22,1.46,1.47,1.45,1.47,906300,886,1328000
2014-05-23,1.46,1.47,1.45,1.46,1001600,413,1463570
2014-05-26,1.46,1.47,1.45,1.46,1290600,653,1887202
2014-05-27,1.46,1.47,1.44,1.45,1309100,952,1902503
2014-05-28,1.45,1.47,1.45,1.46,1033300,1052,1509384
2014-05-29,1.46,1.47,1.46,1.46,725300,454,1059832
2014-05-30,1.46,1.48,1.46,1.48,8318300,1689,12243387
2014-06-02,1.48,1.49,1.48,1.49,4055900,618,6033217
2014-06-03,1.49,1.5,1.49,1.49,1756500,1201,2626776
2014-06-04,1.49,1.5,1.48,1.48,4294600,998,6395538
2014-06-05,1.48,1.5,1.47,1.49,2365100,1899,3506354
2014-06-06,1.49,1.5,1.47,1.49,2219800,2371,3307026
2014-06-09,1.46,1.49,1.46,1.49,2694700,2772,3978791
2014-06-10,1.48,1.49,1.48,1.48,917400,1257,1364185
2014-06-11,1.49,1.49,1.48,1.48,863000,1669,1283553
2014-06-13,1.48,1.5,1.47,1.49,2572700,1975,3816125
2014-06-16,1.49,1.5,1.48,1.5,1125300,872,1682061
2014-06-17,1.49,1.5,1.48,1.48,818300,499,1218674
2014-06-18,1.49,1.5,1.48,1.49,1216000,2429,1813177
2014-06-20,1.49,1.49,1.47,1.47,1852100,608,2730446
2014-06-23,1.47,1.49,1.46,1.47,5243600,1632,7738473
2014-06-24,1.47,1.48,1.43,1.43,8024400,2724,11631478
2014-06-25,1.44,1.48,1.43,1.46,5604400,2389,8186122
2014-06-26,1.47,1.48,1.44,1.46,4150700,914,6070865
2014-06-27,1.45,1.47,1.45,1.45,2572800,349,3752275
2014-06-30,1.45,1.46,1.44,1.45,2152600,1133,3117978
2014-07-01,1.46,1.46,1.44,1.46,574700,801,832536
2014-07-02,1.45,1.46,1.44,1.44,1894900,1738,2747292
2014-07-03,1.44,1.45,1.43,1.44,3463200,901,4987431
2014-07-04,1.44,1.45,1.43,1.44,654500,230,941481
2014-07-07,1.44,1.46,1.43,1.45,1424000,382,2059950
2014-07-08,1.45,1.46,1.44,1.44,579200,466,837243
2014-07-10,1.44,1.46,1.44,1.44,1467500,1959,2122892
2014-07-11,1.44,1.5,1.44,1.49,6165300,969,9110514
2014-07-14,1.49,1.49,1.47,1.49,1838200,2441,2727142
2014-07-15,1.48,1.5,1.47,1.5,1878600,1131,2800952
2014-07-16,1.5,1.5,1.47,1.5,3090400,901,4615422
2014-07-17,1.49,1.5,1.48,1.49,5686500,1840,8473816
2014-07-18,1.5,1.5,1.49,1.5,4445800,2979,6642787
2014-07-21,1.5,1.51,1.49,1.51,3494500,1099,5256111
2014-07-22,1.51,1.51,1.49,1.5,2134200,991,3202174
2014-07-23,1.49,1.51,1.49,1.5,2370800,1053,3553628
2014-07-24,1.5,1.51,1.5,1.51,477000,681,717831
2014-07-25,1.5,1.51,1.5,1.5,1023600,257,1536885
2014-07-28,1.5,1.51,1.49,1.51,1076300,481,1622145
2014-07-29,1.5,1.51,1.49,1.5,1967600,686,2952374
2014-07-30,1.51,1.51,1.5,1.51,973800,649,1466609
2014-07-31,1.5,1.52,1.5,1.52,2137000,1551,3232657
2014-08-01,1.51,1.52,1.5,1.51,1858600,1889,2806007
2014-08-04,1.51,1.53,1.5,1.53,2591700,1016,3939196
2014-08-05,1.52,1.53,1.51,1.53,2601700,1391,3962111
2014-08-06,1.53,1.54,1.52,1.53,987000,812,1509533
2014-08-07,1.54,1.54,1.52,1.52,741500,544,1132636
2014-08-08,1.52,1.53,1.51,1.53,1468100,834,2230468
2014-08-11,1.53,1.53,1.52,1.53,1077500,993,1644672
2014-08-12,1.52,1.53,1.51,1.53,2276400,862,3463808
2014-08-13,1.53,1.53,1.51,1.53,3830000,5180,5853470
2014-08-14,1.52,1.53,1.51,1.52,1535000,1801,2333579
2014-08-15,1.52,1.53,1.52,1.53,1146600,1660,1750658
2014-08-18,1.53,1.53,1.52,1.53,736800,1030,1124705
2014-08-19,1.52,1.53,1.52,1.53,1237000,1434,1887728
2014-08-20,1.53,1.53,1.52,1.53,1674400,886,2557777
2014-08-21,1.52,1.53,1.52,1.53,2934900,1057,4486368
2014-08-22,1.53,1.53,1.52,1.53,831400,451,1270165
2014-08-25,1.52,1.53,1.52,1.53,752500,1610,1149788
2014-08-26,1.52,1.53,1.52,1.53,1036700,1896,1583088
2014-08-27,1.52,1.53,1.52,1.53,2440700,1210,3723266
2014-08-28,1.52,1.53,1.52,1.53,6635400,2675,10138319
2014-08-29,1.53,1.54,1.52,1.54,12812300,3036,19640902
2014-09-01,1.54,1.55,1.53,1.55,2549600,605,3934232
2014-09-02,1.55,1.55,1.54,1.54,6688300,306,10305239
2014-09-03,1.54,1.55,1.53,1.55,6316900,262,9735529
2014-09-04,1.54,1.55,1.53,1.55,6764800,127,10423160
2014-09-05,1.54,1.55,1.54,1.55,1525500,165,2354678
2014-09-08,1.54,1.55,1.53,1.54,4131400,103,6363120
2014-09-09,1.54,1.55,1.53,1.54,17222100,90,26516696
2014-09-10,1.54,1.55,1.53,1.55,2452000,524,3781129
2014-09-11,1.55,1.55,1.54,1.55,633900,118,981489
2014-09-12,1.54,1.55,1.53,1.53,8338600,420,12826525
2014-09-15,1.53,1.55,1.52,1.54,5269100,166,8106439
2014-09-16,1.54,1.55,1.53,1.54,4679800,894,7209766
2014-09-17,1.54,1.55,1.53,1.54,517500,187,797061
2014-09-18,1.53,1.55,1.52,1.54,17093900,714,26259491
2014-09-19,1.53,1.54,1.53,1.53,372500,167,570712
2014-09-22,1.53,1.54,1.52,1.54,1993300,186,3053946
2014-09-23,1.53,1.54,1.53,1.54,1799900,109,2760742
2014-09-24,1.53,1.54,1.53,1.54,637900,49,981051
2014-09-25,1.53,1.54,1.52,1.53,4423100,131,6768066
2014-09-26,1.53,1.54,1.53,1.53,908700,60,1390332
2014-09-29,1.52,1.53,1.52,1.53,1646400,68,2517450
2014-09-30,1.53,1.53,1.52,1.53,2890600,96,4417952
2014-10-01,1.53,1.55,1.52,1.53,6877300,751,10548581
2014-10-02,1.53,1.53,1.52,1.53,467200,69,713494
2014-10-03,1.52,1.57,1.52,1.56,14124400,995,21863818
2014-10-06,1.58,1.58,1.55,1.56,2023100,2010,3170411
2014-10-07,1.57,1.58,1.56,1.58,3020900,1217,4749207
2014-10-08,1.57,1.58,1.56,1.58,1573000,1050,2476316
2014-10-09,1.57,1.58,1.57,1.58,1626900,358,2559926
2014-10-10,1.57,1.58,1.56,1.58,7184600,87,11286345
2014-10-13,1.57,1.58,1.57,1.58,1707400,87,2688332
2014-10-14,1.57,1.58,1.57,1.58,1480700,839,2336481
2014-10-15,1.57,1.58,1.57,1.58,690300,146,1086894
2014-10-16,1.57,1.58,1.55,1.57,14212300,372,22203826
2014-10-17,1.56,1.58,1.56,1.58,3664900,634,5762360
2014-10-20,1.57,1.58,1.56,1.56,1839700,137,2879938
2014-10-21,1.56,1.57,1.55,1.57,9825800,708,15407257
2014-10-22,1.57,1.57,1.56,1.57,3937500,269,6160619
2014-10-23,1.56,1.57,1.55,1.55,10336600,654,16046360
2014-10-24,1.54,1.58,1.52,1.57,8802200,858,13741024
2014-10-27,1.55,1.57,1.54,1.56,5012500,473,7818756
2014-10-28,1.56,1.57,1.56,1.57,1232100,106,1923654
2014-10-29,1.56,1.57,1.55,1.56,3006300,95,4692816
2014-10-30,1.56,1.57,1.56,1.56,920200,157,1436276
2014-10-31,1.56,1.58,1.56,1.58,4632700,172,7291369
2014-11-03,1.57,1.58,1.57,1.57,4349100,277,6830644
2014-11-04,1.57,1.58,1.56,1.57,477100,995,749841
2014-11-05,1.57,1.58,1.57,1.58,4622200,555,7301643
2014-11-06,1.59,1.59,1.58,1.59,561400,76,889651
2014-11-07,1.58,1.59,1.58,1.59,286400,130,454561
2014-11-10,1.59,1.59,1.58,1.59,1454300,175,2309950
2014-11-11,1.58,1.59,1.58,1.58,1025000,107,1624172
2014-11-12,1.58,1.6,1.58,1.6,241900,66,384520
2014-11-13,1.59,1.6,1.58,1.6,1151100,126,1825120
2014-11-14,1.58,1.6,1.58,1.59,1159900,66,1854303
2014-11-17,1.59,1.6,1.58,1.59,556700,132,886930
2014-11-18,1.6,1.6,1.59,1.59,643700,76,1025025
2014-11-19,1.6,1.64,1.6,1.61,3845700,572,6168567
2014-11-21,1.61,1.62,1.6,1.6,228500,34,366530
2014-11-24,1.6,1.61,1.6,1.6,222100,33,355864
2014-11-25,1.61,1.62,1.6,1.6,275900,39,442315
2014-11-26,1.62,1.62,1.6,1.62,69300,12,111610
2014-11-27,1.61,1.62,1.61,1.61,137600,22,221564
2014-11-28,1.61,1.62,1.61,1.61,79700,14,128402
2014-12-01,1.61,1.62,1.61,1.61,121100,267,195282
2014-12-02,1.61,1.62,1.6,1.6,383500,21,616967
2014-12-03,1.6,1.61,1.6,1.6,114600,170,183441
2014-12-04,1.6,1.61,1.6,1.6,533900,13,854245
2014-12-05,1.49,1.6,1.47,1.6,35000,178,55601
2014-12-08,1.6,1.6,1.59,1.59,61100,133,97383
2014-12-09,1.59,1.6,1.59,1.59,100300,129,159483
2014-12-10,1.59,1.61,1.59,1.59,186300,120,297426
2014-12-11,1.59,1.61,1.59,1.59,181100,92,289315
2014-12-12,1.59,1.6,1.59,1.59,29700,94,47224
2014-12-15,1.59,1.61,1.59,1.59,28900,89,46165
2014-12-16,1.59,1.6,1.59,1.6,163400,26,260109
2014-12-17,1.59,1.6,1.59,1.6,93500,10,148680
2014-12-18,1.59,1.6,1.59,1.6,101000,21,160684
2014-12-23,1.59,1.6,1.58,1.59,923100,64,1469943
2014-12-26,1.59,1.61,1.58,1.58,281400,29,445190
2014-12-29,1.59,1.6,1.58,1.58,113500,43,180556
2014-12-30,1.58,1.6,1.58,1.6,62000,41,98095
2015-01-02,1.58,1.65,1.58,1.58,581200,121,928335
