Date,Open,High,Low,Close,Volume,Neg,Fin
2019-11-13,10.14177043865693,10.14177043865693,9.790464175444004,9.968316371216138,277300,945,12541437
2019-11-14,10.06053876025201,10.06053876025201,9.529185847298686,9.880492110511613,630500,1177,28064037
2019-11-18,9.950751519075231,10.053946177952405,9.454528310403722,9.526991393330428,476200,1487,20715220
2019-11-19,9.614815654034953,9.614815654034953,9.155916603613512,9.21959265027235,633700,1090,26677960
2019-11-21,9.287657604867713,9.287657604867713,8.457702205519002,8.574072808600558,2266600,3992,89599497
2019-11-22,8.57626726256882,8.780462126354898,8.207396147214988,8.244720305465057,1520500,2334,57514256
2019-11-25,8.297414861887772,8.297414861887772,7.948303052643107,8.014173553270206,1273100,2465,46730805
2019-11-26,8.016368007238466,8.022960589538073,7.175431117653634,7.175431117653634,2296000,5038,77433233
2019-11-27,7.289607266766929,7.575043029352754,7.245690526217253,7.337912915253124,3498500,5919,117832480
2019-11-28,7.346690731126164,7.509172528725655,7.296190628671709,7.377431527471455,811600,1754,27258704
2019-11-29,7.50038549245779,7.50038549245779,7.289607266766929,7.377431527471455,1580100,1616,13262509
2019-12-02,7.474042824443845,7.667256197993801,7.412561231753265,7.544302233007465,2430100,2572,20926389
2019-12-03,7.693608086402571,7.728737790684381,7.456477972302939,7.535524417134424,955700,1965,8201450
2019-12-04,7.544302233007465,7.579431937289275,7.289607266766929,7.456477972302939,2725200,1938,23212625
2019-12-05,7.491607676584749,7.491607676584749,7.289607266766929,7.351088859457509,1230900,607,10334313
2019-12-06,7.351088859457509,7.430126083894169,7.219347858203308,7.333524007316604,5217100,2799,43470278
2019-12-09,7.351088859457509,7.605783825698045,7.351088859457509,7.474042824443845,1106500,2010,9462756
2019-12-10,7.56186708514837,7.860478791938581,7.50038549245779,7.62334867783895,2770200,12533,23974975
2019-12-11,7.772654531234055,7.860478791938581,7.684821050134706,7.825349087656771,2082800,2428,18522333
2019-12-12,7.85170097606554,8.238136943560278,7.816562051388906,8.211785055151507,3284300,3859,30286138
2019-12-13,8.343526056405707,8.554304282096568,8.273266647842087,8.554304282096568,4368300,3022,41757850
2019-12-16,8.65091557906896,8.686045283350769,8.115173758179116,8.387442796955382,2271600,6819,21866946
2019-12-17,8.387442796955382,8.431350317110233,8.176655350869696,8.299609315856033,1835600,2910,17284924
2019-12-18,8.343526056405707,8.387442796955382,8.123960794446981,8.343526056405707,1047900,2805,9847647
2019-12-19,8.422572501237193,8.422572501237193,8.132738610320022,8.282044463715128,2136400,4112,19997381
2019-12-20,8.365157102664272,8.365157102664272,7.924883249788567,8.050677096380886,6088300,8235,54845217
2019-12-23,8.185451607532386,8.23038259151277,8.09560808036127,8.167490278414023,4998500,2971,45490187
2019-12-26,8.212412041999583,8.53587271284215,8.185451607532386,8.53587271284215,1591900,3283,14897805
2019-12-27,8.625725460408091,8.661666559434469,8.320235339078712,8.625725460408091,1482900,3818,14039235
2019-12-30,8.607754910894903,8.805430955539977,8.446029185671032,8.796450290980795,4771800,5451,46207692
2020-01-02,8.931224802132295,8.931224802132295,8.571813811868527,8.61674479584891,2710100,5373,26273853
2020-01-03,8.446029185671032,8.634715345362098,8.284294240052336,8.544862597796156,1179000,2362,11202586
2020-01-06,8.53587271284215,8.53587271284215,8.320235339078712,8.347186553151083,1397400,2868,13040008
2020-01-07,8.40109820169065,8.490950949256591,8.293274904611518,8.356176438105088,930800,1928,8650042
2020-01-08,8.365157102664272,8.374146987618278,8.185451607532386,8.311245454124705,1330600,3053,12264365
2020-01-09,8.374146987618278,8.374146987618278,8.203431377440399,8.3382058885919,2137900,2755,19678989
2020-01-10,8.329216003637894,8.437039300717025,8.212412041999583,8.356176438105088,1134000,2266,10538610
2020-01-13,8.356176438105088,8.832382169612346,8.347186553151083,8.7694898565136,6790000,7692,64126226
2020-01-14,8.805430955539977,8.949195351645484,8.715578207974035,8.814420840493982,2711100,3711,26624404
2020-01-15,8.787460406026787,8.922234917178288,8.7694898565136,8.850352719125535,1515500,2529,14911082
2020-01-16,8.922234917178288,9.03005821425742,8.778479741467606,8.895283703105918,2509900,3269,24857764
2020-01-17,8.895283703105918,9.209763709389303,8.895283703105918,9.128891626382543,2705700,4081,27464059
2020-01-20,9.15585206084974,9.26367535792887,9.092950527356166,9.254685472974865,1527800,2810,15652967
2020-01-21,9.254685472974865,9.389459984126365,9.16483272540892,9.254685472974865,1431200,2203,14768466
2020-01-22,9.362508770053994,9.389459984126365,8.778479741467606,9.146862175895732,6030700,4751,61411706
2020-01-23,9.101940412310173,9.326567671027616,9.03005821425742,9.16483272540892,2220800,5497,22692383
2020-01-24,9.254685472974865,9.299616456955246,9.11991096182336,9.254685472974865,1490600,2750,15289481
2020-01-27,8.949195351645484,9.15585206084974,8.778479741467606,9.15585206084974,1657300,3137,16607186
2020-01-28,9.24570480841568,9.344538220540803,8.967165901158673,9.16483272540892,2388100,2782,24143629
2020-01-29,9.18280327492211,9.236714923461674,8.787460406026787,8.895283703105918,4397900,2852,43664525
2020-01-30,8.760509191954418,8.760509191954418,8.46399973518422,8.688626993901664,1957200,2803,18783762
2020-01-31,8.688626993901664,8.697607658460845,8.455009850230214,8.580803696822533,1429700,4893,13643751
2020-02-03,8.571813811868527,8.760509191954418,8.4729803997434,8.652685894875287,911600,1378,8738224
2020-02-04,8.805430955539977,8.913254252619108,8.670656444388474,8.670656444388474,1177900,2983,11481878
2020-02-05,8.796450290980795,8.859342604079542,8.634715345362098,8.706597543414851,1308000,2623,12717777
2020-02-06,8.751519307000411,8.886293818151913,8.61674479584891,8.706597543414851,1628800,1781,15790328
2020-02-07,8.598774246335722,8.670656444388474,8.266323690539148,8.526892048282967,1087000,1650,10316034
2020-02-10,8.580803696822533,8.580803696822533,8.221392706558763,8.25733380558514,828600,1965,7690789
2020-02-11,8.329216003637894,8.481961064302585,8.25733380558514,8.302264789565523,798000,2054,7423701
2020-02-12,8.3382058885919,8.46399973518422,8.25733380558514,8.25733380558514,1007500,1852,9336489
2020-02-13,8.23038259151277,8.3382058885919,8.10458874492045,8.23038259151277,1490900,2313,13704289
2020-02-14,7.763157524564693,7.763157524564693,6.657982560095841,6.78377640668816,30631300,37239,237424642
2020-02-17,6.882609818813285,6.981452451333233,6.649001895536659,6.649001895536659,4705300,7105,35530734
2020-02-18,6.604070911556276,6.604070911556276,6.2985807902268975,6.460315735845593,6466900,9033,45961678
2020-02-19,6.469296400404774,6.586100362043087,6.397414202352021,6.514218163990334,3967700,6943,28721159
2020-02-20,6.514218163990334,6.78377640668816,6.469296400404774,6.604070911556276,3159500,6888,23083271
2020-02-21,6.514218163990334,6.577119697483906,6.397414202352021,6.469296400404774,2567700,4642,18512945
2020-02-26,6.154816394121389,6.199738157706948,5.984100783943512,6.0020713334567,2541200,3098,17171028
2020-02-27,5.840336387838003,5.966130234430323,5.750483640272061,5.840336387838003,4097100,6705,26668527
2020-02-28,5.786424739298439,5.804395288811627,5.480934617969059,5.61570912912056,4362100,6432,27161578
2020-03-02,5.687591327173314,5.840336387838003,5.61570912912056,5.840336387838003,2915300,5159,18704532
2020-03-03,5.930189135403946,6.064963646555447,5.7954146242524445,5.885258151423562,2387500,5478,15765031
2020-03-04,5.975110898989504,6.046993097042258,5.678601442219307,5.840336387838003,3281000,4016,21474257
2020-03-05,5.822365838324815,5.957140349476315,5.696571991732496,5.7145425412456845,1959200,3017,12643852
2020-03-06,5.480934617969059,5.534846266508625,5.301229122837174,5.319199672350363,1554400,2399,9372464
2020-03-09,4.519524049605713,4.878925819474658,4.501553500092525,4.690239659783591,1790200,4023,9302881
2020-03-10,4.932837468014223,4.99572978111297,4.501553500092525,4.798062956862722,1704500,3295,9043308
2020-03-11,4.717190873855961,4.780092407349533,4.240985142348705,4.312867340401458,1529000,2832,7585584
2020-03-12,3.683907327834687,4.240985142348705,3.5131917176568086,4.223014592835516,1978800,2204,8317918
2020-03-13,4.519524049605713,4.84298472044828,4.115191295756385,4.5824163627044605,1812000,3580,8963358
2020-03-16,4.070269532170826,4.187073493809139,3.827671723940194,3.827671723940194,1014600,2650,4560089
2020-03-17,3.9085345865521295,4.025338548190443,3.683907327834687,3.683907327834687,1215100,2626,5099387
2020-03-18,3.504201832702802,3.5311530467751724,2.84829060606366,3.054947315267915,2137000,5170,7491285
2020-03-19,2.8752418201360306,3.683907327834687,2.8752418201360306,3.567094145801549,2158900,4050,7945461
2020-03-20,3.7737600754006286,3.827671723940194,3.603035244827926,3.6479662288083095,1501700,3465,6185730
2020-03-23,3.5940545802687445,3.6389763438543032,3.099869078853474,3.1897218264194165,1315100,3411,4773316
2020-03-24,3.4952211681436203,3.5491235962883607,3.243633474958981,3.243633474958981,1423600,3360,5325928
2020-03-25,3.2795745739853586,3.576084030755556,3.216682260886611,3.504201832702802,2798200,4999,10570846
2020-03-26,3.4772506186304315,3.746799640933434,3.459280069117243,3.603035244827926,2050600,3434,8359566
2020-03-27,3.468260733676425,3.6389763438543032,3.3694273215513006,3.5131917176568086,1695000,3708,6614312
2020-03-30,3.5131917176568086,3.6299956792951216,3.3514567720381123,3.3784079861104828,1669700,2475,6433190
2020-03-31,3.41434908513686,3.459280069117243,3.243633474958981,3.243633474958981,1230900,1999,4595437
2020-04-01,3.1897218264194165,3.234643590004976,3.054947315267915,3.234643590004976,991800,1480,3464706
2020-04-02,3.5940545802687445,3.764770190446623,3.297545123498548,3.3244963375709173,3614000,6453,14089273
2020-04-03,3.360437436597294,3.5940545802687445,3.297545123498548,3.5940545802687445,1641500,2819,6267477
2020-04-06,3.746799640933434,3.9085345865521295,3.728829091420245,3.746799640933434,1293200,1953,5481546
2020-04-07,3.9265051360653183,4.016357883631261,3.603035244827926,3.728829091420245,1767500,4486,7473673
2020-04-08,3.746799640933434,4.016357883631261,3.603035244827926,3.9534563501376887,1044100,1953,4536221
2020-04-09,4.007367998677254,4.19605415836832,3.863603602571746,4.025338548190443,969900,2567,4360255
2020-04-13,4.025338548190443,4.312867340401458,3.9534563501376887,4.223014592835516,657000,1276,3014186
2020-04-14,4.312867340401458,4.564445813191272,4.240985142348705,4.357789103987018,866900,1851,4256875
2020-04-15,4.312867340401458,4.528504714164895,4.1780836088551325,4.447641851552959,662400,1376,3231057
2020-04-16,4.501553500092525,4.681258995224409,4.240985142348705,4.303877455447451,1367000,2370,6785818
2020-04-17,4.447641851552959,4.519524049605713,4.312867340401458,4.402710867572576,819300,1329,4007386
2020-04-20,4.303877455447451,4.438651966598953,4.160113059341945,4.3757596535002055,690100,1161,3324692
2020-04-22,4.3757596535002055,4.47459306562533,4.357789103987018,4.366778988941023,510900,1006,2505484
2020-04-23,4.456622516112142,4.708210209296779,4.438651966598953,4.519524049605713,1221100,2265,6203890
2020-04-24,4.519524049605713,4.519524049605713,3.9265051360653183,4.124171960315567,1568800,3039,7314421
2020-04-27,4.276926241375081,4.312867340401458,4.124171960315567,4.205044043322328,610400,1077,2861111
2020-04-28,4.32184800496064,4.519524049605713,4.2589556918618925,4.447641851552959,1246400,2546,6129978
2020-04-29,4.528504714164895,4.636328011244026,4.303877455447451,4.492563615138518,1039200,2774,5176716
2020-04-30,4.47459306562533,4.47459306562533,4.223014592835516,4.3757596535002055,1055200,2514,5108193
2020-05-04,4.223014592835516,4.267936356421075,3.998387334118072,4.19605415836832,863600,1879,3970304
2020-05-05,4.303877455447451,4.348808439427836,4.088240081684015,4.1780836088551325,578100,1304,2711413
2020-05-06,4.223014592835516,4.249965806907886,4.016357883631261,4.115191295756385,610900,1442,2824144
2020-05-07,4.1780836088551325,4.249965806907886,3.9354858006245,3.9354858006245,789700,1468,3549359
2020-05-08,4.043309097703632,4.19605415836832,3.827671723940194,4.025338548190443,1187500,1961,5265565
2020-05-11,3.989397449164066,4.097220746243196,3.854622938012565,3.854622938012565,1144200,2274,5056295
2020-05-12,3.872593487525753,3.944475685578507,3.656946893367492,3.656946893367492,1046000,1748,4430004
2020-05-13,3.683907327834687,3.746799640933434,3.5131917176568086,3.5850646953147374,917400,1982,3670758
2020-05-14,3.504201832702802,3.800711289472999,3.41434908513686,3.75578952588744,1523800,3174,6104875
2020-05-15,3.701877877347875,3.854622938012565,3.5940545802687445,3.5940545802687445,793100,2394,3269645
2020-05-18,3.728829091420245,3.7737600754006286,3.6389763438543032,3.764770190446623,697100,1915,2877339
2020-05-19,3.75578952588744,3.899544701598124,3.6928879923938687,3.75578952588744,1160700,2083,4909070
2020-05-20,3.809691954032181,3.881574152084935,3.6210057943411145,3.746799640933434,717500,1853,3015501
2020-05-21,3.719848426861064,3.827671723940194,3.6389763438543032,3.701877877347875,1212200,2387,5051114
2020-05-22,3.6928879923938687,3.746799640933434,3.6479662288083095,3.656946893367492,982000,1601,4037822
2020-05-25,3.764770190446623,3.9085345865521295,3.710858541907057,3.8456330530585583,1805100,2119,7641764
2020-05-26,3.962446235091696,4.025338548190443,3.8456330530585583,3.899544701598124,1266900,2575,5527090
2020-05-27,3.917515251111312,4.19605415836832,3.881574152084935,4.16910294429595,1666600,2666,7548320
2020-05-28,4.16910294429595,4.223014592835516,4.070269532170826,4.187073493809139,951600,2746,4406503
2020-05-29,4.142142509828756,4.1780836088551325,4.088240081684015,4.1780836088551325,531000,1375,2450484
2020-06-01,4.187073493809139,4.402710867572576,4.1780836088551325,4.3757596535002055,1698900,3187,8148703
2020-06-02,4.420681417085764,4.609376797171655,4.420681417085764,4.546475263678083,1382600,2221,6970677
2020-06-03,4.6632884457112205,4.977759231599782,4.6632884457112205,4.94182735296823,2364500,3751,12743068
2020-06-04,4.896896368987846,5.247317474297609,4.771102522395527,5.022690215580165,2048600,3779,11533668
2020-06-05,5.301229122837174,5.319199672350363,5.076601864119731,5.1035530781921015,1604400,2805,9231819
2020-06-08,5.22934692478442,5.3910818704031165,5.148484062172485,5.38209198544911,1478200,3255,8724922
2020-06-09,5.256307359251615,5.337170221863551,5.12152362770529,5.283258573323986,1451900,3145,8501190
2020-06-10,5.38209198544911,5.436003633988675,4.977759231599782,4.977759231599782,1589800,3356,9172272
2020-06-12,4.753131972882339,4.9867491165537885,4.627347346684844,4.896896368987846,1498000,3026,8017643
2020-06-15,4.717190873855961,4.878925819474658,4.5824163627044605,4.81603350637591,831000,1585,4362457
2020-06-16,5.022690215580165,5.076601864119731,4.825014170935092,4.869945154915476,724100,1573,3986485
2020-06-17,4.807043621421904,4.9687785670406,4.789073071908716,4.789073071908716,1040500,1876,5651775
2020-06-18,4.789073071908716,4.932837468014223,4.73516142336915,4.780092407349533,1147400,2584,6148564
2020-06-19,4.869945154915476,4.887915704428664,4.708210209296779,4.762121857836345,878800,1618,4685009
2020-06-22,4.84298472044828,5.031670880139347,4.762121857836345,5.031670880139347,1563400,3145,8525219
2020-06-23,5.157464726731666,5.211376375271231,4.950808017527412,4.977759231599782,1555700,3065,8785022
2020-06-24,4.959797902481418,5.022690215580165,4.762121857836345,4.834004055889099,1007700,2205,5458893
2020-06-25,4.84298472044828,5.031670880139347,4.654298560757215,4.798062956862722,1978700,3871,10576536
2020-06-26,4.81603350637591,4.84298472044828,4.501553500092525,4.564445813191272,1367000,2619,7067217
2020-06-29,4.636328011244026,4.825014170935092,4.501553500092525,4.825014170935092,1534800,2940,8006478
2020-06-30,4.762121857836345,4.914866918501034,4.726180758809968,4.851974605402288,1362200,2556,7330077
2020-07-01,4.896896368987846,4.99572978111297,4.753131972882339,4.923856803455041,1351500,5945,7388175
2020-07-02,5.040660765093353,5.148484062172485,4.860955269961469,4.932837468014223,1039100,2330,5749394
2020-07-03,4.94182735296823,5.013700330626159,4.84298472044828,4.950808017527412,756400,1715,4173711
2020-07-06,5.022690215580165,5.1664546116856735,4.84298472044828,4.905886253941852,1800400,3487,10040642
2020-07-07,4.896896368987846,4.9867491165537885,4.780092407349533,4.81603350637591,1468800,3420,7920521
2020-07-08,4.878925819474658,4.9867491165537885,4.851974605402288,4.959797902481418,1118400,2161,6121739
2020-07-09,4.9867491165537885,5.040660765093353,4.869945154915476,4.905886253941852,1081300,1926,5946062
2020-07-10,4.94182735296823,4.9687785670406,4.878925819474658,4.94182735296823,962900,1801,5287145
2020-07-13,4.9687785670406,5.067611979165724,4.860955269961469,4.914866918501034,1773300,2837,9749378
2020-07-14,4.914866918501034,4.923856803455041,4.744151308323156,4.914866918501034,799200,1760,4315982
2020-07-15,4.950808017527412,4.9867491165537885,4.84298472044828,4.9687785670406,1064400,2029,5825509
2020-07-16,4.914866918501034,4.959797902481418,4.834004055889099,4.851974605402288,829000,1788,4502396
2020-07-17,4.878925819474658,4.914866918501034,4.825014170935092,4.834004055889099,1208300,2618,6518993
2020-07-20,4.834004055889099,4.887915704428664,4.717190873855961,4.780092407349533,1392900,3138,7451844
2020-07-21,4.807043621421904,4.834004055889099,4.717190873855961,4.744151308323156,1890300,4091,10002094
2020-07-22,4.753131972882339,4.789073071908716,4.681258995224409,4.762121857836345,938300,2285,4957678
2020-07-23,4.780092407349533,4.798062956862722,4.591406247658466,4.672269110270403,1261800,3299,6588156
2020-07-24,4.672269110270403,4.672269110270403,4.546475263678083,4.636328011244026,1104100,2689,5666284
2020-07-27,4.654298560757215,4.681258995224409,4.546475263678083,4.672269110270403,1356000,3202,6969982
2020-07-28,4.699220324342773,4.699220324342773,4.600386912217648,4.600386912217648,749900,1881,3868985
2020-07-29,4.600386912217648,4.690239659783591,4.5824163627044605,4.609376797171655,938300,2538,4840760
2020-07-30,4.600386912217648,4.636328011244026,4.546475263678083,4.636328011244026,671600,1501,3440913
2020-07-31,4.645317896198033,4.681258995224409,4.537494599118902,4.537494599118902,1049900,2860,5345616
2020-08-03,4.627347346684844,4.627347346684844,4.411700752526582,4.438651966598953,2396100,9631,12010618
2020-08-04,4.402710867572576,4.510534164651706,4.267936356421075,4.420681417085764,1723000,4571,8384943
2020-08-05,4.456622516112142,4.510534164651706,4.330837889914647,4.492563615138518,1233300,2580,6076815
2020-08-06,4.537494599118902,4.73516142336915,4.456622516112142,4.681258995224409,1417100,2865,7258190
2020-08-07,4.923856803455041,5.022690215580165,4.807043621421904,4.923856803455041,3112600,5060,17045996
2020-08-10,4.923856803455041,4.9867491165537885,4.780092407349533,4.807043621421904,1249300,2749,6801790
2020-08-11,4.977759231599782,4.977759231599782,4.771102522395527,4.798062956862722,1021600,2041,5521041
2020-08-12,4.798062956862722,4.887915704428664,4.654298560757215,4.699220324342773,1007300,1947,5330863
2020-08-13,4.699220324342773,4.84298472044828,4.681258995224409,4.717190873855961,913100,1882,4835032
2020-08-14,4.699220324342773,4.807043621421904,4.627347346684844,4.753131972882339,688500,1528,3621253
2020-08-17,4.717190873855961,4.834004055889099,4.465612401066148,4.609376797171655,1348300,2760,6941741
2020-08-18,4.645317896198033,4.690239659783591,4.564445813191272,4.6632884457112205,686200,1478,3539688
2020-08-19,4.672269110270403,4.708210209296779,4.564445813191272,4.627347346684844,603900,1294,3110856
2020-08-20,4.537494599118902,4.6632884457112205,4.501553500092525,4.600386912217648,623200,1210,3180090
2020-08-21,4.5824163627044605,4.654298560757215,4.47459306562533,4.510534164651706,2001900,2657,10082856
2020-08-24,4.5554651486320905,4.609376797171655,4.501553500092525,4.519524049605713,1293900,3384,6539320
2020-08-25,4.537494599118902,4.73516142336915,4.501553500092525,4.73516142336915,1636000,4102,8435146
2020-08-26,4.73516142336915,4.807043621421904,4.564445813191272,4.600386912217648,1371500,3145,7113540
2020-08-27,4.627347346684844,4.825014170935092,4.546475263678083,4.753131972882339,1438400,3713,7510211
2020-08-28,4.798062956862722,4.834004055889099,4.681258995224409,4.690239659783591,1045000,3966,5523998
2020-08-31,4.73516142336915,4.780092407349533,4.699220324342773,4.717190873855961,1085200,3889,5706526
2020-09-01,4.744151308323156,4.896896368987846,4.690239659783591,4.887915704428664,1726100,4899,9297276
2020-09-02,4.878925819474658,4.9867491165537885,4.789073071908716,4.950808017527412,1899000,4930,10387806
2020-09-03,4.914866918501034,5.022690215580165,4.753131972882339,4.780092407349533,3110800,7035,16936898
2020-09-04,4.807043621421904,4.9687785670406,4.627347346684844,4.798062956862722,4535600,8705,24352371
2020-09-08,4.789073071908716,4.807043621421904,4.672269110270403,4.699220324342773,1298300,3832,6821148
2020-09-09,4.717190873855961,4.780092407349533,4.645317896198033,4.753131972882339,2325300,3788,12214268
2020-09-10,4.753131972882339,4.807043621421904,4.6632884457112205,4.699220324342773,1689800,2931,8867947
2020-09-11,4.717190873855961,4.726180758809968,4.501553500092525,4.528504714164895,2376200,4145,12081957
2020-09-14,4.573435698145278,4.627347346684844,4.546475263678083,4.609376797171655,702900,2423,3594071
2020-09-15,4.645317896198033,4.681258995224409,4.546475263678083,4.618357461730837,1747600,2527,8966220
2020-09-16,4.618357461730837,4.708210209296779,4.5824163627044605,4.609376797171655,800600,2767,4146678
2020-09-17,4.5824163627044605,4.627347346684844,4.546475263678083,4.564445813191272,885600,2467,4516378
2020-09-18,4.546475263678083,4.5824163627044605,4.456622516112142,4.492563615138518,1631600,3658,8200979
2020-09-21,4.402710867572576,4.465612401066148,4.330837889914647,4.402710867572576,1330900,3604,6510077
2020-09-22,4.420681417085764,4.47459306562533,4.330837889914647,4.357789103987018,1034500,3193,5048983
2020-09-23,4.366778988941023,4.429671302039771,4.312867340401458,4.339818554473829,1225600,3226,5952599
2020-09-24,4.357789103987018,4.519524049605713,4.312867340401458,4.519524049605713,1185900,3297,5828381
2020-09-25,4.492563615138518,4.528504714164895,4.447641851552959,4.447641851552959,721900,2647,3597059
2020-09-28,4.492563615138518,4.636328011244026,4.312867340401458,4.348808439427836,1423200,3566,7089696
2020-09-29,4.366778988941023,4.402710867572576,4.19605415836832,4.19605415836832,1518600,5040,7202060
2020-09-30,4.231995257394697,4.267936356421075,4.160113059341945,4.187073493809139,1297000,4252,6074030
2020-10-01,4.19605415836832,4.231995257394697,4.142142509828756,4.205044043322328,1612400,4638,7519435
2020-10-02,4.1780836088551325,4.546475263678083,4.160113059341945,4.546475263678083,3245700,6796,15916312
2020-10-05,4.591406247658466,4.699220324342773,4.456622516112142,4.5554651486320905,2795200,6189,14122257
2020-10-06,4.573435698145278,4.6632884457112205,4.519524049605713,4.564445813191272,1686900,4019,8579937
2020-10-07,4.591406247658466,4.654298560757215,4.537494599118902,4.537494599118902,1300500,3091,6631944
2020-10-08,4.546475263678083,4.762121857836345,4.537494599118902,4.762121857836345,1559700,2809,8106639
2020-10-09,4.762121857836345,4.905886253941852,4.681258995224409,4.905886253941852,1871000,3622,9988948
2020-10-13,4.887915704428664,4.959797902481418,4.789073071908716,4.789073071908716,1102600,3186,5972507
2020-10-14,4.798062956862722,4.825014170935092,4.636328011244026,4.636328011244026,1464000,3182,7655692
2020-10-15,4.600386912217648,4.807043621421904,4.546475263678083,4.654298560757215,1606600,3692,8423833
2020-10-16,4.672269110270403,4.699220324342773,4.546475263678083,4.564445813191272,819300,2580,4192397
2020-10-19,4.609376797171655,4.654298560757215,4.537494599118902,4.591406247658466,1098200,2560,5621752
2020-10-20,4.618357461730837,4.699220324342773,4.564445813191272,4.690239659783591,1723900,3447,8900629
2020-10-21,4.690239659783591,4.771102522395527,4.654298560757215,4.744151308323156,1559500,2845,8192457
2020-10-22,4.744151308323156,4.798062956862722,4.672269110270403,4.780092407349533,1383800,2556,7303451
2020-10-23,4.789073071908716,4.825014170935092,4.726180758809968,4.807043621421904,1610200,2737,8570116
2020-10-26,4.798062956862722,4.887915704428664,4.654298560757215,4.753131972882339,1741800,4046,9225018
2020-10-27,4.762121857836345,4.81603350637591,4.5824163627044605,4.807043621421904,1770100,3094,9292918
2020-10-28,4.672269110270403,4.672269110270403,4.402710867572576,4.411700752526582,3364900,6896,16767218
2020-10-29,4.249965806907886,4.393730203013393,4.097220746243196,4.348808439427836,3320100,5618,15724358
2020-10-30,4.303877455447451,4.303877455447451,4.079250196730007,4.124171960315567,2705600,5363,12563299
2020-11-03,4.19605415836832,4.223014592835516,3.809691954032181,3.8456330530585583,3565000,6814,15838240
2020-11-04,3.899544701598124,4.043309097703632,3.75578952588744,4.043309097703632,2465400,5381,10670147
2020-11-05,4.079250196730007,4.16910294429595,3.962446235091696,4.133161845269574,1549800,3648,7030640
2020-11-06,4.097220746243196,4.231995257394697,4.025338548190443,4.231995257394697,1231700,2856,5684890
2020-11-09,4.366778988941023,4.429671302039771,4.267936356421075,4.339818554473829,1740600,3759,8387623
2020-11-10,4.339818554473829,4.456622516112142,4.205044043322328,4.285906905934263,2252700,4185,10883413
2020-11-11,4.276926241375081,4.312867340401458,4.19605415836832,4.205044043322328,1481600,3855,6982769
2020-11-12,4.223014592835516,4.276926241375081,4.079250196730007,4.16910294429595,1556000,3510,7202778
2020-11-13,4.16910294429595,4.384749538454212,4.133161845269574,4.384749538454212,1548200,2935,7333674
2020-11-16,4.393730203013393,4.447641851552959,4.32184800496064,4.384749538454212,1266700,2914,6179036
2020-11-17,4.339818554473829,4.447641851552959,4.32184800496064,4.447641851552959,1830200,3844,8920591
2020-11-18,4.438651966598953,4.519524049605713,4.2589556918618925,4.294896790888269,3117800,4762,15086870
2020-11-19,4.285906905934263,4.339818554473829,4.223014592835516,4.276926241375081,1535400,3340,7316018
2020-11-20,4.249965806907886,4.330837889914647,4.214024707881509,4.231995257394697,1554700,3172,7391097
2020-11-23,4.267936356421075,4.276926241375081,4.19605415836832,4.214024707881509,1727300,3460,8121751
2020-11-24,4.223014592835516,4.402710867572576,4.205044043322328,4.294896790888269,2156100,3618,10368161
2020-11-25,4.312867340401458,4.573435698145278,4.276926241375081,4.537494599118902,3098100,5308,15368524
2020-11-26,4.528504714164895,4.528504714164895,4.420681417085764,4.47459306562533,1390200,2807,6905773
2020-11-27,4.465612401066148,4.591406247658466,4.456622516112142,4.528504714164895,1668400,4125,8423008
2020-11-30,4.528504714164895,4.528504714164895,4.32184800496064,4.357789103987018,2255000,4400,11048889
2020-12-01,4.420681417085764,4.537494599118902,4.420681417085764,4.537494599118902,1915500,5000,9586346
2020-12-02,4.5554651486320905,4.618357461730837,4.456622516112142,4.5554651486320905,1389000,2959,7001182
2020-12-03,4.5554651486320905,4.654298560757215,4.519524049605713,4.5824163627044605,1378200,3097,7048560
2020-12-04,4.5824163627044605,4.636328011244026,4.537494599118902,4.5554651486320905,989700,2540,5050392
2020-12-07,4.5824163627044605,4.627347346684844,4.492563615138518,4.519524049605713,1618100,2748,8228717
2020-12-08,4.519524049605713,4.672269110270403,4.492563615138518,4.618357461730837,1839300,2736,9358703
2020-12-09,4.654298560757215,4.717190873855961,4.537494599118902,4.627347346684844,1764100,3325,9067284
2020-12-10,4.627347346684844,4.708210209296779,4.510534164651706,4.681258995224409,1327600,2862,6842049
2020-12-11,4.636328011244026,4.789073071908716,4.609376797171655,4.708210209296779,1894000,3398,9956803
2020-12-14,4.708210209296779,4.81603350637591,4.645317896198033,4.753131972882339,1343800,2954,7055094
2020-12-15,4.771102522395527,4.932837468014223,4.73516142336915,4.905886253941852,2066100,3843,11159618
2020-12-16,4.914866918501034,4.9687785670406,4.789073071908716,4.932837468014223,1716800,3504,9350420
2020-12-17,4.932837468014223,4.977759231599782,4.860955269961469,4.878925819474658,1262700,2846,6909584
2020-12-18,4.950808017527412,5.292239237883167,4.914866918501034,5.238336809738427,3540100,5476,20064176
2020-12-21,5.1035530781921015,5.130513512659296,4.807043621421904,5.085582528678913,3805600,4516,21255449
2020-12-22,5.112542963146107,5.283258573323986,5.040660765093353,5.1035530781921015,2272900,5183,13024562
2020-12-23,5.1035530781921015,5.175435276244855,5.085582528678913,5.175435276244855,1433400,2351,8191458
2020-12-28,5.22934692478442,5.373111320889928,5.184425161198861,5.22934692478442,2073400,5642,12138240
2020-12-29,5.292239237883167,5.346150886422733,5.220366260225238,5.346150886422733,1972500,4088,11630614
2020-12-30,5.3293882086315705,5.7443059757395645,5.28328623450846,5.7443059757395645,5080400,6670,30368873
2021-01-04,5.716644791265698,5.781187555038052,5.495355315474768,5.532236894773256,4107800,7797,25005346
2021-01-05,5.532236894773256,5.532236894773256,5.292506629333082,5.384710577579303,3049800,5888,17866788
2021-01-06,5.440032946527036,5.523016499948634,5.28328623450846,5.28328623450846,2248300,4350,13179059
2021-01-07,5.3293882086315705,5.476914525825524,5.292506629333082,5.301727024157704,2095000,4177,12178235
2021-01-08,5.3293882086315705,5.615220448194854,5.310947418982326,5.4676941310009015,2986300,5126,17765044
2021-01-11,5.412371762053169,5.495355315474768,5.3293882086315705,5.347828998280814,1908200,4474,11156287
2021-01-12,5.384710577579303,5.495355315474768,5.375490182754681,5.403151367228547,1373900,3397,8084047
2021-01-13,5.403151367228547,5.449253341351658,5.172641496612995,5.2003026810868604,2158900,4258,12365831
2021-01-14,5.246404655209972,5.338608603456192,5.172641496612995,5.28328623450846,1721100,3619,9847885
2021-01-15,5.264845444859216,5.274065839683837,5.098878338016018,5.172641496612995,1891000,3740,10628859
2021-01-18,5.172641496612995,5.246404655209972,5.080437548366773,5.135759917314506,1586700,3061,8890629
2021-01-19,5.172641496612995,5.172641496612995,5.015894784594419,5.126539522489884,1594100,3325,8781041
2021-01-20,5.135759917314506,5.144980312139128,4.951352020822064,5.025115179419041,1178500,2978,6436543
2021-01-21,5.006674389769796,5.061996758717529,4.868368467400465,4.9236908363481975,1154900,2971,6191956
2021-01-22,4.813046098452732,5.034335574243663,4.748503334680379,5.034335574243663,1430100,2833,7573579
2021-01-26,5.052776363892908,5.163421101788372,4.905250046698954,4.914470441523576,1890800,3560,10296440
2021-01-27,4.914470441523576,4.969792810471308,4.813046098452732,4.877588862225087,1154100,2717,6137262
2021-01-28,4.877588862225087,5.052776363892908,4.8591480725758425,4.969792810471308,1595400,4161,8637444
2021-01-29,4.9236908363481975,5.015894784594419,4.7853849139788665,4.8591480725758425,1966700,3753,10367890
2021-02-01,4.9236908363481975,5.264845444859216,4.8591480725758425,5.264845444859216,2850800,5628,15615527
2021-02-02,5.292506629333082,5.403151367228547,5.172641496612995,5.2003026810868604,2728100,8260,15572565
2021-02-03,5.227963865560727,5.28328623450846,5.144980312139128,5.246404655209972,1550800,3675,8781409
2021-02-04,5.255625050034594,5.338608603456192,5.2003026810868604,5.274065839683837,1236400,3020,7049749
2021-02-05,5.301727024157704,5.338608603456192,5.163421101788372,5.227963865560727,1359500,3396,7744090
2021-02-08,5.227963865560727,5.264845444859216,5.098878338016018,5.15420070696375,1292700,3490,7273550
2021-02-09,5.144980312139128,5.181861891437617,4.942131625997442,5.163421101788372,1806200,6338,9970366
2021-02-10,5.237184260385349,5.393930972403925,4.960572415646686,4.9882336001205525,2941500,5557,16434136
2021-02-11,5.015894784594419,5.061996758717529,4.905250046698954,4.932911231172819,1531500,3647,8255918
2021-02-12,4.9236908363481975,5.015894784594419,4.8591480725758425,4.914470441523576,1253900,3361,6694342
2021-02-17,4.914470441523576,4.932911231172819,4.813046098452732,4.932911231172819,1005500,2474,5312539
2021-02-18,4.9236908363481975,4.951352020822064,4.80382570362811,4.840707282926599,1192600,3036,6281923
2021-02-19,4.822266493277355,4.849927677751221,4.665519781258779,4.683960570908024,2204000,3864,11323196
2021-02-22,4.527213858889448,4.58253622783718,4.407348726169361,4.517993464064826,2227300,4936,10886150
2021-02-23,4.554875043363315,4.6378585967849135,4.481111884766338,4.564095438187937,1313200,3727,6497675
2021-02-24,4.591756622661803,4.683960570908024,4.545654648538692,4.573315833012559,1021000,3652,5096305
2021-02-25,4.58253622783718,4.591756622661803,4.444230305467849,4.517993464064826,1637800,3408,8011842
2021-02-26,4.508773069240204,4.508773069240204,4.287483593449274,4.287483593449274,1707300,5399,8116998
2021-03-01,4.352026357221628,4.361246752046251,4.130736881430698,4.176838855553808,2065700,5321,9437299
2021-03-02,4.130736881430698,4.324365172747762,3.973990169412122,4.324365172747762,2942200,6177,13198257
2021-03-03,4.305924383098517,4.398128331344738,4.121516486606075,4.324365172747762,2134900,4976,9843209
2021-03-04,4.333585567572384,4.610197412311047,4.296703988273896,4.481111884766338,2206400,3987,10667612
2021-03-05,4.444230305467849,4.8591480725758425,4.435009910643227,4.720842150206512,2672700,4216,13541150
2021-03-08,4.610197412311047,4.748503334680379,4.517993464064826,4.6378585967849135,2002000,3942,10061840
2021-03-09,4.619417807135669,4.9236908363481975,4.58253622783718,4.794605308803488,2679700,4734,13826397
2021-03-10,4.794605308803488,4.886809257049709,4.619417807135669,4.840707282926599,2765300,5545,14218702
2021-03-11,4.886809257049709,5.052776363892908,4.766944124329623,4.766944124329623,1811800,4068,9664817
2021-03-12,4.776164519154245,4.886809257049709,4.693180965732646,4.693180965732646,1053500,2806,5447673
2021-03-15,4.71162175538189,4.840707282926599,4.693180965732646,4.720842150206512,782600,2852,4041112
2021-03-16,4.730062545031134,4.776164519154245,4.554875043363315,4.628638201960291,913100,2524,4601516
2021-03-17,4.628638201960291,4.813046098452732,4.58253622783718,4.739282939855756,1007300,2763,5146645
2021-03-18,4.739282939855756,4.8591480725758425,4.610197412311047,4.647078991609535,1152100,3325,5962006
2021-03-19,4.665519781258779,4.840707282926599,4.656299386434157,4.71162175538189,1280300,2868,6604358
2021-03-22,4.730062545031134,4.7853849139788665,4.665519781258779,4.766944124329623,1253800,3763,6419676
2021-03-23,4.766944124329623,4.831486888101977,4.665519781258779,4.720842150206512,747000,2270,3842162
2021-03-24,4.720842150206512,4.757723729505001,4.610197412311047,4.610197412311047,736800,2335,3753382
2021-03-25,4.610197412311047,4.80382570362811,4.517993464064826,4.80382570362811,1458400,3608,7359004
2021-03-26,4.71162175538189,4.840707282926599,4.6378585967849135,4.748503334680379,1104000,2728,5657646
2021-03-29,4.730062545031134,4.776164519154245,4.665519781258779,4.71162175538189,816400,2331,4164797
2021-03-30,4.71162175538189,4.877588862225087,4.693180965732646,4.794605308803488,1228600,3456,6376422
2021-03-31,4.877588862225087,4.951352020822064,4.619417807135669,4.619417807135669,2311900,4204,11954662
2021-04-01,4.674740176083402,4.702401360557268,4.545654648538692,4.554875043363315,1857900,4444,9256794
2021-04-05,4.591756622661803,4.6378585967849135,4.49033227959096,4.527213858889448,1803800,4142,8892675
2021-04-06,4.545654648538692,4.554875043363315,4.49033227959096,4.499552674415582,1273700,2865,6237397
2021-04-07,4.545654648538692,4.628638201960291,4.444230305467849,4.49033227959096,2003900,3495,9840272
2021-04-08,4.517993464064826,4.517993464064826,4.462671095117093,4.49033227959096,1169900,2441,5697512
2021-04-09,4.49033227959096,4.517993464064826,4.453450700292471,4.49033227959096,1068100,2531,5205003
2021-04-12,4.49033227959096,4.545654648538692,4.462671095117093,4.499552674415582,1250300,2496,6085731
2021-04-13,4.499552674415582,4.508773069240204,4.462671095117093,4.462671095117093,984400,2090,4791524
2021-04-14,4.481111884766338,4.499552674415582,4.407348726169361,4.416569120993983,1388600,3073,6696054
2021-04-15,4.435009910643227,4.462671095117093,4.388907936520116,4.398128331344738,1556800,3218,7469986
2021-04-16,4.398128331344738,4.462671095117093,4.342805962397006,4.444230305467849,1433500,3221,6841270
2021-04-19,4.462671095117093,4.6378585967849135,4.398128331344738,4.610197412311047,3062900,4707,15132606
2021-04-20,4.610197412311047,4.6378585967849135,4.527213858889448,4.545654648538692,1093700,2554,5430042
2021-04-22,4.554875043363315,4.591756622661803,4.49033227959096,4.499552674415582,1117000,3075,5488684
2021-04-23,4.508773069240204,4.545654648538692,4.481111884766338,4.481111884766338,978600,2766,4784918
2021-04-26,4.499552674415582,4.53643425371407,4.444230305467849,4.481111884766338,1064800,2846,5175040
2021-04-27,4.49033227959096,4.508773069240204,4.407348726169361,4.416569120993983,1071100,2592,5169826
2021-04-28,4.435009910643227,4.481111884766338,4.379687541695494,4.481111884766338,1022400,2250,4908645
2021-04-29,4.49033227959096,4.49033227959096,4.416569120993983,4.425789515818605,1125500,2523,5433849
2021-04-30,4.425789515818605,4.462671095117093,4.361246752046251,4.361246752046251,1475200,3520,7053758
2021-05-03,4.398128331344738,4.398128331344738,4.305924383098517,4.333585567572384,1583200,3109,7463488
2021-05-04,4.333585567572384,4.3704671468708725,4.278263198624651,4.278263198624651,1177200,3532,5507073
2021-05-05,4.296703988273896,4.342805962397006,4.269042803800029,4.315144777923139,966500,2391,4521907
2021-05-06,4.315144777923139,4.342805962397006,4.269042803800029,4.296703988273896,941300,2214,4392358
2021-05-07,4.287483593449274,4.361246752046251,4.213720434852297,4.342805962397006,2484800,3566,11539767
2021-05-10,4.471891489941715,4.49033227959096,4.342805962397006,4.342805962397006,3718600,3873,17789672
2021-05-11,4.361246752046251,4.361246752046251,4.287483593449274,4.324365172747762,1634700,3166,7654770
2021-05-12,4.296703988273896,4.3704671468708725,4.213720434852297,4.222940829676919,2077800,3740,9640983
2021-05-13,4.195279645203052,4.2321612245015405,4.075414512482965,4.084634907307587,4501900,6133,20150043
2021-05-14,4.103075696956831,4.13995727625532,4.0200921435352335,4.075414512482965,3758000,4668,16576245
2021-05-17,4.075414512482965,4.112296091781453,4.047753328009099,4.075414512482965,1725500,3326,7639675
2021-05-18,4.075414512482965,4.213720434852297,4.075414512482965,4.1676184607291855,2378300,3986,10703428
2021-05-19,4.121516486606075,4.1676184607291855,4.075414512482965,4.103075696956831,1729700,2958,7728525
2021-05-20,4.103075696956831,4.158398065904564,4.0938553021322095,4.149177671079942,2141700,3988,9594149
2021-05-21,4.1676184607291855,4.269042803800029,4.13995727625532,4.18605925037843,2635500,3363,11975463
2021-05-24,4.204500040027674,4.453450700292471,4.195279645203052,4.453450700292471,3796400,5663,17973131
2021-05-25,4.435009910643227,4.49033227959096,4.352026357221628,4.379687541695494,1861000,3380,8947771
2021-05-26,4.425789515818605,4.527213858889448,4.361246752046251,4.49033227959096,1849600,4131,8935557
2021-05-27,4.517993464064826,4.58253622783718,4.444230305467849,4.58253622783718,1991800,4040,9778137
2021-05-28,4.58253622783718,4.600977017486425,4.435009910643227,4.444230305467849,1752100,3305,8531025
2021-05-31,4.444230305467849,4.591756622661803,4.388907936520116,4.58253622783718,1818900,3930,8843093
2021-06-01,4.58253622783718,4.665519781258779,4.49033227959096,4.527213858889448,3089700,5870,15339858
2021-06-02,4.58253622783718,4.656299386434157,4.53643425371407,4.610197412311047,2278900,4759,11367479
2021-06-04,4.564095438187937,4.720842150206512,4.564095438187937,4.683960570908024,2045100,4370,10333239
2021-06-07,4.683960570908024,4.720842150206512,4.600977017486425,4.674740176083402,1734700,3695,8768066
2021-06-08,4.665519781258779,4.674740176083402,4.58253622783718,4.656299386434157,1316900,3000,6606126
2021-06-09,4.656299386434157,4.748503334680379,4.600977017486425,4.739282939855756,1990000,3569,10134165
2021-06-10,4.757723729505001,4.822266493277355,4.656299386434157,4.730062545031134,2249300,4110,11557075
2021-06-11,4.730062545031134,4.757723729505001,4.53643425371407,4.591756622661803,1685700,3333,8423253
2021-06-14,4.610197412311047,4.702401360557268,4.591756622661803,4.693180965732646,1390000,2938,7025622
2021-06-15,4.702401360557268,4.720842150206512,4.610197412311047,4.674740176083402,1063400,2795,5373860
2021-06-16,4.674740176083402,4.739282939855756,4.600977017486425,4.619417807135669,1916600,3247,9704540
2021-06-17,4.619417807135669,4.766944124329623,4.600977017486425,4.610197412311047,2393200,3547,12148107
2021-06-18,4.628638201960291,4.665519781258779,4.600977017486425,4.610197412311047,964000,2257,4837689
2021-06-21,4.628638201960291,4.647078991609535,4.462671095117093,4.545654648538692,2188900,3850,10797612
2021-06-22,4.53643425371407,4.53643425371407,4.444230305467849,4.481111884766338,1635100,3033,7933950
2021-06-23,4.471891489941715,4.508773069240204,4.444230305467849,4.444230305467849,1209800,2584,5861975
2021-06-24,4.462671095117093,4.600977017486425,4.453450700292471,4.573315833012559,1637400,3224,8049689
2021-06-25,4.573315833012559,4.591756622661803,4.462671095117093,4.564095438187937,1375500,3309,6732856
2021-06-28,4.527213858889448,4.554875043363315,4.462671095117093,4.508773069240204,1184000,3220,5787228
2021-06-29,4.508773069240204,4.517993464064826,4.398128331344738,4.517993464064826,1227900,2759,5936383
2021-06-30,4.517993464064826,4.517993464064826,4.379687541695494,4.453450700292471,2214900,3593,10670508
2021-07-01,4.453450700292471,4.462671095117093,4.287483593449274,4.333585567572384,2089000,4710,9849255
2021-07-02,4.361246752046251,4.388907936520116,4.315144777923139,4.352026357221628,1017800,2590,4802131
2021-07-05,4.425789515818605,4.425789515818605,4.296703988273896,4.296703988273896,1499000,3584,7088453
2021-07-06,4.315144777923139,4.361246752046251,4.269042803800029,4.342805962397006,1403800,2905,6591070
2021-07-07,4.361246752046251,4.462671095117093,4.324365172747762,4.453450700292471,1406000,3109,6714590
2021-07-08,4.388907936520116,4.388907936520116,4.315144777923139,4.333585567572384,971500,2527,4582489
2021-07-12,4.3704671468708725,4.481111884766338,4.342805962397006,4.462671095117093,1966000,3713,9494245
2021-07-13,4.462671095117093,4.517993464064826,4.379687541695494,4.508773069240204,1505700,2537,7272759
2021-07-14,4.508773069240204,4.527213858889448,4.425789515818605,4.453450700292471,1097500,2352,5317188
2021-07-15,4.453450700292471,4.49033227959096,4.416569120993983,4.425789515818605,971700,2076,4685756
2021-07-16,4.444230305467849,4.462671095117093,4.352026357221628,4.361246752046251,826200,2081,3944883
2021-07-19,4.333585567572384,4.352026357221628,4.278263198624651,4.305924383098517,1155500,2738,5400463
2021-07-20,4.305924383098517,4.342805962397006,4.278263198624651,4.305924383098517,1184300,2276,5539731
2021-07-21,4.305924383098517,4.407348726169361,4.305924383098517,4.361246752046251,1089500,2811,5143929
2021-07-22,4.2321612245015405,4.305924383098517,4.18605925037843,4.241381619326162,3555600,6007,16367854
2021-07-23,4.222940829676919,4.241381619326162,4.13995727625532,4.18605925037843,1730300,3305,7863051
2021-07-26,4.130736881430698,4.269042803800029,4.130736881430698,4.195279645203052,1311100,2760,5999112
2021-07-27,4.1676184607291855,4.278263198624651,4.1676184607291855,4.213720434852297,1262500,3020,5777906
2021-07-28,4.213720434852297,4.407348726169361,4.213720434852297,4.388907936520116,1260700,3082,5907599
2021-07-29,4.3704671468708725,4.407348726169361,4.278263198624651,4.296703988273896,1101400,2668,5148637
2021-07-30,4.250602014150785,4.296703988273896,4.1676184607291855,4.287483593449274,1468700,3184,6733953
2021-08-02,4.296703988273896,4.324365172747762,4.18605925037843,4.195279645203052,1167400,3352,5398513
2021-08-03,4.195279645203052,4.2321612245015405,4.0938553021322095,4.2321612245015405,1926800,3406,8684607
2021-08-04,4.222940829676919,4.241381619326162,4.112296091781453,4.121516486606075,1361600,3393,6138395
2021-08-05,4.13995727625532,4.18605925037843,4.066194117658343,4.066194117658343,1247600,2921,5569352
2021-08-06,4.084634907307587,4.195279645203052,4.075414512482965,4.195279645203052,1231900,2996,5538066
2021-08-09,4.18605925037843,4.241381619326162,4.158398065904564,4.195279645203052,995000,2521,4536967
2021-08-10,4.195279645203052,4.222940829676919,4.0938553021322095,4.112296091781453,825800,2705,3712503
2021-08-11,4.13995727625532,4.176838855553808,4.066194117658343,4.121516486606075,907200,2457,4058141
2021-08-12,4.130736881430698,4.13995727625532,4.0200921435352335,4.0938553021322095,1308900,2474,5780046
2021-08-13,4.075414512482965,4.0938553021322095,3.891006615990523,4.010871748710611,3260800,4435,14048126
2021-08-16,3.992430959061368,4.001651353885989,3.771141483270436,3.771141483270436,2343900,3509,9765877
2021-08-17,3.706598719498081,3.8080230625689246,3.549852007479506,3.605174376427239,2823100,4646,11150162
2021-08-18,3.614394771251861,3.7619210884458143,3.549852007479506,3.725039509147326,1981500,3765,7867404
2021-08-19,3.678937535024216,3.715819114322704,3.605174376427239,3.669717140199593,1365500,2654,5419096
2021-08-20,3.651276350550349,3.715819114322704,3.6328355609011047,3.651276350550349,1168600,3171,4653992
2021-08-23,3.669717140199593,3.688157929848837,3.577513191953372,3.577513191953372,1485900,3983,5829563
2021-08-24,3.5867335867779944,3.826463852218169,3.5867335867779944,3.826463852218169,2067800,3336,8304775
2021-08-25,3.835684247042791,3.946328984938256,3.725039509147326,3.946328984938256,2367400,3605,9788958
2021-08-26,3.9186678004643896,3.973990169412122,3.844904641867413,3.872565826341279,1355800,3238,5719199
2021-08-27,3.872565826341279,3.955549379762878,3.835684247042791,3.891006615990523,1254700,3376,5326732
2021-08-30,3.872565826341279,3.927888195289012,3.706598719498081,3.927888195289012,2856700,4951,11871309
2021-08-31,3.891006615990523,3.946328984938256,3.688157929848837,3.844904641867413,3938800,4950,16146453
2021-09-01,3.863345431516657,3.863345431516657,3.678937535024216,3.678937535024216,2769000,3684,11218187
2021-09-02,3.678937535024216,3.734259903971948,3.5959539816026163,3.5959539816026163,1872200,3312,7413498
2021-09-03,3.623615166076483,3.6604967453749713,3.56829279712875,3.5867335867779944,992700,2989,3878854
2021-09-06,3.614394771251861,3.642055955725727,3.559072402304128,3.577513191953372,1220600,2456,4746214
2021-09-08,3.56829279712875,3.577513191953372,3.411546085110175,3.411546085110175,1745800,6199,6571119
2021-09-09,3.411546085110175,3.476088848882529,3.337782926513198,3.429986874759419,1629800,2975,6035607
2021-09-10,3.485309243707152,3.56829279712875,3.457648059233285,3.457648059233285,1108400,2692,4217773
2021-09-13,3.5314112178302617,3.678937535024216,3.476088848882529,3.669717140199593,1485600,2913,5778290
2021-09-14,3.678937535024216,3.678937535024216,3.577513191953372,3.5959539816026163,781700,2099,3068658
2021-09-15,3.5959539816026163,3.614394771251861,3.52219082300564,3.52219082300564,675100,1745,2608077
2021-09-16,3.503750033356396,3.559072402304128,3.4945296385317737,3.503750033356396,616600,1858,2351763
2021-09-17,3.485309243707152,3.56829279712875,3.466868454057907,3.4945296385317737,1019200,3433,3888734
2021-09-20,3.457648059233285,3.485309243707152,3.3838849006363083,3.3838849006363083,1138600,2235,4224591
2021-09-21,3.411546085110175,3.5867335867779944,3.3746645058116864,3.5867335867779944,1495800,2260,5656254
2021-09-22,3.623615166076483,3.678937535024216,3.549852007479506,3.5867335867779944,905900,2257,3553790
2021-09-23,3.605174376427239,3.642055955725727,3.56829279712875,3.577513191953372,761600,1741,2982467
2021-09-24,3.559072402304128,3.605174376427239,3.52219082300564,3.577513191953372,616800,1892,2383975
2021-09-27,3.549852007479506,3.651276350550349,3.549852007479506,3.6328355609011047,1102900,2171,4307798
2021-09-28,3.605174376427239,3.614394771251861,3.476088848882529,3.4945296385317737,824900,2042,3169097
2021-09-29,3.5314112178302617,3.549852007479506,3.457648059233285,3.485309243707152,757300,2201,2872298
2021-09-30,3.485309243707152,3.5314112178302617,3.429986874759419,3.429986874759419,717800,2296,2708140
2021-10-01,3.457648059233285,3.577513191953372,3.429986874759419,3.540631612654884,1286900,2671,4930743
2021-10-04,3.540631612654884,3.540631612654884,3.4207664799347968,3.466868454057907,804200,1999,3021598
2021-10-05,3.512970428181017,3.52219082300564,3.448427664408664,3.476088848882529,555700,1827,2097807
2021-10-06,3.448427664408664,3.457648059233285,3.365444110987064,3.411546085110175,1112200,3072,4118391
2021-10-07,3.439207269584041,3.457648059233285,3.356223716162442,3.356223716162442,855900,2916,3153192
2021-10-08,3.3746645058116864,3.476088848882529,3.3746645058116864,3.429986874759419,921700,2593,3439973
2021-10-11,3.429986874759419,3.476088848882529,3.39310529546093,3.4207664799347968,578900,2543,2148791
2021-10-13,3.4207664799347968,3.466868454057907,3.39310529546093,3.439207269584041,777900,2491,2898974
2021-10-14,3.448427664408664,3.466868454057907,3.3746645058116864,3.3838849006363083,758300,2256,2797519
2021-10-15,3.39310529546093,3.476088848882529,3.3746645058116864,3.429986874759419,843500,2022,3143052
2021-10-18,3.4207664799347968,3.5867335867779944,3.3838849006363083,3.559072402304128,1171500,2719,4470318
2021-10-19,3.540631612654884,3.540631612654884,3.3746645058116864,3.3746645058116864,1051600,2551,3947599
2021-10-20,3.3838849006363083,3.457648059233285,3.3746645058116864,3.4207664799347968,926600,2868,3430117
2021-10-21,3.3746645058116864,3.411546085110175,3.2363585834423545,3.273240162740843,1352400,2921,4860077
2021-10-22,3.264019767916221,3.264019767916221,3.033509897300669,3.17181581967,1866900,3547,6375366
2021-10-25,3.2179177937931107,3.300901347214709,3.190256609319244,3.2363585834423545,1183900,3049,4164121
2021-10-26,3.2179177937931107,3.2271381886177326,3.0980526610730235,3.0980526610730235,989200,2425,3389330
2021-10-27,3.107273055897646,3.190256609319244,3.0980526610730235,3.107273055897646,808200,2226,2762621
2021-10-28,3.12571384554689,3.12571384554689,2.932085554229826,2.932085554229826,1554100,2830,5098288
2021-10-29,2.959746738703692,2.978187528352936,2.812220421509738,2.812220421509738,1869400,4401,5853830
2021-11-01,2.8491020008082266,3.162595424845378,2.8491020008082266,3.162595424845378,2001200,3999,6551672
2021-11-03,3.0980526610730235,3.273240162740843,3.0888322662484016,3.0888322662484016,2129800,4754,7315335
2021-11-04,3.0980526610730235,3.144154635196134,2.9689671335283143,2.9689671335283143,1438000,3700,4756180
2021-11-05,3.0058487128268023,3.144154635196134,2.9966283180021804,3.107273055897646,1258700,3029,4202507
2021-11-08,3.107273055897646,3.107273055897646,2.932085554229826,2.941305949054448,1517400,4170,4905466
2021-11-09,2.978187528352936,3.042730292125291,2.95052634387907,2.9874079231775585,878500,2633,2855785
2021-11-10,2.9966283180021804,3.12571384554689,2.9874079231775585,3.116493450722268,1481900,3300,4934155
2021-11-11,3.12571384554689,3.153375030020756,3.0703914765991573,3.0703914765991573,1121200,2521,3778834
2021-11-12,3.0150691076514247,3.0703914765991573,2.885983580106715,2.8952039749313374,1921200,3543,6113237
2021-11-16,2.8952039749313374,2.941305949054448,2.812220421509738,2.8306612111589824,1943200,4323,6035069
2021-11-17,2.858322395632849,2.876763185282093,2.720016473263518,2.72923686808814,2031000,3622,6098687
2021-11-18,2.747677657737384,2.8030000266851163,2.710796078438896,2.710796078438896,861400,2316,2568929
2021-11-19,2.72923686808814,2.8214408163343605,2.7015756836142737,2.793779631860494,746400,2158,2250465
2021-11-22,2.8306612111589824,2.858322395632849,2.683134893965029,2.683134893965029,1059400,3559,3141551
2021-11-23,2.683134893965029,2.738457262912762,2.646253314666541,2.655473709491163,1208800,3309,3520066
2021-11-24,2.673914499140407,2.858322395632849,2.664694104315785,2.858322395632849,1341000,2773,4043149
2021-11-25,2.8398816059836047,2.885983580106715,2.784559237035872,2.8306612111589824,735800,2968,2258410
2021-11-26,2.747677657737384,2.766118447386628,2.683134893965029,2.738457262912762,966400,2425,2858827
2021-11-29,2.766118447386628,2.8030000266851163,2.692355288789652,2.692355288789652,942700,2342,2814567
2021-11-30,2.683134893965029,2.747677657737384,2.6185921301926744,2.664694104315785,993000,2916,2879470
2021-12-01,2.673914499140407,2.756898052562006,2.581710550894186,2.581710550894186,977300,3210,2813952
2021-12-02,2.609371735368053,2.655473709491163,2.5909309457188083,2.655473709491163,820100,2562,2339683
2021-12-03,2.664694104315785,2.77533884221125,2.664694104315785,2.77533884221125,1078600,4089,3201495
2021-12-06,2.77533884221125,2.8491020008082266,2.747677657737384,2.812220421509738,848600,2563,2579029
2021-12-07,2.858322395632849,2.885983580106715,2.784559237035872,2.784559237035872,790200,2649,2416540
2021-12-08,2.784559237035872,2.885983580106715,2.784559237035872,2.8398816059836047,614500,2694,1899727
2021-12-09,2.8398816059836047,2.867542790457471,2.793779631860494,2.812220421509738,714500,2302,2189024
2021-12-10,2.8214408163343605,2.876763185282093,2.812220421509738,2.8214408163343605,598500,2099,1842151
2021-12-13,2.8398816059836047,2.867542790457471,2.8030000266851163,2.8398816059836047,684700,2283,2107937
2021-12-14,2.8398816059836047,2.90442436975596,2.8030000266851163,2.8214408163343605,661700,2183,2041182
2021-12-15,2.8214408163343605,2.876763185282093,2.793779631860494,2.876763185282093,611100,2021,1874638
2021-12-16,2.876763185282093,2.885983580106715,2.793779631860494,2.8491020008082266,824900,1883,2543788
2021-12-17,2.876763185282093,3.153375030020756,2.876763185282093,3.134934240371512,3322300,5114,11065313
2021-12-20,3.1810362144946223,3.264019767916221,3.0796118714237792,3.107273055897646,1758500,3710,5980251
2021-12-21,3.153375030020756,3.17181581967,3.051950686949913,3.17181581967,869900,2400,2932760
2021-12-22,3.153375030020756,3.17181581967,3.0888322662484016,3.17181581967,1096900,2313,3724118
2021-12-23,3.17181581967,3.2086973989684884,3.116493450722268,3.144154635196134,1214300,2470,4144461
2021-12-27,3.1994770041438665,3.273240162740843,3.134934240371512,3.17181581967,2128600,3049,7414189
2021-12-28,3.19,3.25,3.11,3.12,1660000,2325,5251953
2021-12-29,3.12,3.15,3.04,3.04,658500,2058,2026719
2021-12-30,3.1,3.12,2.98,3.12,1598800,3255,4878325
