Date,Open,High,Low,Close,Volume,Neg,Fin
2010-01-04,4.32557,4.32557,4.27217,4.27217,74000,25,59240
2010-01-05,4.27217,4.32557,4.27217,4.27217,112000,28,89870
2010-01-06,4.27217,4.53918,4.27217,4.37897,533000,109,437780
2010-01-07,4.32557,4.53918,4.32557,4.37897,58000,22,48080
2010-01-08,4.37897,4.43238,4.32557,4.43238,38000,11,31000
2010-01-11,4.43238,4.48578,4.43238,4.43238,96000,27,79720
2010-01-12,4.37897,4.43238,4.37897,4.37897,211000,41,174970
2010-01-13,4.43238,4.53918,4.43238,4.53918,204000,39,171550
2010-01-14,4.48578,4.53918,4.43238,4.43238,232000,42,193120
2010-01-15,4.43238,4.64598,4.43238,4.48578,197000,45,166840
2010-01-18,4.53918,4.53918,4.48578,4.53918,94000,22,79310
2010-01-19,4.53918,4.64598,4.53918,4.64598,215000,36,183870
2010-01-20,4.64598,4.85959,4.53918,4.53918,384000,98,338240
2010-01-21,4.59258,4.64598,4.48578,4.48578,118000,37,100980
2010-01-22,4.53918,4.64598,4.43238,4.43238,245000,73,206540
2010-01-26,4.48578,4.48578,4.37897,4.43238,105000,25,87840
2010-01-27,4.53918,5.1266,4.53918,4.91299,2427000,409,2209490
2010-01-28,5.18,6.03444,4.69939,4.75279,7154000,1364,7227560
2010-01-29,4.80619,4.9664,4.64598,4.75279,1070000,269,961990
2010-02-01,4.75279,4.9664,4.75279,4.80619,475000,105,432590
2010-02-02,4.9664,5.1266,4.9664,5.0198,683000,129,647240
2010-02-03,4.9664,5.1266,4.9664,5.1266,299000,58,282440
2010-02-04,5.1266,5.44702,4.91299,4.9664,847000,191,815570
2010-02-05,4.91299,4.9664,4.59258,4.80619,573000,132,513470
2010-02-08,4.80619,4.85959,4.69939,4.85959,70000,20,62810
2010-02-09,4.85959,5.0732,4.64598,4.80619,118000,51,106270
2010-02-10,4.75279,4.85959,4.75279,4.75279,64000,21,57210
2010-02-11,4.75279,4.91299,4.69939,4.75279,41000,27,36740
2010-02-12,4.80619,4.85959,4.69939,4.80619,111000,28,99320
2010-02-17,4.80619,4.80619,4.43238,4.64598,501000,128,429820
2010-02-18,4.59258,4.91299,4.59258,4.75279,135000,45,120000
2010-02-19,4.80619,4.80619,4.75279,4.75279,27000,14,24120
2010-02-22,4.80619,4.80619,4.64598,4.64598,80000,37,70900
2010-02-23,4.69939,4.69939,4.59258,4.69939,99000,28,85880
2010-02-24,4.75279,4.75279,4.59258,4.64598,90000,24,78110
2010-02-25,4.64598,4.69939,4.59258,4.69939,31000,19,27000
2010-02-26,4.69939,4.85959,4.69939,4.85959,153000,35,137470
2010-03-01,4.85959,5.1266,4.80619,4.85959,888000,233,831730
2010-03-02,4.91299,4.9664,4.80619,4.85959,274000,81,250770
2010-03-03,4.80619,5.0732,4.80619,4.91299,421000,86,389740
2010-03-04,4.9664,5.28681,4.91299,4.9664,788000,176,752750
2010-03-05,5.0732,5.18,4.85959,4.85959,307000,90,286410
2010-03-08,4.91299,4.91299,4.69939,4.75279,366000,61,328620
2010-03-09,4.80619,4.80619,4.75279,4.80619,196000,48,175050
2010-03-10,4.80619,4.80619,4.75279,4.80619,166000,34,148580
2010-03-11,4.75279,4.80619,4.75279,4.80619,22000,9,19600
2010-03-12,4.75279,4.85959,4.75279,4.80619,128000,26,114620
2010-03-15,4.75279,4.80619,4.75279,4.75279,43000,23,38450
2010-03-16,4.80619,4.85959,4.75279,4.80619,31000,17,27890
2010-03-17,4.75279,4.80619,4.75279,4.80619,53000,17,47190
2010-03-18,4.80619,4.80619,4.75279,4.75279,51000,20,45470
2010-03-19,4.75279,5.0198,4.75279,5.0198,123000,32,112230
2010-03-22,4.9664,5.0198,4.80619,4.85959,95000,23,87500
2010-03-23,4.85959,4.85959,4.80619,4.80619,81000,16,73220
2010-03-24,4.85959,4.85959,4.80619,4.85959,39000,12,35280
2010-03-25,4.80619,4.80619,4.75279,4.80619,33000,16,29480
2010-03-26,4.75279,4.75279,4.75279,4.75279,96000,12,85440
2010-03-29,4.80619,4.80619,4.69939,4.80619,26000,15,23220
2010-03-30,4.75279,4.80619,4.75279,4.80619,44000,9,39550
2010-03-31,4.80619,4.85959,4.75279,4.85959,132000,26,118080
2010-04-01,4.85959,4.85959,4.75279,4.80619,46000,15,41010
2010-04-05,4.69939,4.75279,4.69939,4.75279,78000,42,68860
2010-04-06,4.75279,4.75279,4.69939,4.75279,40000,16,35370
2010-04-07,4.69939,4.69939,4.64598,4.69939,93000,30,81740
2010-04-08,4.69939,4.75279,4.69939,4.75279,60000,16,53130
2010-04-09,4.75279,4.80619,4.69939,4.69939,41000,9,36160
2010-04-12,4.69939,4.69939,4.69939,4.69939,17000,5,14960
2010-04-13,4.75279,4.75279,4.64598,4.64598,22000,10,19410
2010-04-14,4.69939,4.69939,4.59258,4.64598,116000,37,100530
2010-04-15,4.64598,4.64598,4.64598,4.64598,8000,6,6960
2010-04-16,4.64598,4.64598,4.53918,4.64598,140000,29,120730
2010-04-19,4.59258,4.59258,4.53918,4.59258,122000,14,104770
2010-04-20,4.59258,4.59258,4.53918,4.59258,25000,10,21280
2010-04-22,4.53918,4.59258,4.53918,4.53918,25000,14,21350
2010-04-23,4.53918,4.53918,4.48578,4.48578,90000,17,76420
2010-04-26,4.59258,4.64598,4.59258,4.64598,27000,7,23270
2010-04-27,4.64598,4.69939,4.53918,4.64598,75000,15,64840
2010-04-28,4.64598,4.75279,4.64598,4.69939,108000,35,94320
2010-04-29,4.64598,4.64598,4.64598,4.64598,122000,8,106140
2010-04-30,4.69939,4.69939,4.64598,4.69939,105000,11,91840
2010-05-03,4.75279,4.75279,4.59258,4.69939,49000,13,42620
2010-05-04,4.64598,4.64598,4.48578,4.53918,111000,27,94470
2010-05-05,4.53918,4.59258,4.48578,4.59258,24000,17,20350
2010-05-06,4.53918,4.53918,4.43238,4.53918,45000,24,37680
2010-05-07,4.48578,4.48578,4.16536,4.48578,297000,71,240590
2010-05-10,4.48578,4.59258,4.43238,4.53918,55000,17,46650
2010-05-11,4.48578,4.48578,4.48578,4.48578,34000,11,28560
2010-05-12,4.53918,4.59258,4.48578,4.59258,23000,11,19440
2010-05-13,4.48578,4.59258,4.48578,4.59258,36000,11,30440
2010-05-14,4.53918,4.53918,4.48578,4.53918,97000,18,82030
2010-05-17,4.48578,4.48578,4.21877,4.37897,134000,51,108350
2010-05-18,4.32557,4.37897,4.21877,4.27217,246000,47,195880
2010-05-19,4.16536,4.16536,4.00516,4.16536,434000,59,329410
2010-05-20,4.05856,4.11196,4.00516,4.05856,455000,61,346190
2010-05-21,4.05856,4.16536,4.05856,4.16536,86000,34,66150
2010-05-24,4.11196,4.16536,4.11196,4.16536,14000,6,10820
2010-05-25,4.11196,4.16536,4.00516,4.16536,107000,26,81540
2010-05-26,4.27217,4.43238,4.21877,4.21877,33000,8,26480
2010-05-27,4.37897,4.43238,4.37897,4.43238,79000,10,64880
2010-05-28,4.37897,4.43238,4.37897,4.43238,53000,7,43980
2010-05-31,4.48578,4.48578,4.43238,4.48578,27000,7,22450
2010-06-01,4.27217,4.37897,4.27217,4.37897,16000,6,12920
2010-06-02,4.37897,4.69939,4.21877,4.69939,256000,50,215330
2010-06-04,4.69939,4.80619,4.53918,4.69939,142000,21,124610
2010-06-07,4.75279,4.75279,4.48578,4.69939,8000,7,6950
2010-06-08,4.53918,4.64598,4.48578,4.64598,40000,13,33840
2010-06-09,4.48578,4.69939,4.43238,4.69939,16000,10,13510
2010-06-10,4.64598,4.69939,4.64598,4.69939,261000,26,229370
2010-06-11,4.69939,4.75279,4.69939,4.75279,67000,15,59260
2010-06-14,4.75279,4.75279,4.69939,4.75279,50000,14,44050
2010-06-15,4.69939,4.80619,4.59258,4.80619,49000,14,43180
2010-06-16,4.80619,5.0198,4.80619,4.9664,525000,93,481290
2010-06-17,4.80619,4.91299,4.80619,4.85959,126000,22,115080
2010-06-18,4.85959,5.0198,4.85959,4.91299,146000,28,135130
2010-06-21,5.0198,5.0732,4.91299,4.9664,60000,14,56260
2010-06-22,5.0198,5.0732,4.80619,4.91299,114000,16,105040
2010-06-23,4.91299,4.91299,4.69939,4.69939,81000,20,72400
2010-06-24,4.69939,4.85959,4.69939,4.85959,52000,11,46660
2010-06-25,4.80619,5.0732,4.80619,5.0198,204000,25,188500
2010-06-28,5.0732,5.23341,5.0732,5.23341,373000,59,358970
2010-06-29,5.23341,5.23341,4.9664,5.0732,179000,40,171560
2010-06-30,5.0732,5.1266,4.9664,5.0732,84000,26,79510
2010-07-01,4.9664,5.0732,4.9664,5.0732,53000,18,49590
2010-07-02,5.18,5.18,4.9664,4.9664,18000,11,17050
2010-07-05,4.91299,5.0732,4.91299,5.0732,32000,6,29970
2010-07-06,4.9664,5.0732,4.91299,4.9664,71000,13,66700
2010-07-07,4.91299,5.0198,4.91299,4.9664,128000,36,118110
2010-07-08,4.91299,5.0198,4.91299,5.0198,39000,12,36160
2010-07-12,5.0198,5.0198,4.91299,4.91299,41000,13,37820
2010-07-13,4.91299,4.9664,4.91299,4.9664,41000,10,37760
2010-07-14,4.91299,4.9664,4.85959,4.9664,61000,14,55820
2010-07-15,4.91299,4.91299,4.85959,4.85959,133000,31,121250
2010-07-16,4.80619,4.85959,4.80619,4.85959,24000,10,21770
2010-07-19,4.91299,4.91299,4.91299,4.91299,11000,4,10120
2010-07-20,4.85959,5.0198,4.85959,5.0198,140000,14,130540
2010-07-21,4.9664,5.0198,4.9664,5.0198,21000,4,19640
2010-07-22,5.0198,5.0732,5.0198,5.0732,95000,11,89320
2010-07-23,5.0198,5.0732,5.0198,5.0732,62000,14,58840
2010-07-26,5.0198,5.0732,4.9664,5.0732,31000,13,29160
2010-07-27,5.0732,5.0732,4.9664,5.0732,80000,8,74970
2010-07-28,5.0198,5.0732,4.9664,5.0732,25000,11,23480
2010-07-29,5.0198,5.0732,4.9664,5.0732,6000,3,5620
2010-08-02,5.0732,5.0732,5.0198,5.0732,25000,7,23590
2010-08-03,5.0198,5.0732,5.0198,5.0732,26000,4,24450
2010-08-04,5.0198,5.0732,4.9664,5.0198,66000,14,61840
2010-08-05,4.91299,4.9664,4.91299,4.9664,97000,18,90200
2010-08-06,4.9664,4.9664,4.91299,4.9664,6000,5,5570
2010-08-09,4.9664,5.0198,4.9664,5.0198,53000,17,49810
2010-08-10,4.91299,5.0198,4.91299,5.0198,6000,2,5540
2010-08-11,4.91299,4.9664,4.85959,4.9664,17000,5,15620
2010-08-12,4.9664,4.9664,4.85959,4.9664,14000,10,12950
2010-08-13,4.9664,5.0198,4.85959,5.0198,101000,24,93060
2010-08-16,5.0198,5.0198,4.91299,5.0198,12000,6,11140
2010-08-17,5.0198,5.0732,4.9664,5.0732,69000,14,64850
2010-08-18,5.0732,5.0732,5.0198,5.0732,32000,7,30240
2010-08-19,4.9664,5.1266,4.9664,5.1266,151000,17,144060
2010-08-20,5.0732,5.60722,5.0732,5.60722,439000,59,427680
2010-08-23,5.50042,5.66062,5.23341,5.34021,240000,46,246380
2010-08-24,5.34021,5.44702,5.28681,5.39361,89000,16,89630
2010-08-25,5.23341,5.39361,5.23341,5.39361,35000,10,34530
2010-08-26,5.39361,5.44702,5.34021,5.39361,9000,7,9070
2010-08-27,5.39361,5.55382,5.34021,5.55382,160000,32,162690
2010-08-30,5.55382,5.60722,5.55382,5.55382,4000,4,4170
2010-08-31,5.55382,5.87423,5.55382,5.82083,336000,70,360370
2010-09-01,5.60722,5.92763,5.60722,5.92763,547000,45,600840
2010-09-02,5.87423,5.92763,5.71403,5.82083,108000,16,118580
2010-09-03,5.82083,5.82083,5.76743,5.82083,6000,5,6500
2010-09-06,5.60722,5.82083,5.60722,5.82083,12000,6,12750
2010-09-08,5.82083,5.82083,5.60722,5.66062,39000,11,41640
2010-09-09,5.60722,5.60722,5.55382,5.60722,18000,4,18870
2010-09-10,5.44702,5.66062,5.44702,5.66062,11000,4,11300
2010-09-13,5.71403,5.76743,5.60722,5.76743,46000,7,48580
2010-09-15,5.55382,5.60722,5.55382,5.60722,19000,8,19870
2010-09-16,5.60722,5.71403,5.60722,5.71403,19000,6,20040
2010-09-17,5.66062,5.82083,5.66062,5.76743,77000,15,83190
2010-09-20,5.82083,5.92763,5.60722,5.71403,48000,15,51680
2010-09-21,5.60722,5.60722,5.60722,5.60722,7000,2,7350
2010-09-22,5.60722,5.66062,5.60722,5.66062,7000,3,7360
2010-09-23,5.55382,6.19464,5.55382,6.03444,397000,83,448800
2010-09-24,6.14124,6.14124,5.71403,5.98104,125000,26,139700
2010-09-27,6.14124,6.14124,6.14124,6.14124,1000,1,1150
2010-09-28,5.71403,5.98104,5.66062,5.98104,10000,5,10910
2010-09-29,5.66062,5.92763,5.66062,5.92763,92000,10,101870
2010-09-30,5.82083,5.87423,5.44702,5.66062,108000,38,114140
2010-10-01,5.76743,5.92763,5.60722,5.60722,115000,22,122640
2010-10-04,5.66062,5.87423,5.60722,5.60722,30000,6,31660
2010-10-05,5.60722,5.60722,5.55382,5.60722,40000,10,41970
2010-10-06,5.50042,5.60722,5.50042,5.60722,15000,4,15630
2010-10-07,5.55382,5.60722,5.50042,5.60722,24000,13,24890
2010-10-08,5.60722,5.60722,5.50042,5.60722,20000,9,20650
2010-10-11,5.50042,5.60722,5.44702,5.60722,53000,10,54350
2010-10-13,5.44702,5.60722,5.44702,5.44702,434000,60,443960
2010-10-14,5.39361,5.39361,5.23341,5.39361,183000,33,183720
2010-10-15,5.44702,5.44702,5.34021,5.39361,78000,19,79010
2010-10-18,5.44702,5.44702,5.34021,5.44702,59000,9,59990
2010-10-19,5.34021,5.39361,5.28681,5.34021,50000,18,49910
2010-10-20,5.28681,5.34021,5.28681,5.28681,14000,9,13880
2010-10-21,5.34021,5.34021,5.28681,5.34021,87000,9,86920
2010-10-22,5.28681,5.28681,5.28681,5.28681,1000,1,990
2010-10-25,5.28681,5.34021,5.28681,5.34021,6000,3,5950
2010-10-26,5.34021,5.34021,5.28681,5.34021,25000,7,24990
2010-10-27,5.51822,5.87423,5.45888,5.57755,429000,86,407200
2010-10-28,5.63689,5.8149,5.57755,5.75556,51000,14,49350
2010-10-29,5.75556,5.75556,5.63689,5.63689,7000,2,6670
2010-11-01,5.63689,5.63689,5.51822,5.63689,32000,20,30210
2010-11-03,5.57755,5.63689,5.51822,5.63689,26000,14,24350
2010-11-04,5.75556,5.75556,5.57755,5.75556,38000,14,36100
2010-11-05,5.75556,5.75556,5.63689,5.69623,25000,6,24000
2010-11-08,5.69623,5.69623,5.57755,5.63689,53000,20,50040
2010-11-09,5.57755,5.57755,5.51822,5.51822,48000,23,44940
2010-11-10,5.51822,5.57755,5.51822,5.57755,27000,14,25130
2010-11-11,5.63689,5.63689,5.39955,5.57755,72000,22,66640
2010-11-12,5.51822,5.51822,5.45888,5.51822,120000,8,110440
2010-11-16,5.45888,5.63689,5.45888,5.63689,81000,22,75010
2010-11-17,5.63689,5.69623,5.51822,5.69623,52000,13,49340
2010-11-18,5.75556,5.87423,5.69623,5.75556,239000,33,232740
2010-11-19,5.8149,5.93357,5.8149,5.87423,130000,20,128780
2010-11-22,5.75556,6.05224,5.75556,5.87423,32000,12,31410
2010-11-23,5.75556,5.8149,5.63689,5.8149,157000,48,150330
2010-11-24,5.8149,5.87423,5.75556,5.8149,39000,16,38020
2010-11-25,5.8149,5.8149,5.75556,5.8149,93000,20,90320
2010-11-26,5.75556,5.8149,5.75556,5.8149,56000,20,54720
2010-11-29,5.75556,5.75556,5.69623,5.75556,51000,16,49460
2010-11-30,5.75556,5.8149,5.75556,5.8149,156000,30,151850
2010-12-01,5.8149,5.93357,5.51822,5.75556,228000,26,221250
2010-12-02,5.75556,5.8149,5.69623,5.75556,15000,6,14530
2010-12-03,5.69623,5.8149,5.69623,5.75556,40000,8,38820
2010-12-06,5.75556,5.75556,5.69623,5.75556,38000,10,36830
2010-12-07,5.8149,5.8149,5.75556,5.75556,72000,17,69910
2010-12-08,5.75556,5.8149,5.69623,5.8149,31000,7,30210
2010-12-09,5.75556,5.75556,5.69623,5.75556,42000,14,40430
2010-12-10,5.69623,5.75556,5.63689,5.75556,10000,4,9580
2010-12-13,5.75556,5.75556,5.63689,5.75556,98000,13,94110
2010-12-14,5.75556,5.75556,5.69623,5.75556,74000,16,71550
2010-12-15,5.69623,5.75556,5.69623,5.75556,57000,7,54970
2010-12-16,5.63689,5.8149,5.63689,5.8149,10000,8,9630
2010-12-17,5.8149,5.8149,5.75556,5.75556,21000,6,20460
2010-12-20,5.87423,5.87423,5.75556,5.75556,60000,9,58950
2010-12-21,5.69623,5.8149,5.69623,5.8149,47000,15,45470
2010-12-22,5.75556,5.8149,5.75556,5.8149,11000,4,10720
2010-12-23,5.69623,5.75556,5.63689,5.69623,34000,11,32680
2010-12-27,5.69623,5.69623,5.63689,5.69623,153000,38,145710
2010-12-28,5.8149,5.8149,5.63689,5.8149,10000,5,9590
2010-12-29,5.75556,5.8149,5.75556,5.8149,8000,4,7810
2010-12-30,5.8149,5.87423,5.75556,5.87423,21000,9,20730
2011-01-03,5.8149,5.87423,5.8149,5.87423,5000,4,4940
2011-01-04,5.75556,5.87423,5.75556,5.87423,11000,2,10690
2011-01-05,5.75556,5.87423,5.75556,5.87423,41000,8,40000
2011-01-06,5.87423,5.87423,5.75556,5.75556,25000,8,24500
2011-01-07,5.87423,5.87423,5.87423,5.87423,3000,1,2970
2011-01-10,5.8149,5.8149,5.8149,5.8149,7000,3,6860
2011-01-11,5.8149,5.8149,5.75556,5.8149,14000,5,13700
2011-01-12,5.8149,5.87423,5.8149,5.87423,45000,7,44110
2011-01-13,5.75556,5.87423,5.75556,5.87423,27000,10,26330
2011-01-14,5.8149,5.87423,5.8149,5.87423,2000,2,1970
2011-01-17,5.87423,5.87423,5.75556,5.75556,12000,5,11820
2011-01-18,5.8149,5.87423,5.8149,5.87423,33000,12,32360
2011-01-19,5.8149,5.8149,5.8149,5.8149,17000,4,16660
2011-01-20,5.8149,5.87423,5.8149,5.8149,55000,10,53920
2011-01-21,5.8149,5.8149,5.75556,5.75556,67000,13,65240
2011-01-24,5.75556,5.75556,5.69623,5.69623,45000,5,43620
2011-01-26,5.75556,5.8149,5.75556,5.8149,12000,4,11740
2011-01-27,5.8149,5.8149,5.75556,5.8149,65000,13,63230
2011-01-28,5.75556,5.75556,5.63689,5.63689,37000,13,35560
2011-01-31,5.69623,5.69623,5.69623,5.69623,24000,11,23040
2011-02-01,5.69623,5.75556,5.63689,5.69623,57000,20,54600
2011-02-02,5.69623,5.69623,5.63689,5.69623,91000,27,86810
2011-02-03,5.63689,5.63689,5.63689,5.63689,96000,2,91200
2011-02-04,5.57755,5.63689,5.51822,5.51822,39000,12,36640
2011-02-07,5.63689,5.69623,5.51822,5.63689,24000,11,22800
2011-02-08,5.51822,5.69623,5.45888,5.69623,65000,21,60450
2011-02-09,5.51822,5.51822,5.51822,5.51822,21000,7,19530
2011-02-10,5.57755,5.57755,5.57755,5.57755,4000,1,3760
2011-02-11,5.51822,5.57755,5.51822,5.57755,39000,5,36340
2011-02-14,5.57755,5.63689,5.57755,5.63689,2000,2,1890
2011-02-15,5.63689,5.63689,5.63689,5.63689,5000,3,4750
2011-02-16,5.63689,5.63689,5.57755,5.63689,11000,5,10400
2011-02-17,5.63689,5.63689,5.63689,5.63689,4000,2,3800
2011-02-18,5.63689,5.63689,5.63689,5.63689,3000,2,2850
2011-02-21,5.57755,5.57755,5.39955,5.57755,224000,21,205060
2011-02-22,5.57755,5.57755,5.51822,5.57755,18000,6,16900
2011-02-23,5.63689,5.63689,5.63689,5.63689,5000,1,4750
2011-02-24,5.51822,5.57755,5.51822,5.57755,21000,7,19540
2011-02-25,5.63689,5.63689,5.63689,5.63689,16000,6,15200
2011-02-28,5.63689,5.69623,5.51822,5.69623,16000,8,15010
2011-03-01,5.63689,5.63689,5.63689,5.63689,7000,3,6650
2011-03-02,5.63689,5.63689,5.63689,5.63689,15000,1,14250
2011-03-03,5.63689,5.63689,5.51822,5.63689,63000,13,58710
2011-03-09,5.57755,5.63689,5.51822,5.63689,5000,4,4680
2011-03-10,5.63689,5.63689,5.57755,5.63689,11000,6,10370
2011-03-11,5.57755,5.63689,5.57755,5.63689,3000,3,2830
2011-03-14,5.63689,5.63689,5.63689,5.63689,2000,2,1900
2011-03-15,5.57755,5.63689,5.57755,5.57755,19000,8,17870
2011-03-16,5.63689,5.63689,5.57755,5.63689,31000,10,29440
2011-03-17,5.63689,5.63689,5.63689,5.63689,4000,1,3800
2011-03-18,5.63689,5.63689,5.57755,5.63689,20000,7,18910
2011-03-21,5.63689,5.63689,5.57755,5.63689,20000,8,18990
2011-03-22,5.63689,5.63689,5.57755,5.63689,24000,7,22790
2011-03-23,5.69623,5.69623,5.63689,5.63689,25000,4,23790
2011-03-24,5.57755,5.63689,5.57755,5.63689,21000,7,19750
2011-03-25,5.63689,5.63689,5.57755,5.63689,28000,7,26380
2011-03-28,5.63689,5.63689,5.45888,5.57755,39000,14,36440
2011-03-29,5.57755,5.63689,5.51822,5.63689,76000,10,71660
2011-03-30,5.57755,5.63689,5.51822,5.57755,10000,6,9400
2011-03-31,5.57755,5.57755,5.51822,5.51822,75000,17,69950
2011-04-01,5.57755,5.57755,5.57755,5.57755,20000,7,18800
2011-04-04,5.51822,5.57755,5.51822,5.51822,123000,19,115260
2011-04-05,5.57755,5.57755,5.45888,5.45888,259000,18,239540
2011-04-06,5.51822,5.51822,5.45888,5.45888,116000,17,107650
2011-04-07,5.45888,5.45888,5.39955,5.39955,20000,13,18270
2011-04-08,5.39955,5.45888,5.39955,5.39955,48000,17,43960
2011-04-11,5.45888,5.51822,5.34021,5.34021,54000,17,49090
2011-04-12,5.39955,5.39955,5.39955,5.39955,17000,4,15470
2011-04-13,5.45888,5.45888,5.34021,5.34021,25000,8,22670
2011-04-14,5.39955,5.39955,5.34021,5.34021,35000,11,31740
2011-04-15,5.34021,5.39955,5.34021,5.39955,13000,4,11710
2011-04-18,5.34021,5.39955,5.34021,5.39955,35000,5,31670
2011-04-19,5.39955,5.45888,5.39955,5.45888,16000,3,14670
2011-04-20,5.45888,5.57755,5.34021,5.34021,102000,14,93910
2011-04-25,5.34021,5.34021,5.34021,5.34021,2000,1,1800
2011-04-26,5.34021,5.39955,5.28088,5.28088,78000,18,70280
2011-04-27,5.28088,5.34021,5.28088,5.34021,24000,10,21450
2011-04-28,5.28088,5.28088,5.22154,5.28088,20000,8,17760
2011-04-29,5.28088,5.45888,5.28088,5.28088,31000,11,27740
2011-05-02,5.39955,5.39955,5.28088,5.28088,53000,12,47790
2011-05-03,5.34021,5.34021,5.28088,5.28088,32000,6,28510
2011-05-04,5.28088,5.34021,5.1622,5.28088,78000,27,68930
2011-05-06,5.28088,5.34021,5.28088,5.34021,1696000,69,1526380
2011-05-09,5.34021,5.34021,5.34021,5.34021,29000,5,26100
2011-05-10,5.34021,5.34021,5.28088,5.34021,58000,13,52040
2011-05-11,5.28088,5.34021,5.22154,5.22154,57000,14,50670
2011-05-12,5.22154,5.51822,5.22154,5.22154,1149000,229,1034660
2011-05-13,5.28088,5.28088,5.28088,5.28088,35000,14,31150
2011-05-16,5.28088,5.28088,5.22154,5.22154,63000,19,55560
2011-05-17,5.22154,5.28088,5.22154,5.28088,103000,31,91240
2011-05-18,5.34021,5.45888,5.28088,5.28088,107000,28,96050
2011-05-19,5.39955,5.39955,5.28088,5.28088,78000,16,69710
2011-05-20,5.28088,5.28088,5.22154,5.28088,188000,11,165520
2011-05-23,5.28088,5.45888,5.28088,5.39955,305000,34,276020
2011-05-24,5.45888,5.57755,5.39955,5.39955,620000,44,570980
2011-05-25,5.34021,5.51822,5.34021,5.39955,116000,18,105690
2011-05-26,5.39955,5.39955,5.34021,5.39955,45000,16,40680
2011-05-27,5.34021,5.39955,5.34021,5.39955,51000,7,46040
2011-05-30,5.34021,5.39955,5.34021,5.39955,75000,15,67510
2011-05-31,5.39955,5.39955,5.28088,5.39955,105000,17,95170
2011-06-01,5.34021,5.39955,5.34021,5.34021,243000,17,220940
2011-06-02,5.39955,5.39955,5.34021,5.34021,62000,10,56110
2011-06-03,5.39955,5.45888,5.39955,5.45888,54000,5,49190
2011-06-06,5.39955,5.39955,5.34021,5.34021,26000,5,23550
2011-06-07,5.34021,5.39955,5.34021,5.39955,31000,8,28180
2011-06-08,5.39955,5.39955,5.34021,5.34021,73000,20,65710
2011-06-09,5.39955,5.39955,5.34021,5.34021,43000,7,39090
2011-06-10,5.39955,5.39955,5.28088,5.28088,70000,7,63320
2011-06-13,5.28088,5.34021,5.28088,5.28088,69000,16,61420
2011-06-14,5.34021,5.34021,5.34021,5.34021,2000,2,1800
2011-06-15,5.28088,5.28088,5.22154,5.22154,105000,22,92610
2011-06-16,5.28088,5.28088,5.22154,5.28088,26000,10,22930
2011-06-17,5.28088,5.28088,5.22154,5.28088,8000,4,7060
2011-06-20,5.28088,5.34021,5.28088,5.34021,32000,6,28660
2011-06-21,5.28088,5.34021,5.28088,5.34021,72000,5,64090
2011-06-24,5.1622,5.34021,5.04353,5.28088,166000,31,143250
2011-06-27,5.22154,5.22154,5.1622,5.22154,13000,6,11430
2011-06-28,5.28088,5.28088,5.22154,5.22154,10000,3,8850
2011-06-29,5.28088,5.28088,5.1622,5.1622,23000,12,20100
2011-06-30,5.22154,5.22154,5.22154,5.22154,9000,4,7920
2011-07-01,5.22154,5.28088,5.1622,5.1622,51000,20,44700
2011-07-04,5.1622,5.22154,5.10287,5.1622,10000,4,8680
2011-07-05,5.1622,5.1622,4.9842,5.04353,222000,49,190330
2011-07-06,5.10287,5.10287,4.86553,4.9842,257000,69,215240
2011-07-07,4.9842,4.9842,4.86553,4.86553,470000,72,387680
2011-07-08,4.86553,4.92486,4.86553,4.92486,61000,13,50200
2011-07-11,4.92486,4.92486,4.68752,4.92486,193000,30,156200
2011-07-12,4.86553,4.86553,4.80619,4.80619,9000,5,7300
2011-07-13,4.86553,4.86553,4.80619,4.80619,12000,7,9730
2011-07-14,4.86553,4.86553,4.86553,4.86553,8000,2,6560
2011-07-15,4.86553,4.86553,4.86553,4.86553,126000,23,103320
2011-07-18,4.86553,4.9842,4.86553,4.9842,82000,20,67820
2011-07-19,4.9842,5.10287,4.86553,4.86553,71000,18,60230
2011-07-20,4.9842,4.9842,4.80619,4.80619,44000,15,36040
2011-07-21,4.80619,4.80619,4.56885,4.62818,531000,101,418150
2011-07-22,4.74685,4.80619,4.74685,4.74685,39000,15,31230
2011-07-25,4.74685,4.74685,4.68752,4.68752,16000,5,12690
2011-07-26,4.68752,4.80619,4.62818,4.80619,52000,12,40950
2011-07-27,4.62818,4.92486,4.62818,4.92486,122000,23,98770
2011-07-28,4.86553,4.92486,4.86553,4.86553,137000,18,112860
2011-07-29,4.74685,4.86553,4.74685,4.80619,9000,5,7280
2011-08-01,4.86553,4.9842,4.86553,4.9842,110000,29,90770
2011-08-02,4.92486,4.92486,4.80619,4.92486,7000,7,5720
2011-08-03,4.74685,4.74685,4.68752,4.68752,156000,14,124700
2011-08-04,4.68752,4.68752,4.50951,4.50951,201000,42,155320
2011-08-05,4.56885,4.62818,4.50951,4.50951,44000,13,33890
2011-08-08,4.45018,4.45018,4.1535,4.1535,149000,36,108630
2011-08-09,4.39084,4.39084,4.27217,4.3315,47000,14,34450
2011-08-10,4.27217,4.39084,4.27217,4.39084,33000,11,24110
2011-08-11,4.45018,4.45018,4.39084,4.39084,41000,14,30570
2011-08-12,4.45018,4.45018,4.39084,4.39084,5000,2,3710
2011-08-15,4.45018,4.56885,4.45018,4.56885,26000,9,19860
2011-08-16,4.45018,4.50951,4.27217,4.50951,66000,11,49060
2011-08-17,4.50951,4.50951,4.50951,4.50951,9000,2,6840
2011-08-18,4.39084,4.39084,4.27217,4.39084,99000,13,71370
2011-08-19,4.3315,4.3315,4.27217,4.27217,16000,4,11630
2011-08-22,4.3315,4.3315,4.3315,4.3315,4000,2,2920
2011-08-23,4.3315,4.3315,4.1535,4.27217,114000,16,80930
2011-08-24,4.21283,4.27217,4.1535,4.21283,66000,14,46370
2011-08-25,4.27217,4.27217,4.09416,4.21283,413000,58,289830
2011-08-26,4.27217,4.39084,4.27217,4.39084,136000,21,98910
2011-08-29,4.39084,4.56885,4.3315,4.56885,98000,20,73950
2011-08-30,4.62818,4.62818,4.45018,4.62818,53000,8,40130
2011-08-31,4.56885,4.74685,4.56885,4.74685,10000,6,7770
2011-09-01,4.74685,4.80619,4.68752,4.74685,120000,15,96010
2011-09-02,4.74685,4.74685,4.56885,4.62818,57000,10,44570
2011-09-05,4.56885,4.56885,4.56885,4.56885,32000,5,24640
2011-09-06,4.56885,4.68752,4.56885,4.56885,13000,3,10110
2011-09-08,4.56885,4.56885,4.50951,4.56885,78000,6,59980
2011-09-09,4.62818,4.62818,4.45018,4.50951,94000,24,71730
2011-09-12,4.3315,4.50951,4.3315,4.50951,7000,3,5290
2011-09-14,4.45018,4.62818,4.45018,4.50951,10000,6,7570
2011-09-15,4.50951,4.50951,4.50951,4.50951,4000,2,3040
2011-09-16,4.50951,4.50951,4.50951,4.50951,1000,1,760
2011-09-19,4.56885,4.56885,4.56885,4.56885,8000,4,6160
2011-09-20,4.56885,4.56885,4.39084,4.39084,53000,19,40130
2011-09-21,4.50951,4.50951,4.45018,4.45018,33000,5,24770
2011-09-22,4.39084,4.39084,4.1535,4.1535,174000,39,124950
2011-09-23,4.21283,4.27217,4.21283,4.21283,95000,14,67760
2011-09-26,4.21283,4.21283,4.03483,4.1535,239000,34,165780
2011-09-27,4.21283,4.21283,4.21283,4.21283,13000,5,9230
2011-09-28,4.21283,4.21283,4.09416,4.1535,48000,13,33280
2011-09-29,4.09416,4.1535,4.09416,4.1535,153000,45,105740
2011-09-30,4.1535,4.1535,4.09416,4.1535,95000,13,65630
2011-10-03,4.1535,4.1535,4.09416,4.09416,53000,14,36790
2011-10-04,4.09416,4.09416,4.03483,4.09416,118000,15,80400
2011-10-05,4.09416,4.21283,4.09416,4.21283,25000,10,17410
2011-10-06,4.21283,4.21283,4.21283,4.21283,18000,6,12780
2011-10-07,4.1535,4.21283,4.1535,4.1535,9000,6,6310
2011-10-10,4.1535,4.21283,4.1535,4.21283,36000,14,25300
2011-10-11,4.27217,4.27217,4.27217,4.27217,15000,4,10800
2011-10-13,4.27217,4.27217,4.1535,4.21283,16000,5,11440
2011-10-14,4.3315,4.39084,4.3315,4.39084,31000,11,22640
2011-10-17,4.3315,4.3315,4.3315,4.3315,22000,7,16060
2011-10-18,4.3315,4.39084,4.3315,4.39084,21000,10,15340
2011-10-19,4.39084,4.39084,4.27217,4.27217,24000,11,17670
2011-10-20,4.3315,4.3315,4.3315,4.3315,5000,2,3650
2011-10-21,4.39084,4.45018,4.39084,4.45018,48000,9,35530
2011-10-24,4.45018,4.50951,4.45018,4.50951,25000,8,18800
2011-10-25,4.50951,4.50951,4.50951,4.50951,65000,9,49400
2011-10-26,4.56885,4.56885,4.56885,4.56885,2000,1,1540
2011-10-27,4.56885,4.56885,4.39084,4.56885,196000,32,146920
2011-10-28,4.39084,4.56885,4.39084,4.56885,36000,10,27450
2011-11-01,4.39084,4.39084,4.39084,4.39084,2000,1,1480
2011-11-03,4.39084,4.50951,4.3315,4.50951,31000,10,23220
2011-11-04,4.45018,4.45018,4.45018,4.45018,1000,1,750
2011-11-07,4.45018,4.45018,4.39084,4.45018,61000,6,45500
2011-11-08,4.45018,4.62818,4.39084,4.56885,56000,10,42010
2011-11-09,4.56885,4.56885,4.56885,4.56885,3000,3,2310
2011-11-10,4.50951,4.50951,4.50951,4.50951,3000,3,2280
2011-11-11,4.50951,4.56885,4.50951,4.56885,23000,4,17490
2011-11-14,4.45018,4.56885,4.45018,4.56885,18000,6,13530
2011-11-16,4.45018,4.56885,4.45018,4.56885,7000,3,5320
2011-11-17,4.50951,4.56885,4.50951,4.56885,6000,4,4570
2011-11-18,4.50951,4.50951,4.50951,4.50951,2000,2,1520
2011-11-21,4.50951,4.50951,4.50951,4.50951,12000,2,9120
2011-11-22,4.45018,4.45018,4.39084,4.45018,28000,6,20950
2011-11-24,4.39084,4.45018,4.39084,4.45018,3000,3,2230
2011-11-25,4.39084,4.45018,4.39084,4.45018,16000,5,11870
2011-11-28,4.45018,4.45018,4.45018,4.45018,16000,3,12000
2011-11-29,4.39084,4.39084,4.39084,4.39084,9000,5,6660
2011-11-30,4.39084,4.39084,4.3315,4.39084,22000,9,16260
2011-12-01,4.50951,4.50951,4.50951,4.50951,18000,8,13680
2011-12-02,4.56885,4.62818,4.56885,4.56885,45000,13,34670
2011-12-05,4.56885,4.62818,4.56885,4.56885,72000,22,56010
2011-12-06,4.6312,4.6312,4.50603,4.56862,66000,15,48320
2011-12-07,4.56862,4.6312,4.50603,4.50603,84000,18,60760
2011-12-08,4.50603,4.50603,4.38086,4.38086,97000,25,68330
2011-12-09,4.38086,4.44345,4.38086,4.44345,93000,17,65210
2011-12-12,4.38086,4.44345,4.31828,4.44345,182000,27,127090
2011-12-13,4.38086,4.44345,4.38086,4.44345,58000,10,40660
2011-12-14,4.38086,4.44345,4.38086,4.44345,11000,3,7760
2011-12-15,4.50603,4.56862,4.50603,4.56862,176000,31,128200
2011-12-16,4.56862,4.56862,4.56862,4.56862,40000,8,29200
2011-12-19,4.56862,4.6312,4.56862,4.6312,144000,20,105880
2011-12-20,4.56862,4.6312,4.56862,4.6312,77000,9,56260
2011-12-21,4.56862,4.6312,4.56862,4.6312,54000,11,39890
2011-12-22,4.6312,4.69378,4.56862,4.69378,60000,18,44150
2011-12-23,4.6312,4.69378,4.6312,4.69378,50000,13,37020
2011-12-26,4.6312,4.69378,4.6312,4.69378,53000,8,39420
2011-12-27,4.6312,4.69378,4.6312,4.69378,31000,8,23240
2011-12-28,4.6312,4.6312,4.6312,4.6312,86000,9,63640
2011-12-29,4.6312,4.69378,4.6312,4.69378,26000,8,19250
2012-01-02,4.6312,4.6312,4.56862,4.56862,42000,10,31010
2012-01-03,4.6312,4.69378,4.56862,4.69378,31000,13,22820
2012-01-04,4.6312,4.69378,4.6312,4.69378,8000,6,5930
2012-01-05,4.69378,4.69378,4.56862,4.6312,34000,8,25180
2012-01-06,4.6312,4.6312,4.6312,4.6312,5000,4,3700
2012-01-09,4.56862,4.6312,4.56862,4.6312,21000,7,15350
2012-01-10,4.56862,4.6312,4.50603,4.50603,33000,20,24110
2012-01-12,4.56862,4.56862,4.56862,4.56862,29000,12,21170
2012-01-13,4.6312,4.6312,4.56862,4.56862,36000,8,26500
2012-01-16,4.56862,4.56862,4.50603,4.56862,48000,8,34940
2012-01-17,4.56862,4.6312,4.56862,4.6312,38000,9,27750
2012-01-18,4.56862,4.56862,4.56862,4.56862,31000,6,22630
2012-01-19,4.6312,4.6312,4.6312,4.6312,7000,3,5180
2012-01-20,4.69378,4.69378,4.6312,4.69378,56000,8,41600
2012-01-23,4.69378,4.75637,4.6312,4.69378,36000,13,26860
2012-01-24,4.6312,4.69378,4.6312,4.69378,17000,3,12600
2012-01-26,4.69378,4.75637,4.6312,4.75637,26000,9,19370
2012-01-27,4.69378,4.75637,4.69378,4.75637,19000,3,14260
2012-01-30,4.69378,4.69378,4.69378,4.69378,26000,8,19500
2012-01-31,4.69378,4.75637,4.69378,4.75637,14000,4,10510
2012-02-01,4.69378,4.81895,4.69378,4.81895,65000,19,49040
2012-02-02,4.81895,4.94412,4.81895,4.94412,111000,28,86820
2012-02-03,5.0067,5.06929,4.94412,5.0067,116000,20,92860
2012-02-06,5.06929,5.06929,5.06929,5.06929,7000,3,5670
2012-02-07,5.0067,5.19445,5.0067,5.19445,49000,9,39820
2012-02-08,5.13187,5.19445,5.06929,5.19445,14000,4,11410
2012-02-09,5.13187,5.19445,5.13187,5.19445,11000,7,9030
2012-02-10,5.13187,5.19445,5.13187,5.19445,39000,9,32310
2012-02-13,5.19445,5.25704,5.19445,5.25704,13000,6,10860
2012-02-14,5.19445,5.19445,5.13187,5.19445,7000,4,5770
2012-02-15,5.13187,5.19445,5.13187,5.19445,3000,3,2470
2012-02-16,5.13187,5.25704,5.13187,5.25704,24000,5,19910
2012-02-22,5.13187,5.25704,5.13187,5.25704,12000,6,9960
2012-02-23,5.19445,5.19445,5.13187,5.19445,15000,5,12400
2012-02-24,5.25704,5.25704,5.19445,5.19445,13000,5,10910
2012-02-27,5.19445,5.19445,5.19445,5.19445,10000,3,8300
2012-02-28,5.19445,5.25704,5.19445,5.19445,78000,9,64800
2012-02-29,5.25704,5.25704,5.19445,5.25704,20000,5,16700
2012-03-01,5.25704,5.25704,5.19445,5.19445,60000,10,50020
2012-03-02,5.25704,5.31962,5.19445,5.31962,24000,6,20140
2012-03-05,5.25704,5.31962,5.25704,5.31962,29000,4,24390
2012-03-06,5.25704,5.25704,5.19445,5.19445,35000,6,29060
2012-03-07,5.31962,5.31962,5.19445,5.31962,6000,3,5060
2012-03-08,5.31962,5.31962,5.25704,5.25704,3000,3,2530
2012-03-09,5.19445,5.25704,5.13187,5.25704,86000,7,70640
2012-03-12,5.19445,5.25704,5.19445,5.25704,10000,3,8320
2012-03-13,5.25704,5.31962,5.25704,5.31962,14000,3,11770
2012-03-14,5.25704,5.25704,5.25704,5.25704,1000,1,840
2012-03-15,5.25704,5.25704,5.19445,5.19445,2000,2,1670
2012-03-16,5.19445,5.25704,5.19445,5.25704,8000,3,6650
2012-03-19,5.25704,5.25704,5.19445,5.25704,11000,7,9230
2012-03-20,5.19445,5.19445,5.19445,5.19445,26000,10,21580
2012-03-21,5.19445,5.19445,5.19445,5.19445,10000,4,8300
2012-03-22,5.19445,5.19445,5.0067,5.0067,137000,21,110480
2012-03-23,5.0067,5.0067,4.94412,5.0067,206000,48,164790
2012-03-26,5.0067,5.0067,4.94412,4.94412,4000,4,3190
2012-03-27,5.0067,5.0067,4.94412,4.94412,87000,10,69590
2012-03-28,4.94412,5.0067,4.94412,5.0067,22000,11,17460
2012-03-29,5.0067,5.0067,4.94412,5.0067,36000,9,28640
2012-03-30,4.94412,5.0067,4.94412,5.0067,6000,4,4770
2012-04-02,5.0067,5.0067,4.94412,4.94412,9000,8,7130
2012-04-03,5.0067,5.0067,4.94412,5.0067,16000,3,12750
2012-04-04,4.94412,4.94412,4.6312,4.94412,168000,30,128110
2012-04-10,4.88153,4.94412,4.88153,4.94412,47000,12,36940
2012-04-11,4.94412,4.94412,4.94412,4.94412,28000,6,22120
2012-04-12,4.88153,4.88153,4.75637,4.81895,33000,13,25410
2012-04-13,4.88153,4.88153,4.69378,4.69378,112000,24,84840
2012-04-16,4.69378,4.81895,4.69378,4.81895,41000,5,31050
2012-04-17,4.69378,4.81895,4.69378,4.81895,5000,4,3790
2012-04-18,4.81895,4.81895,4.56862,4.56862,135000,32,100530
2012-04-19,4.56862,4.6312,4.56862,4.56862,39000,17,28490
2012-04-20,4.50603,4.50603,4.31828,4.38086,311000,74,218930
2012-04-23,4.44345,4.44345,4.38086,4.38086,59000,15,41430
2012-04-24,4.38086,4.50603,4.38086,4.38086,769000,114,539550
2012-04-25,4.38086,4.44345,4.38086,4.38086,553000,81,387200
2012-04-26,4.38086,4.44345,4.31828,4.38086,821000,63,574620
2012-04-27,4.38086,4.38086,4.38086,4.38086,592000,66,414400
2012-04-30,4.38086,4.38086,4.31828,4.31828,224000,38,156040
2012-05-02,4.31828,4.38086,4.31828,4.38086,92000,23,64260
2012-05-03,4.38086,4.38086,4.31828,4.38086,139000,25,96780
2012-05-04,4.38086,4.38086,4.31828,4.38086,147000,19,102620
2012-05-07,4.38086,4.38086,4.31828,4.31828,29000,5,20250
2012-05-08,4.31828,4.38086,4.31828,4.38086,124000,25,85890
2012-05-09,4.31828,4.31828,4.31828,4.31828,16000,8,11040
2012-05-10,4.38086,4.38086,4.38086,4.38086,12000,2,8400
2012-05-11,4.31828,4.38086,4.31828,4.38086,8000,2,5540
2012-05-14,4.31828,4.31828,4.2557,4.2557,31000,8,21230
2012-05-15,4.31828,4.31828,4.2557,4.31828,101000,15,69120
2012-05-16,4.31828,4.31828,4.31828,4.31828,33000,4,22770
2012-05-17,4.2557,4.2557,4.19311,4.19311,106000,24,71970
2012-05-18,4.19311,4.2557,4.19311,4.2557,106000,22,71260
2012-05-21,4.19311,4.2557,4.19311,4.2557,92000,17,62240
2012-05-22,4.2557,4.2557,4.19311,4.2557,28000,8,18970
2012-05-23,4.19311,4.19311,4.13053,4.19311,81000,12,53970
2012-05-24,4.19311,4.19311,4.19311,4.19311,5000,4,3350
2012-05-25,4.2557,4.2557,4.2557,4.2557,14000,5,9520
2012-05-28,4.2557,4.2557,4.2557,4.2557,34000,8,23120
2012-05-29,4.2557,4.2557,4.2557,4.2557,1000,1,680
2012-05-30,4.2557,4.2557,4.2557,4.2557,15000,2,10200
2012-05-31,4.2557,4.2557,4.2557,4.2557,10000,6,6800
2012-06-01,4.2557,4.2557,4.2557,4.2557,32000,5,21760
2012-06-04,4.2557,4.2557,4.2557,4.2557,10000,5,6800
2012-06-05,4.2557,4.31828,4.19311,4.31828,16000,10,10780
2012-06-06,4.2557,4.31828,4.2557,4.31828,6000,2,4130
2012-06-08,4.2557,4.31828,4.2557,4.31828,10000,3,6890
2012-06-11,4.2557,4.31828,4.2557,4.31828,2000,2,1370
2012-06-12,4.31828,4.31828,4.2557,4.31828,41000,7,28000
2012-06-13,4.31828,4.38086,4.31828,4.31828,61000,9,42360
2012-06-14,4.38086,4.38086,4.31828,4.31828,37000,9,25770
2012-06-15,4.38086,4.38086,4.31828,4.31828,29000,4,20090
2012-06-18,4.31828,4.31828,4.31828,4.31828,53000,12,36570
2012-06-19,4.38086,4.38086,4.31828,4.38086,34000,13,23480
2012-06-20,4.31828,4.31828,4.31828,4.31828,22000,3,15180
2012-06-21,4.31828,4.31828,4.31828,4.31828,1000,1,690
2012-06-22,4.38086,4.38086,4.38086,4.38086,14000,3,9800
2012-06-25,4.31828,4.31828,4.2557,4.2557,30000,8,20540
2012-06-26,4.31828,4.31828,4.2557,4.31828,45000,7,30660
2012-06-27,4.19311,4.2557,4.19311,4.2557,61000,18,40980
2012-06-28,4.19311,4.31828,4.19311,4.31828,47000,10,31970
2012-07-02,4.31828,4.31828,4.31828,4.31828,4000,4,2760
2012-07-03,4.31828,4.31828,4.2557,4.31828,39000,19,26700
2012-07-04,4.38086,4.38086,4.38086,4.38086,1000,1,700
2012-07-05,4.38086,4.38086,4.31828,4.31828,15000,4,10360
2012-07-06,4.31828,4.31828,4.19311,4.19311,194000,19,130970
2012-07-10,4.2557,4.2557,4.2557,4.2557,55000,7,37400
2012-07-11,4.2557,4.2557,4.13053,4.13053,285000,34,188620
2012-07-12,4.13053,4.13053,4.13053,4.13053,11000,2,7260
2012-07-13,4.13053,4.13053,4.13053,4.13053,40000,8,26400
2012-07-16,4.13053,4.13053,4.06795,4.13053,24000,9,15660
2012-07-17,4.13053,4.13053,4.13053,4.13053,6000,3,3960
2012-07-18,4.13053,4.13053,4.06795,4.13053,15000,4,9890
2012-07-19,4.13053,4.13053,4.06795,4.13053,18000,5,11860
2012-07-20,4.13053,4.13053,4.13053,4.13053,15000,6,9900
2012-07-23,4.06795,4.13053,4.06795,4.13053,28000,6,18210
2012-07-24,4.13053,4.13053,4.06795,4.13053,11000,5,7180
2012-07-25,4.13053,4.13053,4.13053,4.13053,29000,5,19140
2012-07-26,4.13053,4.2557,4.13053,4.2557,177000,30,117410
2012-07-27,4.2557,4.38086,4.19311,4.38086,60000,14,40730
2012-07-30,4.2557,4.31828,4.19311,4.31828,18000,5,12190
2012-07-31,4.2557,4.31828,4.2557,4.31828,16000,5,11020
2012-08-01,4.2557,4.2557,4.2557,4.2557,17000,3,11560
2012-08-02,4.2557,4.31828,4.2557,4.31828,23000,4,15650
2012-08-03,4.2557,4.31828,4.19311,4.31828,52000,10,35080
2012-08-06,4.2557,4.31828,4.2557,4.31828,30000,8,20620
2012-08-07,4.31828,4.38086,4.31828,4.38086,8000,4,5530
2012-08-08,4.38086,4.50603,4.38086,4.50603,28000,13,19720
2012-08-09,4.50603,4.75637,4.50603,4.75637,21000,10,15450
2012-08-10,4.69378,4.69378,4.69378,4.69378,10000,2,7500
2012-08-13,4.69378,4.69378,4.69378,4.69378,38000,8,28500
2012-08-14,4.56862,4.69378,4.56862,4.69378,5000,2,3670
2012-08-15,4.56862,4.69378,4.44345,4.69378,6000,6,4350
2012-08-16,4.69378,4.69378,4.69378,4.69378,40000,4,30000
2012-08-17,4.6312,4.6312,4.6312,4.6312,11000,2,8140
2012-08-20,4.6312,4.6312,4.6312,4.6312,14000,2,10360
2012-08-21,4.56862,4.6312,4.56862,4.6312,3000,3,2210
2012-08-22,4.6312,4.69378,4.56862,4.69378,21000,7,15410
2012-08-24,4.56862,4.69378,4.44345,4.69378,18000,7,13050
2012-08-27,4.69378,4.69378,4.2557,4.6312,99000,25,70820
2012-08-28,4.6312,4.69378,4.31828,4.69378,50000,13,36020
2012-08-29,4.6312,4.69378,4.56862,4.6312,12000,9,8900
2012-08-30,4.56862,4.6312,4.56862,4.6312,28000,6,20460
2012-08-31,4.56862,4.69378,4.38086,4.6312,36000,12,26670
2012-09-03,4.56862,4.6312,4.56862,4.6312,34000,6,24830
2012-09-04,4.50603,4.50603,4.44345,4.50603,18000,9,12910
2012-09-05,4.50603,4.56862,4.44345,4.56862,27000,9,19480
2012-09-06,4.6312,4.6312,4.56862,4.6312,13000,6,9560
2012-09-10,4.6312,4.6312,4.50603,4.6312,34000,13,24890
2012-09-11,4.6312,4.6312,4.6312,4.6312,16000,6,11840
2012-09-12,4.56862,4.6312,4.56862,4.6312,28000,6,20670
2012-09-13,4.6312,4.69378,4.50603,4.69378,79000,17,58360
2012-09-14,4.69378,4.75637,4.50603,4.69378,30000,16,22010
2012-09-17,4.69378,4.69378,4.69378,4.69378,11000,5,8250
2012-09-18,4.69378,4.69378,4.56862,4.56862,24000,11,17650
2012-09-19,4.56862,4.6312,4.56862,4.6312,5000,5,3670
2012-09-20,4.50603,4.56862,4.38086,4.38086,341000,43,242920
2012-09-21,4.56862,4.56862,4.56862,4.56862,2000,2,1460
2012-09-24,4.56862,4.6312,4.50603,4.6312,7000,4,5110
2012-09-25,4.6312,4.6312,4.56862,4.6312,15000,6,11050
2012-09-26,4.6312,4.6312,4.6312,4.6312,78000,15,57720
2012-09-27,4.6312,4.6312,4.6312,4.6312,74000,11,54760
2012-09-28,4.6312,4.69378,4.6312,4.69378,21000,7,15550
2012-10-01,4.69378,4.69378,4.56862,4.6312,16000,7,11880
2012-10-02,4.56862,4.56862,4.56862,4.56862,24000,5,17520
2012-10-03,4.56862,4.56862,4.56862,4.56862,19000,5,13870
2012-10-04,4.56862,4.6312,4.50603,4.56862,59000,9,42950
2012-10-05,4.56862,4.56862,4.56862,4.56862,13000,3,9490
2012-10-08,4.56862,4.56862,4.50603,4.56862,8000,3,5830
2012-10-09,4.56862,4.56862,4.56862,4.56862,43000,8,31390
2012-10-10,4.50603,4.50603,4.44345,4.50603,113000,13,81150
2012-10-11,4.50603,4.50603,4.44345,4.50603,32000,5,22790
2012-10-15,4.50603,4.50603,4.44345,4.50603,79000,11,56250
2012-10-16,4.44345,4.50603,4.44345,4.50603,24000,6,17060
2012-10-17,4.50603,4.50603,4.50603,4.50603,78000,6,56160
2012-10-18,4.50603,4.50603,4.44345,4.50603,10000,7,7180
2012-10-19,4.50603,4.50603,4.50603,4.50603,5000,2,3600
2012-10-22,4.50603,4.50603,4.44345,4.50603,363000,17,257870
2012-10-23,4.44345,4.50603,4.44345,4.50603,28000,6,19900
2012-10-24,4.50603,4.50603,4.50603,4.50603,16000,5,11520
2012-10-25,4.6312,4.69378,4.56862,4.69378,138000,25,102120
2012-10-26,4.69378,4.69378,4.6312,4.69378,28000,3,20990
2012-10-29,4.6312,4.6312,4.6312,4.6312,9000,4,6660
2012-10-30,4.6312,4.75637,4.6312,4.75637,72000,17,54080
2012-10-31,4.75591,4.8229,4.68893,4.8229,157000,25,110760
2012-11-01,4.8229,4.88988,4.75591,4.8229,26000,5,18560
2012-11-06,4.8229,4.8229,4.75591,4.8229,9000,4,6420
2012-11-07,4.75591,4.75591,4.68893,4.75591,159000,19,112090
2012-11-08,4.75591,4.75591,4.68893,4.68893,326000,9,231240
2012-11-09,4.68893,4.75591,4.68893,4.75591,47000,6,32910
2012-11-12,4.75591,4.75591,4.68893,4.68893,185000,5,130200
2012-11-13,4.68893,4.68893,4.68893,4.68893,42000,2,29400
2012-11-14,4.62194,4.62194,4.62194,4.62194,68000,7,46920
2012-11-16,4.62194,4.62194,4.48797,4.62194,201000,24,138420
2012-11-19,4.62194,4.62194,4.62194,4.62194,52000,3,35880
2012-11-21,4.62194,4.62194,4.62194,4.62194,12000,5,8280
2012-11-22,4.55496,4.62194,4.55496,4.62194,45000,7,30910
2012-11-23,4.62194,4.8229,4.62194,4.75591,250000,18,176720
2012-11-26,4.75591,4.8229,4.75591,4.8229,279000,16,198330
2012-11-27,4.75591,4.75591,4.75591,4.75591,59000,5,41890
2012-11-28,4.75591,4.8229,4.75591,4.8229,44000,8,31550
2012-11-30,4.75591,4.8229,4.75591,4.8229,74000,5,52550
2012-12-03,4.75591,4.8229,4.75591,4.8229,173000,10,122840
2012-12-04,4.75591,4.8229,4.75591,4.8229,24000,3,17050
2012-12-05,4.75591,4.8229,4.75591,4.8229,47000,11,33490
2012-12-06,4.75591,4.75591,4.75591,4.75591,47000,7,33370
2012-12-07,4.8229,4.8229,4.75591,4.8229,46000,7,32740
2012-12-10,4.75591,4.8229,4.75591,4.8229,15000,4,10660
2012-12-11,4.75591,4.8229,4.75591,4.8229,39000,4,27700
2012-12-12,4.75591,4.88988,4.75591,4.88988,330000,13,234430
2012-12-13,4.88988,5.09083,4.8229,5.02385,305000,30,226880
2012-12-14,5.02385,5.2248,5.02385,5.15782,145000,12,110930
2012-12-17,5.15782,5.2248,5.15782,5.2248,22000,5,17100
2012-12-18,5.09083,5.15782,5.09083,5.15782,10000,4,7660
2012-12-19,5.09083,5.15782,5.09083,5.15782,16000,3,12170
2012-12-26,5.15782,5.15782,5.15782,5.15782,30000,5,23100
2012-12-28,5.15782,5.15782,5.15782,5.15782,1000,1,770
2013-01-02,5.09083,5.15782,5.09083,5.15782,2000,2,1530
2013-01-03,5.02385,5.15782,5.02385,5.15782,4000,2,3040
2013-01-04,5.02385,5.02385,4.95687,5.02385,29000,11,21710
2013-01-07,4.95687,4.95687,4.75591,4.95687,263000,28,189830
2013-01-08,4.75591,4.95687,4.75591,4.95687,154000,20,109440
2013-01-09,4.88988,4.95687,4.88988,4.95687,4000,4,2930
2013-01-10,4.88988,4.95687,4.8229,4.95687,46000,16,33420
2013-01-11,4.8229,4.95687,4.8229,4.95687,5000,5,3630
2013-01-15,4.8229,4.95687,4.8229,4.95687,16000,10,11590
2013-01-16,4.8229,4.95687,4.8229,4.8229,24000,11,17320
2013-01-17,4.88988,4.95687,4.8229,4.8229,20000,7,14440
2013-01-18,4.8229,4.88988,4.8229,4.88988,133000,14,95780
2013-01-21,4.88988,4.88988,4.8229,4.88988,39000,6,28440
2013-01-22,4.8229,4.88988,4.8229,4.88988,25000,7,18030
2013-01-23,4.8229,4.88988,4.8229,4.88988,147000,13,105850
2013-01-24,4.88988,4.88988,4.8229,4.88988,6000,3,4340
2013-01-28,4.88988,4.88988,4.8229,4.88988,30000,5,21680
2013-01-29,4.88988,4.88988,4.88988,4.88988,5000,3,3650
2013-01-30,4.8229,4.88988,4.8229,4.88988,113000,12,81370
2013-01-31,4.88988,4.95687,4.75591,4.88988,35000,10,25170
2013-02-01,4.8229,5.09083,4.8229,4.95687,529000,16,396510
2013-02-04,5.02385,5.09083,4.8229,5.02385,106000,11,79920
2013-02-05,5.09083,5.15782,5.02385,5.09083,298000,19,226350
2013-02-06,5.02385,5.15782,5.02385,5.15782,88000,13,66520
2013-02-07,5.09083,5.42576,5.09083,5.42576,187000,23,149130
2013-02-08,5.96164,5.96164,5.55973,5.55973,6000,2,5040
2013-02-13,5.55973,5.96164,5.55973,5.89465,92000,19,80670
2013-02-14,5.76068,5.82767,5.6937,5.6937,135000,15,117280
2013-02-15,5.62671,5.96164,5.62671,5.82767,199000,27,173250
2013-02-18,5.6937,5.76068,5.6937,5.76068,35000,3,30050
2013-02-19,5.82767,5.96164,5.82767,5.89465,107000,11,94120
2013-02-20,5.96164,6.16259,5.96164,6.09561,359000,28,322610
2013-02-21,5.89465,6.02862,5.76068,5.96164,47000,6,41690
2013-02-22,6.02862,6.02862,5.89465,5.96164,7000,4,6210
2013-02-25,5.76068,6.09561,5.76068,6.09561,27000,9,23690
2013-02-26,6.09561,6.16259,6.02862,6.16259,75000,19,68090
2013-02-27,6.02862,6.09561,6.02862,6.09561,13000,3,11750
2013-02-28,5.82767,5.96164,5.76068,5.82767,30000,7,26130
2013-03-01,5.76068,5.82767,5.76068,5.82767,7000,2,6030
2013-03-04,5.82767,5.82767,5.35877,5.6937,190000,22,160030
2013-03-05,5.49274,5.62671,5.29179,5.62671,382000,26,305790
2013-03-06,5.76068,5.76068,5.42576,5.49274,4000,4,3330
2013-03-07,5.62671,5.62671,5.55973,5.62671,66000,4,55350
2013-03-08,5.62671,5.6937,5.49274,5.6937,159000,10,133560
2013-03-11,5.6937,5.6937,5.62671,5.6937,102000,5,85700
2013-03-13,5.49274,5.62671,5.49274,5.62671,16000,5,13190
2013-03-14,5.42576,5.55973,5.35877,5.55973,43000,6,35440
2013-03-15,5.49274,5.55973,5.49274,5.55973,2000,2,1650
2013-03-20,5.62671,5.62671,5.55973,5.55973,4000,2,3340
2013-03-21,5.55973,5.55973,5.2248,5.2248,2989000,21,2332330
2013-03-22,5.49274,5.49274,5.09083,5.49274,9000,6,7280
2013-03-25,5.15782,5.35877,5.15782,5.35877,26000,7,20660
2013-03-26,5.2248,5.35877,5.2248,5.35877,5000,3,3940
2013-03-27,5.35877,5.49274,5.35877,5.42576,110000,11,88110
2013-03-28,5.49274,5.49274,5.49274,5.49274,3000,2,2460
2013-04-01,5.35877,5.49274,5.35877,5.49274,15000,3,12020
2013-04-02,5.49274,5.49274,5.42576,5.42576,4000,2,3250
2013-04-03,5.35877,5.42576,5.35877,5.42576,32000,10,25690
2013-04-04,5.42576,5.42576,5.35877,5.42576,22000,4,17620
2013-04-05,5.42576,5.42576,5.42576,5.42576,11000,4,8910
2013-04-08,5.35877,5.42576,5.35877,5.42576,16000,2,12810
2013-04-09,5.35877,5.49274,5.29179,5.42576,14000,7,11190
2013-04-10,5.2248,5.42576,5.02385,5.42576,41000,9,32570
2013-04-11,5.35877,5.35877,5.35877,5.35877,4000,2,3200
2013-04-12,5.35877,5.42576,5.35877,5.42576,11000,2,8810
2013-04-15,5.29179,5.35877,5.29179,5.35877,11000,4,8700
2013-04-16,5.29179,5.42576,5.29179,5.42576,5000,3,4000
2013-04-17,5.35877,5.42576,5.29179,5.42576,26000,6,20690
2013-04-19,5.42576,5.49274,5.42576,5.49274,27000,4,21900
2013-04-23,5.42576,5.55973,5.35877,5.55973,56000,14,45780
2013-04-24,5.35877,5.62671,5.35877,5.62671,25000,5,20690
2013-04-25,5.62671,5.62671,5.49274,5.62671,85000,14,71040
2013-04-26,5.42576,5.6937,5.42576,5.6937,33000,9,27800
2013-04-29,5.6937,6.02862,5.6937,6.02862,175000,10,149850
2013-04-30,5.76068,6.02862,5.6937,6.02862,67000,16,57750
2013-05-02,6.02862,6.02862,5.82767,5.96164,41000,5,35860
2013-05-03,5.62671,5.96164,5.62671,5.96164,10000,5,8490
2013-05-06,5.82767,6.09561,5.6937,6.09561,128000,12,112260
2013-05-07,6.02862,6.36354,6.02862,6.16259,165000,26,151540
2013-05-08,6.02862,6.29656,6.02862,6.29656,31000,5,28320
2013-05-09,6.09561,6.22957,6.09561,6.22957,6000,2,5560
2013-05-10,5.76068,6.22957,5.76068,6.22957,84000,15,77310
2013-05-13,6.16259,6.36354,6.16259,6.36354,74000,12,69040
2013-05-14,6.16259,6.29656,6.16259,6.29656,38000,8,35280
2013-05-15,6.36354,6.36354,6.29656,6.29656,80000,14,75340
2013-05-16,6.29656,6.29656,6.29656,6.29656,34000,1,31960
2013-05-17,5.96164,6.29656,5.89465,6.29656,9000,5,8100
2013-05-21,6.16259,6.69847,6.16259,6.69847,145000,71,137700
2013-05-22,6.63148,6.76545,6.63148,6.76545,63000,11,62970
2013-05-23,6.36354,6.69847,6.36354,6.69847,25000,6,24300
2013-05-27,6.63148,6.69847,6.5645,6.69847,27000,8,26730
2013-05-28,6.5645,6.69847,6.5645,6.69847,50000,50,49760
2013-06-04,6.09561,6.63148,6.09561,6.63148,11000,4,10090
2013-06-05,6.5645,6.5645,6.5645,6.5645,1000,1,980
2013-06-06,6.29656,6.49751,6.02862,6.49751,152000,20,139590
2013-06-07,6.16259,6.43053,6.16259,6.43053,3000,3,2830
2013-06-10,6.16259,6.36354,6.09561,6.36354,9000,3,8290
2013-06-11,6.09561,6.29656,6.02862,6.29656,59000,13,53990
2013-06-12,6.29656,6.43053,6.29656,6.43053,3000,3,2840
2013-06-13,6.29656,6.29656,6.16259,6.29656,10000,6,9350
2013-06-14,6.29656,6.29656,6.09561,6.29656,5000,5,4610
2013-06-17,5.96164,6.22957,5.96164,6.22957,9000,5,8050
2013-06-18,5.89465,6.29656,5.89465,6.29656,159000,13,141840
2013-06-19,6.22957,6.29656,6.22957,6.29656,13000,2,12100
2013-06-20,5.82767,6.09561,5.6937,6.09561,27000,11,23440
2013-06-21,5.6937,6.09561,5.6937,6.09561,14000,7,12020
2013-06-26,5.96164,5.96164,5.96164,5.96164,2000,1,1780
2013-06-28,5.6937,6.02862,5.6937,5.96164,91000,12,77830
2013-07-01,5.76068,5.82767,5.76068,5.82767,11000,5,9470
2013-07-02,5.6937,5.96164,5.6937,5.96164,26000,12,22340
2013-07-03,5.62671,5.89465,5.62671,5.89465,14000,6,11890
2013-07-05,5.6937,5.89465,5.6937,5.89465,12000,5,10230
2013-07-11,5.82767,5.89465,5.76068,5.89465,6000,4,5210
2013-07-12,5.6937,5.89465,5.6937,5.89465,7000,6,6050
2013-07-15,5.82767,5.82767,5.82767,5.82767,2000,2,1740
2013-07-16,5.62671,5.82767,5.62671,5.82767,6000,2,5070
2013-07-17,5.6937,5.82767,5.6937,5.82767,11000,7,9430
2013-07-18,5.82767,5.82767,5.82767,5.82767,2000,2,1740
2013-07-22,5.82767,5.82767,5.82767,5.82767,1000,1,870
2013-07-23,5.82767,5.89465,5.6937,5.89465,130000,14,113550
2013-07-24,5.82767,5.89465,5.82767,5.89465,147000,8,127910
2013-07-26,5.89465,5.89465,5.89465,5.89465,254000,9,223520
2013-07-29,5.89465,5.89465,5.89465,5.89465,2000,1,1760
2013-07-30,5.6937,5.89465,5.6937,5.89465,10000,5,8570
2013-08-01,5.6937,5.82767,5.6937,5.82767,21000,8,17870
2013-08-02,5.6937,5.82767,5.6937,5.82767,8000,5,6890
2013-08-05,5.76068,5.89465,5.76068,5.89465,24000,3,20660
2013-08-06,5.82767,5.89465,5.82767,5.89465,3000,2,2620
2013-08-07,5.6937,5.89465,5.6937,5.82767,86000,10,73170
2013-08-08,5.6937,5.6937,5.62671,5.6937,49000,8,41350
2013-08-09,5.82767,5.82767,5.82767,5.82767,1000,1,870
2013-08-12,5.6937,5.76068,5.6937,5.76068,4000,2,3410
2013-08-13,5.6937,5.76068,5.6937,5.76068,11000,6,9430
2013-08-14,5.82767,5.82767,5.62671,5.82767,14000,6,11890
2013-08-15,5.76068,5.76068,5.62671,5.76068,38000,6,32020
2013-08-16,5.62671,5.82767,5.62671,5.82767,10000,4,8490
2013-08-19,5.76068,5.76068,5.76068,5.76068,2000,2,1720
2013-08-20,5.82767,5.82767,5.82767,5.82767,1000,1,870
2013-08-21,5.82767,5.82767,5.82767,5.82767,1000,1,870
2013-08-22,5.82767,5.82767,5.82767,5.82767,1000,1,870
2013-08-26,5.62671,5.76068,5.62671,5.76068,41000,3,34460
2013-08-27,5.76068,5.76068,5.62671,5.76068,6000,4,5110
2013-08-30,5.76068,5.76068,5.62671,5.76068,11000,6,9390
2013-09-02,5.6937,5.89465,5.6937,5.89465,9000,6,7720
2013-09-03,5.6937,5.82767,5.55973,5.82767,18000,5,15130
2013-09-05,5.76068,5.82767,5.76068,5.82767,35000,3,30110
2013-09-06,5.76068,5.82767,5.6937,5.82767,10000,7,8570
2013-09-09,5.82767,5.82767,5.76068,5.82767,22000,7,18950
2013-09-10,5.82767,5.82767,5.6937,5.82767,6000,4,5200
2013-09-11,5.82767,5.82767,5.82767,5.82767,3000,2,2610
2013-09-12,5.82767,5.82767,5.76068,5.82767,5000,3,4330
2013-09-13,5.6937,5.82767,5.6937,5.82767,54000,9,45960
2013-09-16,5.6937,5.82767,5.6937,5.82767,49000,11,41770
2013-09-17,5.82767,5.82767,5.6937,5.82767,57000,5,49030
2013-09-18,5.82767,5.82767,5.76068,5.82767,14000,4,12060
2013-09-19,5.76068,5.76068,5.76068,5.76068,38000,2,32680
2013-09-20,5.82767,5.82767,5.6937,5.82767,36000,5,30880
2013-09-23,5.89465,5.89465,5.6937,5.89465,8000,5,6880
2013-09-24,5.76068,5.89465,5.62671,5.82767,228000,37,194060
2013-09-25,5.89465,5.89465,5.89465,5.89465,1000,1,880
2013-09-26,5.82767,5.82767,5.76068,5.76068,16000,7,13800
2013-09-27,5.82767,5.82767,5.82767,5.82767,86000,3,74820
2013-09-30,5.82767,5.89465,5.82767,5.89465,3000,3,2620
2013-10-01,5.82767,5.82767,5.82767,5.82767,15000,2,13050
2013-10-02,5.89465,5.89465,5.89465,5.89465,1000,1,880
2013-10-04,5.76068,5.82767,5.76068,5.82767,12000,5,10330
2013-10-07,5.76068,5.89465,5.76068,5.82767,113000,12,98210
2013-10-08,5.76068,5.82767,5.76068,5.82767,8000,2,6890
2013-10-09,5.89465,5.89465,5.89465,5.89465,2000,2,1760
2013-10-11,5.82767,5.89465,5.82767,5.89465,11000,3,9580
2013-10-14,5.6937,5.89465,5.6937,5.89465,112000,6,95380
2013-10-15,5.82767,5.89465,5.82767,5.89465,11000,3,9580
2013-10-17,5.76068,5.89465,5.76068,5.89465,41000,9,35280
2013-10-18,5.76068,5.82767,5.76068,5.82767,33000,9,28440
2013-10-21,5.76068,5.76068,5.6937,5.76068,36000,7,30740
2013-10-22,5.89465,5.89465,5.82767,5.82767,22000,5,19150
2013-10-23,5.89465,5.89465,5.82767,5.89465,439000,16,385720
2013-10-24,5.96164,6.16259,5.89465,6.02862,645000,62,571790
2013-10-25,6.02862,6.22957,6.02862,6.16259,86000,17,79750
2013-10-29,6.3109,6.68213,6.08817,6.23666,280000,50,243690
2013-10-30,6.08817,6.3109,6.08817,6.3109,42000,11,35240
2013-10-31,6.4594,6.4594,6.38515,6.4594,10000,4,8630
2013-11-01,6.4594,6.4594,6.38515,6.4594,23000,9,19990
2013-11-04,6.53364,6.53364,6.4594,6.4594,20000,5,17450
2013-11-05,6.16241,6.38515,6.08817,6.38515,12000,4,10000
2013-11-06,6.3109,6.38515,6.08817,6.38515,63000,14,52990
2013-11-07,6.38515,6.38515,6.08817,6.3109,12000,4,9980
2013-11-08,6.23666,6.3109,6.16241,6.3109,16000,7,13420
2013-11-11,6.38515,6.38515,6.23666,6.38515,4000,3,3400
2013-11-12,6.3109,6.3109,6.08817,6.16241,36000,13,30050
2013-11-13,6.3109,6.38515,6.16241,6.38515,12000,6,10090
2013-11-14,6.38515,6.4594,6.3109,6.38515,19000,5,16300
2013-11-18,6.38515,6.4594,6.3109,6.4594,100000,17,86090
2013-11-19,6.53364,6.53364,6.53364,6.53364,1000,1,880
2013-11-21,6.4594,6.53364,6.4594,6.53364,2000,2,1750
2013-11-22,6.38515,6.4594,6.3109,6.4594,45000,12,38650
2013-11-25,6.3109,6.53364,6.3109,6.4594,49000,8,42000
2013-11-26,6.38515,6.4594,6.3109,6.4594,109000,5,92750
2013-11-27,6.38515,6.38515,6.3109,6.38515,8000,4,6820
2013-11-28,6.3109,6.3109,6.3109,6.3109,33000,6,28050
2013-11-29,6.3109,6.38515,6.23666,6.38515,37000,12,31440
2013-12-02,6.38515,6.38515,6.3109,6.38515,49000,9,41760
2013-12-03,6.3109,6.38515,6.3109,6.38515,9000,3,7660
2013-12-04,6.3109,6.38515,6.3109,6.38515,34000,9,28910
2013-12-05,6.3109,6.3109,6.23666,6.3109,31000,10,26160
2013-12-06,6.3109,6.3109,6.3109,6.3109,71000,6,60350
2013-12-09,6.3109,6.3109,6.23666,6.3109,14000,4,11790
2013-12-10,6.3109,6.3109,6.3109,6.3109,15000,3,12750
2013-12-11,6.3109,6.38515,6.3109,6.3109,51000,11,43480
2013-12-12,6.23666,6.3109,6.23666,6.3109,202000,14,169690
2013-12-13,6.3109,6.3109,6.3109,6.3109,51000,3,43350
2013-12-18,6.23666,6.23666,6.16241,6.23666,312000,23,259130
2013-12-19,6.16241,6.23666,6.16241,6.23666,372000,12,308770
2013-12-20,6.16241,6.23666,6.16241,6.23666,91000,9,76260
2013-12-23,6.16241,6.23666,6.16241,6.23666,26000,7,21600
2013-12-27,6.16241,6.23666,6.08817,6.23666,62000,12,51160
2013-12-30,6.38515,6.38515,6.38515,6.38515,1000,1,860
2014-01-02,6.38515,6.38515,6.16241,6.16241,2000,2,1690
2014-01-03,6.38515,6.38515,6.16241,6.16241,10000,4,8330
2014-01-06,6.08817,6.23666,6.08817,6.23666,15000,5,12390
2014-01-07,6.23666,6.23666,6.23666,6.23666,7000,3,5880
2014-01-08,6.08817,6.16241,6.01392,6.16241,46000,13,37480
2014-01-09,6.16241,6.16241,5.79118,6.01392,60000,19,48260
2014-01-10,6.01392,6.01392,6.01392,6.01392,6000,1,4860
2014-01-14,5.93967,6.08817,5.93967,6.08817,39000,10,31250
2014-01-15,6.08817,6.08817,5.86543,6.08817,6000,3,4830
2014-01-20,5.93967,6.08817,5.86543,6.08817,16000,6,12720
2014-01-21,6.08817,6.08817,6.08817,6.08817,1000,1,820
2014-01-22,6.08817,6.08817,6.08817,6.08817,9000,2,7380
2014-01-23,6.01392,6.08817,5.93967,6.08817,256000,7,204970
2014-01-24,6.01392,6.01392,5.86543,6.01392,316000,9,249960
2014-01-28,5.86543,6.01392,5.86543,6.01392,17000,10,13500
2014-01-29,5.93967,6.01392,5.93967,6.01392,4000,3,3210
2014-01-30,5.93967,6.01392,5.93967,6.01392,24000,9,19210
2014-01-31,5.93967,6.01392,5.93967,6.01392,325000,23,260030
2014-02-03,6.01392,6.01392,5.86543,6.01392,407000,20,325700
2014-02-04,5.93967,5.93967,5.93967,5.93967,1000,1,800
2014-02-05,5.93967,5.93967,5.93967,5.93967,10000,1,8000
2014-02-06,5.93967,5.93967,5.93967,5.93967,103000,12,82400
2014-02-07,5.93967,5.93967,5.86543,5.93967,320000,10,253070
2014-02-10,5.93967,5.93967,5.93967,5.93967,79000,8,63200
2014-02-11,5.93967,5.93967,5.93967,5.93967,14000,4,11200
2014-02-12,5.93967,5.93967,5.93967,5.93967,1000,1,800
2014-02-13,5.93967,6.01392,5.93967,6.01392,429000,13,343210
2014-02-14,5.93967,6.01392,5.93967,6.01392,50000,5,40010
2014-02-17,5.93967,5.93967,5.93967,5.93967,11000,3,8800
2014-02-18,5.93967,5.93967,5.79118,5.93967,317000,9,247490
2014-02-19,5.86543,6.08817,5.86543,6.08817,805000,32,643890
2014-02-20,6.08817,6.16241,6.01392,6.16241,253000,16,207440
2014-02-21,6.16241,6.23666,6.16241,6.23666,13000,4,10900
2014-02-24,6.23666,6.23666,6.16241,6.23666,56000,6,46520
2014-02-26,6.08817,6.23666,6.08817,6.23666,15000,3,12320
2014-02-28,6.23666,6.23666,6.23666,6.23666,6000,2,5040
2014-03-06,6.23666,6.38515,6.23666,6.38515,63000,8,53300
2014-03-07,6.38515,6.4594,6.38515,6.4594,15000,5,12920
2014-03-10,6.3109,6.3109,6.08817,6.3109,33000,5,27800
2014-03-11,6.08817,6.3109,6.08817,6.23666,37000,13,30510
2014-03-12,6.08817,6.23666,6.08817,6.23666,16000,5,13150
2014-03-13,6.23666,6.23666,6.23666,6.23666,1000,1,840
2014-03-14,6.16241,6.23666,6.16241,6.23666,23000,2,19100
2014-03-18,6.16241,6.23666,6.16241,6.23666,2000,2,1670
2014-03-19,6.23666,6.23666,5.93967,6.01392,105000,15,84110
2014-03-20,6.01392,6.08817,6.01392,6.08817,62000,5,50830
2014-03-21,5.93967,6.23666,5.93967,6.23666,134000,13,107240
2014-03-24,5.93967,6.23666,5.93967,6.23666,2000,2,1640
2014-03-25,6.23666,6.23666,6.23666,6.23666,3000,1,2520
2014-03-26,6.23666,6.23666,6.23666,6.23666,2000,1,1680
2014-03-27,6.16241,6.38515,6.16241,6.38515,24000,10,20280
2014-03-28,6.08817,6.38515,5.93967,6.38515,372000,10,298090
2014-03-31,6.3109,6.38515,6.3109,6.38515,17000,7,14470
2014-04-01,6.38515,6.38515,6.38515,6.38515,2000,1,1720
2014-04-02,6.3109,6.3109,6.3109,6.3109,12000,5,10200
2014-04-03,6.3109,6.38515,6.3109,6.38515,5000,3,4260
2014-04-04,6.38515,6.38515,6.38515,6.38515,1000,1,860
2014-04-07,6.38515,6.38515,6.38515,6.38515,2000,2,1720
2014-04-08,6.38515,6.38515,6.38515,6.38515,4000,1,3440
2014-04-10,6.3109,6.38515,6.08817,6.38515,15000,7,12690
2014-04-11,6.08817,6.3109,6.08817,6.3109,86000,43,70810
2014-04-14,6.23666,6.3109,6.23666,6.3109,3000,2,2530
2014-04-15,6.3109,6.3109,6.01392,6.23666,59000,27,48570
2014-04-16,6.16241,6.3109,6.16241,6.3109,12000,6,10080
2014-04-17,6.23666,6.3109,6.23666,6.23666,30000,5,25300
2014-04-23,6.23666,6.23666,6.23666,6.23666,11000,2,9240
2014-04-24,6.08817,6.23666,6.08817,6.23666,19000,8,15660
2014-04-28,6.3109,6.3109,6.23666,6.23666,36000,3,30260
2014-04-29,6.3109,6.38515,6.3109,6.38515,48000,11,40930
2014-04-30,6.3109,6.3109,6.3109,6.3109,12000,5,10200
2014-05-02,6.3109,6.38515,6.16241,6.38515,39000,14,33070
2014-05-06,6.38515,6.38515,6.3109,6.38515,35000,4,29850
2014-05-07,6.23666,6.38515,6.23666,6.3109,25000,7,21240
2014-05-08,6.38515,6.38515,6.38515,6.38515,34000,8,29240
2014-05-09,6.53364,6.53364,6.4594,6.4594,6000,3,5240
2014-05-12,6.4594,6.60789,6.4594,6.53364,32000,16,28160
2014-05-13,6.60789,6.75638,6.60789,6.68213,32000,9,28800
2014-05-14,6.60789,6.68213,6.53364,6.68213,42000,13,37660
2014-05-15,6.60789,6.60789,6.60789,6.60789,1000,1,890
2014-05-16,6.68213,6.68213,6.60789,6.68213,16000,7,14310
2014-05-19,6.68213,6.75638,6.68213,6.75638,27000,2,24340
2014-05-20,6.75638,6.75638,6.68213,6.75638,3000,3,2720
2014-05-21,6.68213,6.68213,6.68213,6.68213,4000,1,3600
2014-05-22,6.60789,6.75638,6.60789,6.75638,42000,9,37460
2014-05-23,6.68213,6.68213,6.68213,6.68213,10000,6,9000
2014-05-26,6.60789,6.68213,6.60789,6.68213,8000,7,7140
2014-05-27,6.60789,6.60789,6.38515,6.38515,4000,4,3500
2014-05-28,6.60789,6.60789,6.60789,6.60789,1000,1,890
2014-05-29,6.53364,6.60789,6.53364,6.60789,5000,2,4410
2014-06-02,6.4594,6.60789,6.4594,6.60789,27000,11,23620
2014-06-04,7.10928,7.10928,6.85836,6.942,40000,12,33180
2014-06-05,7.02564,7.02564,6.60744,6.85836,308000,63,246630
2014-06-06,6.942,7.02564,6.85836,7.02564,7000,7,5780
2014-06-09,7.10928,7.19291,7.02564,7.19291,15000,12,12660
2014-06-10,7.19291,7.19291,7.19291,7.19291,2000,1,1720
2014-06-13,7.10928,7.10928,7.02564,7.10928,68000,19,57730
2014-06-16,7.10928,7.10928,7.10928,7.10928,10000,2,8500
2014-06-17,7.19291,7.19291,7.10928,7.10928,20000,5,17120
2014-06-18,7.02564,7.19291,7.02564,7.19291,9000,7,7600
2014-06-20,7.19291,7.19291,7.19291,7.19291,1000,1,860
2014-06-23,7.19291,7.19291,7.19291,7.19291,1000,1,860
2014-06-24,7.10928,7.19291,7.10928,7.19291,11000,5,9370
2014-06-25,7.27655,7.27655,7.02564,7.27655,42000,12,35620
2014-06-26,7.10928,7.36019,7.10928,7.27655,96000,20,82590
2014-06-27,7.27655,7.27655,7.10928,7.27655,41000,9,35550
2014-06-30,7.27655,7.44383,7.27655,7.27655,77000,9,67280
2014-07-01,7.44383,7.44383,7.19291,7.44383,76000,9,66480
2014-07-02,7.44383,7.44383,7.19291,7.36019,121000,10,104330
2014-07-03,7.44383,7.44383,7.44383,7.44383,5000,2,4450
2014-07-04,7.36019,7.36019,7.36019,7.36019,5000,3,4400
2014-07-08,7.36019,7.36019,7.36019,7.36019,5000,2,4400
2014-07-10,7.36019,7.36019,7.36019,7.36019,5000,3,4400
2014-07-11,7.36019,7.36019,7.36019,7.36019,6000,3,5280
2014-07-14,7.27655,7.36019,7.27655,7.36019,60000,16,52780
2014-07-15,7.36019,7.36019,7.36019,7.36019,13000,3,11440
2014-07-16,7.36019,7.36019,7.36019,7.36019,13000,3,11440
2014-07-17,7.36019,7.36019,7.36019,7.36019,170000,12,149600
2014-07-18,7.44383,7.44383,7.36019,7.44383,156000,8,138820
2014-07-21,7.44383,7.44383,7.44383,7.44383,8000,3,7120
2014-07-22,7.36019,7.44383,7.36019,7.44383,73000,7,64960
2014-07-23,7.44383,7.44383,7.44383,7.44383,40000,1,35600
2014-07-24,7.27655,7.36019,7.19291,7.36019,139000,25,120750
2014-07-28,7.36019,7.44383,7.36019,7.44383,8000,3,7050
2014-07-29,7.52747,7.52747,7.36019,7.52747,9000,8,8020
2014-07-31,7.44383,7.44383,7.44383,7.44383,1000,1,890
2014-08-01,7.36019,7.44383,7.36019,7.36019,20000,6,17610
2014-08-04,7.36019,7.44383,7.27655,7.36019,129000,41,112740
2014-08-05,7.44383,7.44383,7.27655,7.44383,14000,5,12220
2014-08-06,7.36019,7.44383,7.36019,7.44383,6000,3,5290
2014-08-07,7.36019,7.36019,7.36019,7.36019,13000,3,11440
2014-08-08,7.36019,7.36019,7.27655,7.36019,69000,9,60050
2014-08-11,7.27655,7.36019,7.27655,7.36019,20000,4,17410
2014-08-12,7.27655,7.44383,7.27655,7.44383,21000,7,18440
2014-08-14,7.36019,7.44383,7.36019,7.44383,2000,2,1770
2014-08-19,7.36019,7.44383,7.36019,7.44383,14000,7,12370
2014-08-20,7.36019,7.44383,7.36019,7.44383,20000,11,17620
2014-08-21,7.36019,7.44383,7.36019,7.44383,27000,7,23770
2014-08-22,7.36019,7.36019,7.36019,7.36019,5000,3,4400
2014-08-25,7.36019,7.44383,7.27655,7.36019,28000,9,24610
2014-08-26,7.36019,7.36019,7.27655,7.36019,9000,6,7900
2014-08-27,7.36019,7.44383,7.36019,7.44383,14000,6,12330
2014-08-28,7.36019,7.44383,7.36019,7.44383,6000,4,5290
2014-08-29,7.36019,7.44383,7.36019,7.44383,43000,12,38030
2014-09-01,7.36019,7.44383,7.36019,7.44383,83000,13,73070
2014-09-02,7.36019,7.44383,7.36019,7.44383,68000,8,59850
2014-09-03,7.36019,7.44383,7.36019,7.44383,7000,4,6170
2014-09-05,7.36019,7.44383,7.36019,7.44383,4000,4,3540
2014-09-09,7.36019,7.36019,7.36019,7.36019,27000,6,23760
2014-09-10,7.36019,7.36019,7.36019,7.36019,23000,6,20240
2014-09-11,7.36019,7.36019,7.36019,7.36019,13000,6,11440
2014-09-12,7.36019,7.36019,7.36019,7.36019,7000,3,6160
2014-09-15,7.36019,7.36019,7.19291,7.36019,20000,7,17470
2014-09-16,7.19291,7.36019,7.19291,7.36019,248000,14,213330
2014-09-17,7.27655,7.27655,7.27655,7.27655,22000,2,19140
2014-09-18,7.27655,7.27655,7.27655,7.27655,32000,5,27840
2014-09-22,7.27655,7.27655,7.27655,7.27655,1000,1,870
2014-09-23,7.19291,7.27655,7.19291,7.19291,58000,8,49900
2014-09-24,7.19291,7.27655,7.19291,7.19291,140000,17,120420
2014-09-25,7.19291,7.27655,7.19291,7.19291,44000,9,37850
2014-09-26,7.27655,7.27655,7.19291,7.27655,102000,7,87740
2014-09-29,7.19291,7.27655,7.10928,7.10928,497000,35,422920
2014-09-30,7.27655,7.27655,7.27655,7.27655,9000,4,7830
2014-10-01,7.02564,7.19291,7.02564,7.19291,24000,4,20580
2014-10-02,7.27655,7.27655,7.19291,7.27655,18000,5,15510
2014-10-03,7.10928,7.27655,7.10928,7.27655,33000,5,28110
2014-10-06,7.36019,7.36019,7.36019,7.36019,1000,1,880
2014-10-08,7.27655,7.36019,7.19291,7.36019,10000,7,8670
2014-10-14,7.19291,7.27655,6.85836,7.27655,33000,6,27950
2014-10-16,7.27655,7.27655,7.19291,7.27655,4000,3,3470
2014-10-17,7.27655,7.36019,7.19291,7.19291,14000,4,12080
2014-10-20,7.19291,7.19291,6.77472,6.77472,18000,7,14880
2014-10-21,7.27655,7.27655,7.27655,7.27655,1000,1,870
2014-10-22,7.19291,7.19291,7.19291,7.19291,2000,1,1720
2014-10-23,7.10928,7.27655,7.10928,7.10928,99000,16,84190
2014-10-27,6.942,7.19291,6.85836,7.19291,46000,8,38170
2014-10-28,6.85836,7.27655,6.85836,7.27655,2000,2,1690
2014-10-29,7.19291,7.27655,7.19291,7.27655,10000,4,8610
2014-10-30,7.19291,7.19291,7.19291,7.19291,1000,1,860
2014-10-31,7.10928,7.19291,7.10928,7.19291,15000,4,12760
2014-11-03,7.19291,7.19291,7.19291,7.19291,5000,2,4300
2014-11-05,7.10928,7.19291,7.10928,7.19291,41000,3,35140
2014-11-06,7.6482,7.73925,7.55715,7.73925,66000,19,55390
2014-11-07,7.4661,7.73925,7.4661,7.73925,14000,4,11650
2014-11-10,7.73925,7.73925,7.73925,7.73925,4000,3,3400
2014-11-11,7.92135,7.92135,7.6482,7.6482,36000,11,30440
2014-11-12,7.6482,7.73925,7.6482,7.73925,28000,5,23700
2014-11-13,7.73925,7.8303,7.73925,7.73925,13000,9,11070
2014-11-14,7.6482,7.73925,7.6482,7.73925,5000,2,4210
2014-11-17,7.73925,7.73925,7.73925,7.73925,16000,1,13600
2014-11-18,7.73925,7.73925,7.73925,7.73925,17000,1,14450
2014-11-19,7.73925,7.8303,7.6482,7.8303,33000,7,28050
2014-11-21,7.73925,7.8303,7.6482,7.8303,78000,11,65680
2014-11-25,7.92135,7.92135,7.8303,7.92135,43000,9,37340
2014-11-26,7.8303,7.92135,7.8303,7.92135,4000,3,3470
2014-12-01,7.73925,7.8303,7.73925,7.73925,32000,14,27220
2014-12-02,7.6482,7.73925,7.6482,7.6482,285000,20,239410
2014-12-03,7.6482,7.73925,7.55715,7.73925,35000,15,29400
2014-12-04,7.55715,7.6482,7.55715,7.6482,14000,7,11640
2014-12-05,7.55715,7.55715,7.55715,7.55715,17000,7,14110
2014-12-08,7.55715,7.55715,7.55715,7.55715,1000,1,830
2014-12-09,7.4661,7.55715,7.4661,7.55715,147000,13,121760
2014-12-10,7.5568,7.74572,7.5568,7.74572,39000,7,31560
2014-12-11,7.65126,7.74572,7.65126,7.65126,23000,19,18660
2014-12-12,7.65126,7.65126,7.5568,7.65126,12000,9,9650
2014-12-15,7.5568,7.5568,7.46234,7.5568,47000,17,37300
2014-12-16,7.65126,7.65126,7.65126,7.65126,6000,1,4860
2014-12-17,7.5568,7.65126,7.5568,7.65126,48000,8,38510
2014-12-18,7.5568,7.65126,7.5568,7.65126,74000,8,59260
2014-12-19,7.65126,7.65126,7.65126,7.65126,2000,1,1620
2014-12-22,7.65126,7.65126,7.5568,7.65126,53000,12,42910
2014-12-23,7.65126,7.65126,7.65126,7.65126,26000,3,21060
2014-12-26,7.65126,7.65126,7.5568,7.5568,24000,8,19380
2014-12-29,7.5568,7.84018,7.5568,7.84018,107000,18,85640
2014-12-30,7.84018,7.84018,7.84018,7.84018,1000,1,830
2015-01-02,7.93464,7.93464,7.93464,7.93464,1000,1,840
2015-01-05,7.74572,7.74572,7.74572,7.74572,1000,1,820
2015-01-06,7.65126,7.65126,7.46234,7.5568,31000,11,24780
2015-01-07,7.5568,7.5568,7.46234,7.5568,107000,16,84640
2015-01-08,7.46234,7.46234,7.27342,7.46234,94000,25,73750
2015-01-09,7.46234,7.46234,7.46234,7.46234,6000,2,4740
2015-01-13,7.36788,7.46234,7.27342,7.36788,14000,5,10910
2015-01-14,7.36788,7.36788,7.27342,7.27342,122000,24,94000
2015-01-15,7.17896,7.36788,7.17896,7.36788,2000,2,1540
2015-01-16,7.27342,7.5568,7.27342,7.5568,7000,3,5420
2015-01-19,7.36788,7.5568,7.36788,7.5568,29000,5,22640
2015-01-21,7.46234,7.5568,7.36788,7.5568,10000,7,7890
2015-01-22,7.36788,7.46234,7.36788,7.46234,30000,7,23410
2015-01-23,7.36788,7.74572,7.36788,7.74572,45000,6,35840
2015-01-28,7.5568,7.65126,7.5568,7.65126,8000,3,6410
2015-01-30,7.5568,7.5568,7.5568,7.5568,30000,1,24000
2015-02-02,7.5568,7.5568,7.46234,7.46234,10000,3,7920
2015-02-03,7.27342,7.36788,7.27342,7.36788,13000,3,10110
2015-02-04,7.36788,7.65126,7.36788,7.65126,12000,6,9510
2015-02-05,7.5568,7.5568,7.5568,7.5568,7000,2,5600
2015-02-06,7.84018,7.84018,7.5568,7.5568,5000,4,4030
2015-02-11,7.5568,7.5568,7.36788,7.36788,18000,3,14090
2015-02-12,7.46234,7.5568,7.27342,7.27342,93000,15,72020
2015-02-13,7.27342,7.27342,7.17896,7.17896,84000,19,64380
2015-02-18,7.17896,7.17896,7.17896,7.17896,95000,15,72200
2015-02-19,7.17896,7.27342,7.17896,7.27342,42000,10,32140
2015-02-20,7.17896,7.27342,7.17896,7.27342,58000,10,44100
2015-02-23,7.27342,7.36788,7.27342,7.27342,24000,4,18500
2015-02-24,7.36788,7.36788,7.27342,7.27342,12000,4,9250
2015-02-25,7.27342,7.36788,7.27342,7.36788,3000,3,2320
2015-02-26,7.36788,7.36788,7.27342,7.36788,15000,5,11600
2015-02-27,7.27342,7.36788,7.17896,7.36788,34000,10,25980
2015-03-02,7.36788,7.36788,7.27342,7.36788,8000,5,6210
2015-03-03,7.36788,7.46234,7.36788,7.46234,10000,5,7810
2015-03-04,7.36788,7.36788,7.27342,7.36788,36000,9,27770
2015-03-05,7.27342,7.27342,7.27342,7.27342,6000,4,4620
2015-03-06,7.27342,7.36788,7.17896,7.36788,21000,5,16170
2015-03-09,7.27342,7.27342,7.27342,7.27342,1000,1,770
2015-03-10,7.46234,7.46234,7.17896,7.27342,16000,8,12440
2015-03-11,7.36788,7.36788,7.36788,7.36788,20000,3,15600
2015-03-12,7.36788,7.36788,7.36788,7.36788,1000,1,780
2015-03-16,7.36788,7.46234,7.36788,7.46234,6000,3,4690
2015-03-17,7.36788,7.46234,7.36788,7.46234,5000,3,3910
2015-03-18,7.46234,7.65126,7.46234,7.65126,34000,12,27170
2015-03-19,7.5568,7.5568,7.5568,7.5568,27000,1,21600
2015-03-20,7.65126,7.74572,7.65126,7.74572,15000,6,12270
2015-03-23,7.74572,7.74572,7.74572,7.74572,7000,2,5740
2015-03-24,7.74572,7.74572,7.74572,7.74572,1000,1,820
2015-03-25,7.74572,7.74572,7.74572,7.74572,29000,7,23780
2015-03-26,7.74572,7.74572,7.65126,7.74572,12000,5,9740
2015-03-27,7.74572,7.74572,7.74572,7.74572,3000,3,2460
2015-03-30,7.74572,7.74572,7.65126,7.74572,13000,8,10640
2015-03-31,7.74572,7.74572,7.65126,7.74572,10000,6,8190
2015-04-01,7.84018,7.84018,7.65126,7.84018,5000,4,4100
2015-04-02,7.65126,7.93464,7.65126,7.93464,14000,6,11610
2015-04-06,7.65126,7.93464,7.5568,7.93464,5000,4,4060
2015-04-08,7.93464,8.0291,7.93464,8.0291,15000,9,12650
2015-04-09,8.0291,8.0291,8.0291,8.0291,5000,2,4250
2015-04-10,8.0291,8.0291,8.0291,8.0291,5000,3,4250
2015-04-13,7.74572,8.0291,7.74572,8.0291,5000,3,4130
2015-04-14,8.0291,8.0291,8.0291,8.0291,2000,2,1700
2015-04-15,8.0291,8.12356,8.0291,8.12356,5000,4,4260
2015-04-16,8.0291,8.0291,8.0291,8.0291,1000,1,850
2015-04-20,7.93464,7.93464,7.93464,7.93464,2000,1,1680
2015-04-23,7.93464,8.0291,7.84018,8.0291,18000,6,15180
2015-04-24,7.93464,7.93464,7.93464,7.93464,1000,1,840
2015-04-27,7.93464,7.93464,7.84018,7.93464,5000,4,4190
2015-04-28,7.84018,7.93464,7.84018,7.93464,11000,6,9140
2015-04-29,7.84018,7.84018,7.84018,7.84018,2000,2,1660
2015-04-30,7.84018,7.84018,7.84018,7.84018,1000,1,830
2015-05-04,7.84018,7.93464,7.65126,7.74572,27000,17,22240
2015-05-05,7.74572,7.84018,7.65126,7.84018,39000,9,31940
2015-05-06,7.74572,7.74572,7.65126,7.65126,52000,12,42350
2015-05-07,7.65126,7.84018,7.65126,7.84018,33000,11,26790
2015-05-08,7.84018,7.84018,7.5568,7.74572,59000,17,47280
2015-05-11,7.65126,7.74572,7.65126,7.74572,2000,2,1630
2015-05-13,7.74572,7.84018,7.74572,7.84018,32000,8,26270
2015-05-14,7.5568,7.84018,7.5568,7.65126,4000,4,3260
2015-05-15,7.74572,7.74572,7.74572,7.74572,1000,1,820
2015-05-18,7.74572,7.84018,7.65126,7.65126,79000,11,64810
2015-05-19,7.74572,7.74572,7.74572,7.74572,7000,3,5740
2015-05-20,7.74572,7.74572,7.65126,7.65126,43000,9,34920
2015-05-21,7.5568,7.74572,7.5568,7.65126,192000,22,155170
2015-05-22,7.65126,7.74572,7.65126,7.65126,46000,13,37270
2015-05-26,7.74572,7.74572,7.5568,7.5568,14000,6,11280
2015-05-28,7.5568,7.5568,7.5568,7.5568,1000,1,800
2015-05-29,7.74572,7.74572,7.5568,7.5568,21000,6,16940
2015-06-01,7.5568,7.5568,7.5568,7.5568,1000,1,800
2015-06-02,7.65126,7.65126,7.65126,7.65126,1000,1,810
2015-06-03,7.65126,7.74572,7.65126,7.65126,91000,21,73720
2015-06-05,7.46234,7.65126,7.46234,7.65126,27000,10,21540
2015-06-08,7.5568,7.74572,7.5568,7.74572,78000,25,63030
2015-06-09,7.5568,7.84018,7.5568,7.84018,114000,38,93020
2015-06-10,7.65126,7.74572,7.65126,7.74572,30000,13,24350
2015-06-11,7.65126,7.74572,7.5568,7.5568,38000,13,30660
2015-06-12,7.5568,7.65126,7.5568,7.5568,28000,10,22410
2015-06-15,7.46234,7.5568,7.46234,7.5568,41000,11,32460
2015-06-16,7.46234,7.65126,7.36788,7.46234,24000,12,18930
2015-06-17,7.46234,7.46234,7.36788,7.36788,14000,10,10960
2015-06-18,7.46234,7.46234,7.46234,7.46234,2000,1,1580
2015-06-19,7.46234,7.46234,7.36788,7.46234,31000,12,24250
2015-06-22,7.46234,7.46234,7.36788,7.46234,13000,6,10180
2015-06-23,7.36788,7.46234,7.36788,7.46234,9000,4,7030
2015-06-24,7.36788,7.36788,7.27342,7.36788,14000,8,10800
2015-06-25,7.36788,7.46234,7.17896,7.46234,10000,9,7800
2015-06-29,7.36788,7.36788,7.27342,7.27342,13000,8,10020
2015-06-30,7.36788,7.36788,6.99004,6.99004,87000,29,65410
2015-07-01,7.0845,7.0845,7.0845,7.0845,12000,5,9000
2015-07-02,7.17896,7.17896,7.17896,7.17896,2000,2,1520
2015-07-03,7.0845,7.0845,6.89558,7.0845,25000,15,18330
2015-07-06,6.89558,6.99004,6.6122,6.99004,45000,22,32190
2015-07-08,6.89558,6.89558,6.6122,6.80112,44000,6,30980
2015-07-10,6.99004,7.0845,6.99004,7.0845,2000,2,1490
2015-07-13,6.99004,6.99004,6.99004,6.99004,1000,1,740
2015-07-20,6.80112,6.80112,6.6122,6.80112,33000,13,23210
2015-07-21,6.70666,6.80112,6.42328,6.6122,18000,12,12480
2015-07-22,6.6122,6.6122,6.1399,6.32882,95000,29,63530
2015-07-23,6.23436,6.32882,6.1399,6.32882,24000,15,15870
2015-07-24,6.23436,6.32882,6.04544,6.32882,51000,13,33170
2015-07-27,6.04544,6.23436,6.04544,6.04544,31000,14,20340
2015-07-28,6.04544,6.32882,6.04544,6.32882,12000,6,7950
2015-07-29,6.32882,6.32882,6.23436,6.23436,28000,9,18490
2015-07-30,6.23436,6.23436,6.1399,6.1399,8000,7,5220
2015-07-31,6.23436,6.23436,6.23436,6.23436,100000,3,66000
2015-08-03,6.23436,6.23436,6.1399,6.1399,18000,8,11760
2015-08-04,6.1399,6.23436,6.1399,6.1399,22000,12,14350
2015-08-05,6.23436,6.23436,6.1399,6.1399,3000,3,1960
2015-08-06,6.1399,6.1399,6.1399,6.1399,2000,2,1300
2015-08-07,6.1399,6.23436,6.1399,6.23436,10000,3,6580
2015-08-10,6.23436,6.23436,6.23436,6.23436,1000,1,660
2015-08-11,6.23436,6.23436,6.23436,6.23436,1000,1,660
2015-08-12,6.23436,6.23436,6.23436,6.23436,3000,1,1980
2015-08-13,6.23436,6.23436,6.23436,6.23436,7000,2,4620
2015-08-14,6.23436,6.23436,6.23436,6.23436,5000,2,3300
2015-08-17,6.42328,6.42328,6.42328,6.42328,1000,1,680
2015-08-18,6.42328,6.6122,6.42328,6.6122,8000,4,5480
2015-08-21,6.51774,6.51774,6.51774,6.51774,7000,3,4830
2015-08-24,6.1399,6.42328,6.1399,6.42328,16000,4,10430
2015-08-26,6.42328,6.42328,6.42328,6.42328,2000,1,1360
2015-08-28,6.42328,6.42328,5.6676,6.32882,28000,21,17840
2015-08-31,6.1399,6.1399,6.1399,6.1399,291000,7,189150
2015-09-02,6.04544,6.23436,5.95098,6.23436,13000,4,8230
2015-09-03,6.04544,6.04544,6.04544,6.04544,3000,2,1920
2015-09-04,6.04544,6.1399,6.04544,6.1399,4000,4,2570
2015-09-08,6.1399,6.1399,6.04544,6.04544,7000,2,4530
2015-09-09,6.1399,6.1399,6.1399,6.1399,84000,4,54600
2015-09-10,6.04544,6.04544,5.95098,6.04544,7000,4,4430
2015-09-11,5.95098,6.1399,5.85652,6.1399,9000,4,5670
2015-09-14,6.04544,6.04544,6.04544,6.04544,100000,9,64000
2015-09-15,6.04544,6.32882,6.04544,6.32882,40000,14,25850
2015-09-16,6.32882,6.32882,6.23436,6.32882,13000,7,8600
2015-09-18,6.93336,6.93336,6.93336,6.93336,200,1,1468
2015-09-21,6.32882,6.42328,6.32882,6.42328,2000,3,13550
2015-09-22,6.23436,6.41383,6.23436,6.41383,1100,2,7279
2015-09-23,6.39494,6.41383,6.39494,6.39494,3300,5,22393
2015-09-24,6.39494,6.40439,6.39494,6.40439,900,3,6099
2015-09-28,6.40439,6.40439,6.40439,6.40439,1000,1,6780
2015-09-29,5.95098,6.39494,5.95098,6.39494,300,3,1957
2015-09-30,6.23436,6.3666,6.23436,6.3666,1200,3,7944
2015-10-01,6.32882,6.32882,6.28159,6.31937,3700,6,24774
2015-10-02,6.31937,6.35716,6.1399,6.35716,3800,7,24974
2015-10-05,6.32882,6.32882,6.23436,6.23436,2100,5,14020
2015-10-06,6.24381,6.24381,6.23436,6.23436,1200,3,7931
2015-10-07,6.23436,6.23436,6.23436,6.23436,800,2,5280
2015-10-08,6.06433,6.20602,6.06433,6.20602,600,3,3927
2015-10-13,6.16824,6.16824,6.12101,6.14935,3500,6,22783
2015-10-14,6.11156,6.11156,5.98876,6.11156,2800,12,18034
2015-10-15,5.98876,6.09267,5.85652,5.87541,6800,18,43014
2015-10-16,5.85652,5.90375,5.85652,5.85652,2800,9,17365
2015-10-19,5.85652,5.85652,5.83763,5.83763,4500,7,27894
2015-10-20,5.82818,5.83763,5.78095,5.78095,4000,9,24700
2015-10-21,5.77151,5.77151,5.63926,5.6676,10000,18,60644
2015-10-22,5.67705,5.67705,5.62037,5.62037,3100,13,18616
2015-10-23,5.62037,5.62037,5.62037,5.62037,700,4,4165
2015-10-26,5.61092,5.62037,5.58259,5.58259,2700,12,16038
2015-10-27,5.62037,5.62037,5.57314,5.57314,800,7,4738
2015-10-28,5.57314,5.57314,5.53536,5.53536,1300,7,7662
2015-10-29,5.57314,5.57314,5.39367,5.56369,5300,20,30773
2015-10-30,5.56369,5.56369,5.56369,5.56369,400,1,2356
2015-11-03,5.56369,5.56369,5.56369,5.56369,1200,6,7068
2015-11-04,5.56369,5.56369,5.56369,5.56369,900,3,5301
2015-11-05,5.56369,5.56369,5.56369,5.56369,900,1,5301
2015-11-06,5.6676,5.6676,5.6676,5.6676,200,2,1200
2015-11-10,5.57314,5.57314,5.45034,5.45034,1900,10,11010
2015-11-11,5.75,5.75,5.75,5.75,100,1,575
2015-11-12,5.75,5.75,5.75,5.75,2900,3,16675
2015-11-13,5.75,5.75,5.75,5.75,200,1,1150
2015-11-16,5.41,5.75,5.41,5.75,1000,10,5542
2015-11-17,5.45,5.56,5.45,5.56,400,4,2202
2015-11-18,5.72,5.72,5.45,5.45,3300,4,18012
2015-11-23,5.55,5.6,5.55,5.6,1800,4,10005
2015-11-24,5.45,5.51,5.4,5.42,5200,13,28221
2015-11-25,5.42,5.43,5.42,5.43,300,3,1627
2015-11-26,5.43,5.43,5.43,5.43,100,1,543
2015-11-27,5.42,5.42,5.42,5.42,200,2,1084
2015-11-30,5.42,5.65,5.35,5.65,11800,5,63185
2015-12-02,5.35,5.59,5.35,5.59,5100,9,27309
2015-12-15,5.48,5.48,5.48,5.48,600,3,3288
2015-12-16,5.45,5.54,5.45,5.54,2500,6,13634
2015-12-17,5.55,5.55,5.55,5.55,2000,2,11100
2015-12-18,5.45,5.55,5.45,5.55,3000,4,16360
2015-12-28,5.3,5.3,5.3,5.3,1700,2,9010
2015-12-29,5.5,5.5,5.4,5.5,5100,4,28000
2015-12-30,5.59,5.59,5.59,5.59,3500,2,19565
2016-01-06,5.31,5.4,5.3,5.4,5500,4,29210
2016-01-07,5.36,5.36,5.36,5.36,200,1,1072
2016-01-08,5.3,5.3,5.25,5.25,1700,3,8935
2016-01-11,5.24,5.24,5.24,5.24,100,1,524
2016-01-14,4.94,4.94,4.94,4.94,5400,8,26676
2016-01-15,4.86,4.86,4.8,4.85,15700,8,75494
2016-01-18,4.8,4.85,4.8,4.85,600,3,2890
2016-01-20,4.7,4.7,4.7,4.7,1700,4,7990
2016-01-21,4.85,4.85,4.85,4.85,300,1,1455
2016-01-22,4.75,4.75,4.75,4.75,100,1,475
2016-01-28,4.75,4.75,4.32,4.7,6600,17,30001
2016-02-02,4.4,4.4,4.39,4.39,5200,13,22860
2016-02-03,4.4,4.5,4.3,4.5,1900,7,8406
2016-02-04,4.67,4.67,4.5,4.5,1100,5,4984
2016-02-05,4.2,4.4,4.2,4.37,7300,15,31085
2016-02-10,4.37,4.37,4.37,4.37,600,2,2622
2016-02-11,4.3,4.3,4.2,4.2,1800,7,7630
2016-02-12,4.35,4.35,4.22,4.22,600,3,2558
2016-02-15,4.2,4.2,4.2,4.2,500,2,2100
2016-02-16,4.13,4.15,3.92,3.92,10400,28,41877
2016-02-17,4.14,4.14,3.92,3.94,6900,25,27341
2016-02-18,3.94,3.94,3.93,3.94,4400,8,17322
2016-02-19,3.92,3.94,3.91,3.94,1700,6,6685
2016-02-22,3.94,3.98,3.9,3.98,4300,6,16911
2016-02-23,3.92,3.98,3.9,3.98,1100,4,4304
2016-02-24,3.9,4.13,3.86,3.86,3100,11,12257
2016-02-25,3.86,3.86,3.85,3.85,2500,10,9629
2016-02-26,3.85,3.94,3.84,3.94,500,3,1932
2016-02-29,3.93,3.93,3.84,3.9,6500,11,25039
2016-03-01,3.92,3.94,3.92,3.94,4500,6,17722
2016-03-02,3.94,4.14,3.93,4.14,10600,14,42420
2016-03-03,4.14,4.24,4.14,4.24,500,3,2080
2016-03-04,4.4,4.4,4.4,4.4,300,1,1320
2016-03-08,4.21,4.35,4.21,4.35,3800,5,16012
2016-03-11,4.31,4.31,4.2,4.3,14800,9,63331
2016-03-15,4.2,4.2,4.05,4.19,1300,6,5391
2016-03-16,4.2,4.2,4.2,4.2,1000,2,4200
2016-03-17,4.19,4.2,4.19,4.2,200,2,839
2016-03-18,4.2,4.34,4.2,4.34,1000,2,4228
2016-03-22,4.03,4.32,4.03,4.32,3000,8,12282
2016-03-23,4.14,4.32,4.14,4.32,300,3,1277
2016-03-24,4.12,4.31,4.12,4.31,200,2,843
2016-03-28,4.3,4.3,4.3,4.3,1000,4,4300
2016-03-30,4.32,4.41,4.3,4.41,7000,12,30372
2016-03-31,4.35,4.39,4.3,4.39,4300,8,18564
2016-04-01,4.39,4.4,4.39,4.4,1000,6,4394
2016-04-04,4.4,4.4,4.4,4.4,200,2,880
2016-04-07,4.36,4.36,4.36,4.36,1000,2,4360
2016-04-11,4.38,4.4,4.38,4.4,1400,4,6157
2016-04-12,4.37,4.45,4.37,4.45,2200,3,9682
2016-04-13,4.45,4.7,4.45,4.7,1300,6,5910
2016-04-14,4.7,4.7,4.7,4.7,100,1,470
2016-04-15,4.7,4.75,4.7,4.7,2900,6,13655
2016-04-18,4.75,4.8,4.75,4.8,2900,5,13780
2016-04-19,4.8,5.09,4.8,5.09,2500,5,12141
2016-04-22,4.8,4.84,4.8,4.83,2500,7,12060
2016-04-29,4.83,4.83,4.82,4.82,400,2,1929
2016-05-03,4.82,4.82,4.82,4.82,100,1,482
2016-05-04,4.7,4.82,4.65,4.82,2200,6,10314
2016-05-05,4.6,4.81,4.42,4.81,13800,16,61179
2016-05-09,4.8,4.81,4.5,4.59,2800,6,12920
2016-05-10,4.59,4.59,4.44,4.59,300,3,1362
2016-05-12,4.7,4.7,4.69,4.7,7200,11,33837
2016-05-13,4.7,4.7,4.7,4.7,200,1,940
2016-05-16,4.75,4.8,4.69,4.69,1700,3,8055
2016-05-18,4.69,4.69,4.6,4.69,2800,7,12899
2016-05-19,4.43,4.5,4.41,4.41,27000,20,119100
2016-05-23,4.43,4.43,4.41,4.42,2700,7,11941
2016-05-24,4.44,4.5,4.43,4.45,2000,6,8873
2016-05-25,4.45,4.45,4.41,4.42,38600,14,170474
2016-05-30,4.42,4.42,4.42,4.42,1800,2,7956
2016-05-31,4.7,4.7,4.7,4.7,100,1,470
2016-06-01,4.6,4.6,4.6,4.6,200,1,920
2016-06-02,4.59,4.59,4.58,4.58,500,3,2293
2016-06-08,4.49,4.58,4.48,4.58,500,3,2261
2016-06-10,4.57,4.57,4.57,4.57,100,1,457
2016-06-13,4.43,4.57,4.42,4.57,3300,4,14604
2016-06-14,4.42,4.54,4.42,4.54,1500,4,6642
2016-06-21,4.53,4.53,4.53,4.53,300,1,1359
2016-06-22,4.5,4.53,4.5,4.53,12400,16,56124
2016-06-23,4.53,4.53,4.53,4.53,200,2,906
2016-06-24,4.52,4.52,4.41,4.5,2000,6,8861
2016-06-27,4.5,4.5,4.5,4.5,100,1,450
2016-06-28,4.48,4.51,4.43,4.51,1100,7,4897
2016-06-29,4.52,4.52,4.5,4.52,2000,9,9008
2016-06-30,4.45,4.52,4.45,4.52,1100,2,4902
2016-07-01,4.51,4.52,4.5,4.5,2500,7,11274
2016-07-04,4.52,4.52,4.52,4.52,200,2,904
2016-07-05,4.52,4.52,4.52,4.52,3300,7,14916
2016-07-06,4.5,4.52,4.5,4.52,2700,7,12152
2016-07-07,4.52,4.55,4.52,4.55,15500,9,70128
2016-07-08,4.54,4.59,4.54,4.58,5100,12,23259
2016-07-11,4.57,4.57,4.57,4.57,300,1,1371
2016-07-12,7.35,7.51,7.01,7.01,35100,53,253919
2016-07-13,7.01,7.2,7.01,7.05,32200,31,226643
2016-07-14,7.06,7.06,7.04,7.06,3000,8,21165
2016-07-15,7.05,7.06,7.04,7.04,20700,14,145879
2016-07-18,7.27,7.27,7.07,7.12,600,6,4272
2016-07-19,7.11,7.15,7.08,7.15,35700,37,253730
2016-07-20,7.09,7.12,7.06,7.12,16400,17,115976
2016-07-21,7.07,7.12,7.06,7.12,18200,17,128603
2016-07-22,7.11,7.11,7.11,7.11,800,2,5688
2016-07-25,7.11,7.15,7.11,7.15,700,5,4983
2016-07-26,7.11,7.16,7.11,7.13,8300,12,59096
2016-07-27,7.12,7.13,7.12,7.12,4000,4,28481
2016-07-28,7.11,7.13,7.11,7.13,500,3,3559
2016-07-29,7.1,7.15,7.1,7.15,4700,8,33468
2016-08-01,7.15,7.15,7.08,7.08,2900,8,20628
2016-08-02,7.12,7.12,7.12,7.12,2700,2,19224
2016-08-03,7.12,7.12,7.12,7.12,1500,4,10680
2016-08-04,7.19,7.19,7.19,7.19,2600,3,18694
2016-08-05,7.19,7.19,7.14,7.19,6100,4,43854
2016-08-08,7.19,7.19,7.19,7.19,6400,4,46016
2016-08-09,7.15,7.2,7.11,7.2,46600,35,333136
2016-08-10,7.24,7.5,7.15,7.5,83100,18,604587
2016-08-11,7.49,7.55,7.49,7.49,21100,6,159103
2016-08-12,7.49,7.5,7.49,7.5,5100,2,38249
2016-08-16,7.4,7.5,7.4,7.4,2000,7,14831
2016-08-17,7.48,7.48,7.48,7.48,100,1,748
2016-08-18,7.47,7.47,7.24,7.24,5700,5,42500
2016-08-19,7.51,7.55,7.5,7.5,43200,10,324264
2016-08-22,7.48,7.55,7.31,7.55,3400,4,25563
2016-08-23,7.26,7.59,7.21,7.55,1500,8,10926
2016-08-25,7.57,7.62,7.35,7.62,12800,6,96565
2016-08-26,7.6,7.6,7.6,7.6,17800,14,135280
2016-08-29,7.35,7.6,7.35,7.6,400,4,3013
2016-08-30,7.6,7.6,7.6,7.6,4800,3,36480
2016-08-31,7.31,7.59,7.31,7.59,200,2,1490
2016-09-01,7.5,7.6,7.5,7.55,10100,8,76588
2016-09-02,7.55,7.55,7.5,7.55,5000,5,37511
2016-09-05,7.55,7.6,7.55,7.6,4900,3,37235
2016-09-06,7.6,7.6,7.6,7.6,12600,13,95760
2016-09-08,7.6,7.6,7.6,7.6,3000,5,22800
2016-09-09,7.6,7.6,7.59,7.6,8100,7,61549
2016-09-12,7.6,7.6,7.6,7.6,6000,3,45600
2016-09-13,7.6,7.6,7.5,7.6,20300,8,153272
2016-09-14,7.5,7.6,7.33,7.6,11100,5,83224
2016-09-16,7.35,7.65,7.35,7.64,3900,8,29656
2016-09-19,7.44,7.62,7.44,7.62,200,2,1506
2016-09-20,7.61,7.61,7.61,7.61,100,1,761
2016-09-21,7.6,7.6,7.5,7.5,12400,9,93024
2016-09-22,7.62,7.62,7.62,7.62,100,1,762
2016-09-23,7.52,7.65,7.52,7.65,1700,3,12917
2016-09-26,7.6,7.6,7.6,7.6,3100,2,23560
2016-09-27,7.65,7.65,7.5,7.65,24700,12,186914
2016-09-28,7.65,7.65,7.65,7.65,5100,2,39015
2016-09-30,7.6,7.6,7.59,7.6,500,4,3799
2016-10-03,7.52,7.62,7.51,7.62,4400,4,33056
2016-10-04,7.55,7.63,7.5,7.63,1400,8,10532
2016-10-05,7.51,7.55,7.51,7.55,600,4,4516
2016-10-06,7.6,7.6,7.6,7.6,100,1,760
2016-10-07,7.6,7.6,7.6,7.6,100,1,760
2016-10-10,7.59,7.59,7.48,7.48,5700,8,42668
2016-10-11,7.49,7.59,7.2,7.59,25700,6,185244
2016-10-14,7.38,7.57,7.37,7.4,1400,8,10372
2016-10-17,7.48,7.49,7.41,7.41,3100,9,23070
2016-10-18,7.41,7.41,7.39,7.39,6100,8,45139
2016-10-19,7.4,7.4,7.4,7.4,400,3,2960
2016-10-20,7.36,7.58,7.36,7.58,1900,4,14086
2016-10-21,7.4,7.55,7.4,7.5,25300,4,187254
2016-10-24,7.4,7.5,7.4,7.5,25200,3,186490
2016-10-25,7.45,7.5,7.45,7.5,400,3,2990
2016-10-27,7.48,7.48,7.35,7.46,9100,5,67363
2016-10-28,7.44,7.57,7.44,7.57,5700,4,42454
2016-11-03,7.35,7.53,7.35,7.53,13700,7,100743
2016-11-07,7.54,7.58,7.51,7.58,23700,13,178677
2016-11-08,7.6,7.75,7.6,7.61,11800,10,89750
2016-11-09,7.61,7.64,7.61,7.64,10500,10,80107
2016-11-10,7.64,7.67,7.62,7.67,16800,12,128248
2016-11-11,7.64,7.67,7.61,7.64,30700,23,234604
2016-11-14,7.67,7.67,7.64,7.65,14600,9,111696
2016-11-16,7.62,7.65,7.62,7.65,1100,4,8395
2016-11-17,7.62,7.68,7.62,7.68,7400,7,56527
2016-11-21,7.62,7.7,7.62,7.69,7700,14,59049
2016-11-22,7.65,7.69,7.65,7.69,2000,3,15316
2016-11-23,7.69,7.7,7.66,7.68,11300,9,86877
2016-11-24,7.72,7.72,7.7,7.7,21300,5,164338
2016-11-25,7.72,7.77,7.69,7.77,11600,9,89640
2016-11-28,7.67,7.74,7.67,7.74,4300,9,33240
2016-11-29,7.74,7.75,7.73,7.75,20700,6,160313
2016-11-30,7.74,7.77,7.74,7.77,20100,23,155845
2016-12-01,7.76,7.76,7.71,7.75,32300,24,250006
2016-12-02,7.75,7.75,7.71,7.73,74600,18,576698
2016-12-05,7.73,7.76,7.71,7.76,40000,9,309596
2016-12-06,7.74,7.74,7.74,7.74,10000,1,77400
2016-12-08,7.4,7.82,7.4,7.53,448100,20,3502793
2016-12-09,7.6,7.65,7.6,7.65,3000,2,22900
2016-12-12,7.56,7.56,7.56,7.56,400,1,3024
2016-12-13,7.57,7.57,7.57,7.57,300,1,2271
2016-12-15,7.57,7.57,7.57,7.57,800,1,6056
2016-12-16,7.61,7.61,7.61,7.61,300,1,2283
2016-12-20,7.62,7.62,7.62,7.62,2500,1,19050
