Date,Open,High,Low,Close,Volume,Neg,Fin
2021-07-29,12.87,14.11,12.56,13.93,12894300,18136,172527862
2021-07-30,13.89,14.34,13.68,13.98,1007000,3837,14023946
2021-08-02,13.98,14.34,13.22,13.61,2443500,5377,33620848
2021-08-03,13.6,13.6,13.05,13.4,677600,2221,8945044
2021-08-04,13.42,13.74,12.9,13.06,990200,1709,12942749
2021-08-05,13.27,13.37,12.9,12.91,555200,1513,7176942
2021-08-06,12.89,13.49,12.89,13.49,189700,361,2522068
2021-08-09,13.49,13.88,13.2,13.6,230900,575,3108850
2021-08-10,13.6,13.88,13.38,13.38,233700,751,3152201
2021-08-11,13.28,13.62,13.03,13.32,661300,1250,8805444
2021-08-12,13.16,13.68,13.1,13.38,386300,872,5189647
2021-08-13,13.59,13.59,12.95,13.25,1018200,1908,13351299
2021-08-16,13.11,13.23,12.85,12.85,781600,1066,10143258
2021-08-17,12.8,12.98,11.93,12.57,1091400,2285,13431341
2021-08-18,12.7,13.33,12.43,12.75,1210600,1283,15250778
2021-08-19,12.75,12.75,12.13,12.47,691200,1077,8573350
2021-08-20,12.69,12.7,12.4,12.7,663600,303,8315832
2021-08-23,12.71,12.88,12.6,12.6,332100,445,4240790
2021-08-24,12.39,12.93,12.39,12.93,267400,390,3395588
2021-08-25,13.05,13.08,12.73,12.96,482900,675,6217096
2021-08-26,12.87,13.12,12.78,12.88,177900,268,2291269
2021-08-27,12.96,13.12,12.84,12.84,657200,950,8537077
2021-08-30,12.7,13.03,12.67,12.67,59700,188,763028
2021-08-31,12.75,12.84,12.54,12.84,124500,291,1586121
2021-09-01,12.84,12.86,12.33,12.33,106500,375,1337376
2021-09-02,12.33,12.33,11.93,11.93,124300,488,1498782
2021-09-03,11.93,12.19,11.28,11.9,5798700,479,65730648
2021-09-06,11.88,12.68,11.88,12.15,119400,402,1458323
2021-09-08,12.1,12.1,11.46,11.85,472200,958,5543761
2021-09-09,11.72,11.91,11.44,11.44,351300,791,4073861
2021-09-10,11.75,12.1,11.05,11.05,367900,932,4109955
2021-09-13,11.21,11.59,11.02,11.02,95700,442,1072773
2021-09-14,11.11,11.59,10.95,11.0,144500,517,1604230
2021-09-15,11.0,11.3,10.74,10.93,110500,328,1206169
2021-09-16,10.96,10.99,10.49,10.55,210100,554,2231255
2021-09-17,10.49,10.49,10.14,10.37,555600,1547,5716994
2021-09-20,10.1,10.5,9.72,9.72,669200,1125,6618447
2021-09-21,10.3,10.3,9.9,10.04,61400,302,617656
2021-09-22,10.19,10.61,10.12,10.59,221300,573,2300725
2021-09-23,10.48,10.9,10.48,10.9,80300,228,870146
2021-09-24,10.82,11.6,10.55,11.3,217400,540,2432695
2021-09-27,12.07,12.09,11.2,11.2,199200,548,2316879
2021-09-28,11.15,11.39,10.7,10.71,149700,280,1634452
2021-09-29,10.73,11.46,10.73,10.76,148700,391,1626243
2021-09-30,10.89,11.06,10.83,10.84,256800,1445,2809794
2021-10-01,10.9,11.34,10.55,11.34,262800,692,2869611
2021-10-04,11.02,11.4,10.57,10.65,196700,362,2107735
2021-10-05,10.85,11.0,10.38,10.65,253100,661,2691091
2021-10-06,10.63,10.66,9.65,10.6,728200,1587,7349214
2021-10-07,10.5,10.74,9.68,9.79,2628100,1094,25850200
2021-10-08,9.89,10.05,9.6,9.81,530900,1601,5245640
2021-10-11,9.81,9.95,9.58,9.58,113500,453,1107912
2021-10-13,9.76,9.76,9.16,9.67,434500,2117,4090142
2021-10-14,9.56,9.76,9.08,9.15,287400,822,2650041
2021-10-15,9.1,9.23,8.81,9.0,4648300,864,41382238
2021-10-18,8.9,9.06,8.8,8.99,281600,432,2517310
2021-10-19,8.8,9.04,8.42,8.62,206400,574,1793467
2021-10-20,8.77,9.6,8.74,9.15,585300,3133,5337072
2021-10-21,8.89,8.99,8.26,8.69,275100,889,2342914
2021-10-22,8.59,8.69,7.6,8.38,686100,2365,5528018
2021-10-25,8.45,8.89,8.36,8.69,319700,1521,2801585
2021-10-26,8.72,8.85,8.62,8.62,203700,1073,1781830
2021-10-27,8.62,8.79,8.43,8.54,154700,473,1323692
2021-10-28,8.53,8.59,8.19,8.19,86200,323,713316
2021-10-29,8.19,8.21,7.67,7.76,383400,1264,3010659
2021-11-01,7.82,8.0,7.35,7.5,366600,1561,2793582
2021-11-03,7.5,7.94,7.26,7.6,539800,1903,4093040
2021-11-04,7.67,8.34,6.42,7.73,2129200,4192,15699199
2021-11-05,8.2,8.21,7.43,7.56,1858400,3639,14372528
2021-11-08,7.58,7.65,6.94,7.45,1290200,2031,9318328
2021-11-09,7.52,7.57,6.84,6.9,1490400,2552,10467432
2021-11-10,6.98,7.29,6.7,7.02,805000,1629,5615805
2021-11-11,7.07,7.31,7.0,7.24,257800,1332,1857094
2021-11-12,7.34,7.34,6.92,6.92,174500,860,1225136
2021-11-16,6.95,7.0,6.5,6.5,261600,986,1731890
2021-11-17,6.57,6.67,6.15,6.22,281500,990,1780559
2021-11-18,6.31,6.39,6.03,6.39,235900,901,1476284
2021-11-19,6.45,6.88,6.22,6.85,427600,1688,2848279
2021-11-22,6.85,7.0,6.38,6.49,354200,1149,2317527
2021-11-23,6.5,6.68,6.33,6.49,177600,720,1150498
2021-11-24,6.46,6.57,6.15,6.57,290500,1013,1846446
2021-11-25,6.61,6.9,6.51,6.7,240800,996,1608321
2021-11-26,6.5,6.66,6.3,6.3,327700,1197,2113536
2021-11-29,6.45,6.53,6.1,6.1,237100,873,1478757
2021-11-30,6.11,6.14,5.52,5.7,466700,1557,2680871
2021-12-01,5.75,5.87,5.28,5.79,513300,942,2918281
2021-12-02,5.96,5.99,5.5,5.64,423800,1431,2390787
2021-12-03,5.7,5.7,5.32,5.5,631400,2189,3468883
2021-12-06,5.5,5.82,5.45,5.56,282100,1298,1594499
2021-12-07,5.62,5.95,5.52,5.66,278600,732,1590659
2021-12-08,5.72,5.73,5.35,5.41,1203500,3313,6576237
2021-12-09,5.41,5.41,5.2,5.28,190100,832,1007588
2021-12-10,5.34,5.44,5.14,5.27,241300,975,1278247
2021-12-13,5.39,5.4,5.05,5.05,381300,1561,1975115
2021-12-14,5.11,5.26,4.86,4.99,665000,1885,3332420
2021-12-15,5.06,5.18,4.91,4.95,742200,2768,3746715
2021-12-16,4.9,5.58,4.9,5.45,1009700,3749,5290165
2021-12-17,5.41,5.48,5.13,5.45,684200,2313,3642850
2021-12-20,5.45,5.46,5.01,5.01,699000,2333,3561068
2021-12-21,5.16,5.16,4.76,4.94,474700,1569,2326921
2021-12-22,4.98,4.98,4.71,4.79,472100,1499,2263026
2021-12-23,4.83,4.95,4.66,4.86,375300,1126,1810297
2021-12-27,5.0,5.07,4.81,4.93,512800,1648,2515143
2021-12-28,4.95,5.02,4.83,4.9,416600,1604,2045170
2021-12-29,4.98,5.06,4.85,5.06,530400,1944,2619092
2021-12-30,5.05,5.09,4.94,4.97,404900,1428,2023430
