Date,Open,High,Low,Close,Volume,Neg,Fin
2013-04-19,14.17,14.17,12.65,12.85,1134400,1230,14865492
2013-04-22,12.84,13.04,12.65,13.02,350100,812,4509590
2013-04-23,13.1,13.2,12.85,13.02,98800,314,1283308
2013-04-24,13.05,13.1,12.95,13.0,87300,97,1135134
2013-04-25,13.0,13.3,12.96,13.1,105300,91,1381175
2013-04-26,12.96,13.07,12.95,13.0,61200,70,795541
2013-04-29,13.0,13.02,12.95,13.0,68800,34,894120
2013-04-30,12.96,13.13,12.95,13.13,67700,108,884996
2013-05-02,12.99,13.7,12.99,13.15,75200,90,993992
2013-05-03,13.11,13.35,13.11,13.2,19700,21,259916
2013-05-06,13.1,13.38,13.01,13.38,2100,15,27844
2013-05-07,13.23,13.4,13.18,13.23,134200,34,1794331
2013-05-08,13.24,13.48,13.24,13.31,15100,59,201705
2013-05-09,13.24,13.75,13.24,13.75,27200,41,368342
2013-05-10,13.6,13.9,13.5,13.5,20900,44,283695
2013-05-13,13.37,13.7,13.37,13.7,161500,31,2186896
2013-05-14,13.68,14.35,13.68,13.8,27600,36,386774
2013-05-15,13.73,14.2,13.73,13.96,47500,35,664727
2013-05-16,13.88,14.3,13.88,14.0,37000,24,521255
2013-05-17,14.09,14.2,14.0,14.0,98600,23,1394124
2013-05-20,13.93,14.03,13.93,14.0,16300,10,228202
2013-05-21,13.97,14.0,13.97,14.0,4200,6,58797
2013-05-22,14.0,14.0,14.0,14.0,500000,1,7000000
2013-05-23,13.8,13.94,13.72,13.72,20000,14,275317
2013-05-24,13.69,13.85,12.9,13.85,15800,45,214036
2013-05-27,13.9,13.9,13.55,13.85,3000,15,41514
2013-05-28,13.7,13.85,13.65,13.85,3200,9,44200
2013-05-29,13.98,14.0,13.85,13.85,4900,16,68253
2013-05-31,13.83,13.9,13.8,13.9,15300,15,211964
2013-06-03,13.9,13.9,13.58,13.73,24100,64,333607
2013-06-04,13.75,13.75,13.75,13.75,100,1,1375
2013-06-05,13.5,13.5,13.47,13.47,300,3,4047
2013-06-06,13.79,13.79,13.5,13.55,1200,9,16261
2013-06-07,13.39,13.56,13.11,13.56,13400,21,177491
2013-06-10,13.29,13.6,13.29,13.4,12500,26,167579
2013-06-11,13.4,13.47,13.25,13.25,582900,33,7839495
2013-06-12,13.3,13.32,13.2,13.32,6000,13,79763
2013-06-13,13.4,13.4,13.4,13.4,1000,2,13400
2013-06-14,13.28,13.4,13.28,13.4,300100,2,4021328
2013-06-18,13.34,13.37,13.15,13.37,7300,14,97033
2013-06-19,13.69,13.69,13.0,13.29,4300,11,56805
2013-06-20,13.2,13.31,13.2,13.31,5800,16,77187
2013-06-21,13.32,13.32,13.0,13.15,39500,15,519486
2013-06-24,12.8,12.93,12.5,12.9,43500,33,552726
2013-06-25,13.0,13.0,12.87,12.99,2200,3,28339
2013-06-26,13.0,13.0,12.88,13.0,700,6,9052
2013-06-27,12.9,13.0,12.85,13.0,106800,28,1388063
2013-06-28,12.81,12.81,12.65,12.69,2000,9,25406
2013-07-01,13.1,13.1,12.72,12.97,2800,6,36217
2013-07-02,12.74,12.74,12.73,12.73,1000,8,12731
2013-07-03,12.6,12.7,12.54,12.7,600,5,7584
2013-07-04,12.75,12.75,12.68,12.68,200,2,2543
2013-07-05,12.62,12.72,12.5,12.72,2600,6,32580
2013-07-08,12.52,12.73,12.41,12.73,4900,11,61311
2013-07-10,12.73,12.73,12.47,12.6,12800,15,161011
2013-07-11,12.6,12.6,12.5,12.5,500,3,6280
2013-07-12,12.4,12.49,12.4,12.49,6100,9,76119
2013-07-15,12.49,12.49,12.4,12.49,500,5,6228
2013-07-16,12.49,12.49,12.49,12.49,100,1,1249
2013-07-17,12.49,12.5,12.39,12.39,1900,11,23568
2013-07-18,12.4,12.4,12.3,12.3,700,5,8659
2013-07-19,12.3,12.3,12.3,12.3,6600,4,81180
2013-07-22,12.3,12.45,12.3,12.3,1000,6,12376
2013-07-23,12.3,12.3,12.18,12.28,3800,9,46651
2013-07-24,12.28,12.28,12.06,12.07,4800,12,58362
2013-07-25,12.07,12.11,12.07,12.11,200,2,2418
2013-07-26,12.11,12.17,12.03,12.17,1900,8,22953
2013-07-29,12.17,12.28,12.01,12.28,4200,10,50848
2013-07-30,12.3,12.3,12.19,12.3,3100,9,38071
2013-07-31,12.3,12.3,12.19,12.2,1000,8,12216
2013-08-01,12.13,12.24,12.13,12.24,600,4,7311
2013-08-02,12.14,12.14,11.8,11.8,5600,10,67105
2013-08-05,11.85,12.12,11.84,11.9,8100,11,96954
2013-08-06,11.9,11.9,11.9,11.9,100,1,1190
2013-08-07,11.86,11.9,11.86,11.9,8000,3,95193
2013-08-08,11.86,11.95,11.77,11.77,2400,10,28431
2013-08-09,11.77,11.77,11.3,11.3,23000,28,262515
2013-08-12,11.32,11.43,11.0,11.0,12600,17,142811
2013-08-13,10.84,11.15,10.84,10.95,21200,19,234337
2013-08-14,10.7,10.81,10.12,10.12,224200,31,2415074
2013-08-15,9.82,9.82,9.08,9.18,73000,49,683150
2013-08-16,9.2,9.2,8.3,8.5,44200,78,378187
2013-08-19,8.35,8.45,7.96,8.16,13100,64,107313
2013-08-20,7.98,8.65,7.98,8.46,11400,16,96769
2013-08-21,8.35,8.7,8.35,8.68,43700,21,372654
2013-08-22,8.7,8.89,8.7,8.7,12300,43,107506
2013-08-23,8.85,8.85,8.84,8.85,2200,6,19469
2013-08-26,8.59,8.83,8.44,8.83,8600,13,74598
2013-08-27,8.63,8.85,8.63,8.85,20200,15,178376
2013-08-28,8.76,9.12,8.76,9.12,51200,16,461426
2013-08-29,9.1,9.34,9.1,9.34,18200,9,168321
2013-08-30,9.29,9.49,9.13,9.36,16700,17,156824
2013-09-02,9.41,9.45,9.3,9.45,10800,36,101338
2013-09-03,9.25,9.45,9.1,9.45,13600,37,127268
2013-09-05,9.2,9.45,9.13,9.45,6700,13,62321
2013-09-06,9.47,9.56,9.2,9.56,14000,19,132977
2013-09-09,9.37,9.57,9.36,9.36,8500,11,80765
2013-09-10,9.35,9.4,9.35,9.4,4800,6,44996
2013-09-11,9.26,9.5,9.26,9.4,6600,9,61806
2013-09-12,9.31,9.57,9.31,9.57,18200,12,172067
2013-09-13,9.43,9.6,9.43,9.6,1700,4,16065
2013-09-16,9.61,9.75,9.56,9.75,2600,9,25043
2013-09-17,9.59,9.75,9.0,9.0,19100,10,185265
2013-09-18,8.92,8.92,8.69,8.83,3100,10,27488
2013-09-19,8.8,8.89,8.78,8.78,2200,3,19538
2013-09-20,8.78,8.78,7.7,7.7,39000,161,316036
2013-09-23,7.7,7.86,7.65,7.65,8800,18,68050
2013-09-24,7.85,7.89,7.85,7.89,1200,8,9448
2013-09-25,7.89,7.97,7.89,7.97,1100,2,8759
2013-09-26,8.2,8.34,8.2,8.34,800,5,6602
2013-09-27,8.34,8.41,8.34,8.41,500,2,4198
2013-09-30,8.41,8.45,8.41,8.45,2300,4,19351
2013-10-01,8.45,9.09,8.45,9.09,3900,11,35387
2013-10-02,9.09,9.1,8.92,9.1,3000,6,27046
2013-10-03,9.29,9.3,9.21,9.25,600,4,5555
2013-10-04,9.29,9.29,9.0,9.0,5300,5,48378
2013-10-07,9.0,9.0,9.0,9.0,100,1,900
2013-10-08,9.0,9.09,9.0,9.01,4600,7,41598
2013-10-09,9.0,9.0,8.5,8.5,3100,7,27488
2013-10-10,8.5,9.3,8.5,9.0,8500,15,77066
2013-10-11,9.0,9.25,8.94,8.94,2300,7,20771
2013-10-14,8.94,8.94,8.9,8.9,200,2,1784
2013-10-15,8.9,8.99,8.6,8.6,9400,11,83787
2013-10-16,8.6,9.19,8.45,8.9,66300,50,568584
2013-10-17,8.65,8.84,8.56,8.56,3100,7,27073
2013-10-18,8.44,9.24,8.4,8.64,13200,18,115896
2013-10-21,8.65,9.05,8.65,8.89,141500,7,1224932
2013-10-22,8.9,9.3,8.9,9.21,12600,13,112851
2013-10-23,9.8,9.8,9.0,9.1,13400,38,123622
2013-10-24,9.03,9.36,9.03,9.36,9400,12,86916
2013-10-25,9.36,9.36,9.13,9.13,300,3,2777
2013-10-28,9.02,9.51,9.02,9.4,28900,15,269357
2013-10-29,9.4,9.4,9.31,9.35,5000,6,46839
2013-10-30,9.4,9.4,9.23,9.35,1400,6,13064
2013-10-31,9.29,10.24,9.29,10.03,91100,47,912085
2013-11-01,10.06,10.06,9.8,10.03,3200,8,31469
2013-11-04,10.0,10.0,9.6,9.6,2700,11,26452
2013-11-05,9.7,9.8,9.62,9.62,2400,5,23473
2013-11-06,9.62,9.9,9.6,9.8,1900,6,18383
2013-11-07,9.8,9.9,9.72,9.72,4200,5,41492
2013-11-08,9.9,9.9,9.9,9.9,3000,3,29700
2013-11-11,10.0,10.0,9.85,9.85,5600,7,55189
2013-11-12,9.9,9.9,9.75,9.75,2100,6,20545
2013-11-13,9.75,9.75,9.75,9.75,1000,10,9750
2013-11-14,9.72,9.82,9.72,9.8,2600,3,25482
2013-11-18,9.99,10.0,9.75,9.75,4800,6,47826
2013-11-19,9.85,9.87,9.85,9.87,700,3,6907
2013-11-21,9.95,10.14,9.87,9.95,2900,8,28897
2013-11-22,9.83,9.83,9.83,9.83,600,2,5898
2013-11-25,9.81,9.98,9.8,9.8,400,4,3939
2013-11-26,9.98,9.99,9.91,9.91,2700,4,26959
2013-11-27,10.0,10.0,9.9,9.9,200,2,1990
2013-11-28,9.8,9.8,9.8,9.8,100,1,980
2013-11-29,9.95,9.95,9.95,9.95,100,1,995
2013-12-02,9.79,9.79,9.79,9.79,200,1,1958
2013-12-03,9.78,9.78,9.78,9.78,1200,2,11736
2013-12-04,9.8,9.95,9.8,9.95,300,2,2955
2013-12-05,9.95,9.95,9.92,9.92,200,2,1987
2013-12-06,9.92,9.93,9.92,9.92,800,3,7939
2013-12-09,9.47,10.01,9.47,10.01,900,3,8901
2013-12-10,10.01,10.01,9.82,9.82,600,3,5930
2013-12-11,9.81,9.81,9.81,9.81,2200,2,21582
2013-12-13,9.62,9.63,9.62,9.63,1000,5,9625
2013-12-16,9.4,9.4,9.0,9.0,200,2,1840
2013-12-17,9.0,9.4,9.0,9.35,37100,11,346207
2013-12-18,9.35,9.35,9.35,9.35,100,1,935
2013-12-19,9.35,9.82,9.27,9.55,1900,10,18121
2013-12-20,9.55,9.65,9.55,9.65,1010600,7,9651277
2013-12-23,9.65,9.65,9.65,9.65,100,1,965
2013-12-26,9.7,9.7,9.7,9.7,288600,2,2799420
2013-12-27,9.8,9.95,9.8,9.95,2200,5,21830
2013-12-30,10.01,10.01,9.81,9.81,1400,6,13814
2014-01-02,9.81,9.81,9.81,9.81,3100,3,30411
2014-01-06,10.0,10.0,9.81,9.81,200,2,1981
2014-01-07,9.83,9.83,9.63,9.63,125400,5,1232642
2014-01-08,9.74,9.95,9.74,9.95,800,4,7924
2014-01-09,9.82,9.82,9.66,9.66,3000,3,29380
2014-01-10,9.67,9.67,9.52,9.6,5100,8,49127
2014-01-13,9.56,9.56,9.55,9.55,900,2,8598
2014-01-14,9.7,9.9,9.7,9.9,6000,7,58785
2014-01-15,9.99,10.16,9.99,10.16,46900,8,471716
2014-01-16,10.15,10.21,10.15,10.21,42000,12,428500
2014-01-17,10.13,10.13,10.13,10.13,2000,1,20260
2014-01-20,10.1,10.39,10.1,10.28,4800,5,49238
2014-01-21,10.11,10.3,10.11,10.3,4100,5,42211
2014-01-22,10.21,10.4,10.21,10.4,7600,7,79021
2014-01-23,10.35,10.35,10.2,10.2,200,2,2055
2014-01-24,10.1,10.1,10.1,10.1,5000,1,50500
2014-01-28,10.1,10.1,10.0,10.1,21700,9,218250
2014-01-29,10.15,10.15,10.15,10.15,1600,1,16240
2014-01-30,10.2,10.2,10.1,10.1,3300,2,33410
2014-01-31,10.1,10.1,10.05,10.05,5000,6,50375
2014-02-03,10.05,10.1,10.05,10.1,2900,4,29175
2014-02-04,10.0,10.0,10.0,10.0,200,1,2000
2014-02-06,9.9,10.09,9.9,9.91,3100,10,30752
2014-02-10,9.95,9.95,9.95,9.95,21500,2,213925
2014-02-11,9.95,10.05,9.9,10.05,2800,4,27745
2014-02-12,9.9,9.9,9.9,9.9,2500,2,24750
2014-02-13,9.85,9.85,9.85,9.85,2500,1,24625
2014-02-14,10.0,10.0,9.08,9.08,24400,19,229192
2014-02-17,9.01,9.01,9.0,9.0,400,3,3601
2014-02-18,9.0,9.0,9.0,9.0,100,1,900
2014-02-19,9.01,9.09,9.0,9.0,2900,5,26110
2014-02-20,9.01,9.01,9.01,9.01,100,1,901
2014-02-21,9.0,9.0,9.0,9.0,600,2,5400
2014-02-24,9.0,9.0,9.0,9.0,200,2,1800
2014-02-25,9.02,9.02,9.02,9.02,100,1,902
2014-02-26,9.02,9.5,9.02,9.02,3100,8,28406
2014-02-27,9.2,9.5,9.15,9.15,520200,32,4760352
2014-03-05,9.1,9.1,9.1,9.1,44400,3,404040
2014-03-07,9.11,9.11,9.11,9.11,100,1,911
2014-03-10,9.23,9.23,9.05,9.05,200,2,1828
2014-03-11,9.05,9.05,9.05,9.05,20000,1,181000
2014-03-12,9.01,9.01,8.9,8.9,1700,3,15295
2014-03-13,8.96,8.96,8.96,8.96,100,1,896
2014-03-14,8.96,8.96,8.9,8.9,163000,4,1460450
2014-03-18,8.95,8.95,8.85,8.85,200,2,1780
2014-03-20,8.8,8.85,8.8,8.85,2900,3,25630
2014-03-21,8.8,8.8,8.7,8.7,3400,2,29800
2014-03-25,8.7,8.7,8.7,8.7,28700,1,249690
2014-03-26,8.8,8.8,8.65,8.65,300,2,2625
2014-03-27,8.65,8.65,8.6,8.6,131500,4,1137403
2014-03-28,8.69,8.7,8.55,8.55,700,3,6072
2014-03-31,8.6,8.6,8.5,8.5,700,3,5990
2014-04-01,8.4,8.41,8.4,8.4,1400,4,11763
2014-04-02,8.35,8.35,8.15,8.15,5500,5,45410
2014-04-03,8.14,8.15,8.07,8.1,192300,8,1565303
2014-04-04,8.06,8.06,8.0,8.01,3400,7,27300
2014-04-10,8.13,8.13,8.01,8.01,200,2,1614
2014-04-11,8.01,8.01,8.01,8.01,22700,2,181827
2014-04-14,8.02,8.05,8.02,8.05,200,2,1607
2014-04-15,8.0,8.0,8.0,8.0,2200,2,17600
2014-04-16,8.05,8.05,8.05,8.05,2200,1,17710
2014-04-22,8.15,8.15,8.15,8.15,2200,1,17930
2014-04-23,8.25,8.25,8.25,8.25,800,2,6600
2014-04-25,8.25,8.25,8.2,8.2,27400,4,226017
2014-04-28,8.16,8.16,8.16,8.16,700,1,5712
2014-04-29,8.2,8.25,8.1,8.1,241400,10,1976830
2014-04-30,8.03,8.03,8.0,8.0,3200,3,25630
2014-05-02,8.03,8.03,8.03,8.03,1235600,2,9921868
2014-05-05,8.03,8.03,8.0,8.0,308200,4,2474780
2014-05-06,7.95,7.95,7.95,7.95,9900,4,78705
2014-05-07,7.91,7.91,7.91,7.91,200,2,1582
2014-05-08,8.0,8.0,7.85,7.85,1400,2,11185
2014-05-09,7.85,7.85,7.84,7.84,16800,6,131762
2014-05-12,7.95,7.95,7.95,7.95,5600,2,44520
2014-05-13,7.9,7.9,7.9,7.9,2200,1,17380
2014-05-14,7.95,8.15,7.95,8.0,79600,27,636990
2014-05-15,8.0,8.0,8.0,8.0,200,2,1600
2014-05-19,7.9,7.9,7.8,7.8,18800,8,147080
2014-05-20,7.8,7.8,7.45,7.45,9800,10,74731
2014-05-21,7.93,7.93,7.6,7.6,200,2,1553
2014-05-22,7.56,7.56,7.46,7.46,300,2,2248
2014-05-23,7.37,7.37,7.37,7.37,200,2,1474
2014-05-26,7.39,7.39,7.3,7.3,200,2,1469
2014-05-27,7.2,7.2,7.17,7.17,200,2,1437
2014-05-28,7.17,7.17,7.03,7.03,8500,7,60599
2014-05-29,7.12,7.12,7.12,7.12,1100,2,7832
2014-05-30,7.14,7.14,7.14,7.14,300,1,2142
2014-06-06,7.01,7.14,7.01,7.14,4900,7,34897
2014-06-09,7.14,7.14,7.14,7.14,133600,2,953904
2014-06-10,7.05,7.05,7.0,7.0,3500,2,24625
2014-06-13,7.0,7.0,7.0,7.0,24900,1,174300
2014-06-16,7.0,7.0,7.0,7.0,51600,3,361200
2014-06-17,7.0,7.0,7.0,7.0,800,1,5600
2014-06-18,7.0,7.0,7.0,7.0,2300,3,16100
2014-06-20,6.51,6.51,6.51,6.51,16600,6,108066
2014-06-23,6.58,6.65,6.47,6.5,11200,10,72847
2014-06-24,6.46,6.5,6.4,6.5,8600,10,55275
2014-06-25,6.5,6.63,6.5,6.63,2100,3,13663
2014-06-26,6.6,6.6,6.6,6.6,100,1,660
2014-06-27,6.5,6.5,6.5,6.5,2200,3,14300
2014-06-30,6.57,6.57,6.45,6.45,22000,5,144516
2014-07-01,6.42,6.42,5.9,6.4,12000,28,75520
2014-07-02,6.4,6.47,6.4,6.47,1100,3,7109
2014-07-03,6.47,6.83,6.47,6.8,12800,15,84816
2014-07-04,6.86,6.98,6.86,6.98,1200,3,8364
2014-07-07,6.99,7.0,6.99,7.0,2300,3,16080
2014-07-10,6.9,6.9,6.9,6.9,100,1,690
2014-07-11,6.95,6.95,6.9,6.9,38600,5,268236
2014-07-14,7.0,7.14,7.0,7.14,5400,6,38080
2014-07-15,7.28,7.3,7.28,7.3,2100,2,15290
2014-07-16,7.35,7.53,7.35,7.53,1100,3,8256
2014-07-17,7.65,7.7,7.64,7.7,4200,5,32158
2014-07-18,7.8,7.95,7.8,7.95,2000,5,15840
2014-07-21,7.79,7.85,7.71,7.81,6500,9,50668
2014-07-22,7.81,7.85,7.7,7.85,74700,10,575916
2014-07-23,7.95,9.0,7.95,9.0,11800,13,97535
2014-07-24,8.76,13.0,8.76,13.0,10100,24,105993
2014-07-25,12.9,12.9,10.15,10.15,10400,12,110990
2014-07-28,9.5,9.5,9.5,9.5,100,1,950
2014-07-29,9.5,9.5,9.4,9.5,7700,7,73139
2014-07-30,9.3,9.3,8.99,9.0,1400,4,12749
2014-07-31,9.5,9.7,7.26,7.26,16400,14,121843
2014-08-01,7.17,7.17,6.79,7.15,5400,7,36896
2014-08-04,6.69,6.9,6.69,6.9,2600,11,17657
2014-08-05,7.0,7.0,7.0,7.0,500,2,3500
2014-08-06,6.8,6.8,6.8,6.8,200,2,1360
2014-08-07,6.88,6.88,6.8,6.8,2500,5,17009
2014-08-08,6.73,6.73,6.55,6.55,3000,5,20108
2014-08-11,6.5,7.5,6.5,6.8,33700,34,226316
2014-08-12,7.2,7.2,6.54,6.54,10900,15,73658
2014-08-13,6.5,6.5,6.19,6.19,11600,16,73325
2014-08-14,6.16,6.2,5.99,5.99,4200,10,25697
2014-08-15,5.92,6.49,5.8,6.19,8200,28,48775
2014-08-18,6.0,6.0,5.9,5.9,5500,9,32794
2014-08-19,6.0,6.79,6.0,6.79,16500,18,106489
2014-08-20,7.35,8.0,7.35,7.54,24800,31,190116
2014-08-21,7.5,7.5,7.44,7.5,15200,23,113776
2014-08-22,7.46,7.65,7.45,7.65,13200,30,99880
2014-08-25,7.69,7.89,7.69,7.89,4100,3,31949
2014-08-26,8.3,8.3,7.7,8.1,52900,31,418411
2014-08-27,8.25,8.25,7.95,8.0,44900,23,359395
2014-08-28,8.02,8.1,7.85,8.1,25300,13,201071
2014-08-29,8.21,8.37,8.0,8.29,120600,86,983233
2014-09-01,8.16,8.45,8.16,8.45,53600,33,442245
2014-09-02,8.5,8.72,8.45,8.72,29500,38,251432
2014-09-03,8.68,9.4,8.68,9.4,22900,44,205709
2014-09-04,9.2,9.2,9.0,9.15,13600,13,123965
2014-09-05,9.0,9.7,9.0,9.7,17100,19,159220
2014-09-08,9.7,9.7,9.5,9.6,4200,4,40320
2014-09-09,9.51,9.6,9.5,9.6,13200,7,126464
2014-09-10,9.8,9.84,9.68,9.84,11900,7,116460
2014-09-11,9.7,9.89,9.7,9.7,12400,12,120360
2014-09-12,9.99,9.99,9.66,9.66,7800,9,76234
2014-09-15,9.71,9.71,9.6,9.6,7000,4,67420
2014-09-16,9.16,9.79,9.15,9.79,1000,7,9471
2014-09-17,9.39,9.7,9.2,9.7,2600,11,24589
2014-09-18,9.38,9.99,9.38,9.99,4200,11,40450
2014-09-19,9.49,9.95,9.49,9.7,4900,5,47596
2014-09-22,9.48,9.68,9.48,9.5,4400,5,42044
2014-09-23,9.44,9.44,9.44,9.44,100,1,944
2014-09-24,9.4,9.4,9.4,9.4,700,1,6580
2014-09-25,9.58,9.58,9.58,9.58,2000,1,19160
2014-09-26,9.7,9.7,9.6,9.6,2100,2,20360
2014-09-29,9.5,9.5,9.5,9.5,1400,2,13300
2014-09-30,9.33,9.33,9.32,9.32,600,3,5595
2014-10-02,9.17,9.17,8.59,8.59,5800,8,51870
2014-10-03,8.55,8.55,8.55,8.55,100,1,855
2014-10-07,8.5,8.5,8.5,8.5,4000,2,34000
2014-10-08,8.34,8.34,8.34,8.34,1000,1,8340
2014-10-09,8.4,9.0,8.4,9.0,10300,8,87519
2014-10-10,8.6,9.0,8.6,9.0,3100,4,26700
2014-10-13,9.0,10.0,8.2,8.2,9400,10,81570
2014-10-14,8.49,8.49,8.49,8.49,1400,2,11886
2014-10-15,8.5,8.5,8.5,8.5,100,1,850
2014-10-22,8.49,8.49,8.35,8.35,2100,2,17549
2014-10-29,8.2,8.2,8.04,8.04,200,2,1624
2014-11-03,8.04,8.04,8.04,8.04,100,1,804
2014-11-06,8.04,8.04,7.84,7.84,4000,2,31760
2014-11-13,7.84,7.84,7.84,7.84,1600,2,12544
2014-11-14,7.84,7.84,7.84,7.84,1000,1,7840
2014-11-27,7.84,7.84,7.84,7.84,1200,6,9408
2014-11-28,7.84,7.84,7.84,7.84,700,4,5488
2014-12-03,7.7,7.7,7.55,7.55,400,2,3065
2014-12-08,7.41,7.41,7.41,7.41,1400,3,10374
2014-12-17,7.4,7.4,7.4,7.4,100,1,740
2014-12-18,7.5,7.5,7.27,7.27,1100,3,8157
2014-12-22,7.26,7.26,7.11,7.11,2500,2,18075
2015-01-02,7.15,7.15,7.14,7.14,400,2,2858
2015-01-08,7.0,7.0,7.0,7.0,100,1,700
2015-01-14,6.87,6.87,6.87,6.87,200,1,1374
2015-01-15,6.72,6.72,6.72,6.72,100,1,672
2015-01-16,6.7,6.7,6.7,6.7,100,1,670
2015-01-22,6.58,6.58,6.58,6.58,100,1,658
2015-01-27,6.39,6.39,6.39,6.39,100,1,639
2015-02-03,6.24,6.25,6.24,6.25,200,2,1249
2015-02-19,6.14,6.14,6.14,6.14,100,1,614
2015-02-23,6.0,6.0,6.0,6.0,100,1,600
2015-03-04,6.0,6.0,5.99,6.0,4100,3,24580
2015-03-05,5.99,5.99,5.88,5.88,200,2,1187
2015-03-19,5.88,5.88,5.88,5.88,600,1,3528
2015-03-23,5.85,5.85,5.8,5.8,200,2,1165
2015-03-25,5.78,5.8,5.78,5.8,200,2,1158
2015-03-27,5.7,5.7,5.69,5.69,2600,2,14806
2015-03-30,5.7,5.7,5.7,5.7,2600,2,14820
2015-03-31,5.62,5.62,5.62,5.62,100,1,562
2015-04-06,5.6,5.6,5.6,5.6,300,1,1680
2015-04-07,5.54,5.54,5.52,5.52,200,2,1106
2015-04-08,5.46,5.46,5.44,5.44,200,2,1090
2015-04-09,5.46,5.46,5.46,5.46,100,1,546
2015-04-13,5.5,5.5,5.46,5.48,1900,5,10440
2015-04-15,5.44,5.44,5.4,5.4,1600,4,8654
2015-04-16,5.36,5.36,5.36,5.36,100,1,536
2015-04-20,5.34,5.34,5.32,5.32,600,2,3194
2015-04-22,5.3,5.3,5.02,5.02,800,4,4166
2015-04-23,5.02,5.02,4.99,5.02,400,4,2004
2015-04-24,4.96,4.96,4.96,4.96,100,1,496
2015-05-07,4.88,4.88,4.88,4.88,300,1,1464
2015-05-15,4.7,4.7,4.7,4.7,1500,2,7050
2015-05-18,4.69,4.8,4.69,4.8,12800,7,60055
2015-05-19,4.9,5.0,4.81,4.81,1600,4,7733
2015-05-22,4.81,4.81,4.81,4.81,300,1,1443
2015-06-11,4.9,4.9,4.9,4.9,4100,5,20090
2015-06-12,4.9,4.9,4.9,4.9,200,1,980
2015-06-16,4.9,4.9,4.9,4.9,200,1,980
2015-06-17,4.9,4.9,4.9,4.9,2500,2,12250
2015-06-29,4.87,4.87,4.76,4.82,7500,43,36097
2015-06-30,4.83,4.9,4.83,4.86,800,8,3900
2015-07-01,4.9,4.93,4.9,4.92,800,8,3934
2015-07-02,4.93,4.96,4.92,4.92,1100,10,5429
2015-07-03,4.92,4.92,4.89,4.89,300,3,1472
2015-07-20,4.89,4.89,4.86,4.86,500,5,2436
2015-07-21,4.85,4.9,4.85,4.9,1200,12,5870
2015-08-03,4.9,4.9,4.85,4.87,500,5,2437
2015-08-04,4.88,4.88,4.88,4.88,100,1,488
2015-08-24,4.85,4.85,4.85,4.85,700,7,3395
2015-09-08,4.85,4.85,4.85,4.85,100,1,485
2015-09-10,4.88,4.88,4.88,4.88,500,1,2440
2015-09-11,4.91,4.91,4.91,4.91,100,1,491
2015-09-16,4.95,4.95,4.95,4.95,300,1,1485
2015-09-17,4.95,4.95,4.95,4.95,200,2,990
2015-09-18,4.95,4.95,4.91,4.91,600,2,2950
2015-09-22,4.87,4.87,4.87,4.87,1400,2,6818
2015-09-24,4.86,4.86,4.86,4.86,1900,1,9234
2015-09-30,4.87,4.9,4.87,4.9,400,4,1955
2015-10-01,4.91,4.95,4.91,4.95,200,2,986
2015-10-05,4.9,4.91,4.9,4.91,500,5,2451
2015-10-07,4.91,4.91,4.91,4.91,100,1,491
2015-10-08,4.91,4.91,4.91,4.91,400,4,1964
2015-10-26,4.9,4.9,4.9,4.9,500,5,2450
2015-10-28,4.92,4.92,4.87,4.92,700,7,3435
2015-10-29,4.89,4.89,4.89,4.89,1000,10,4890
2015-10-30,4.86,4.86,4.86,4.86,100,1,486
2015-11-04,4.85,4.85,4.85,4.85,200,2,970
2015-11-05,4.82,4.82,4.82,4.82,2600,2,12532
2015-11-10,4.75,4.75,4.75,4.75,100,1,475
2015-11-11,4.76,4.82,4.76,4.82,2200,2,10598
2015-11-13,4.86,4.86,4.86,4.86,100,1,486
2015-11-17,4.9,4.9,4.9,4.9,200,2,980
2015-11-23,4.89,4.89,4.85,4.85,400,4,1949
2015-12-10,4.86,4.86,4.86,4.86,300,3,1458
2015-12-18,4.87,4.87,4.87,4.87,100,1,487
2015-12-21,4.84,4.84,4.84,4.84,900,1,4356
2015-12-29,4.83,4.83,4.83,4.83,100,1,483
2016-01-08,4.83,4.83,4.83,4.83,100,1,483
2016-01-14,4.83,4.83,4.83,4.83,100,1,483
2016-01-18,4.83,4.83,4.83,4.83,100,1,483
2016-01-26,4.82,4.82,4.82,4.82,100,1,482
2016-02-05,4.82,4.84,4.82,4.83,2500,13,12066
2016-02-12,4.83,5.03,4.83,4.99,8400,22,41522
2016-02-15,5.02,5.29,4.96,4.96,10700,35,55102
2016-02-16,4.95,5.05,4.94,4.96,7600,9,37647
2016-02-17,4.97,4.97,4.97,4.97,1600,16,7952
2016-02-18,4.97,5.02,4.97,5.02,2000,20,9985
2016-02-19,5.04,6.98,5.04,6.58,19300,56,110739
2016-02-22,6.61,6.7,6.6,6.7,1400,7,9306
2016-02-23,6.9,7.0,6.9,6.95,5500,20,38215
2016-02-24,6.5,6.8,6.5,6.8,4100,7,26880
2016-02-25,6.8,6.8,6.8,6.8,500,5,3400
2016-02-26,6.9,6.9,6.9,6.9,300,3,2070
2016-02-29,6.91,7.2,6.91,7.2,3300,13,23374
2016-03-01,7.31,7.31,7.3,7.3,200,2,1461
2016-03-02,7.3,7.3,7.26,7.26,1700,4,12361
2016-03-03,7.27,7.8,7.27,7.74,4800,8,36242
2016-03-04,7.74,7.74,7.45,7.45,2800,4,21566
2016-03-07,7.26,7.26,7.17,7.17,2700,5,19416
2016-03-08,7.03,7.03,7.02,7.02,600,3,4214
2016-03-09,7.0,7.0,7.0,7.0,100,1,700
2016-03-10,7.0,7.0,7.0,7.0,300,1,2100
2016-03-11,6.99,6.99,6.99,6.99,100,1,699
2016-03-14,6.98,6.98,6.98,6.98,100,1,698
2016-03-15,6.95,6.95,6.63,6.63,4700,7,31709
2016-03-16,6.49,6.49,6.4,6.4,3700,4,23731
2016-03-17,6.6,6.7,6.6,6.65,5900,5,39230
2016-03-18,6.6,6.6,6.6,6.6,200,1,1320
2016-03-21,6.6,6.6,6.6,6.6,100,1,660
2016-03-22,6.61,6.73,6.61,6.73,4400,5,29228
2016-03-24,6.61,6.62,6.53,6.62,5000,5,32855
2016-03-29,6.73,6.73,6.7,6.7,2100,2,14073
2016-03-30,6.72,6.72,6.65,6.65,400,2,2667
2016-04-04,6.65,6.65,6.33,6.47,5200,8,33656
2016-04-05,6.46,6.46,6.35,6.35,700,2,4456
2016-04-06,6.35,6.35,6.35,6.35,100,1,635
2016-04-08,6.35,6.35,6.34,6.34,1500,2,9511
2016-04-11,6.34,6.35,6.34,6.35,1300,5,8252
2016-04-13,6.35,6.45,6.35,6.45,2100,2,13535
2016-04-18,6.46,6.46,6.46,6.46,100,1,646
2016-04-19,6.51,7.07,6.51,7.0,7700,24,52012
2016-04-20,7.0,7.27,7.0,7.04,9300,16,66209
2016-04-22,7.03,7.03,6.5,6.5,4100,5,27074
2016-04-25,7.0,7.0,6.87,6.95,1300,9,9034
2016-04-26,6.95,6.95,6.9,6.9,200,2,1385
2016-04-27,6.96,6.96,6.96,6.96,100,1,696
2016-04-28,6.97,7.05,6.97,7.05,2700,3,18987
2016-05-02,7.13,7.13,7.05,7.05,1500,2,10583
2016-05-06,7.06,7.14,7.06,7.14,200,2,1420
2016-05-09,7.14,7.14,6.9,7.0,4500,7,31520
2016-05-10,7.12,7.12,7.05,7.05,1800,3,12732
2016-05-11,7.12,7.12,7.01,7.01,700,5,4932
2016-05-13,7.05,7.05,7.05,7.05,100,1,705
2016-05-16,7.05,7.05,7.03,7.03,200,2,1408
2016-05-17,7.01,7.01,7.01,7.01,500,1,3505
2016-05-18,7.01,7.01,7.01,7.01,100,1,701
2016-05-19,7.01,7.02,7.01,7.01,600,6,4207
2016-05-20,7.02,7.13,7.02,7.13,2300,4,16281
2016-05-23,7.14,7.14,7.14,7.14,100,1,714
2016-05-24,7.12,7.12,7.12,7.12,100,1,712
2016-05-25,7.13,7.13,7.07,7.12,800,4,5677
2016-05-30,7.11,7.11,7.1,7.1,900,3,6392
2016-05-31,7.1,7.1,7.1,7.1,100,1,710
2016-06-01,7.05,7.05,7.05,7.05,200,2,1410
2016-06-02,7.16,7.76,7.16,7.55,8900,16,66491
2016-06-03,7.98,7.98,7.98,7.98,200,1,1596
2016-06-06,7.99,7.99,7.89,7.89,2100,2,16579
2016-06-07,7.9,8.99,7.68,8.01,4900,19,38725
2016-06-08,8.02,8.79,8.02,8.75,4900,13,40731
2016-06-09,8.99,9.85,8.65,9.85,10000,21,89666
2016-06-10,9.99,10.9,9.58,10.81,21000,43,210242
2016-06-13,10.98,10.98,10.69,10.7,2700,8,29324
2016-06-14,10.7,10.7,10.1,10.25,4500,7,46650
2016-06-15,10.25,11.0,10.25,11.0,3500,12,36553
2016-06-16,10.81,10.81,10.81,10.81,3800,2,41078
2016-06-17,10.6,10.6,10.6,10.6,300,1,3180
2016-06-22,10.4,10.4,9.96,10.17,5200,22,52947
2016-06-23,10.05,10.8,10.05,10.16,5500,16,56481
2016-06-24,9.8,9.8,9.8,9.8,800,3,7840
2016-06-28,9.85,10.14,9.85,10.0,4200,4,41723
2016-06-29,10.18,10.18,10.0,10.18,300,3,3036
2016-06-30,10.19,10.8,10.19,10.8,2100,3,21460
2016-07-01,10.8,10.8,10.39,10.8,3900,9,41086
2016-07-04,10.8,10.8,10.8,10.8,100,1,1080
2016-07-05,10.8,10.8,10.8,10.8,100,1,1080
2016-07-06,10.8,10.8,10.59,10.8,2000,4,21453
2016-07-07,10.79,10.79,10.59,10.79,600,3,6394
2016-07-08,10.75,10.75,10.75,10.75,300,3,3225
2016-07-11,10.75,11.0,10.38,11.0,6500,37,69533
2016-07-12,10.9,12.67,10.9,11.84,9100,22,105240
2016-07-13,11.83,12.1,11.83,11.89,5400,8,64480
2016-07-14,11.79,11.92,11.74,11.92,400,3,4737
2016-07-18,11.92,12.1,11.82,12.1,1300,3,15404
2016-07-19,12.1,12.1,12.1,12.1,100,1,1210
2016-07-22,11.95,11.95,11.95,11.95,100,1,1195
2016-07-25,11.95,12.1,11.77,12.05,3300,12,39586
2016-07-26,12.1,12.13,11.98,11.98,6300,16,76112
2016-07-27,11.97,11.98,11.97,11.98,600,3,7187
2016-07-28,11.97,12.0,11.97,12.0,2200,3,26373
2016-07-29,12.0,12.0,12.0,12.0,300,3,3600
2016-08-01,11.87,12.0,11.87,12.0,1100,2,13070
2016-08-02,11.77,11.77,11.5,11.5,4300,3,49990
2016-08-03,11.3,11.53,11.08,11.31,6900,8,77967
2016-08-04,11.3,11.3,11.3,11.3,100,1,1130
2016-08-08,11.1,11.1,11.1,11.1,300,1,3330
2016-08-09,11.21,11.47,11.21,11.47,2300,3,25827
2016-08-10,11.7,11.7,11.43,11.43,2100,2,24030
2016-08-11,11.21,11.21,10.8,10.9,2300,9,25315
2016-08-12,11.01,11.01,10.9,10.9,1400,4,15382
2016-08-15,10.8,10.8,10.7,10.7,400,2,4290
2016-08-16,10.7,10.7,10.7,10.7,300,2,3210
2016-08-17,10.7,10.75,10.7,10.75,4000,9,42910
2016-08-18,10.73,10.73,10.32,10.32,4000,9,42146
2016-08-19,10.35,10.35,10.12,10.32,4300,6,44208
2016-08-22,10.2,10.2,9.88,10.19,4400,5,44566
2016-08-23,10.1,10.1,10.0,10.0,3500,3,35200
2016-08-24,10.0,10.01,10.0,10.0,20100,51,201037
2016-08-25,10.0,10.2,9.95,9.95,12800,21,128398
2016-08-26,10.0,10.0,9.5,9.7,8200,17,80124
2016-08-29,9.77,9.77,9.77,9.77,100,1,977
2016-08-30,9.92,10.04,9.81,9.81,1500,5,14907
2016-08-31,9.81,9.94,9.44,9.69,10500,13,102465
2016-09-01,11.5,11.5,9.96,9.98,3000,10,30823
2016-09-02,10.0,10.0,9.9,9.96,1200,4,11938
2016-09-05,10.0,10.0,9.96,9.96,600,2,5980
2016-09-06,9.81,9.81,9.71,9.71,800,2,7828
2016-09-08,9.6,9.6,9.34,9.34,3400,5,32197
2016-09-09,9.34,9.34,9.17,9.19,2800,6,25848
2016-09-12,9.2,9.2,9.05,9.05,1400,3,12701
2016-09-13,8.88,8.88,8.63,8.63,2200,4,19252
2016-09-14,8.47,8.63,8.47,8.63,800,5,6839
2016-09-19,8.64,9.0,8.64,8.87,3300,4,28941
2016-09-20,8.87,9.0,8.87,9.0,1000,10,8913
2016-09-21,8.81,9.0,8.7,9.0,7500,10,65866
2016-09-22,8.83,9.0,8.83,9.0,2100,2,18560
2016-09-23,8.83,8.83,8.31,8.33,6500,15,55329
2016-09-26,8.22,8.22,7.9,8.1,2700,17,21758
2016-09-27,8.01,8.03,7.91,7.92,3200,18,25565
2016-09-28,7.93,7.93,7.91,7.91,500,4,3959
2016-09-29,7.91,7.91,7.91,7.91,500,1,3955
2016-09-30,7.91,8.69,7.91,8.5,4200,14,34090
2016-10-03,8.69,8.69,8.01,8.55,11200,25,92357
2016-10-04,8.1,8.1,7.87,7.87,15900,25,127256
2016-10-05,7.88,8.0,7.85,7.85,11300,20,89694
2016-10-06,7.82,7.92,7.8,7.85,4200,10,32945
2016-10-07,7.79,7.85,7.79,7.85,4500,5,35287
2016-10-10,7.85,7.99,7.83,7.83,4500,6,35342
2016-10-11,7.6,7.6,7.48,7.48,5000,33,37545
2016-10-13,7.55,7.6,7.55,7.6,4500,8,33980
2016-10-14,7.72,7.72,7.46,7.46,12500,12,94098
2016-10-17,7.46,7.46,7.3,7.3,16500,14,121904
2016-10-18,7.31,7.31,7.0,7.05,44000,28,313485
2016-10-19,7.06,7.31,7.05,7.15,21100,20,150801
2016-10-20,7.16,7.19,7.16,7.19,300,2,2151
2016-10-21,7.18,7.19,7.15,7.19,3300,5,23693
2016-10-24,7.16,7.19,7.08,7.15,12300,11,87981
2016-10-25,7.1,7.2,7.1,7.1,24000,13,170832
2016-10-26,7.1,7.49,7.08,7.2,30600,23,217778
2016-10-27,8.06,8.34,7.96,8.17,265600,350,2148528
2016-10-28,8.23,8.29,8.15,8.2,94800,118,779195
2016-10-31,8.4,8.45,8.23,8.23,33600,72,280352
2016-11-01,8.4,8.41,8.1,8.22,55900,149,462665
2016-11-03,8.3,8.58,8.2,8.2,205500,377,1700867
2016-11-04,8.25,8.3,7.75,7.9,249800,352,1978957
2016-11-07,7.99,7.99,7.8,7.81,112400,184,880537
2016-11-08,7.81,7.98,7.79,7.8,66800,121,522897
2016-11-09,7.77,7.8,7.48,7.6,156700,239,1188650
2016-11-10,8.04,8.12,7.3,7.39,164500,272,1254593
2016-11-11,7.3,7.3,6.9,6.99,221700,284,1555345
2016-11-14,7.03,7.41,7.03,7.3,55300,84,402916
2016-11-16,7.35,7.5,7.3,7.3,81800,166,603694
2016-11-17,7.4,7.55,7.28,7.3,57300,119,422574
2016-11-18,7.4,8.62,7.27,7.69,417000,648,3230963
2016-11-21,8.0,8.25,7.8,7.8,553100,601,4432074
2016-11-22,7.86,8.07,7.68,7.8,155200,287,1217246
2016-11-23,7.89,7.89,7.54,7.69,81200,198,622716
2016-11-24,7.74,7.94,7.6,7.6,55100,177,423466
2016-11-25,7.6,7.6,7.33,7.47,66100,197,492605
2016-11-28,7.65,7.65,7.26,7.3,94400,206,692048
2016-11-29,7.32,7.5,7.26,7.33,41100,143,301070
2016-11-30,7.4,7.6,7.34,7.5,52100,136,388344
2016-12-01,7.51,7.51,7.13,7.18,50400,111,370208
2016-12-02,7.33,7.49,7.17,7.34,35300,107,259039
2016-12-05,7.5,7.5,7.29,7.39,12700,49,93443
2016-12-06,7.18,7.49,7.18,7.4,46400,169,340616
2016-12-07,7.4,7.4,7.22,7.36,50400,176,369199
2016-12-08,7.36,7.48,7.21,7.47,35000,132,256598
2016-12-09,7.47,7.5,7.24,7.4,24900,97,182225
2016-12-12,7.46,7.46,7.17,7.2,30500,82,220716
2016-12-13,7.3,7.3,7.18,7.19,21100,68,152125
2016-12-14,7.19,7.36,7.18,7.2,38100,186,275117
2016-12-15,7.2,7.35,7.11,7.2,18100,90,130836
2016-12-16,7.3,7.35,7.22,7.32,35700,74,261233
2016-12-19,7.39,7.39,7.21,7.22,12700,51,92334
2016-12-20,7.22,7.35,7.19,7.25,42100,83,305178
2016-12-21,7.29,7.34,7.19,7.32,23400,75,170369
2016-12-22,7.34,7.35,7.29,7.3,18300,67,133834
2016-12-23,7.34,7.6,7.33,7.57,161200,112,1196182
2016-12-26,7.59,7.65,7.41,7.44,14200,42,107062
2016-12-27,7.55,7.55,7.24,7.24,37700,116,275575
2016-12-28,7.33,7.45,7.26,7.41,33300,104,245529
2016-12-29,7.53,7.55,7.41,7.44,24500,64,182837
2017-01-02,7.5,7.55,7.39,7.47,7400,39,55146
2017-01-03,7.5,7.6,7.43,7.5,37900,82,284932
2017-01-04,7.5,7.71,7.41,7.7,68700,146,524305
2017-01-05,7.75,7.88,7.68,7.82,47000,146,365261
2017-01-06,7.82,7.82,7.56,7.7,29200,79,224725
2017-01-09,7.82,7.82,7.64,7.72,54500,160,419974
2017-01-10,7.72,7.73,7.55,7.57,24000,69,182956
2017-01-11,7.59,7.74,7.55,7.55,36200,78,276424
2017-01-12,7.64,7.73,7.55,7.64,47700,75,364524
2017-01-13,7.79,7.79,7.43,7.45,72700,136,550393
2017-01-16,7.45,7.49,7.34,7.49,68000,181,502943
2017-01-17,7.4,7.4,7.2,7.28,99400,177,723245
2017-01-18,7.4,7.43,7.22,7.34,66000,185,482135
2017-01-19,7.4,7.41,7.33,7.39,57200,152,422238
2017-01-20,7.43,7.44,7.36,7.43,21500,73,159426
2017-01-23,7.45,7.62,7.36,7.45,82100,224,613572
2017-01-24,7.5,7.5,7.3,7.49,100700,216,742468
2017-01-26,7.5,7.5,7.42,7.43,165400,267,1237536
2017-01-27,7.53,7.56,7.31,7.56,72800,154,544838
2017-01-30,7.59,7.6,7.52,7.58,116900,167,885522
2017-01-31,7.55,7.59,7.41,7.58,78900,181,592691
2017-02-01,7.56,7.57,7.45,7.53,25900,93,194892
2017-02-02,7.52,7.52,7.43,7.48,42900,104,319562
2017-02-03,7.5,7.59,7.48,7.56,38300,104,288723
2017-02-06,7.56,7.56,7.42,7.43,68400,164,512199
2017-02-07,7.54,7.54,7.35,7.49,62800,150,467461
2017-02-08,7.49,7.49,7.39,7.44,42600,150,315658
2017-02-09,7.45,7.66,7.41,7.66,129700,367,974945
2017-02-10,7.66,7.7,7.19,7.35,252200,427,1861169
2017-02-13,7.39,7.4,7.2,7.28,140200,363,1024878
2017-02-14,7.29,7.35,7.25,7.35,80100,262,585577
2017-02-15,7.38,7.4,7.25,7.25,100300,185,730896
2017-02-16,7.3,7.38,7.25,7.27,60500,206,441997
2017-02-17,7.34,7.35,7.22,7.22,47200,147,344602
2017-02-20,7.26,7.33,7.22,7.26,63100,153,457926
2017-02-21,7.25,7.31,7.19,7.2,73700,139,532868
2017-02-22,7.22,7.22,7.06,7.09,117300,183,832602
2017-02-23,7.2,7.2,6.96,7.02,76000,136,535448
2017-02-24,7.08,7.08,6.71,6.87,40600,110,280737
2017-03-01,6.87,6.87,6.57,6.79,51700,124,346470
2017-03-02,6.79,6.8,6.58,6.6,76300,194,505728
2017-03-03,6.65,6.74,6.59,6.61,38900,140,258313
2017-03-06,6.85,6.94,6.61,6.67,68400,101,462263
2017-03-07,6.65,6.65,6.44,6.48,69500,165,454757
2017-03-08,6.5,6.5,6.0,6.2,87100,221,544243
2017-03-09,6.2,6.2,5.85,5.85,104800,249,623557
2017-03-10,5.88,5.99,5.8,5.9,49600,127,292742
2017-03-13,6.0,6.0,5.87,5.87,23800,78,140086
2017-03-14,5.9,6.09,5.81,5.81,45600,154,270893
2017-03-15,5.82,5.83,5.56,5.75,47400,153,269848
2017-03-16,5.75,5.75,5.51,5.54,46800,151,259599
2017-03-17,5.55,5.6,5.46,5.47,27100,113,149708
2017-03-20,5.5,5.5,5.34,5.42,49600,100,267509
2017-03-21,5.59,5.59,5.12,5.2,52500,141,279316
2017-03-22,5.19,5.2,5.03,5.1,20000,70,102413
2017-03-23,5.07,5.07,4.95,5.05,67100,133,335981
2017-03-24,5.0,5.26,4.98,5.06,36800,127,188172
2017-03-27,5.1,5.14,5.06,5.06,26400,71,134305
2017-03-28,5.19,5.25,5.06,5.2,58300,132,300705
2017-03-29,5.31,5.68,5.3,5.6,151000,327,831491
2017-03-30,5.65,5.67,5.45,5.45,56300,167,311217
2017-03-31,5.59,5.59,5.31,5.35,44200,110,238833
2017-04-03,5.35,5.45,5.05,5.15,74500,208,385478
2017-04-04,5.15,5.15,5.1,5.1,64300,187,329544
2017-04-05,5.12,5.4,5.1,5.12,125900,275,653136
2017-04-06,5.23,5.23,5.05,5.06,82700,216,422508
2017-04-07,5.11,5.21,5.01,5.08,62600,168,317767
2017-04-10,5.22,5.22,4.97,4.98,155000,233,774976
2017-04-11,5.0,5.11,4.97,5.01,71300,154,358832
2017-04-12,5.01,5.11,4.97,5.0,39900,116,199339
2017-04-13,5.07,5.08,4.95,5.08,55300,139,276091
2017-04-17,5.1,5.11,4.97,4.98,43300,93,216855
2017-04-18,5.0,5.08,4.96,5.01,26200,59,131501
2017-04-19,5.1,5.5,5.1,5.2,113700,208,598497
2017-04-20,5.38,5.74,5.38,5.74,148100,211,819136
2017-04-24,6.0,6.2,5.74,5.9,223200,356,1332483
2017-04-25,6.0,6.26,5.55,6.26,278900,459,1679427
2017-04-26,6.29,6.5,6.12,6.29,129300,212,821664
2017-04-27,6.42,6.42,6.1,6.21,82800,125,514188
2017-04-28,6.21,6.35,6.13,6.13,46500,111,289655
2017-05-02,6.2,6.3,6.15,6.2,52800,119,326989
2017-05-03,6.19,6.26,6.05,6.19,55800,109,342260
2017-05-04,6.21,6.21,6.05,6.05,37400,69,228385
2017-05-05,6.1,6.3,6.07,6.23,33300,76,207142
2017-05-08,6.28,6.29,6.13,6.21,51300,88,319874
2017-05-09,6.2,6.29,6.07,6.15,27200,77,168247
2017-05-10,6.19,6.3,6.07,6.07,34200,97,212235
2017-05-11,6.2,6.2,6.05,6.13,50600,96,308585
2017-05-12,6.12,6.27,6.11,6.2,25200,56,155471
2017-05-15,6.11,6.19,6.0,6.06,50900,87,308178
2017-05-16,6.1,6.13,6.02,6.04,47600,105,289005
2017-05-17,6.1,6.11,6.01,6.03,27100,71,163539
2017-05-18,5.4,5.65,5.3,5.42,124400,207,675361
2017-05-19,5.4,5.97,5.4,5.81,55700,139,325746
2017-05-22,5.89,5.91,5.52,5.6,44200,123,251074
2017-05-23,5.65,5.65,5.53,5.6,38200,59,213272
2017-05-24,5.74,5.74,5.57,5.67,15900,45,90439
2017-05-25,5.67,5.68,5.57,5.63,47300,71,265111
2017-05-26,5.66,5.8,5.63,5.75,30800,57,177264
2017-05-29,5.81,5.95,5.8,5.95,30100,68,178288
2017-05-30,5.99,6.24,5.99,6.03,24800,77,150808
2017-05-31,6.03,6.09,5.89,5.89,35400,102,210572
2017-06-01,5.89,5.99,5.89,5.97,16200,49,96485
2017-06-02,5.97,5.97,5.66,5.78,62000,94,356316
2017-06-05,5.89,5.9,5.75,5.87,31200,67,183088
2017-06-06,5.9,5.9,5.85,5.86,12200,34,71763
2017-06-07,5.85,5.85,5.75,5.77,10400,38,60198
2017-06-08,5.71,5.9,5.71,5.78,5900,25,33912
2017-06-09,5.78,5.8,5.74,5.75,16700,35,96369
2017-06-12,5.75,5.76,5.41,5.42,32500,90,180176
2017-06-13,5.52,5.52,5.18,5.33,24200,84,128455
2017-06-14,5.45,5.5,5.42,5.48,24000,135,131226
2017-06-16,5.51,5.51,5.45,5.48,15200,31,83346
2017-06-19,5.45,5.51,5.44,5.45,29600,43,162443
2017-06-20,5.45,5.48,5.3,5.3,21400,45,114314
2017-06-21,5.31,5.31,5.21,5.22,22400,123,117522
2017-06-22,5.22,5.3,4.75,5.02,229200,350,1136876
2017-06-23,5.0,5.02,4.85,4.86,54900,90,269630
2017-06-26,4.92,4.97,4.89,4.89,22900,51,112464
2017-06-27,4.89,4.9,4.85,4.86,26000,51,126853
2017-06-28,4.9,4.99,4.89,4.96,28300,47,140135
2017-06-29,5.0,5.06,4.98,5.0,30400,57,152297
2017-06-30,5.0,5.09,5.0,5.05,23700,46,120032
2017-07-03,5.05,5.09,5.04,5.04,17100,91,86491
2017-07-04,5.08,5.08,5.03,5.04,10900,34,55071
2017-07-05,5.04,5.08,5.03,5.05,21800,74,110067
2017-07-06,5.05,5.05,4.98,5.05,27900,91,139637
2017-07-07,5.08,5.08,4.98,5.04,9600,32,48238
2017-07-10,5.0,5.05,4.95,5.05,23300,102,116893
2017-07-11,5.05,5.1,5.0,5.1,13500,53,68294
2017-07-12,5.1,5.34,5.03,5.05,70400,156,363340
2017-07-13,5.07,5.16,5.07,5.12,21900,47,112002
2017-07-14,5.16,5.27,5.16,5.27,39400,106,205429
2017-07-17,5.24,5.24,5.14,5.19,25400,48,131086
2017-07-18,5.18,5.18,5.07,5.08,25300,53,128789
2017-07-19,5.08,5.15,5.05,5.13,24900,105,126597
2017-07-20,5.1,5.1,5.02,5.06,19400,61,97984
2017-07-21,5.07,5.1,5.03,5.1,15300,79,77400
2017-07-24,5.1,5.1,5.03,5.05,18000,74,91096
2017-07-25,5.05,5.14,5.0,5.04,24500,56,123784
2017-07-26,5.04,5.29,5.02,5.18,87000,127,446258
2017-07-27,5.2,5.28,5.14,5.22,18800,37,97614
2017-07-28,5.25,5.25,5.1,5.24,22700,26,116584
2017-07-31,5.24,5.24,5.11,5.12,10400,28,53399
2017-08-01,5.12,5.12,5.07,5.1,21200,38,108053
2017-08-02,5.1,5.12,5.08,5.1,17900,46,91265
2017-08-03,5.1,5.19,5.06,5.19,24700,100,125432
2017-08-04,5.19,5.31,5.17,5.25,41800,124,218938
2017-08-07,5.25,5.7,5.25,5.59,122800,243,672854
2017-08-08,5.7,5.84,5.39,5.41,85800,168,476997
2017-08-09,5.55,5.55,5.2,5.32,36200,84,193053
2017-08-10,5.2,5.2,4.97,5.16,160800,197,813915
2017-08-11,5.2,5.2,5.07,5.11,33900,93,174211
2017-08-14,5.11,5.11,5.02,5.05,40500,110,205170
2017-08-15,5.11,5.15,5.06,5.14,27500,46,140703
2017-08-16,5.15,5.16,5.04,5.07,19100,43,96943
2017-08-17,5.06,5.13,5.05,5.07,5800,17,29417
2017-08-18,5.07,5.07,5.04,5.07,27100,72,137191
2017-08-21,5.05,5.12,5.03,5.11,13400,39,68174
2017-08-22,5.11,5.11,5.06,5.07,24700,59,125271
2017-08-23,5.06,5.08,5.05,5.06,43200,46,218814
2017-08-24,5.08,5.3,5.08,5.16,49300,86,254733
2017-08-25,5.15,5.18,5.14,5.16,10800,49,55715
2017-08-28,5.17,5.2,5.08,5.08,51300,73,263464
2017-08-29,5.1,5.16,5.08,5.08,70100,68,357264
2017-08-30,5.09,5.18,5.08,5.08,45000,67,229702
2017-08-31,5.09,5.26,5.06,5.23,60500,78,311611
2017-09-01,5.3,5.4,5.1,5.14,135100,171,712852
2017-09-04,5.17,5.37,5.08,5.19,43200,65,223161
2017-09-05,5.19,5.25,5.13,5.2,21100,44,109177
2017-09-06,5.2,5.2,5.06,5.11,27000,62,137704
2017-09-08,5.08,5.3,5.07,5.19,54100,88,280599
2017-09-11,5.29,5.29,5.12,5.19,47900,70,249296
2017-09-12,5.2,5.21,5.12,5.17,16200,52,83625
2017-09-13,5.18,5.2,5.13,5.18,26000,44,134322
2017-09-14,5.18,5.38,5.17,5.29,90900,107,478405
2017-09-15,5.38,5.59,5.35,5.52,234800,439,1277061
2017-09-18,5.56,6.0,5.55,5.89,239800,452,1391490
2017-09-19,5.89,6.03,5.65,5.77,132600,186,775476
2017-09-20,5.9,5.9,5.5,5.71,118800,134,677242
2017-09-21,5.88,5.88,5.64,5.64,44800,49,256230
2017-09-22,5.66,5.66,5.5,5.52,32100,49,178612
2017-09-25,5.57,5.82,5.51,5.58,64400,103,366087
2017-09-26,5.61,5.68,5.51,5.59,26700,36,149932
2017-09-27,5.65,5.73,5.3,5.41,40800,86,222333
2017-09-28,5.41,5.44,5.32,5.32,6200,26,33391
2017-09-29,5.35,5.46,5.32,5.46,31600,111,170266
2017-10-02,5.5,5.52,5.4,5.42,26100,48,142446
2017-10-03,5.58,5.58,5.39,5.4,15400,30,84182
2017-10-04,5.5,5.5,5.31,5.4,13000,31,69838
2017-10-05,5.38,5.4,5.2,5.21,48200,80,254077
2017-10-06,5.26,5.36,5.25,5.25,10500,30,55515
2017-10-09,5.2,5.2,5.11,5.13,41200,67,212389
2017-10-10,5.2,5.25,5.11,5.25,28900,63,148767
2017-10-11,5.11,5.16,5.11,5.15,27400,63,140773
2017-10-13,5.17,5.17,5.11,5.13,22700,53,116364
2017-10-16,5.14,5.21,5.07,5.18,27200,54,139687
2017-10-17,5.11,5.18,5.1,5.15,13700,36,70340
2017-10-18,5.19,5.19,5.11,5.16,12000,27,61779
2017-10-19,5.19,5.19,5.1,5.15,16400,27,84149
2017-10-20,5.11,5.12,5.1,5.1,13500,23,68918
2017-10-23,5.12,5.13,5.07,5.07,20600,38,104959
2017-10-24,5.05,5.1,5.03,5.06,31600,48,159471
2017-10-25,5.06,5.08,5.05,5.05,14300,14,72439
2017-10-26,5.05,5.06,5.02,5.03,12700,36,64036
2017-10-27,5.02,5.05,4.99,5.02,29500,49,147767
2017-10-30,5.02,5.1,4.99,4.99,23000,41,115983
2017-10-31,4.99,5.01,4.98,5.01,27000,104,134804
2017-11-01,5.0,5.06,5.0,5.02,10600,34,53147
2017-11-03,5.01,5.02,4.98,5.0,7100,23,35496
2017-11-06,5.1,5.1,5.0,5.01,19500,35,98012
2017-11-07,5.03,5.03,4.97,4.98,36400,50,181237
2017-11-08,5.01,5.01,4.93,4.93,16800,38,83509
2017-11-09,5.01,5.02,4.96,4.98,5800,23,28954
2017-11-10,4.98,4.98,4.91,4.93,6600,13,32494
2017-11-13,4.93,4.94,4.85,4.92,15800,27,77534
2017-11-14,5.02,5.02,4.93,4.93,9500,26,47257
2017-11-16,4.91,4.91,4.83,4.84,25600,37,124296
2017-11-17,4.85,4.89,4.75,4.89,14400,27,69792
2017-11-21,4.9,4.95,4.82,4.82,19500,32,95983
2017-11-22,4.82,4.94,4.8,4.8,13700,26,66322
2017-11-23,4.79,4.84,4.76,4.84,6000,19,28716
2017-11-24,4.85,4.86,4.84,4.84,5900,13,28609
2017-11-27,4.85,4.85,4.53,4.83,21200,50,100111
2017-11-28,4.85,4.85,4.64,4.74,8700,28,41688
2017-11-29,4.75,4.75,4.65,4.7,12700,19,59351
2017-11-30,4.65,4.67,4.6,4.61,13800,26,63923
2017-12-01,4.65,4.67,4.51,4.51,19800,39,90933
2017-12-04,4.51,4.6,4.48,4.55,19600,36,88581
2017-12-05,4.56,4.57,4.5,4.5,2700,11,12284
2017-12-06,4.5,4.55,4.5,4.53,13600,26,61279
2017-12-07,4.51,4.66,4.5,4.6,16300,19,74761
2017-12-08,4.59,4.65,4.57,4.6,5800,14,26596
2017-12-11,4.6,4.65,4.6,4.61,5600,18,25865
2017-12-12,4.62,4.75,4.62,4.7,10400,27,48464
2017-12-13,4.7,4.72,4.65,4.65,9900,20,46429
2017-12-14,4.57,4.63,4.57,4.58,11200,10,51496
2017-12-15,4.57,4.59,4.51,4.51,14600,23,66511
2017-12-18,4.5,4.54,4.46,4.53,19500,25,87990
2017-12-19,4.47,4.47,4.27,4.37,21800,30,94924
2017-12-20,4.31,4.4,4.31,4.4,11700,25,50687
2017-12-21,4.38,4.4,4.33,4.36,25500,28,111067
2017-12-22,4.32,4.45,4.32,4.4,16700,28,73543
2017-12-26,4.36,4.45,4.36,4.4,15200,23,67186
2017-12-27,4.4,4.5,4.4,4.5,8600,27,38175
2017-12-28,4.48,4.53,4.44,4.51,19100,31,85895
2018-01-02,4.51,4.65,4.51,4.64,16000,27,73666
2018-01-03,4.65,4.8,4.63,4.75,19200,34,90332
2018-01-04,4.75,4.98,4.75,4.84,18400,35,89572
2018-01-05,4.97,4.98,4.89,4.89,11800,23,58173
2018-01-08,4.89,4.98,4.85,4.97,22300,27,110323
2018-01-09,4.97,5.02,4.92,5.0,22300,30,111138
2018-01-10,4.92,4.95,4.49,4.49,39600,49,187588
2018-01-11,4.53,4.73,4.53,4.68,14200,21,66019
2018-01-12,4.71,4.71,4.67,4.71,11400,10,53664
2018-01-15,4.7,4.71,4.7,4.7,1100,4,5175
2018-01-16,4.7,4.7,4.58,4.59,10500,18,48501
2018-01-17,4.59,4.59,4.55,4.58,7200,12,32878
2018-01-18,4.58,4.59,4.49,4.59,11400,17,51689
2018-01-19,4.59,4.59,4.49,4.49,20200,40,91647
2018-01-22,4.5,4.5,4.39,4.4,20300,35,89649
2018-01-23,4.43,4.45,4.34,4.34,21500,40,94414
2018-01-24,4.31,4.4,4.31,4.33,44800,52,195913
2018-01-26,4.33,4.4,4.33,4.36,24200,36,106226
2018-01-29,4.38,4.45,4.32,4.38,28300,36,123894
2018-01-30,4.38,4.4,4.3,4.31,11800,26,51142
2018-01-31,4.35,4.4,4.3,4.31,34900,46,152579
2018-02-01,4.33,4.4,4.33,4.35,4900,9,21330
2018-02-02,4.35,4.4,4.33,4.35,15600,26,67837
2018-02-05,4.35,4.39,4.34,4.35,11900,30,51824
2018-02-06,4.35,4.35,4.32,4.32,4700,12,20389
2018-02-07,4.32,4.32,4.3,4.32,29600,27,127718
2018-02-08,4.32,4.35,4.29,4.35,11900,18,51270
2018-02-09,4.07,4.21,4.07,4.15,53100,84,219557
2018-02-14,4.25,4.25,4.17,4.17,2800,9,11737
2018-02-15,4.21,4.25,4.17,4.25,21400,37,90117
2018-02-16,4.28,5.02,4.28,4.85,225300,315,1066863
2018-02-19,4.95,6.0,4.95,5.98,1209000,1938,6819282
2018-02-20,6.02,6.49,5.56,5.56,2559900,3583,15837963
2018-02-21,5.68,5.95,5.61,5.9,527800,882,3048067
2018-02-22,5.95,5.95,5.6,5.7,116100,219,668399
2018-02-23,5.76,5.76,5.44,5.44,125400,159,700152
2018-02-26,5.45,5.53,5.17,5.28,156000,200,823872
2018-02-27,5.31,5.31,5.03,5.15,107900,128,553615
2018-02-28,5.1,5.1,4.7,4.7,79100,129,393007
2018-03-01,4.93,5.12,4.84,5.1,65400,92,327876
2018-03-02,5.21,5.65,5.0,5.03,110400,146,582544
2018-03-05,5.03,5.28,4.92,5.22,74800,102,383618
2018-03-06,5.24,5.46,5.12,5.15,30500,41,160075
2018-03-07,5.15,5.23,5.11,5.12,17900,23,91907
2018-03-08,5.2,5.2,5.03,5.05,27600,36,140277
2018-03-09,5.03,5.11,5.0,5.09,34600,52,174530
2018-03-12,5.17,5.19,5.0,5.15,25800,52,130215
2018-03-13,5.3,5.4,5.08,5.1,106600,104,554927
2018-03-14,5.08,5.1,5.02,5.05,22600,34,113862
2018-03-15,5.05,5.05,4.99,4.99,6500,25,32602
2018-03-16,5.0,5.15,4.95,4.96,18100,38,90773
2018-03-19,4.95,4.99,4.8,4.9,17700,53,86947
2018-03-20,4.88,4.89,4.83,4.85,29200,37,141886
2018-03-21,4.88,4.89,4.8,4.89,19700,37,95250
2018-03-22,4.95,4.95,4.73,4.73,15100,26,73118
2018-03-23,4.72,4.72,4.65,4.69,17700,41,83015
2018-03-26,4.61,4.61,4.5,4.5,22900,44,104224
2018-03-27,4.53,4.53,4.44,4.5,18600,27,83583
2018-03-28,4.41,4.41,4.31,4.31,9600,21,41980
2018-03-29,4.55,4.6,4.38,4.47,51500,54,229643
2018-04-02,4.5,4.52,4.36,4.4,16900,29,75088
2018-04-03,4.41,4.42,4.33,4.33,6800,16,29828
2018-04-04,4.3,4.31,4.27,4.28,25300,48,108537
2018-04-05,4.46,4.46,4.34,4.35,21000,24,91491
2018-04-06,4.39,4.41,4.32,4.34,21100,19,91919
2018-04-09,4.46,4.46,4.35,4.35,15200,25,66337
2018-04-10,4.36,4.36,4.19,4.31,33400,104,143288
2018-04-11,4.28,4.4,4.17,4.25,46500,83,195652
2018-04-12,4.15,4.42,4.09,4.13,132100,222,553253
2018-04-13,4.15,4.24,4.1,4.14,60800,110,252458
2018-04-16,4.08,4.08,4.0,4.0,64700,265,260000
2018-04-17,4.03,4.1,4.0,4.1,51600,77,208293
2018-04-18,4.03,4.13,4.03,4.05,26100,50,106006
2018-04-19,4.13,4.13,4.0,4.0,31200,52,126163
2018-04-20,4.01,4.14,4.01,4.14,35000,83,142629
2018-04-23,4.13,4.13,4.05,4.1,13400,22,55107
2018-04-24,4.14,4.15,4.04,4.07,20400,44,83778
2018-04-25,4.1,4.1,4.01,4.01,19200,40,77363
2018-04-26,4.1,4.1,3.98,3.98,44400,66,178073
2018-04-27,3.98,4.02,3.98,4.02,25300,57,101344
2018-04-30,4.0,4.02,3.93,3.97,16500,31,65424
2018-05-02,3.96,3.96,3.95,3.95,6900,13,27269
2018-05-03,4.02,4.02,3.93,4.0,46900,44,187197
2018-05-04,4.0,4.02,4.0,4.0,23600,29,94404
2018-05-07,4.01,4.02,4.0,4.02,15700,12,62905
2018-05-08,4.0,4.03,4.0,4.0,10800,18,43253
2018-05-09,4.0,4.24,4.0,4.23,53200,90,220696
2018-05-10,4.25,4.25,4.05,4.06,30300,139,124789
2018-05-11,4.06,4.06,4.0,4.05,14600,26,58841
2018-05-14,4.14,4.25,4.12,4.2,70300,92,295475
2018-05-15,4.2,4.25,4.04,4.22,53300,65,223446
2018-05-16,4.23,4.23,4.12,4.2,31800,50,132419
2018-05-17,4.13,4.19,4.1,4.13,14000,32,57794
2018-05-18,4.12,4.12,4.05,4.1,30900,38,126275
2018-05-21,4.12,4.12,4.0,4.0,75500,46,306463
2018-05-22,4.04,4.04,4.0,4.01,16300,30,65310
2018-05-23,4.07,4.07,4.0,4.0,17800,23,71413
2018-05-24,4.0,4.04,3.95,3.99,21200,38,84677
2018-05-25,3.96,3.98,3.86,3.88,31600,66,123589
2018-05-28,3.88,3.88,3.72,3.81,24900,45,94465
2018-05-29,3.8,3.85,3.74,3.82,18700,41,70755
2018-05-30,3.76,3.8,3.72,3.73,12600,33,47268
2018-06-01,3.79,3.9,3.66,3.69,31200,72,116852
2018-06-04,3.71,3.71,3.61,3.7,27300,32,100555
2018-06-05,3.71,3.77,3.62,3.64,7500,36,27684
2018-06-06,3.64,3.67,3.56,3.63,19300,46,69763
2018-06-07,3.66,3.66,3.34,3.34,44200,121,153582
2018-06-08,3.47,3.47,3.26,3.33,22100,67,73685
2018-06-11,3.35,3.54,3.33,3.42,14500,22,49251
2018-06-12,3.39,3.55,3.35,3.51,11400,27,39228
2018-06-13,3.46,3.88,3.46,3.62,21100,45,76991
2018-06-14,3.62,3.62,3.51,3.56,3100,11,10932
2018-06-15,3.5,3.61,3.42,3.5,21100,31,73897
2018-06-18,3.52,3.52,3.31,3.31,23100,30,77927
2018-06-19,3.2,3.27,3.09,3.25,35600,45,112816
2018-06-20,3.24,3.49,3.24,3.31,19700,36,66588
2018-06-21,3.38,3.38,3.27,3.3,6600,14,21937
2018-06-22,3.3,3.32,3.28,3.31,3500,10,11573
2018-06-25,3.32,3.32,3.28,3.3,5600,10,18468
2018-06-26,3.31,3.31,3.24,3.24,11700,22,38368
2018-06-27,3.22,3.22,3.1,3.18,15200,15,47561
2018-06-28,3.19,3.2,3.15,3.15,13200,21,41918
2018-06-29,3.19,3.29,3.16,3.24,35700,49,114745
2018-07-02,3.25,3.45,3.25,3.29,14300,36,47577
2018-07-03,3.29,3.29,3.17,3.22,27900,50,89542
2018-07-04,3.2,3.21,3.18,3.21,3800,18,12164
2018-07-05,3.18,3.22,3.15,3.15,19600,26,62201
2018-07-06,3.18,3.18,3.17,3.17,5000,9,15889
2018-07-10,3.17,3.17,3.12,3.15,12900,27,40629
2018-07-11,3.15,3.23,3.15,3.19,11900,27,38026
2018-07-12,3.25,3.25,3.16,3.22,11600,29,37091
2018-07-13,3.23,3.23,3.15,3.15,34800,25,110197
2018-07-16,3.15,3.32,3.15,3.28,25700,48,83143
2018-07-17,3.24,3.26,3.17,3.26,14600,27,46984
2018-07-18,3.24,3.28,3.22,3.27,10200,20,33105
2018-07-19,3.29,3.29,3.23,3.27,4700,13,15286
2018-07-20,3.25,3.4,3.24,3.28,30700,55,101021
2018-07-23,3.3,3.34,3.3,3.31,9900,15,32824
2018-07-24,3.35,3.35,3.28,3.29,6500,14,21536
2018-07-25,3.29,3.29,3.26,3.29,30500,31,99767
2018-07-26,3.26,3.27,3.22,3.25,20500,19,66364
2018-07-27,3.26,3.61,3.21,3.4,54300,88,186797
2018-07-30,3.42,3.6,3.42,3.49,14400,30,50443
2018-07-31,3.55,3.55,3.3,3.3,49500,59,166659
2018-08-01,3.3,3.4,3.28,3.4,26500,33,88623
2018-08-02,3.36,3.39,3.3,3.36,6100,15,20284
2018-08-03,3.38,3.38,3.29,3.31,5000,9,16527
2018-08-06,3.27,3.34,3.27,3.33,10800,22,35849
2018-08-07,3.35,3.35,3.28,3.28,10700,9,35584
2018-08-08,3.26,3.26,3.18,3.19,13700,29,44223
2018-08-09,3.21,3.22,3.16,3.22,8800,18,28146
2018-08-10,3.15,3.17,2.96,3.17,61900,83,188904
2018-08-13,3.13,3.13,3.0,3.01,20600,34,62623
2018-08-14,3.0,3.08,2.98,2.99,21300,39,64232
2018-08-15,3.0,3.0,2.97,2.97,19300,25,57649
2018-08-16,3.01,3.12,3.01,3.01,4600,8,14044
2018-08-17,3.05,3.05,2.83,2.89,34300,51,99563
2018-08-20,2.89,2.93,2.83,2.87,12200,28,35153
2018-08-21,2.87,2.87,2.83,2.83,18500,23,52704
2018-08-22,2.79,2.8,2.73,2.76,6900,20,19175
2018-08-23,2.74,2.74,2.66,2.67,10600,19,28704
2018-08-24,2.67,2.7,2.65,2.65,16700,19,44457
2018-08-27,2.68,2.74,2.68,2.68,15900,21,42933
2018-08-28,2.67,2.67,2.61,2.63,10100,18,26718
2018-08-29,2.66,2.67,2.6,2.6,10900,23,28736
2018-08-30,2.62,2.64,2.53,2.55,8300,23,21396
2018-08-31,2.53,2.53,2.4,2.4,40700,59,98788
2018-09-03,2.4,2.46,2.4,2.42,7700,17,18750
2018-09-04,2.4,2.4,2.32,2.36,19500,31,46007
2018-09-05,2.39,2.4,2.35,2.37,26700,29,63335
2018-09-06,2.42,2.52,2.35,2.36,27000,45,65683
2018-09-10,2.38,2.47,2.38,2.4,15300,21,37184
2018-09-11,2.45,2.45,2.4,2.4,9100,17,22108
2018-09-12,2.45,2.45,2.24,2.34,14800,26,34656
2018-09-13,2.35,2.35,2.24,2.33,6200,16,14440
2018-09-14,2.34,2.34,2.25,2.28,12300,18,28460
2018-09-17,2.25,2.31,2.25,2.27,8500,16,19337
2018-09-18,2.3,2.44,2.3,2.44,24200,37,56772
2018-09-19,2.47,2.49,2.43,2.45,26900,27,66110
2018-09-20,2.43,2.43,2.31,2.33,23300,28,54833
2018-09-21,2.63,2.66,2.44,2.51,102500,120,262167
2018-09-24,2.51,2.7,2.51,2.56,21300,53,55420
2018-09-25,2.55,2.55,2.47,2.47,13400,18,33319
2018-09-26,2.47,2.47,2.36,2.42,13500,21,32522
2018-09-27,2.38,2.54,2.37,2.4,12700,26,30622
2018-09-28,2.4,2.43,2.35,2.35,24900,30,59085
2018-10-01,2.35,2.35,2.3,2.3,2700,13,6308
2018-10-02,2.36,2.36,2.36,2.36,2000,6,4720
2018-10-03,2.54,2.54,2.44,2.44,22100,39,55174
2018-10-04,2.44,2.44,2.43,2.43,900,5,2192
2018-10-05,2.48,2.48,2.41,2.41,8500,14,20632
2018-10-08,2.75,2.83,2.49,2.5,61800,63,166689
2018-10-09,2.49,2.64,2.49,2.63,16000,30,41697
2018-10-10,2.65,2.68,2.57,2.58,14200,22,37001
2018-10-11,2.64,2.65,2.51,2.53,19200,55,49205
2018-10-15,2.58,2.6,2.46,2.58,17600,44,44466
2018-10-16,2.6,2.64,2.55,2.64,6400,17,16557
2018-10-17,2.6,2.7,2.58,2.7,9300,21,24540
2018-10-18,2.71,3.05,2.71,2.88,53100,77,153558
2018-10-19,2.88,3.38,2.88,3.31,83900,170,264228
2018-10-22,3.43,4.6,3.42,4.54,464900,772,1996528
2018-10-23,4.5,5.5,3.97,5.03,548200,1013,2693174
2018-10-24,5.3,5.45,4.9,4.93,335400,565,1742729
2018-10-25,4.99,5.14,4.36,4.42,198300,326,909413
2018-10-26,4.44,4.64,3.82,4.0,124800,264,503460
2018-10-29,4.23,4.44,3.86,4.05,73100,173,295164
2018-10-30,4.01,4.05,3.75,3.99,30000,99,118572
2018-10-31,4.03,4.04,3.72,3.75,66200,105,251246
2018-11-01,3.75,3.93,3.7,3.79,38200,91,144726
2018-11-05,3.71,3.85,3.56,3.7,65300,175,240659
2018-11-06,3.75,3.95,3.7,3.75,41200,97,157875
2018-11-07,3.8,3.86,3.7,3.7,14400,40,53635
2018-11-08,3.7,3.77,3.6,3.69,66000,87,244208
2018-11-09,3.69,3.71,3.51,3.57,25800,56,92796
2018-11-12,3.62,4.1,3.62,3.7,79800,166,309334
2018-11-13,3.71,3.71,3.5,3.57,27000,51,96582
2018-11-14,3.88,3.88,3.51,3.69,49600,89,183422
2018-11-16,3.69,3.75,3.6,3.67,4900,11,17997
2018-11-19,3.63,3.67,3.55,3.67,2500,13,9014
2018-11-21,3.56,3.8,3.52,3.8,7600,23,27330
2018-11-22,3.74,3.74,3.6,3.61,11200,37,40675
2018-11-23,3.61,3.61,3.38,3.6,13900,38,47900
2018-11-26,3.54,3.54,3.32,3.32,12900,30,44098
2018-11-27,3.33,3.48,3.31,3.32,13600,34,45555
2018-11-28,3.32,3.35,3.25,3.35,23800,42,78330
2018-11-29,3.4,3.8,3.4,3.75,65600,114,237454
2018-11-30,3.6,3.95,3.6,3.78,50800,74,192525
2018-12-03,3.75,3.75,3.62,3.62,10300,27,37995
2018-12-04,3.7,3.71,3.36,3.4,28600,110,100637
2018-12-05,3.33,3.6,3.33,3.48,24200,54,84988
2018-12-06,3.46,3.49,3.32,3.49,32500,77,109668
2018-12-07,3.47,3.57,3.4,3.4,11100,19,38196
2018-12-10,3.35,3.56,3.35,3.38,6300,26,21746
2018-12-11,3.4,3.49,3.31,3.35,17600,30,59583
2018-12-12,3.35,3.37,3.3,3.3,6600,20,21939
2018-12-13,3.36,3.36,3.25,3.25,18700,31,61435
2018-12-14,3.27,3.3,3.25,3.3,11000,22,36008
2018-12-17,3.3,3.35,3.24,3.24,2600,11,8589
2018-12-18,3.17,3.48,3.15,3.2,14300,40,47486
2018-12-19,3.25,3.28,3.08,3.14,25500,54,80545
2018-12-20,3.1,3.1,2.99,2.99,41100,56,124824
2018-12-21,3.0,3.0,2.9,2.9,24900,44,72888
2018-12-26,2.82,3.26,2.82,3.26,26500,36,83825
2018-12-27,3.07,3.11,2.99,3.07,86700,86,263326
2018-12-28,3.07,3.12,3.01,3.06,9700,36,29810
2019-01-02,3.08,3.14,3.05,3.08,8700,31,26948
2019-01-03,3.1,3.14,3.02,3.09,15700,58,48479
2019-01-04,3.09,3.19,3.06,3.13,10200,28,31556
2019-01-07,3.27,3.29,3.06,3.2,14700,47,46194
2019-01-08,3.19,3.2,3.09,3.09,6300,17,19612
2019-01-09,3.11,3.15,3.06,3.06,20700,51,63907
2019-01-10,3.1,3.1,2.99,2.99,30900,53,93968
2019-01-11,2.99,3.09,2.99,3.05,66600,34,202559
2019-01-14,3.11,3.11,3.01,3.05,9300,25,28463
2019-01-15,3.05,3.07,3.0,3.0,15000,49,45294
2019-01-16,3.04,3.11,2.97,3.11,36400,63,110592
2019-01-17,3.09,3.2,3.03,3.2,11900,33,36858
2019-01-18,3.15,3.2,3.09,3.09,17800,31,55768
2019-01-21,3.07,3.1,3.02,3.1,7100,21,21613
2019-01-22,3.08,3.08,3.05,3.05,9500,12,29178
2019-01-23,3.05,3.07,3.0,3.05,11900,28,36175
2019-01-24,3.02,3.14,3.02,3.09,7900,24,24372
2019-01-28,3.06,3.07,3.01,3.03,12700,30,38711
2019-01-29,3.01,3.04,3.0,3.0,13600,33,41063
2019-01-30,3.01,3.12,2.99,3.05,56400,83,172238
2019-01-31,3.12,3.4,3.09,3.09,102000,184,326807
2019-02-01,3.1,3.29,3.1,3.15,52800,82,167695
2019-02-04,3.12,3.15,3.1,3.11,14000,32,43641
2019-02-05,3.08,3.18,3.06,3.06,15700,35,48579
2019-02-06,3.04,3.09,2.98,2.98,46000,53,138619
2019-02-07,3.02,3.06,3.01,3.04,10400,20,31391
2019-02-08,3.03,3.08,3.01,3.01,17100,31,51880
2019-02-11,3.04,3.04,3.01,3.02,7800,17,23561
2019-02-12,3.03,3.08,3.03,3.03,14900,36,45248
2019-02-13,3.02,3.02,2.92,3.0,34700,54,103624
2019-02-14,3.0,3.01,2.94,2.97,23200,44,68645
2019-02-15,2.96,3.0,2.92,2.92,18100,43,53278
2019-02-18,2.99,2.99,2.87,2.89,10300,31,29841
2019-02-19,2.88,2.92,2.84,2.9,24100,44,69571
2019-02-20,2.86,2.89,2.85,2.89,2700,7,7727
2019-02-21,2.9,2.9,2.87,2.89,3800,13,10987
2019-02-22,2.91,2.92,2.86,2.86,6000,22,17379
2019-02-25,2.9,2.92,2.87,2.88,3200,11,9259
2019-02-26,2.88,2.88,2.85,2.85,2500,13,7166
2019-02-27,2.9,3.0,2.86,2.95,15800,42,46537
2019-02-28,2.95,2.95,2.89,2.92,4100,13,12023
2019-03-01,2.93,2.94,2.85,2.85,11800,23,34023
2019-03-06,2.86,2.86,2.83,2.83,800,5,2274
2019-03-07,2.82,2.83,2.8,2.81,5900,20,16593
2019-03-08,2.81,2.84,2.8,2.81,6100,13,17161
2019-03-11,2.85,2.94,2.81,2.94,6000,29,17091
2019-03-12,2.95,2.95,2.87,2.94,3400,17,9983
2019-03-13,2.9,2.94,2.87,2.93,13300,12,38730
2019-03-14,2.94,3.01,2.91,2.91,24500,35,72292
2019-03-15,2.9,3.05,2.9,2.9,26500,42,79387
2019-03-18,2.94,2.94,2.88,2.89,7900,20,22981
2019-03-19,2.89,2.96,2.85,2.85,28200,49,81302
2019-03-20,2.85,2.9,2.84,2.84,7100,24,20266
2019-03-21,2.89,2.89,2.77,2.88,11800,27,33258
2019-03-22,2.87,2.87,2.8,2.8,11200,30,31476
2019-03-25,2.81,2.85,2.78,2.79,12100,21,33922
2019-03-26,2.81,2.83,2.8,2.81,3600,12,10096
2019-03-27,2.81,2.81,2.65,2.75,17400,45,47383
2019-03-28,2.74,2.77,2.7,2.7,8300,23,22605
2019-03-29,2.8,2.8,2.67,2.67,11400,23,30900
2019-04-01,2.68,2.8,2.67,2.69,13100,16,35361
2019-04-02,2.71,2.75,2.66,2.66,14600,22,39287
2019-04-03,2.63,2.7,2.63,2.64,9800,17,25962
2019-04-04,2.64,2.65,2.64,2.65,1200,7,3178
2019-04-05,2.7,2.77,2.65,2.65,3200,14,8647
2019-04-08,2.67,2.67,2.65,2.65,600,6,1594
2019-04-09,2.65,2.65,2.61,2.61,3300,16,8680
2019-04-10,2.63,2.63,2.57,2.57,6200,21,16099
2019-04-11,2.58,2.62,2.56,2.6,5900,15,15172
2019-04-12,2.56,2.62,2.55,2.58,12100,27,31246
2019-04-15,2.62,2.62,2.54,2.55,8300,14,21473
2019-04-16,2.51,2.55,2.51,2.53,3400,15,8610
2019-04-17,2.6,2.6,2.6,2.6,1600,5,4160
2019-04-18,2.6,2.62,2.52,2.55,5800,13,14953
2019-04-22,2.55,2.57,2.52,2.53,4800,13,12156
2019-04-23,2.52,2.53,2.45,2.5,7400,24,18559
2019-04-24,2.51,2.53,2.46,2.46,3800,17,9550
2019-04-25,2.55,2.71,2.55,2.65,9400,26,24919
2019-04-26,2.7,2.71,2.54,2.59,3900,14,10290
2019-04-29,2.61,2.61,2.6,2.6,1600,6,4161
2019-04-30,2.61,2.61,2.6,2.6,5500,12,14302
2019-05-02,2.6,2.66,2.55,2.65,3700,8,9643
2019-05-03,2.67,2.67,2.58,2.63,3300,12,8596
2019-05-06,2.67,2.71,2.65,2.71,12800,17,34261
2019-05-07,2.71,2.71,2.62,2.66,1700,8,4541
2019-05-08,2.61,2.61,2.55,2.58,3700,11,9548
2019-05-09,2.58,2.6,2.57,2.6,1500,4,3892
2019-05-10,2.68,2.68,2.6,2.61,10300,7,27315
2019-05-13,2.61,2.62,2.55,2.55,3900,15,9999
2019-05-14,2.55,2.55,2.51,2.52,11900,23,29957
2019-05-15,2.51,2.53,2.5,2.53,10500,21,26461
2019-05-16,2.52,2.52,2.43,2.45,4200,17,10350
2019-05-17,2.45,2.48,2.4,2.41,15700,22,38041
2019-05-20,2.41,2.45,2.4,2.4,15000,32,36141
2019-05-21,2.43,2.43,2.4,2.43,3300,14,7967
2019-05-22,2.43,2.43,2.4,2.43,4400,6,10677
2019-05-23,2.43,2.53,2.43,2.43,8900,13,21807
2019-05-24,2.43,2.52,2.43,2.51,17800,22,43935
2019-05-27,2.53,2.56,2.52,2.56,5700,15,14445
2019-05-28,2.63,2.63,2.5,2.5,3300,13,8555
2019-05-29,2.5,2.55,2.43,2.43,22300,54,54599
2019-05-30,2.43,2.52,2.43,2.52,12700,26,31687
2019-05-31,2.52,2.63,2.46,2.61,18400,32,46668
2019-06-03,2.54,2.64,2.54,2.55,5800,19,14831
2019-06-04,2.58,2.6,2.46,2.6,7800,34,19817
2019-06-05,2.65,2.79,2.52,2.7,19200,47,51369
2019-06-06,2.78,2.8,2.73,2.79,12900,45,35836
2019-06-07,2.79,2.8,2.71,2.79,27600,46,76052
2019-06-10,2.65,2.77,2.65,2.7,3400,15,9186
2019-06-11,2.7,2.71,2.65,2.68,6300,23,16845
2019-06-12,2.65,2.8,2.63,2.65,20800,34,55927
2019-06-13,2.65,2.66,2.55,2.56,8800,21,22985
2019-06-14,2.68,2.68,2.5,2.5,4600,12,11593
2019-06-17,2.64,2.64,2.46,2.46,9300,32,23493
2019-06-18,2.48,2.5,2.44,2.44,33600,46,83110
2019-06-19,2.45,2.47,2.44,2.45,6500,14,15916
2019-06-21,2.48,2.53,2.46,2.47,13800,21,34242
2019-06-24,2.47,2.48,2.45,2.46,5200,13,12851
2019-06-25,2.5,2.5,2.41,2.42,13600,17,33049
2019-06-26,2.44,2.45,2.41,2.42,13000,19,31487
2019-06-27,2.42,2.5,2.42,2.45,5500,22,13520
2019-06-28,2.45,2.49,2.45,2.48,8600,19,21220
2019-07-01,2.49,2.59,2.49,2.54,14300,46,36378
2019-07-02,2.55,2.6,2.55,2.58,9000,29,23166
2019-07-03,2.57,2.58,2.52,2.56,4300,30,10961
2019-07-04,2.51,2.75,2.51,2.66,40700,123,107694
2019-07-05,2.66,2.8,2.65,2.77,106500,127,293109
2019-07-08,2.8,2.82,2.66,2.69,45900,81,125396
2019-07-10,2.7,2.76,2.61,2.61,31400,79,85747
2019-07-11,2.7,2.7,2.6,2.67,13900,49,36557
2019-07-12,2.65,2.69,2.59,2.68,12700,28,33591
2019-07-15,2.69,2.7,2.62,2.65,1600,12,4288
2019-07-16,2.61,2.65,2.6,2.61,11200,36,29385
2019-07-17,2.66,2.68,2.61,2.66,6600,29,17572
2019-07-18,2.67,2.67,2.6,2.65,6400,28,16922
2019-07-19,2.62,2.66,2.61,2.65,3500,20,9245
2019-07-22,2.63,2.74,2.63,2.68,19800,38,52765
2019-07-23,2.64,2.72,2.64,2.69,9700,30,25980
2019-07-24,2.7,2.92,2.7,2.75,41600,93,116405
2019-07-25,2.72,2.74,2.67,2.67,5300,28,14371
2019-07-26,2.68,2.7,2.64,2.64,7000,24,18659
2019-07-29,2.65,2.77,2.64,2.75,13900,55,37644
2019-07-30,2.74,2.75,2.69,2.73,2800,23,7620
2019-07-31,2.7,2.75,2.68,2.68,6600,43,17876
2019-08-01,2.72,2.81,2.65,2.7,19100,47,52125
2019-08-02,2.76,2.76,2.63,2.64,21100,42,57450
2019-08-05,2.7,2.7,2.61,2.65,18900,48,50039
2019-08-06,2.75,2.79,2.6,2.62,47000,92,123463
2019-08-07,2.65,2.66,2.57,2.6,96500,46,251375
2019-08-08,2.61,2.69,2.58,2.69,29700,59,77223
2019-08-09,2.7,2.7,2.58,2.6,28700,75,75612
2019-08-12,2.61,2.67,2.6,2.6,17500,28,45632
2019-08-13,2.6,2.64,2.6,2.61,13600,23,35468
2019-08-14,2.66,2.66,2.57,2.6,12000,28,31127
2019-08-15,2.6,2.6,2.42,2.52,22800,49,57273
2019-08-16,2.52,2.53,2.43,2.5,44500,26,111925
2019-08-19,2.59,2.59,2.5,2.5,3800,13,9553
2019-08-20,2.46,2.49,2.37,2.39,19800,45,47685
2019-08-21,2.41,2.44,2.33,2.4,17400,30,41795
2019-08-22,2.38,2.4,2.36,2.36,7100,24,16880
2019-08-23,2.28,2.35,2.28,2.33,4300,17,9923
2019-08-26,2.33,2.37,2.33,2.34,2300,10,5386
2019-08-27,2.35,2.38,2.28,2.32,4800,19,11189
2019-08-29,2.38,2.45,2.36,2.42,6300,20,15295
2019-08-30,2.43,2.5,2.32,2.37,20000,64,47947
2019-09-02,2.42,2.42,2.38,2.39,2300,17,5519
2019-09-03,3.0,3.25,2.73,3.0,440500,881,1333715
2019-09-04,3.0,3.0,2.71,2.72,67100,220,188660
2019-09-05,2.86,2.95,2.74,2.75,27100,95,76628
2019-09-06,2.87,2.87,2.62,2.62,24500,67,65657
2019-09-09,2.61,2.7,2.59,2.59,24900,79,65748
2019-09-10,2.59,2.61,2.51,2.51,11000,38,28118
2019-09-11,2.5,2.57,2.5,2.57,9400,29,23626
2019-09-12,2.56,2.57,2.5,2.51,17100,46,43194
2019-09-13,2.51,2.62,2.5,2.53,11600,41,29646
2019-09-16,2.6,2.72,2.6,2.7,56700,133,152776
2019-09-17,2.68,2.89,2.59,2.64,113800,223,308424
2019-09-18,2.71,2.75,2.69,2.69,20800,66,56410
2019-09-19,2.7,2.74,2.65,2.69,7700,27,20798
2019-09-20,2.66,2.7,2.64,2.65,2900,21,7728
2019-09-23,2.6,2.7,2.59,2.65,9700,21,25401
2019-09-24,2.65,2.65,2.6,2.65,7800,31,20382
2019-09-25,2.67,2.67,2.54,2.6,32600,46,83803
2019-09-26,2.58,2.58,2.56,2.56,8100,29,20757
2019-09-27,2.56,2.62,2.55,2.57,12300,29,31548
2019-09-30,2.57,2.59,2.55,2.56,2300,14,5903
2019-10-01,2.62,2.62,2.51,2.51,9400,35,24014
2019-10-02,2.51,2.55,2.51,2.53,8400,27,21200
2019-10-03,2.61,2.61,2.5,2.53,14200,26,35989
2019-10-04,2.51,2.59,2.5,2.5,6700,17,16899
2019-10-07,2.57,2.58,2.39,2.39,19100,45,47409
2019-10-08,2.44,2.55,2.44,2.51,6600,29,16456
2019-10-09,2.58,2.61,2.53,2.53,16500,47,42657
2019-10-10,2.53,2.55,2.51,2.51,1500,12,3795
2019-10-11,2.55,2.55,2.52,2.53,2000,12,5067
2019-10-14,2.58,2.58,2.48,2.49,6400,25,16051
2019-10-15,2.49,2.52,2.47,2.47,10700,35,26657
2019-10-16,2.47,2.55,2.47,2.54,5300,16,13421
2019-10-17,2.51,2.59,2.42,2.52,13800,46,34767
2019-10-18,2.5,2.56,2.5,2.56,12700,12,32354
2019-10-21,2.56,2.56,2.54,2.55,5700,5,14537
2019-10-22,2.55,2.56,2.52,2.52,3200,21,8128
2019-10-23,2.53,2.55,2.5,2.54,2700,15,6846
2019-10-24,2.55,2.63,2.53,2.6,13900,34,35948
2019-10-25,2.55,2.56,2.54,2.55,2000,15,5105
2019-10-28,2.55,2.67,2.47,2.49,42000,73,107401
2019-10-29,2.52,2.52,2.5,2.52,13800,16,34655
2019-10-30,2.5,2.54,2.47,2.54,6200,25,15487
2019-10-31,2.53,2.53,2.48,2.49,9200,27,22984
2019-11-01,2.48,2.51,2.46,2.49,3600,11,8991
2019-11-04,2.49,2.53,2.49,2.5,22400,44,56233
2019-11-05,2.52,2.52,2.48,2.52,13600,28,34004
2019-11-06,2.48,2.5,2.45,2.48,15900,39,39332
2019-11-07,2.48,2.6,2.47,2.47,11200,43,28010
2019-11-08,2.47,2.48,2.46,2.48,6900,20,16994
2019-11-11,2.5,2.53,2.48,2.48,10600,28,26510
2019-11-12,2.48,2.5,2.46,2.46,8800,25,21784
2019-11-13,2.43,2.52,2.36,2.47,31000,57,76762
2019-11-14,2.46,2.55,2.45,2.48,17700,31,44358
2019-11-18,2.49,2.52,2.49,2.49,10300,17,25752
2019-11-19,2.49,2.56,2.48,2.54,24000,46,60664
2019-11-21,2.54,2.55,2.5,2.5,11300,24,28509
2019-11-22,2.54,2.54,2.48,2.49,12600,31,31695
2019-11-25,2.48,2.5,2.46,2.49,13200,21,32677
2019-11-26,2.48,2.5,2.47,2.48,5400,16,13423
2019-11-27,2.45,2.49,2.45,2.46,9800,20,24100
2019-11-28,2.5,2.52,2.44,2.49,23700,41,58805
2019-11-29,2.5,2.5,2.42,2.45,53600,56,131581
2019-12-02,2.5,2.5,2.46,2.46,3900,16,9619
2019-12-03,2.46,2.5,2.45,2.47,20200,30,50081
2019-12-04,2.48,2.48,2.42,2.45,25600,44,62725
2019-12-05,2.45,2.52,2.44,2.44,49200,69,121738
2019-12-06,2.45,2.46,2.44,2.45,19400,33,47449
2019-12-09,2.43,2.73,2.43,2.66,90200,163,234289
2019-12-10,2.66,2.66,2.55,2.55,20800,55,54010
2019-12-11,2.53,2.66,2.53,2.65,26300,68,69083
2019-12-12,2.6,2.78,2.56,2.71,40100,90,107186
2019-12-13,2.71,2.77,2.7,2.71,24500,58,66971
2019-12-16,2.8,2.8,2.72,2.76,39600,93,109691
2019-12-17,2.82,2.84,2.77,2.77,27000,77,75636
2019-12-18,2.79,2.95,2.77,2.86,115800,145,330094
2019-12-19,2.9,2.92,2.77,2.78,52400,99,148021
2019-12-20,2.87,2.9,2.8,2.81,33400,63,94917
2019-12-23,2.88,2.9,2.85,2.89,17700,53,50923
2019-12-26,2.9,2.9,2.85,2.87,21400,83,61434
2019-12-27,2.89,2.89,2.81,2.81,12100,58,34203
2019-12-30,2.85,2.95,2.83,2.83,57400,118,165995
2020-01-02,2.89,2.89,2.8,2.81,43300,88,122302
2020-01-03,2.82,2.9,2.71,2.89,99400,169,277373
2020-01-06,2.9,3.24,2.9,3.13,273400,547,855089
2020-01-07,3.2,4.1,3.19,4.1,584300,1087,2157754
2020-01-08,4.1,4.67,4.02,4.25,617200,1319,2682301
2020-01-09,4.31,4.5,3.7,3.87,343800,840,1400006
2020-01-10,3.87,4.04,3.52,3.6,206000,496,769872
2020-01-13,3.61,4.25,3.61,3.9,450900,1025,1820198
2020-01-14,4.1,4.2,3.71,3.95,270200,679,1069848
2020-01-15,4.0,4.41,4.0,4.3,444800,1064,1907293
2020-01-16,4.33,4.99,4.33,4.95,657600,1351,3159719
2020-01-17,4.99,5.97,4.93,5.92,981900,2119,5390640
2020-01-20,6.3,7.7,6.3,7.67,1111900,2546,7591741
2020-01-21,7.82,9.98,6.1,6.2,3107900,5536,26884875
2020-01-22,7.1,7.1,5.22,6.7,1255900,2946,7720491
2020-01-23,6.53,7.3,6.47,6.98,580100,1376,4068077
2020-01-24,7.12,7.78,7.0,7.46,669100,2028,4999775
2020-01-27,7.42,7.91,6.51,7.1,394100,1486,2858864
2020-01-28,7.21,7.55,7.01,7.15,218800,622,1591600
2020-01-29,7.35,7.35,6.75,6.8,155500,624,1087022
2020-01-30,6.7,6.71,5.94,6.08,255100,662,1593827
2020-01-31,6.12,6.7,5.97,6.17,229800,600,1422905
2020-02-03,6.17,6.3,6.05,6.2,218400,494,1354519
2020-02-04,6.22,6.45,6.05,6.1,173300,484,1074737
2020-02-05,6.28,6.28,5.9,5.99,99400,372,598391
2020-02-06,5.99,6.18,5.62,5.66,139700,493,822628
2020-02-07,5.58,5.58,5.11,5.2,178800,556,939944
2020-02-10,5.32,5.32,4.6,4.66,219300,541,1048399
2020-02-11,4.72,6.51,4.64,6.15,1055800,2335,6204871
2020-02-12,6.37,6.77,5.75,5.86,634800,1397,3881325
2020-02-13,5.84,6.07,5.41,5.88,325600,642,1899451
2020-02-14,5.89,6.37,5.7,5.76,308100,810,1864760
2020-02-17,5.77,6.15,5.75,5.77,213400,628,1270729
2020-02-18,5.8,5.99,5.28,5.4,406700,832,2225816
2020-02-19,5.46,5.6,5.1,5.24,344400,753,1807986
2020-02-20,5.24,5.34,4.98,5.07,194300,385,989869
2020-02-21,5.01,5.02,4.84,4.84,123200,372,606637
2020-02-26,4.3,4.76,4.2,4.2,224100,489,1007641
2020-02-27,4.26,5.3,4.25,4.85,408000,1079,2008340
2020-02-28,4.86,5.27,4.65,4.94,437600,1136,2218035
2020-03-02,5.02,5.24,4.85,4.95,266900,633,1340219
2020-03-03,4.88,5.11,4.77,4.99,134700,389,664493
2020-03-04,4.99,5.09,4.77,4.86,121600,328,590055
2020-03-05,4.86,4.86,4.48,4.48,140700,296,649352
2020-03-06,4.35,4.39,4.06,4.14,164000,405,693604
2020-03-09,3.86,3.86,3.3,3.3,173700,440,612434
2020-03-10,3.8,4.56,3.8,4.5,235800,720,971088
2020-03-11,4.49,4.49,3.81,4.03,159700,446,660874
2020-03-12,3.0,3.79,2.99,3.41,229300,467,775779
2020-03-13,4.09,4.34,3.57,3.65,239700,448,923106
2020-03-16,3.15,3.6,3.11,3.29,139600,283,465267
2020-03-17,3.35,3.6,3.24,3.28,93700,248,311582
2020-03-18,3.0,3.08,2.58,2.71,107000,339,305644
2020-03-19,2.95,3.09,2.58,3.0,112800,312,324869
2020-03-20,3.4,3.52,3.1,3.12,126700,306,420862
2020-03-23,3.08,3.08,2.69,2.8,93700,246,266382
2020-03-24,3.2,3.21,2.91,2.96,53400,177,161649
2020-03-25,3.07,3.12,2.9,3.02,128800,278,387864
2020-03-26,3.04,3.2,2.92,2.98,219400,410,669503
2020-03-27,2.98,3.03,2.8,2.91,79300,215,228930
2020-03-30,2.91,3.0,2.81,2.88,58200,167,169808
2020-03-31,2.88,2.91,2.83,2.9,69900,121,199938
2020-04-01,2.89,2.89,2.68,2.78,38400,128,106103
2020-04-02,2.89,2.93,2.75,2.77,26200,88,73760
2020-04-03,2.76,2.76,2.55,2.57,40100,133,104537
2020-04-06,2.98,2.98,2.57,2.59,61300,147,165054
2020-04-07,2.65,2.82,2.6,2.64,96600,168,262095
2020-04-08,2.65,2.85,2.63,2.77,52700,115,144055
2020-04-09,2.78,3.2,2.77,2.92,258700,474,782717
2020-04-13,2.98,3.0,2.8,2.94,91700,164,265305
2020-04-14,2.95,3.08,2.94,3.0,95900,221,289641
2020-04-15,2.85,2.99,2.8,2.88,80500,195,232405
2020-04-16,2.97,3.0,2.81,2.85,100600,169,288768
2020-04-17,2.94,2.94,2.85,2.88,31200,99,89566
2020-04-20,2.88,2.92,2.8,2.88,48800,87,140215
2020-04-22,2.97,2.98,2.85,2.93,84400,121,242919
2020-04-23,2.92,3.15,2.8,2.94,382800,715,1151213
2020-04-24,2.9,3.06,2.7,2.75,224000,393,643214
2020-04-27,2.75,2.9,2.75,2.85,27900,70,78462
2020-04-28,2.94,2.97,2.85,2.88,58600,136,168398
2020-04-29,2.88,2.95,2.85,2.92,74700,116,217123
2020-04-30,2.85,2.88,2.76,2.79,70400,178,197180
2020-05-04,2.75,2.75,2.61,2.64,76200,176,203142
2020-05-05,2.64,2.75,2.64,2.65,34400,104,92260
2020-05-06,2.65,2.7,2.59,2.67,30800,64,81078
2020-05-07,2.67,2.78,2.65,2.67,44500,73,119760
2020-05-08,2.67,2.72,2.61,2.66,20100,64,53267
2020-05-11,2.66,2.66,2.57,2.6,20800,54,54241
2020-05-12,2.51,2.7,2.47,2.7,111100,191,286299
2020-05-13,2.59,2.69,2.5,2.56,46300,120,118991
2020-05-14,2.52,2.58,2.45,2.54,46200,63,116708
2020-05-15,2.59,2.61,2.54,2.54,15300,32,39240
2020-05-18,2.61,2.65,2.57,2.64,12000,27,31423
2020-05-19,2.64,2.65,2.56,2.58,21800,65,57003
2020-05-20,2.59,2.64,2.52,2.59,24300,66,62665
2020-05-21,2.54,2.62,2.54,2.61,21100,55,54335
2020-05-22,2.59,2.59,2.52,2.58,25500,71,65053
2020-05-25,2.58,2.65,2.58,2.63,64700,106,169107
2020-05-26,2.63,2.69,2.6,2.61,53400,98,140819
2020-05-27,2.6,2.68,2.59,2.63,51900,108,136400
2020-05-28,2.67,2.67,2.6,2.63,56800,81,149024
2020-05-29,2.63,2.65,2.59,2.63,27900,57,72976
2020-06-01,2.7,2.72,2.63,2.72,53600,188,143564
2020-06-02,2.75,3.34,2.75,3.3,663100,968,2043270
2020-06-03,3.67,3.72,3.11,3.25,545000,902,1859304
2020-06-04,3.25,3.35,3.17,3.2,89200,222,290204
2020-06-05,3.4,3.4,3.05,3.15,134300,285,435513
2020-06-08,3.25,3.29,3.15,3.28,105600,272,339630
2020-06-09,3.3,3.56,3.3,3.35,165300,318,565697
2020-06-10,3.5,3.5,3.23,3.23,71600,172,239015
2020-06-12,3.0,3.19,2.91,3.15,72400,214,221081
2020-06-15,3.0,3.29,2.94,3.13,86400,268,268299
2020-06-16,3.22,3.43,3.14,3.15,129300,248,424663
2020-06-17,3.16,3.26,3.15,3.15,83800,145,266343
2020-06-18,3.15,3.37,3.15,3.29,61400,167,198236
2020-06-19,3.29,3.57,3.28,3.4,258000,493,878323
2020-06-22,3.46,3.89,3.45,3.83,563000,903,2084230
2020-06-23,3.92,4.11,3.64,3.67,316100,676,1219663
2020-06-24,3.65,3.69,3.44,3.51,168800,307,598957
2020-06-25,3.51,3.66,3.47,3.48,88800,149,314478
2020-06-26,3.51,3.59,3.41,3.42,70200,140,246583
2020-06-29,3.47,3.47,3.26,3.44,103700,162,349514
2020-06-30,3.48,3.48,3.32,3.37,42500,135,143673
2020-07-01,3.4,3.79,3.4,3.47,310700,541,1129567
2020-07-02,3.51,3.73,3.5,3.6,151000,327,544906
2020-07-03,3.59,3.7,3.51,3.57,111500,202,400659
2020-07-06,3.68,4.1,3.6,4.1,819700,1134,3188392
2020-07-07,3.92,4.1,3.84,3.9,425000,778,1680843
2020-07-08,3.98,4.09,3.76,3.84,248000,427,970417
2020-07-09,3.89,3.89,3.75,3.75,115600,250,440154
2020-07-10,3.77,3.86,3.68,3.8,88100,216,332395
2020-07-13,3.91,3.98,3.77,3.8,137400,287,533313
2020-07-14,3.75,3.85,3.75,3.8,34600,106,131396
2020-07-15,3.8,3.81,3.62,3.79,71500,190,267977
2020-07-16,3.77,3.9,3.77,3.8,99900,191,382007
2020-07-17,3.86,3.86,3.79,3.8,30800,111,117400
2020-07-20,3.79,4.04,3.74,3.97,304600,565,1196665
2020-07-21,4.15,4.19,3.87,3.87,268000,509,1075627
2020-07-22,3.89,3.96,3.85,3.85,84300,181,328441
2020-07-23,3.93,3.93,3.7,3.8,88400,189,338745
2020-07-24,3.79,3.79,3.54,3.75,65400,146,239304
2020-07-27,3.85,3.89,3.77,3.77,41100,135,156984
2020-07-28,3.76,3.83,3.6,3.7,88400,192,329546
2020-07-29,3.7,3.79,3.58,3.67,80200,191,291404
2020-07-30,3.72,3.72,3.52,3.67,42100,120,150749
2020-07-31,3.59,3.72,3.53,3.53,54300,158,195122
2020-08-03,3.58,3.68,3.42,3.42,85400,188,299931
2020-08-04,3.47,3.59,3.37,3.4,57500,120,198314
2020-08-05,3.5,3.62,3.44,3.62,34700,104,122959
2020-08-06,3.63,3.64,3.5,3.5,34700,104,123887
2020-08-07,3.46,3.56,3.46,3.55,31100,95,109392
2020-08-10,3.5,3.59,3.48,3.56,35100,81,123676
2020-08-11,3.56,3.6,3.52,3.53,34300,104,122272
2020-08-12,3.53,3.53,3.37,3.49,23800,85,81890
2020-08-13,3.55,3.59,3.39,3.4,42200,74,146478
2020-08-14,3.37,3.5,3.37,3.39,34600,76,118051
2020-08-17,3.4,3.52,3.16,3.34,100000,188,331395
2020-08-18,3.33,3.49,3.24,3.39,33700,83,113588
2020-08-19,3.4,3.4,3.31,3.34,16800,57,56253
2020-08-20,3.22,3.42,3.22,3.39,16900,67,55505
2020-08-21,3.45,3.45,3.32,3.43,21000,67,70988
2020-08-24,3.43,4.11,3.36,3.95,665800,1097,2576064
2020-08-25,3.94,4.09,3.8,3.96,230500,400,906125
2020-08-26,3.95,4.27,3.8,4.04,386300,666,1577449
2020-08-27,4.03,4.3,3.9,4.28,589300,860,2433380
2020-08-28,4.48,5.11,4.4,5.03,1274900,2451,6026063
2020-08-31,5.09,5.09,4.45,4.48,571900,1255,2648296
2020-09-01,4.55,4.68,4.35,4.63,254700,585,1146658
2020-09-02,4.65,4.68,4.45,4.46,130700,341,589277
2020-09-03,4.58,4.58,4.2,4.2,111200,303,486856
2020-09-04,4.25,4.54,4.14,4.35,213300,343,938328
2020-09-08,4.34,4.46,4.18,4.23,87400,145,376733
2020-09-09,4.33,5.3,4.22,5.16,790100,663,3982810
2020-09-10,5.53,6.02,5.37,5.54,2313400,4027,13055666
2020-09-11,5.45,5.48,4.91,4.95,714100,1271,3644430
2020-09-14,5.0,5.26,5.0,5.11,209000,434,1068509
2020-09-15,5.17,5.36,5.03,5.09,172900,453,893334
2020-09-16,5.11,5.25,5.0,5.0,114500,280,585061
2020-09-17,5.06,5.09,4.83,4.99,166000,401,823569
2020-09-18,4.94,5.08,4.8,4.82,156800,421,772365
2020-09-21,4.8,4.82,4.52,4.63,151100,303,695774
2020-09-22,4.62,4.69,4.5,4.5,97900,197,445887
2020-09-23,4.5,4.57,4.22,4.26,179800,410,778890
2020-09-24,4.25,4.34,4.25,4.3,86900,234,372926
2020-09-25,4.31,4.35,4.28,4.28,31300,90,134654
2020-09-28,4.29,4.85,4.29,4.55,439100,970,2038148
2020-09-29,4.55,4.67,4.33,4.33,173200,318,773460
2020-09-30,4.45,4.59,4.36,4.36,111900,244,500361
2020-10-01,4.37,4.56,4.37,4.48,58600,154,260141
2020-10-02,4.44,4.52,4.39,4.43,22900,73,101641
2020-10-05,4.4,4.51,4.28,4.38,64000,174,279513
2020-10-06,4.33,4.46,4.33,4.39,34000,108,149924
2020-10-07,4.44,4.56,4.34,4.43,64400,171,285397
2020-10-08,4.43,5.1,4.43,4.82,226800,572,1086520
2020-10-09,4.8,4.85,4.59,4.73,161500,266,759038
2020-10-13,4.73,4.76,4.5,4.64,106100,235,489395
2020-10-14,4.56,4.75,4.52,4.57,70000,164,322044
2020-10-15,4.59,4.99,4.48,4.72,146300,337,695527
2020-10-16,4.72,4.72,4.53,4.66,41800,141,193578
2020-10-19,4.69,4.69,4.51,4.51,96900,203,443987
2020-10-20,4.6,4.69,4.52,4.57,26000,97,119216
2020-10-21,4.58,4.63,4.5,4.61,55000,120,250845
2020-10-22,4.63,4.63,4.5,4.5,46400,140,210584
2020-10-23,4.5,4.54,4.45,4.46,43700,198,195491
2020-10-26,4.46,4.46,4.35,4.43,49200,140,217266
2020-10-27,4.46,4.6,4.46,4.5,95100,184,430823
2020-10-28,4.49,4.49,4.2,4.2,102100,172,435667
2020-10-29,4.25,4.32,3.72,4.32,83200,160,340585
2020-10-30,4.35,4.35,4.05,4.14,62900,97,258436
2020-11-03,4.25,4.25,4.03,4.09,25100,44,103415
2020-11-04,4.04,4.28,4.04,4.22,23300,67,97854
2020-11-05,4.22,4.33,4.19,4.33,175800,81,759443
2020-11-06,4.4,4.42,4.28,4.4,56900,103,247137
2020-11-09,4.45,4.56,4.35,4.39,49500,101,220712
2020-11-10,4.43,4.47,4.37,4.37,17300,75,76746
2020-11-11,4.37,4.42,4.28,4.35,20200,73,87819
2020-11-12,4.34,4.4,4.16,4.17,60300,103,257028
2020-11-13,4.39,4.53,4.3,4.43,122200,249,540383
2020-11-16,4.48,4.69,4.4,4.67,181300,421,821290
2020-11-17,4.65,4.79,4.5,4.54,265300,476,1228928
2020-11-18,4.54,4.65,4.49,4.51,89200,200,409563
2020-11-19,4.58,4.6,4.49,4.58,32300,87,146749
2020-11-20,4.6,4.68,4.45,4.51,73000,150,333830
2020-11-23,4.55,4.97,4.51,4.67,280300,588,1334267
2020-11-24,4.69,4.72,4.55,4.56,76200,178,352691
2020-11-25,4.63,4.67,4.55,4.6,62100,165,285270
2020-11-26,4.66,4.91,4.66,4.77,133000,268,637789
2020-11-27,4.8,4.83,4.72,4.78,31000,114,148053
2020-11-30,4.8,4.8,4.73,4.73,31200,80,147852
2020-12-01,4.74,4.79,4.69,4.72,203800,121,962498
2020-12-02,4.79,5.75,4.79,5.29,601800,1387,3174312
2020-12-03,5.29,5.43,5.15,5.2,150600,339,792615
2020-12-04,5.17,5.37,5.12,5.12,89600,171,467891
2020-12-07,5.22,5.26,5.16,5.2,76300,148,395905
2020-12-08,5.2,5.25,5.16,5.2,60900,86,317427
2020-12-09,5.26,5.26,5.07,5.12,55200,105,284191
2020-12-10,5.12,5.15,4.9,5.11,53100,144,268022
2020-12-11,5.11,5.21,4.97,5.14,68200,133,346250
2020-12-14,5.18,5.21,5.08,5.14,34100,115,175624
2020-12-15,5.05,5.21,5.01,5.06,51000,122,260652
2020-12-16,5.15,5.17,5.1,5.16,55700,85,286161
2020-12-17,5.1,5.16,5.07,5.08,58800,73,300509
2020-12-18,5.09,5.19,5.01,5.06,73100,104,373582
2020-12-21,5.05,5.2,4.84,5.15,87300,333,442482
2020-12-22,5.15,5.2,5.03,5.12,34200,98,175152
2020-12-23,5.18,5.35,5.15,5.25,114000,178,597479
2020-12-28,5.25,5.46,5.2,5.33,110700,195,596902
2020-12-29,5.41,5.67,5.3,5.49,91400,168,500377
2020-12-30,5.49,5.64,5.32,5.37,28100,94,153450
2021-01-04,5.48,5.7,5.26,5.33,59600,219,327439
2021-01-05,5.33,5.79,5.24,5.75,217400,463,1222814
2021-01-06,5.6,5.84,5.59,5.8,113300,283,650992
2021-01-07,5.85,5.98,5.6,5.95,119100,254,699569
2021-01-08,5.88,6.4,5.88,6.4,230600,496,1444042
2021-01-11,6.41,6.69,6.16,6.6,158700,446,1043922
2021-01-12,6.59,6.68,6.44,6.65,81800,214,538323
2021-01-13,6.5,6.58,5.94,6.39,176800,349,1118340
2021-01-14,6.39,6.63,6.39,6.59,78100,150,511725
2021-01-15,6.59,6.84,6.51,6.83,109000,242,731656
2021-01-18,6.93,7.28,6.85,7.28,228100,638,1634655
2021-01-19,7.37,7.74,7.37,7.71,240000,610,1831130
2021-01-20,7.74,9.05,7.73,9.05,575500,1365,4760355
2021-01-21,9.15,9.5,7.86,8.05,759100,1941,6348698
2021-01-22,7.95,8.47,7.24,7.43,455600,993,3452542
2021-01-26,7.6,8.25,7.6,7.99,270700,590,2158069
2021-01-27,8.0,8.59,7.81,8.08,244400,629,2012762
2021-01-28,8.42,8.42,7.78,8.05,206500,465,1679927
2021-01-29,8.4,8.93,8.12,8.15,682300,1445,5743993
2021-02-01,8.42,8.43,7.94,7.99,212900,602,1728141
2021-02-02,8.03,8.13,7.82,7.82,189400,467,1508898
2021-02-03,7.89,8.05,7.8,7.95,113600,338,899208
2021-02-04,7.99,8.0,7.44,7.6,269200,761,2043367
2021-02-05,7.63,7.95,7.55,7.81,169000,460,1308628
2021-02-08,8.5,8.79,8.08,8.08,707300,1427,5913287
2021-02-09,8.19,8.35,7.56,7.82,379300,993,3021919
2021-02-10,7.87,7.87,7.46,7.7,152000,420,1159274
2021-02-11,7.71,7.9,7.53,7.69,108300,481,838471
2021-02-12,7.84,8.18,7.07,7.07,669100,1837,5101528
2021-02-17,7.07,7.11,6.7,6.71,254400,804,1739727
2021-02-18,6.63,6.72,6.26,6.33,363800,736,2347289
2021-02-19,6.38,6.53,6.25,6.53,236900,491,1512846
2021-02-22,6.27,6.37,6.1,6.3,212200,453,1324981
2021-02-23,6.39,6.53,6.11,6.32,257000,703,1636874
2021-02-24,6.5,6.66,6.3,6.3,234200,476,1528735
2021-02-25,6.41,6.56,6.16,6.25,227200,528,1443014
2021-02-26,6.39,6.66,6.13,6.63,258900,555,1681060
2021-03-01,6.51,7.1,6.51,7.02,204900,403,1420898
2021-03-02,6.91,7.71,6.6,7.4,474100,852,3529245
2021-03-03,7.3,8.05,7.0,8.05,398400,986,3056682
2021-03-04,8.15,8.4,7.88,8.25,259400,898,2113089
2021-03-05,8.25,8.3,8.01,8.08,95400,285,777290
2021-03-08,8.08,8.1,7.51,7.52,98100,287,761520
2021-03-09,7.6,7.89,7.5,7.62,50900,153,390175
2021-03-10,8.75,8.76,8.02,8.35,1093900,1725,9243281
2021-03-11,8.48,8.68,8.2,8.38,197100,396,1665864
2021-03-12,8.35,8.59,8.2,8.55,113900,202,957892
2021-03-15,8.7,8.75,8.32,8.54,97700,223,838659
2021-03-16,8.54,8.75,8.53,8.56,63500,171,547376
2021-03-17,8.58,8.9,8.41,8.77,202300,347,1762416
2021-03-18,8.8,9.21,8.8,8.92,174600,416,1572862
2021-03-19,9.2,9.2,9.02,9.1,105400,299,960010
2021-03-22,8.81,9.0,8.81,8.97,49100,177,438809
2021-03-23,9.0,9.01,8.52,8.75,66300,176,585015
2021-03-24,8.77,8.9,8.7,8.7,50900,135,446722
2021-03-25,8.69,8.69,8.35,8.59,110200,135,944365
2021-03-26,8.59,8.59,8.19,8.19,130600,438,1094979
2021-03-29,8.29,8.58,7.9,8.02,114300,312,935883
2021-03-30,7.5,7.73,7.29,7.61,476100,1017,3559375
2021-03-31,7.88,7.88,7.38,7.48,149600,554,1137694
2021-04-01,7.43,7.95,7.4,7.82,262300,495,2044612
2021-04-05,7.75,8.39,7.75,8.3,161700,367,1316862
2021-04-06,8.47,8.65,7.9,8.1,204300,377,1679838
2021-04-07,8.1,8.17,7.85,7.99,75400,191,603105
2021-04-08,8.01,8.14,7.98,8.14,68300,115,548666
2021-04-09,8.25,9.42,8.11,9.09,361800,759,3192186
2021-04-12,8.98,9.74,8.7,9.33,284700,805,2650004
2021-04-13,9.38,9.69,9.38,9.6,155600,356,1487129
2021-04-14,9.6,9.96,9.6,9.73,188600,286,1852214
2021-04-15,9.89,9.89,9.52,9.57,145900,310,1410968
2021-04-16,9.57,9.76,9.16,9.31,137400,535,1290396
2021-04-19,9.3,9.6,9.26,9.51,154300,305,1454092
2021-04-20,9.51,9.89,9.4,9.85,199200,299,1945569
2021-04-22,9.81,10.4,9.61,9.86,214900,529,2125242
2021-04-23,9.87,9.92,9.65,9.65,172500,223,1681233
2021-04-26,9.65,9.8,9.25,9.3,252200,367,2361384
2021-04-27,9.3,9.59,9.3,9.34,160200,389,1500851
2021-04-28,9.25,9.55,8.92,9.4,225000,514,2053104
2021-04-29,9.2,9.65,9.02,9.65,107800,277,1011247
2021-04-30,9.65,9.65,9.05,9.2,347000,288,3223990
2021-05-03,9.2,9.27,8.72,9.1,98100,308,878374
2021-05-04,9.19,9.46,8.91,9.35,64700,102,593111
2021-05-05,9.35,9.87,9.2,9.71,110100,204,1058561
2021-05-06,9.81,9.85,9.4,9.75,89800,287,866244
2021-05-07,9.8,9.8,9.45,9.52,34700,129,333628
2021-05-10,9.41,9.5,9.07,9.32,57100,167,529888
2021-05-11,9.3,9.47,9.14,9.23,9800,42,90954
2021-05-12,9.2,9.21,8.58,8.9,114900,260,1020978
2021-05-13,8.8,8.98,8.3,8.3,161200,564,1378497
2021-05-14,8.32,9.0,7.4,9.0,528800,1346,4221100
