Date,Open,High,Low,Close,Volume,Neg,Fin
2010-01-04,17.679,18.924,17.43,18.675,343100,106,252647
2010-01-05,18.675,18.675,17.928,17.928,100200,41,73683
2010-01-06,18.177,18.177,17.181,17.43,417800,81,294828
2010-01-07,17.928,18.177,17.679,18.177,158600,66,114834
2010-01-08,18.177,20.418,18.177,19.671,1722900,302,1337056
2010-01-11,20.169,20.418,18.426,18.675,396400,98,307061
2010-01-12,18.924,20.169,18.924,18.924,350700,91,272409
2010-01-13,19.671,19.92,18.924,19.173,166800,58,130241
2010-01-14,19.173,19.422,18.675,18.924,148100,51,113034
2010-01-15,19.173,22.41,19.173,21.414,1865700,434,1553658
2010-01-18,22.161,22.41,20.667,20.916,623100,134,544733
2010-01-19,21.165,26.145,21.165,24.9,1569200,456,1517915
2010-01-20,25.896,31.623,25.149,29.88,1967800,599,2315726
2010-01-21,31.374,32.37,28.884,28.884,1217300,319,1499442
2010-01-22,28.884,30.876,28.635,29.382,168600,68,203162
2010-01-26,29.88,30.129,27.141,28.884,360900,115,409093
2010-01-27,29.88,29.88,27.888,27.888,141800,71,164137
2010-01-28,28.635,29.382,27.888,27.888,186700,61,213622
2010-01-29,28.635,29.631,27.639,28.137,142700,60,164032
2010-02-01,28.635,31.125,28.386,29.631,636700,126,755686
2010-02-02,29.88,30.129,28.635,28.635,206600,50,242339
2010-02-03,29.631,29.631,28.635,29.382,156500,39,183204
2010-02-04,28.884,28.884,25.647,26.643,276000,98,300051
2010-02-05,25.896,25.896,23.904,24.9,160000,67,161007
2010-02-08,25.149,25.647,25.149,25.398,147700,33,149950
2010-02-09,26.145,31.125,26.145,27.639,242400,65,275788
2010-02-10,28.635,29.631,27.639,27.639,167700,66,191723
2010-02-11,27.888,29.382,27.639,28.635,254600,58,292413
2010-02-12,29.133,29.133,28.137,28.635,453300,32,521707
2010-02-17,29.133,29.133,28.137,28.137,72000,12,82269
2010-02-18,28.137,28.884,28.137,28.635,58400,23,66174
2010-02-19,28.635,28.635,27.639,27.888,231000,47,258355
2010-02-22,28.386,28.386,27.888,28.137,83700,35,94764
2010-02-23,28.386,28.386,27.639,27.639,44100,15,49014
2010-02-24,27.639,28.137,27.639,27.888,50800,17,57192
2010-02-25,28.137,28.884,27.639,28.884,160600,42,182034
2010-02-26,29.133,32.121,29.133,29.88,1127900,255,1389240
2010-03-01,29.88,30.378,29.133,29.133,422300,105,507597
2010-03-02,30.378,31.872,29.88,31.125,1151100,220,1428992
2010-03-03,31.374,37.101,31.374,35.358,2352600,550,3287132
2010-03-04,34.611,35.358,32.619,34.113,509300,144,693089
2010-03-05,35.109,35.109,32.37,32.619,248900,55,333527
2010-03-08,33.366,34.611,32.868,33.615,152500,47,205837
2010-03-09,33.615,34.362,32.121,32.37,499700,68,668297
2010-03-10,32.868,33.366,29.631,29.88,1163100,135,1412706
2010-03-11,31.125,31.125,30.129,30.378,111100,28,135143
2010-03-12,30.876,31.872,29.382,30.378,496400,109,602389
2010-03-15,30.876,32.37,30.876,30.876,313000,81,392560
2010-03-16,31.125,31.374,30.129,30.129,47300,33,57976
2010-03-17,30.627,31.125,30.129,30.129,74400,25,90533
2010-03-18,30.129,30.876,30.129,30.627,95200,15,115941
2010-03-19,30.876,31.872,30.876,31.623,170000,51,213717
2010-03-22,31.374,31.374,30.876,31.125,30900,11,38632
2010-03-23,31.125,31.374,30.378,30.378,61600,5,76961
2010-03-24,30.378,31.125,30.129,30.876,36500,13,44813
2010-03-25,30.876,31.125,30.129,30.378,32200,14,39542
2010-03-26,29.631,30.129,29.631,29.88,85200,25,101869
2010-03-29,29.382,29.382,29.133,29.382,86000,24,100975
2010-03-30,29.382,30.378,29.382,29.631,26300,10,31864
2010-03-31,29.631,29.631,29.133,29.382,43100,17,50695
2010-04-01,29.382,29.382,28.635,29.382,77100,22,89825
2010-04-05,28.635,29.382,28.635,28.884,6100,10,7057
2010-04-06,29.382,29.631,28.386,28.386,411600,31,484969
2010-04-07,28.635,28.635,27.888,27.888,24400,11,27868
2010-04-08,28.137,28.386,28.137,28.386,82400,12,93596
2010-04-09,28.884,29.133,28.386,28.884,18100,10,21063
2010-04-12,28.884,29.133,28.386,28.386,23400,12,26972
2010-04-13,28.635,28.884,28.137,28.137,18100,9,20694
2010-04-14,28.884,28.884,28.137,28.137,21700,6,24581
2010-04-15,28.635,28.635,27.639,27.888,74500,14,82878
2010-04-16,27.888,27.888,26.643,26.643,56200,23,61587
2010-04-19,26.145,26.145,25.149,25.149,126700,46,130324
2010-04-20,25.398,29.133,25.398,25.647,254100,190,267009
2010-04-22,26.145,26.145,25.398,25.896,86300,48,89803
2010-04-23,26.145,26.145,25.647,25.647,7400,4,7624
2010-04-26,25.647,26.145,25.149,25.149,138500,33,141328
2010-04-27,24.9,24.9,23.904,24.153,105100,36,103003
2010-04-28,24.153,24.651,23.406,23.655,60200,15,57313
2010-04-29,22.908,23.406,22.908,23.157,161100,38,149848
2010-04-30,23.655,23.655,23.406,23.406,8600,6,8104
2010-05-03,23.157,23.157,21.912,22.161,514900,42,463608
2010-05-04,22.161,22.659,22.161,22.161,69000,21,61771
2010-05-05,21.912,21.912,21.414,21.663,304300,33,264689
2010-05-06,21.414,21.663,20.916,21.165,73900,22,63389
2010-05-07,21.912,21.912,20.916,20.916,11700,13,10019
2010-05-10,21.912,22.41,20.418,21.165,72900,33,62746
2010-05-11,21.663,22.161,21.165,21.165,15000,10,12969
2010-05-12,21.165,22.41,21.165,21.414,16300,6,14020
2010-05-13,22.161,22.161,21.663,21.663,7700,12,6800
2010-05-14,22.161,22.161,20.418,20.418,46700,16,39421
2010-05-17,21.165,21.165,18.924,19.173,118700,33,93614
2010-05-18,19.92,20.667,18.177,19.422,91000,33,69169
2010-05-19,18.924,18.924,17.679,18.177,93500,29,68250
2010-05-20,18.177,18.177,15.438,16.683,542200,99,352664
2010-05-21,17.181,17.181,16.683,17.181,164000,50,112536
2010-05-24,17.181,17.679,16.683,16.683,300800,94,207811
2010-05-25,16.185,17.43,15.936,17.43,165200,39,108551
2010-05-26,17.679,18.177,17.181,17.181,253200,60,177246
2010-05-27,17.181,18.426,16.932,17.181,222500,72,156650
2010-05-28,17.928,19.173,17.928,18.426,338400,77,251316
2010-05-31,18.675,19.671,18.675,19.173,81000,40,62090
2010-06-01,18.675,19.173,18.177,18.177,30400,17,22545
2010-06-02,17.928,18.426,17.679,18.177,104700,35,76691
2010-06-04,18.426,18.675,17.679,18.177,195200,47,141143
2010-06-07,17.928,18.426,17.43,17.679,44100,20,31586
2010-06-08,17.928,17.928,17.43,17.928,99600,20,71122
2010-06-09,18.177,18.426,17.928,18.426,102000,28,74808
2010-06-10,18.426,21.663,18.426,20.418,1288600,470,1063871
2010-06-11,20.418,21.663,20.169,20.418,193000,52,161356
2010-06-14,20.667,21.663,20.667,20.916,196500,30,165565
2010-06-15,20.418,20.916,20.418,20.418,54900,16,45162
2010-06-16,20.916,21.165,20.418,20.667,143900,27,120079
2010-06-17,20.916,20.916,20.169,20.169,181100,19,149260
2010-06-18,19.92,20.667,19.671,20.169,53800,19,43432
2010-06-21,20.418,20.916,20.418,20.916,5100,5,4256
2010-06-22,20.418,20.418,19.173,19.92,60500,22,48059
2010-06-23,19.671,19.671,19.173,19.422,214000,39,166717
2010-06-24,19.173,19.173,18.675,19.173,151900,31,115326
2010-06-25,19.173,19.422,18.675,18.675,15500,16,11811
2010-06-28,19.173,19.671,18.675,19.422,49100,26,38120
2010-06-29,19.422,19.422,18.675,18.675,64100,17,48437
2010-06-30,18.426,19.173,18.177,19.173,39900,14,29894
2010-07-01,19.173,20.667,19.173,20.169,191600,55,154689
2010-07-02,20.667,20.667,19.422,19.92,33900,10,27310
2010-07-05,19.671,19.92,19.422,19.422,26700,13,21029
2010-07-06,19.92,19.92,19.173,19.92,54000,20,42692
2010-07-07,19.422,20.169,18.675,19.422,347000,83,267683
2010-07-08,19.422,19.92,18.924,19.422,217900,69,169900
2010-07-12,19.92,19.92,18.924,19.173,105300,22,81565
2010-07-13,19.671,19.671,19.173,19.173,36200,12,27974
2010-07-14,18.924,19.671,18.924,19.422,322200,27,252987
2010-07-15,19.671,19.92,19.671,19.92,75400,15,59693
2010-07-16,19.92,21.663,19.92,19.92,372600,119,306950
2010-07-19,20.418,20.916,19.671,19.92,124800,33,102900
2010-07-20,20.418,20.667,20.169,20.418,97300,107,79403
2010-07-21,20.667,21.414,20.418,20.418,167600,63,140347
2010-07-22,20.667,20.916,20.418,20.667,101200,19,84428
2010-07-23,20.667,21.165,20.667,21.165,128500,36,108228
2010-07-26,20.916,21.165,20.418,21.165,73100,26,61098
2010-07-27,21.165,21.414,20.667,20.667,295800,32,250277
2010-07-28,20.667,21.414,20.667,20.916,42800,22,36063
2010-07-29,20.916,22.908,20.916,21.912,753700,324,667420
2010-07-30,21.663,22.908,21.414,22.41,283200,99,253635
2010-08-02,22.161,23.406,22.161,22.161,552900,383,509952
2010-08-03,22.161,22.908,21.663,21.912,105200,29,93499
2010-08-04,21.663,21.912,21.663,21.663,49500,16,43073
2010-08-05,21.663,22.41,21.414,22.41,118300,27,104159
2010-08-06,22.161,22.41,21.165,21.663,150600,32,130351
2010-08-09,22.161,22.161,21.165,21.414,57100,20,49762
2010-08-10,21.663,22.161,21.663,21.663,58600,20,51365
2010-08-11,21.663,22.161,21.165,21.663,52000,16,44612
2010-08-12,21.912,21.912,21.663,21.912,25200,38,22113
2010-08-13,21.912,22.908,21.663,21.663,148800,105,133539
2010-08-16,21.912,22.908,21.912,22.908,220900,63,198629
2010-08-17,23.157,23.406,22.41,22.908,227700,51,207615
2010-08-18,22.908,22.908,22.161,22.659,91100,16,83055
2010-08-19,22.659,22.908,21.912,21.912,15300,11,13714
2010-08-20,22.908,22.908,21.912,22.659,15700,10,14070
2010-08-23,22.41,22.41,22.41,22.41,12000,4,10800
2010-08-24,22.41,22.659,21.912,21.912,68400,17,61216
2010-08-25,21.663,21.663,19.422,20.667,447100,115,367070
2010-08-26,20.916,21.165,19.173,20.418,154800,47,125056
2010-08-27,20.418,21.663,20.418,21.414,293700,82,248982
2010-08-30,21.912,24.153,21.912,22.908,1934600,384,1789832
2010-08-31,23.406,23.406,21.912,22.161,342700,63,308673
2010-09-01,23.157,23.157,21.912,22.161,289400,74,261459
2010-09-02,21.912,21.912,21.414,21.912,84200,29,73369
2010-09-03,22.161,22.41,21.912,21.912,36400,15,32317
2010-09-06,21.663,21.912,21.414,21.414,40300,14,34912
2010-09-08,21.414,21.912,21.414,21.912,36500,16,31941
2010-09-09,21.912,22.908,21.912,21.912,221800,42,200344
2010-09-10,22.41,22.659,21.912,21.912,176600,44,158252
2010-09-13,22.161,22.41,21.912,22.161,54600,16,48708
2010-09-14,21.912,21.912,21.663,21.912,76000,23,66623
2010-09-15,21.912,21.912,20.916,21.165,107200,30,91486
2010-09-16,21.414,21.414,20.916,21.165,43000,11,36555
2010-09-17,21.414,21.414,21.165,21.414,59500,20,51000
2010-09-20,21.414,24.9,21.414,24.9,679900,157,648496
2010-09-21,25.149,30.378,23.904,25.896,6358500,2271,7026753
2010-09-22,25.398,26.643,24.651,26.145,495200,193,507595
2010-09-23,25.398,25.896,25.149,25.647,82600,35,84620
2010-09-24,25.149,26.394,24.402,24.651,112700,51,114428
2010-09-27,25.647,25.647,24.153,24.153,76500,32,75653
2010-09-28,23.655,24.651,23.157,24.153,108300,58,103949
2010-09-29,23.904,24.651,23.655,24.402,66200,26,63646
2010-09-30,23.655,26.892,23.655,25.896,366700,196,379608
2010-10-01,24.402,25.398,24.402,25.398,61300,29,61279
2010-10-04,25.149,28.635,24.9,27.141,2365200,639,2597561
2010-10-05,27.639,29.133,26.643,26.643,642200,241,714419
2010-10-06,26.643,26.643,25.149,25.647,247800,68,257013
2010-10-07,25.398,26.394,24.9,25.398,210300,45,215623
2010-10-08,25.149,25.398,24.9,25.398,122300,36,123699
2010-10-11,25.398,26.145,25.149,25.896,59800,30,61795
2010-10-13,25.398,25.896,24.651,24.9,149500,48,150840
2010-10-14,25.149,26.892,24.9,25.896,238500,53,247683
2010-10-15,26.394,29.133,25.647,27.141,1767700,394,1961552
2010-10-18,27.888,29.631,27.639,29.382,2204700,434,2565607
2010-10-19,29.631,32.37,28.884,29.88,4701600,1755,5871289
2010-10-20,30.627,31.374,30.129,30.129,558600,98,683839
2010-10-21,29.88,29.88,28.884,29.382,281700,65,331748
2010-10-22,29.88,30.378,29.133,29.133,190700,99,227767
2010-10-25,29.133,31.623,28.635,29.88,634600,120,769859
2010-10-26,30.627,30.876,29.382,29.631,118700,39,143766
2010-10-27,29.88,29.88,28.884,29.631,117400,72,137505
2010-10-28,29.133,29.631,28.635,29.631,60300,34,70674
2010-10-29,29.133,30.627,28.884,29.133,369200,74,435315
2010-11-01,29.631,29.88,29.133,29.133,46400,24,55079
2010-11-03,29.631,30.378,29.631,29.631,27800,21,33450
2010-11-04,29.88,30.378,29.382,30.129,37000,20,44396
2010-11-05,30.129,30.129,29.133,29.631,84700,23,100289
2010-11-08,29.133,30.378,29.133,29.88,108700,41,130542
2010-11-09,29.631,30.378,29.382,29.382,64800,23,77364
2010-11-10,29.382,31.374,29.133,30.876,320300,100,393110
2010-11-11,31.374,33.117,30.627,30.627,937000,300,1206572
2010-11-12,31.125,31.872,30.129,30.378,294400,85,362402
2010-11-16,31.374,31.374,26.892,27.141,834800,198,950366
2010-11-17,27.888,28.635,26.892,27.39,604900,141,671950
2010-11-18,27.888,28.635,27.141,27.639,251700,94,279129
2010-11-19,27.888,28.137,26.892,27.639,175300,62,192258
2010-11-22,27.141,27.39,26.145,26.892,202900,49,216766
2010-11-23,26.394,26.643,24.651,24.9,1418600,272,1429701
2010-11-24,25.398,26.643,24.9,25.647,1388300,769,1432499
2010-11-25,26.145,26.145,25.149,25.398,222100,94,227679
2010-11-26,25.398,25.647,25.398,25.398,91500,37,93558
2010-11-29,25.398,26.394,25.149,26.394,415500,101,427849
2010-11-30,26.394,28.635,26.145,26.394,1619700,349,1784059
2010-12-01,27.39,28.386,27.141,27.39,547700,135,611610
2010-12-02,28.137,28.884,27.639,28.635,243600,114,276041
2010-12-03,28.884,28.884,26.892,27.888,231000,71,254684
2010-12-06,28.386,28.386,27.141,27.639,209400,41,231265
2010-12-07,27.888,28.137,27.39,27.39,74600,27,82441
2010-12-08,27.639,27.888,26.892,27.141,117000,38,127857
2010-12-09,27.888,32.619,27.639,32.619,2270000,441,2786357
2010-12-10,32.868,33.864,29.382,29.631,1498100,370,1842434
2010-12-13,30.378,32.37,30.129,32.37,667600,259,845455
2010-12-14,31.872,33.366,30.627,30.876,649600,233,834632
2010-12-15,31.374,32.37,30.378,30.627,378000,110,469168
2010-12-16,30.876,31.872,30.378,31.125,222400,152,278134
2010-12-17,31.872,31.872,30.627,31.623,176100,55,221705
2010-12-20,32.37,33.615,31.872,31.872,559500,155,730910
2010-12-21,32.37,32.868,31.125,31.374,226000,69,287673
2010-12-22,30.876,32.121,28.635,29.133,821200,260,981117
2010-12-23,29.631,29.631,27.39,27.639,586700,143,664237
2010-12-27,28.137,28.137,27.141,27.39,252800,71,280578
2010-12-28,27.888,28.386,27.639,27.888,83400,33,93726
2010-12-29,27.888,28.386,27.141,27.888,228700,75,253755
2010-12-30,28.386,29.382,28.386,29.133,234000,71,272756
2011-01-03,29.133,30.378,28.386,29.133,217400,82,254769
2011-01-04,29.631,30.129,29.133,29.631,246900,84,293626
2011-01-05,29.88,31.623,29.631,30.378,548400,150,673944
2011-01-06,31.125,31.623,29.88,30.627,200100,78,247440
2011-01-07,30.876,31.374,30.378,30.876,64100,29,78770
2011-01-10,31.125,31.374,30.378,31.374,283200,87,356180
2011-01-11,31.872,32.868,31.623,31.872,422600,209,547983
2011-01-12,32.37,32.868,31.623,32.121,188600,81,243509
2011-01-13,32.619,32.619,31.623,31.623,202300,52,258533
2011-01-14,31.374,32.37,31.374,32.37,170500,53,217459
2011-01-17,32.37,32.37,31.623,32.37,39900,31,51581
2011-01-18,32.37,32.37,31.125,31.623,164200,51,207674
2011-01-19,31.374,31.872,31.125,31.623,25400,25,32124
2011-01-20,31.374,31.623,30.876,31.125,72400,30,90361
2011-01-21,31.623,32.121,30.876,30.876,25700,24,32246
2011-01-24,31.872,31.872,30.129,30.627,108600,35,133454
2011-01-26,30.627,31.374,30.378,30.876,82500,42,101418
2011-01-27,30.378,30.627,30.378,30.627,44500,19,54345
2011-01-28,30.876,30.876,29.382,29.631,73200,36,87540
2011-01-31,28.884,30.129,28.635,29.631,64600,28,76879
2011-02-01,30.129,30.129,29.631,30.129,27000,18,32327
2011-02-02,29.631,30.129,29.133,30.129,34400,18,40868
2011-02-03,29.88,29.88,29.133,29.88,12000,13,14184
2011-02-04,29.631,29.631,29.133,29.631,69900,36,82342
2011-02-07,29.133,29.133,28.635,28.884,69200,31,80145
2011-02-08,28.884,30.129,28.635,29.133,46400,32,54709
2011-02-09,29.631,29.631,28.635,29.133,33600,19,39101
2011-02-10,28.635,29.631,28.635,28.635,66300,21,77137
2011-02-11,28.635,29.88,28.635,29.382,21400,20,25403
2011-02-14,29.382,29.88,28.884,29.631,55800,22,66024
2011-02-15,29.88,29.88,28.884,29.133,53300,24,62475
2011-02-16,28.884,30.129,28.884,30.129,56200,24,67371
2011-02-17,30.129,31.125,29.631,29.631,406300,111,496144
2011-02-18,29.88,31.125,29.88,30.627,127200,35,155537
2011-02-21,30.378,31.125,29.631,30.129,87600,48,105557
2011-02-22,30.876,30.876,29.382,29.88,7200,8,8544
2011-02-23,29.88,30.378,29.88,30.129,32000,11,38770
2011-02-24,30.129,30.378,29.382,29.382,44200,21,53392
2011-02-25,30.129,30.627,29.382,30.378,45400,30,55063
2011-02-28,30.378,30.627,29.88,30.627,14900,10,18200
2011-03-01,30.876,30.876,30.129,30.378,18800,13,22746
2011-03-02,30.876,30.876,29.88,30.876,59900,17,72635
2011-03-03,30.129,30.129,30.129,30.129,13000,4,15730
2011-03-04,29.88,30.627,29.88,29.88,15400,12,18633
2011-03-09,29.88,29.88,29.382,29.382,27700,13,32842
2011-03-10,29.382,29.88,29.382,29.88,26000,14,30825
2011-03-11,29.382,29.88,29.382,29.88,41200,14,48721
2011-03-14,29.133,29.88,29.133,29.88,19600,16,23179
2011-03-15,28.884,29.631,28.386,29.133,152400,42,176373
2011-03-16,29.133,29.133,29.133,29.133,2200,3,2574
2011-03-17,28.884,29.88,28.884,29.88,98000,17,114727
2011-03-18,29.88,30.129,29.382,29.88,16100,6,19220
2011-03-21,29.382,30.129,29.382,29.631,12000,5,14277
2011-03-22,28.884,29.382,28.884,29.382,4000,3,4660
2011-03-23,29.133,29.631,28.386,29.631,17700,16,20349
2011-03-24,28.884,29.631,28.884,29.382,19400,9,22695
2011-03-25,29.631,29.631,28.635,29.133,14200,12,16574
2011-03-28,28.635,29.382,28.635,29.133,17600,12,20376
2011-03-29,29.631,29.631,29.133,29.382,13400,15,15832
2011-03-30,29.382,29.382,29.133,29.382,9000,4,10570
2011-03-31,29.382,29.382,28.635,29.382,16600,14,19242
2011-04-01,29.631,29.631,28.635,29.631,8300,12,9783
2011-04-04,28.635,28.884,28.386,28.884,91000,38,104876
2011-04-05,29.133,29.133,28.635,28.635,28300,19,32647
2011-04-06,28.386,30.627,28.386,29.631,111400,46,132587
2011-04-07,29.133,29.631,28.635,29.631,22400,19,26196
2011-04-08,29.133,30.378,28.884,30.378,79700,46,95298
2011-04-11,29.631,29.631,28.884,29.631,40800,22,47879
2011-04-12,29.133,29.382,28.884,29.382,27200,16,31794
2011-04-13,28.884,29.133,28.635,28.884,79400,13,92150
2011-04-14,29.133,29.382,29.133,29.133,7000,4,8191
2011-04-15,29.133,29.133,28.635,29.133,18800,13,21874
2011-04-18,28.884,29.133,28.635,28.635,10400,10,11986
2011-04-19,28.635,29.133,28.137,28.386,49000,17,55825
2011-04-20,28.884,29.133,28.386,28.386,34700,16,39803
2011-04-25,28.386,30.378,28.386,28.635,115400,42,136498
2011-04-26,28.635,28.884,27.888,27.888,104300,39,118871
2011-04-27,28.137,28.137,28.137,28.137,24000,8,27070
2011-04-28,28.137,28.137,27.141,27.39,14100,14,15565
2011-04-29,27.888,28.884,27.888,28.635,36000,19,40721
2011-05-02,28.635,28.884,27.888,27.888,23200,14,26425
2011-05-03,27.888,28.386,27.39,27.888,42900,21,47833
2011-05-05,28.137,28.386,26.892,27.141,28000,20,31133
2011-05-06,27.141,27.39,26.892,27.141,40200,19,43814
2011-05-09,27.141,27.141,25.398,26.145,92800,33,97586
2011-05-10,26.892,27.39,25.896,26.892,14400,14,15361
2011-05-11,26.892,26.892,25.398,26.145,33900,15,35525
2011-05-12,26.145,26.145,25.398,25.398,40500,11,41543
2011-05-13,25.896,27.39,25.398,25.647,146400,60,152651
2011-05-16,25.896,26.643,25.896,25.896,11200,6,11821
2011-05-17,25.647,25.896,25.398,25.896,12900,8,13302
2011-05-18,25.647,25.647,24.9,25.647,28300,17,28628
2011-05-19,25.647,26.643,25.647,26.643,32100,7,33531
2011-05-20,26.643,26.643,25.149,26.145,38000,19,39816
2011-05-23,26.145,26.394,25.149,26.145,25300,16,26250
2011-05-24,26.145,26.643,26.145,26.145,21600,8,22898
2011-05-25,26.145,26.394,25.647,25.647,29000,15,30194
2011-05-26,25.647,25.647,24.9,25.647,84900,26,86066
2011-05-27,25.896,25.896,25.149,25.647,20900,11,21416
2011-05-30,25.398,27.639,25.398,27.39,243700,82,263084
2011-05-31,29.133,29.88,28.386,28.386,460900,416,537639
2011-06-01,28.884,29.133,28.635,29.133,74700,36,86749
2011-06-02,29.133,29.133,27.888,27.888,63600,35,71848
2011-06-03,27.888,28.635,27.39,27.39,38000,24,42949
2011-06-06,28.635,28.884,27.639,28.137,70300,26,80258
2011-06-07,28.635,29.382,27.39,27.639,109500,40,126613
2011-06-08,28.884,28.884,27.39,27.639,48700,25,54260
2011-06-09,28.137,28.137,27.39,27.39,33600,15,37190
2011-06-10,27.141,27.888,27.141,27.888,14400,10,15804
2011-06-13,27.888,28.884,26.892,27.639,45200,29,49384
2011-06-14,27.39,28.386,27.39,27.39,178500,68,200471
2011-06-15,27.39,28.137,27.39,27.888,45500,18,50089
2011-06-16,28.137,28.137,26.892,26.892,20700,16,22491
2011-06-17,26.643,27.39,26.394,26.394,13700,11,14719
2011-06-20,26.394,27.39,26.145,27.141,40600,16,44042
2011-06-21,27.39,27.39,26.892,26.892,151700,23,163962
2011-06-22,26.643,26.892,26.643,26.892,33700,13,36117
2011-06-24,26.643,27.141,26.643,26.892,38600,9,41882
2011-06-27,27.39,29.631,27.141,28.884,183800,71,210314
2011-06-28,29.631,32.121,28.635,32.121,412600,133,509459
2011-06-29,32.121,32.37,30.378,30.876,147600,46,184091
2011-06-30,30.378,34.86,30.378,34.113,642400,160,858554
2011-07-01,34.611,35.607,32.619,32.619,144900,56,196467
2011-07-04,33.117,45.069,33.117,45.069,2143100,585,3437055
2011-07-05,46.812,52.041,43.077,45.069,3631000,1395,7128304
2011-07-06,44.322,46.065,41.583,42.579,1191600,577,2093438
2011-07-07,44.073,45.816,41.832,43.824,478700,242,840082
2011-07-08,45.069,45.567,42.33,42.33,810300,267,1422611
2011-07-11,43.077,43.575,37.848,38.097,416300,155,670548
2011-07-12,39.093,42.33,38.844,39.093,874200,249,1438202
2011-07-13,40.587,43.575,39.093,40.836,558100,190,929880
2011-07-14,43.575,50.049,41.832,48.306,2111900,925,3982361
2011-07-15,50.796,58.266,49.8,54.282,4328300,1605,9405825
2011-07-18,55.776,58.017,52.29,53.037,1175600,449,2542806
2011-07-19,54.282,65.736,54.282,64.74,2715200,959,6536714
2011-07-20,67.23,69.72,51.045,54.033,2736900,1015,6661126
2011-07-21,54.78,58.764,51.543,51.543,781000,425,1705693
2011-07-22,51.792,54.033,44.82,45.318,966700,502,1853214
2011-07-25,45.069,45.567,39.093,41.583,1048700,436,1784443
2011-07-26,42.33,44.82,40.089,41.085,482300,310,829873
2011-07-27,41.085,41.085,37.35,38.346,566000,317,872854
2011-07-28,39.84,43.575,39.342,42.081,1134200,714,1892844
2011-07-29,42.828,43.824,41.085,42.33,435300,262,742628
2011-08-01,43.326,46.314,42.33,43.077,560900,322,997634
2011-08-02,44.073,44.073,39.093,39.342,493200,905,816935
2011-08-03,39.342,39.84,34.86,36.603,610700,368,890426
2011-08-04,35.109,39.342,34.113,35.856,636400,595,941305
2011-08-05,36.105,37.35,34.86,37.101,277300,306,403600
2011-08-08,35.856,36.354,34.362,34.86,274100,212,387240
2011-08-09,34.362,40.836,34.362,38.097,490000,355,737549
2011-08-10,39.093,41.583,36.603,37.35,421900,189,650765
2011-08-11,39.093,40.338,37.848,38.097,355100,185,555821
2011-08-12,39.591,39.84,37.35,37.848,351500,197,547242
2011-08-15,38.844,41.583,38.595,39.591,669400,524,1069973
2011-08-16,38.097,38.097,36.105,36.105,569300,212,845074
2011-08-17,37.101,37.101,35.109,36.105,241900,130,349102
2011-08-18,34.362,34.86,32.868,32.868,286700,188,390239
2011-08-19,33.366,34.362,31.623,33.117,245400,135,323955
2011-08-22,34.113,34.86,32.619,33.117,186700,83,252052
2011-08-23,33.615,34.362,31.872,33.615,162700,86,215291
2011-08-24,33.615,35.607,33.366,33.366,399900,197,554229
2011-08-25,34.362,34.611,32.868,33.366,116300,49,157219
2011-08-26,33.117,33.864,32.619,32.868,72000,42,95716
2011-08-29,33.615,33.864,32.868,33.117,165300,86,221362
2011-08-30,32.868,35.109,32.37,33.864,720600,213,983841
2011-08-31,34.362,34.86,33.366,33.366,162000,67,223376
2011-09-01,34.113,34.611,33.615,33.615,206800,80,282170
2011-09-02,33.615,33.864,32.868,33.366,40600,40,54472
2011-09-05,33.117,34.113,33.117,33.615,65500,27,88149
2011-09-06,34.113,37.599,33.366,36.105,748300,371,1085397
2011-09-08,36.852,38.844,35.856,35.856,277300,173,415672
2011-09-09,36.354,36.354,34.362,35.358,98800,54,140258
2011-09-12,35.607,36.354,34.113,35.607,212100,85,297260
2011-09-13,36.603,36.852,35.358,36.105,124900,36,182379
2011-09-14,36.852,37.35,35.856,36.603,196400,54,288127
2011-09-15,36.354,37.599,36.354,36.603,102500,36,153282
2011-09-16,36.603,36.852,36.354,36.603,29300,16,43200
2011-09-19,36.603,36.852,36.105,36.852,42800,12,62670
2011-09-20,36.603,36.603,35.109,35.109,191400,39,275801
2011-09-21,35.607,37.35,35.358,36.105,96600,64,141107
2011-09-22,35.607,35.607,34.362,34.86,151400,52,209815
2011-09-23,34.86,35.109,34.113,34.86,11200,12,15575
2011-09-26,34.611,35.109,34.611,34.611,15700,9,21841
2011-09-27,35.109,35.856,34.362,34.362,11600,10,16201
2011-09-28,34.86,34.86,33.615,33.615,85200,30,116872
2011-09-29,33.615,34.362,30.378,33.864,214200,70,281784
2011-09-30,32.121,33.864,32.121,32.121,88700,34,115365
2011-10-03,33.366,33.366,31.623,33.117,100800,39,129651
2011-10-04,33.366,33.366,31.623,32.37,16400,14,20943
2011-10-05,31.623,34.362,31.374,34.113,102100,59,135123
2011-10-06,34.113,35.358,33.864,34.362,56600,36,78666
2011-10-07,33.864,34.362,32.619,33.864,64000,34,86509
2011-10-10,33.864,35.358,33.864,35.109,78600,44,109985
2011-10-11,34.362,34.86,33.864,34.113,54900,35,75529
2011-10-13,33.864,34.611,33.864,33.864,31200,21,42808
2011-10-14,34.113,34.362,33.864,33.864,6900,11,9473
2011-10-17,33.366,34.113,33.117,33.864,46700,23,62684
2011-10-18,33.366,34.611,33.366,34.113,29600,16,40421
2011-10-19,34.362,34.362,33.117,34.113,19000,15,25855
2011-10-20,33.615,34.113,33.366,34.113,29200,19,39414
2011-10-21,33.117,33.615,33.117,33.615,40700,11,54245
2011-10-24,33.117,34.113,33.117,33.864,48300,17,65089
2011-10-25,33.864,33.864,33.366,33.366,18000,14,24183
2011-10-26,33.366,36.105,33.366,35.856,154600,73,217044
2011-10-27,36.852,38.595,35.607,37.599,167200,93,247946
2011-10-28,36.852,37.101,35.358,35.358,55100,32,79999
2011-10-31,35.856,35.856,34.113,34.362,36100,28,49724
2011-11-01,34.113,34.86,34.113,34.86,25100,23,34759
2011-11-03,35.109,35.109,34.362,34.611,21400,17,29895
2011-11-04,34.86,34.86,34.362,34.362,12300,7,17060
2011-11-07,34.113,35.607,34.113,34.86,15900,17,22025
2011-11-08,34.362,34.611,34.362,34.611,29500,17,40755
2011-11-09,34.611,35.607,33.366,33.615,50500,25,68791
2011-11-10,34.611,34.611,33.615,33.615,37500,23,50773
2011-11-11,33.615,34.86,33.366,34.86,45400,28,61806
2011-11-14,33.864,33.864,33.117,33.117,25300,12,34046
2011-11-16,32.868,33.366,31.125,32.121,256500,51,331482
2011-11-17,32.619,33.615,32.121,32.37,23300,17,30315
2011-11-18,33.117,33.117,32.121,32.868,3000,6,3919
2011-11-21,32.121,32.37,31.623,32.121,35100,18,45143
2011-11-22,31.872,32.121,31.872,32.121,1000,2,1285
2011-11-23,31.374,31.623,31.374,31.623,1100,2,1387
2011-11-24,32.121,32.121,31.623,31.623,14400,9,18484
2011-11-25,31.623,31.872,30.876,30.876,315100,31,400452
2011-11-28,31.623,33.117,31.125,32.37,553500,47,705976
2011-11-29,32.37,32.868,32.37,32.619,171300,8,222781
2011-11-30,32.37,32.868,31.125,31.125,94400,27,120782
2011-12-01,30.876,32.37,30.627,30.876,139800,57,175243
2011-12-02,31.374,32.37,31.374,32.37,19400,10,24702
2011-12-05,31.374,32.37,30.378,30.378,189900,42,238649
2011-12-06,30.876,31.623,30.627,31.374,95900,15,118979
2011-12-07,30.876,31.623,30.876,30.876,22800,13,28408
2011-12-08,31.374,31.374,30.129,30.129,66400,17,81173
2011-12-09,31.125,31.125,30.129,30.627,50600,26,62349
2011-12-12,30.129,31.125,29.88,30.129,96500,48,117221
2011-12-13,30.876,31.872,29.88,29.88,226700,52,275923
2011-12-14,30.378,32.121,29.88,31.374,448500,66,540992
2011-12-15,31.623,31.623,30.627,30.627,96900,39,120536
2011-12-16,30.627,30.876,30.378,30.876,50500,22,61761
2011-12-19,30.627,30.876,30.627,30.627,12200,12,15031
2011-12-20,30.876,31.125,30.876,31.125,43200,11,53704
2011-12-21,30.876,31.125,30.876,31.125,10800,6,13440
2011-12-22,31.374,32.37,31.125,31.623,93400,39,119617
2011-12-23,31.374,32.121,31.125,32.121,2900,5,3656
2011-12-26,31.374,31.623,31.374,31.623,3600,2,4537
2011-12-27,31.623,32.121,31.374,32.121,33800,8,43262
2011-12-28,32.121,32.37,32.121,32.37,95200,9,122859
2011-12-29,32.37,34.611,32.121,33.864,170800,41,228762
2012-01-02,33.615,34.113,33.366,34.113,12500,12,16797
2012-01-03,34.113,34.86,34.113,34.113,37500,11,51916
2012-01-04,34.611,34.86,33.615,33.615,200900,36,275634
2012-01-05,33.615,33.864,32.619,33.864,30200,12,40300
2012-01-06,33.864,35.607,33.864,34.611,41800,35,58308
2012-01-09,35.607,36.852,34.611,36.852,189000,101,270220
2012-01-10,37.101,37.101,34.113,35.358,94600,53,133596
2012-01-11,35.607,35.607,34.362,34.86,20400,18,28518
2012-01-12,35.856,36.105,35.856,35.856,4000,5,5763
2012-01-13,35.856,36.105,35.856,36.105,1800,2,2600
2012-01-16,35.856,38.097,34.86,37.35,137100,66,203323
2012-01-17,37.35,40.089,36.603,40.089,308000,222,478080
2012-01-18,40.089,43.824,38.595,42.33,416900,642,695650
2012-01-19,42.33,43.824,39.093,39.342,119700,160,198527
2012-01-20,39.84,42.33,38.844,40.338,130400,76,209513
2012-01-23,41.085,46.065,41.085,46.065,744800,746,1322735
2012-01-24,46.563,48.057,41.334,42.33,1002700,676,1774918
2012-01-26,43.077,44.073,41.334,41.334,173800,195,298385
2012-01-27,41.832,43.077,39.84,42.081,174600,148,288563
2012-01-30,40.587,41.583,40.089,41.334,47200,41,76943
2012-01-31,40.338,43.824,40.089,41.832,153300,106,259525
2012-02-01,42.33,43.326,41.334,42.33,180100,74,304422
2012-02-02,42.33,43.326,38.844,40.089,644100,1551,1064156
2012-02-03,40.089,41.583,40.089,41.334,106900,39,175877
2012-02-06,40.587,41.583,40.587,40.836,98500,33,161398
2012-02-07,40.836,41.832,40.836,41.583,82700,22,136400
2012-02-08,41.583,43.326,41.583,42.828,175800,83,298487
2012-02-09,42.579,46.314,42.579,45.318,558500,967,1000078
2012-02-10,44.571,46.314,42.828,42.828,336500,223,598360
2012-02-13,43.824,44.322,41.832,41.832,110300,75,189761
2012-02-14,43.077,43.326,39.591,39.84,354600,165,578278
2012-02-15,41.085,41.583,40.338,41.334,95600,46,157299
2012-02-16,40.587,41.334,38.595,39.84,340200,131,542077
2012-02-17,40.089,40.836,39.84,40.836,95200,67,153794
2012-02-22,41.085,41.334,40.089,41.334,89900,30,147687
2012-02-23,40.836,41.085,40.089,40.836,24800,20,40516
2012-02-24,40.338,40.836,39.591,40.338,36600,25,59067
2012-02-27,39.591,40.836,37.35,38.595,212200,89,326941
2012-02-28,38.844,39.342,37.101,37.35,247000,108,375473
2012-02-29,37.35,38.595,36.105,37.35,165800,55,251399
2012-03-01,37.848,38.595,37.599,37.599,24400,26,37387
2012-03-02,38.097,39.591,37.848,39.342,75800,35,118458
2012-03-05,38.346,39.093,38.097,39.093,10600,7,16280
2012-03-06,39.093,39.093,36.105,36.852,195600,88,289517
2012-03-07,37.35,37.599,36.105,37.35,72400,37,106505
2012-03-08,37.101,38.097,36.852,38.097,120200,36,180836
2012-03-09,37.101,37.35,36.105,36.105,109900,40,160354
2012-03-12,36.105,37.101,34.86,36.852,117900,70,169943
2012-03-13,36.852,40.836,36.105,40.089,209300,163,326570
2012-03-14,41.085,41.085,38.595,38.595,29300,32,46438
2012-03-15,38.097,38.097,36.852,36.852,61800,41,92607
2012-03-16,37.848,37.848,37.101,37.35,36600,17,55032
2012-03-19,38.595,46.563,37.848,45.816,1515200,891,2685888
2012-03-20,45.816,45.816,41.334,41.583,583900,232,1005181
2012-03-21,42.579,42.828,40.587,41.085,205400,85,342004
2012-03-22,41.832,41.832,40.338,41.583,245100,52,403886
2012-03-23,42.081,42.081,40.338,40.587,131100,38,215816
2012-03-26,41.085,42.828,41.085,42.081,53500,29,90653
2012-03-27,42.081,42.33,40.587,40.587,32600,18,54418
2012-03-28,41.085,41.832,40.089,40.587,44000,27,72234
2012-03-29,40.587,40.587,38.844,39.84,422900,54,686083
2012-03-30,39.342,39.84,38.844,39.84,31900,18,50295
2012-04-02,40.587,41.085,39.591,40.836,20000,20,32425
2012-04-03,39.84,41.334,39.84,40.587,33600,29,54969
2012-04-04,40.836,41.085,39.591,39.84,36000,32,57837
2012-04-05,39.591,41.085,39.342,39.591,134100,41,218476
2012-04-09,39.342,40.836,38.844,39.591,65500,41,104228
2012-04-10,39.591,39.591,38.844,39.342,156300,33,246844
2012-04-11,40.338,40.587,39.342,40.587,41000,22,65507
2012-04-12,39.591,39.84,39.093,39.342,49800,22,78946
2012-04-13,39.84,40.836,39.342,40.587,34400,29,55417
2012-04-16,40.836,40.836,39.591,39.591,4600,6,7478
2012-04-17,39.84,42.828,39.84,40.836,84100,47,140424
2012-04-18,41.583,41.583,40.089,40.836,59400,42,97666
2012-04-19,41.583,41.583,40.338,40.836,37700,20,61415
2012-04-20,40.089,41.085,40.089,40.587,31200,14,50968
2012-04-23,40.338,40.587,39.591,40.587,27300,15,43817
2012-04-24,40.836,42.081,40.338,41.583,112100,36,186204
2012-04-25,42.081,43.077,40.836,40.836,24200,18,40454
2012-04-26,41.583,41.832,41.085,41.085,12800,9,21180
2012-04-27,40.836,42.081,40.836,41.832,37400,33,61815
2012-04-30,41.085,42.33,40.836,40.836,41200,36,68272
2012-05-02,41.583,41.583,40.089,40.836,72500,26,117747
2012-05-03,40.836,41.334,40.089,40.338,50600,17,81835
2012-05-04,40.089,41.085,39.84,39.84,15100,11,24307
2012-05-07,40.089,40.836,39.591,40.338,66800,20,107223
2012-05-08,39.84,39.84,36.354,37.35,250100,113,383762
2012-05-09,37.35,37.35,35.358,35.358,148900,52,216056
2012-05-10,35.607,36.105,34.86,34.86,69500,38,99258
2012-05-11,34.86,36.852,34.86,36.354,76100,25,108622
2012-05-14,36.105,36.354,34.362,34.86,31800,25,44850
2012-05-15,36.105,36.105,26.643,27.888,845500,236,1018646
2012-05-16,28.635,29.133,24.9,28.635,388300,151,414810
2012-05-17,27.39,29.133,26.892,27.39,48800,31,54003
2012-05-18,27.888,29.382,27.39,27.39,40800,23,46123
2012-05-21,27.639,27.639,26.145,26.643,30000,25,32000
2012-05-22,26.892,28.635,26.145,28.635,37500,20,41283
2012-05-23,26.892,27.639,26.892,27.639,14600,15,15905
2012-05-24,27.639,27.639,26.394,27.639,17700,22,19563
2012-05-25,26.892,28.635,26.643,28.386,35900,20,40062
2012-05-28,28.137,29.382,28.137,28.635,28900,16,33238
2012-05-29,28.137,28.137,27.39,27.39,3000,5,3341
2012-05-30,26.892,26.892,25.647,26.643,66500,32,70662
2012-05-31,26.394,27.141,26.145,26.892,28200,11,30233
2012-06-01,27.141,27.141,25.896,25.896,15100,9,15811
2012-06-04,25.896,26.394,25.398,25.896,26700,11,27674
2012-06-05,25.896,25.896,25.398,25.647,11800,12,12169
2012-06-06,26.394,26.394,23.904,25.398,87900,35,88495
2012-06-08,25.647,25.647,25.647,25.647,100,1,103
2012-06-11,25.647,25.896,24.9,25.896,89600,21,92331
2012-06-12,25.647,25.647,24.402,25.398,20300,15,20589
2012-06-13,25.647,25.647,24.9,24.9,30900,10,31429
2012-06-14,25.149,25.647,24.651,25.647,14500,7,14712
2012-06-15,25.398,25.398,24.9,25.398,4300,4,4346
2012-06-18,25.647,25.896,25.398,25.398,19300,10,19845
2012-06-19,25.398,25.896,24.9,25.398,23000,21,23409
2012-06-20,25.896,26.394,25.647,26.394,20200,11,21067
2012-06-21,26.394,26.892,25.647,26.643,8300,11,8845
2012-06-22,26.394,26.394,26.394,26.394,10000,1,10600
2012-06-25,26.145,26.145,24.9,24.9,57000,21,57659
2012-06-26,24.651,25.647,24.402,24.651,28900,18,28942
2012-06-27,24.651,27.39,24.651,24.9,173200,60,180409
2012-06-28,26.145,26.145,24.9,25.647,16900,10,17266
2012-06-29,25.647,26.145,24.9,26.145,69300,21,72239
2012-07-02,25.398,27.39,25.149,27.39,84400,28,89617
2012-07-03,26.643,28.386,26.145,26.394,40500,22,43965
2012-07-04,26.394,26.643,26.394,26.643,7000,6,7430
2012-07-06,26.643,27.141,25.398,25.398,21600,17,22623
2012-07-10,25.647,25.647,24.651,24.651,21700,9,21891
2012-07-11,24.9,25.647,22.41,23.655,269300,68,249543
2012-07-12,23.157,23.157,21.165,22.659,12700,22,11527
2012-07-13,23.904,23.904,21.414,21.414,91300,41,81248
2012-07-16,20.916,23.157,19.92,23.157,179000,64,151511
2012-07-17,22.908,22.908,22.161,22.161,1900,9,1715
2012-07-18,23.157,23.655,22.41,23.157,36600,19,33947
2012-07-19,23.157,23.157,23.157,23.157,7200,1,6696
2012-07-20,22.161,23.655,22.161,23.655,34000,16,31864
2012-07-23,24.153,25.896,23.655,25.398,117100,40,114024
2012-07-24,25.896,26.394,25.149,25.149,17400,16,17803
2012-07-25,25.896,28.137,25.896,26.643,67100,41,72859
2012-07-26,28.137,28.386,26.145,26.145,40800,22,45646
2012-07-27,26.892,27.639,26.892,26.892,26400,20,28865
2012-07-30,27.639,27.639,25.896,26.892,8600,15,9115
2012-07-31,27.639,27.639,25.647,25.647,17600,22,18391
2012-08-01,25.647,25.647,24.402,24.9,20400,19,20628
2012-08-02,26.145,26.145,25.149,25.149,600,3,626
2012-08-03,25.149,25.149,24.9,24.9,1100,2,1110
2012-08-06,25.149,25.647,24.9,25.647,16100,8,16433
2012-08-07,25.896,25.896,25.149,25.149,13500,6,13965
2012-08-08,24.9,25.896,24.9,25.896,3000,6,3086
2012-08-09,26.145,26.643,25.896,25.896,18100,9,19074
2012-08-10,26.394,26.643,25.398,25.398,8500,6,9051
2012-08-13,25.896,25.896,25.398,25.896,6000,7,6216
2012-08-14,26.394,26.643,26.394,26.643,1500,4,1595
2012-08-15,25.149,25.149,25.149,25.149,11400,7,11514
2012-08-16,26.145,26.145,26.145,26.145,17200,8,18060
2012-08-17,25.398,25.398,25.149,25.398,7200,9,7323
2012-08-20,25.647,27.39,25.647,26.643,36700,19,38716
2012-08-21,26.145,26.145,25.896,25.896,5400,5,5636
2012-08-22,25.647,25.647,25.398,25.647,21700,8,22250
2012-08-23,25.398,26.643,25.149,26.643,52200,26,53705
2012-08-24,26.643,28.386,26.643,28.386,133900,35,147297
2012-08-27,28.137,28.137,27.39,27.39,5200,3,5870
2012-08-28,28.635,31.872,27.639,29.382,84100,53,98763
2012-08-29,29.88,30.129,28.386,29.88,46700,33,55451
2012-08-30,29.88,31.872,29.88,30.378,47300,20,58284
2012-08-31,30.876,30.876,30.876,30.876,200,1,248
2012-09-03,30.129,30.129,28.137,28.386,20900,16,24256
2012-09-04,28.386,28.386,28.386,28.386,2500,4,2850
2012-09-05,28.137,30.627,28.137,28.635,20200,17,23950
2012-09-06,28.635,29.88,27.888,27.888,38500,24,44322
2012-09-10,28.884,31.623,28.635,31.374,88300,124,105794
2012-09-11,31.623,32.37,29.88,29.88,120400,32,148242
2012-09-12,30.876,30.876,28.635,28.884,43900,25,51347
2012-09-13,28.884,30.129,28.884,29.88,8100,8,9538
2012-09-14,29.133,31.374,29.133,30.627,29200,10,36465
2012-09-17,29.88,29.88,29.382,29.382,3600,7,4266
2012-09-18,28.884,29.133,28.386,28.386,7300,11,8449
2012-09-19,28.884,28.884,28.635,28.635,1000,3,1155
2012-09-20,28.635,29.133,28.386,28.386,9300,13,10714
2012-09-21,28.635,28.635,28.635,28.635,500,1,575
2012-09-24,29.382,29.382,28.635,29.382,7700,11,9051
2012-09-25,28.386,28.386,27.639,27.639,108300,32,122239
2012-09-27,27.639,27.639,27.639,27.639,8300,7,9213
2012-09-28,27.888,28.386,27.39,27.39,23900,19,26406
2012-10-02,27.39,28.635,27.141,28.386,32600,12,37151
2012-10-03,28.386,28.386,28.386,28.386,60100,2,68514
2012-10-04,27.141,28.137,26.145,28.137,60300,19,66167
2012-10-05,27.888,28.635,27.888,28.635,58600,7,67356
2012-10-08,28.635,28.635,26.643,26.643,23200,8,25510
2012-10-09,27.141,27.39,26.892,26.892,15000,7,16350
2012-10-10,26.394,28.137,26.394,28.137,47300,11,52070
2012-10-11,28.137,28.137,26.643,26.643,9800,7,10903
2012-10-15,26.892,27.39,26.892,27.39,1900,3,2080
2012-10-16,27.39,27.39,27.39,27.39,10300,3,11330
2012-10-17,27.888,28.137,26.643,27.39,17800,10,19315
2012-10-18,27.141,27.141,26.892,27.141,6100,5,6619
2012-10-19,26.892,27.888,26.892,26.892,29600,9,32113
2012-10-22,27.888,27.888,26.892,26.892,42300,5,46684
2012-10-23,27.888,27.888,27.888,27.888,500,2,560
2012-10-24,28.386,28.386,26.892,27.888,15700,10,17630
2012-10-25,28.386,28.386,27.639,28.386,8200,7,9345
2012-10-26,27.639,28.137,27.639,27.639,32700,6,36301
2012-10-29,28.386,35.607,28.386,30.876,1168200,458,1480251
2012-10-30,32.37,32.37,29.133,29.88,239200,103,292681
2012-10-31,29.382,31.125,29.133,29.133,114100,47,136449
2012-11-01,29.631,29.631,28.884,28.884,9100,4,10586
2012-11-05,28.884,29.631,26.892,27.639,67300,49,75613
2012-11-06,28.884,28.884,28.137,28.137,34400,19,39454
2012-11-07,27.888,28.635,27.888,28.386,19400,9,22070
2012-11-08,27.888,29.88,27.39,29.133,37100,27,42407
2012-11-12,29.133,29.133,29.133,29.133,1200,2,1404
2012-11-13,28.386,28.386,28.137,28.137,11300,11,12834
2012-11-14,28.386,28.386,26.394,26.643,72200,30,78760
2012-11-16,26.892,26.892,26.643,26.643,7400,5,7931
2012-11-19,27.39,27.639,26.643,27.141,28500,13,31279
2012-11-21,27.141,27.39,26.394,27.141,2800,9,3043
2012-11-22,26.394,27.141,24.402,25.896,174700,60,182658
2012-11-23,25.647,25.896,24.651,24.9,84600,36,85114
2012-11-26,26.145,26.145,24.9,25.398,45100,34,45791
2012-11-27,26.145,26.145,25.398,25.647,34800,8,35739
2012-11-28,24.9,25.647,24.651,24.651,39100,15,39152
2012-11-29,24.9,25.896,24.9,25.896,15500,10,15836
2012-11-30,26.145,26.145,24.9,24.9,45700,16,45901
2012-12-03,25.647,25.647,25.398,25.647,6000,3,6170
2012-12-04,25.647,26.892,25.647,25.647,70600,14,72812
2012-12-05,25.398,26.145,24.9,25.896,35300,22,36385
2012-12-06,25.896,26.145,25.149,25.896,24200,14,24939
2012-12-07,25.149,26.145,24.9,25.149,56300,16,57675
2012-12-10,24.9,25.149,24.9,25.149,1000,3,1003
2012-12-11,24.9,25.647,24.9,24.9,35600,16,36010
2012-12-12,25.398,25.896,25.398,25.896,21800,4,22264
2012-12-13,26.145,26.145,26.145,26.145,2000,3,2100
2012-12-14,26.394,26.394,25.647,25.647,12700,3,13162
2012-12-18,26.145,26.394,25.647,26.394,32000,12,33630
2012-12-19,26.394,26.394,25.149,25.149,38100,9,40175
2012-12-20,24.9,26.394,24.402,26.394,107900,20,108665
2012-12-21,26.394,26.892,26.394,26.643,66200,13,70763
2012-12-26,26.643,26.643,26.145,26.145,6900,5,7359
2012-12-27,25.647,27.888,25.647,27.888,103300,34,112966
2012-12-28,26.643,29.133,26.394,29.133,142200,50,159968
2013-01-02,28.386,29.631,27.639,27.639,83900,25,97896
2013-01-03,28.884,29.133,28.635,28.635,5400,6,6252
2013-01-04,29.133,29.133,27.39,27.39,7900,11,8985
2013-01-07,27.639,27.639,26.394,26.394,32900,27,35499
2013-01-08,26.394,26.394,26.145,26.145,9500,3,9977
2013-01-09,26.643,27.888,26.145,26.643,39600,18,42257
2013-01-10,26.643,26.643,26.394,26.394,10400,5,11118
2013-01-11,26.394,26.394,26.394,26.394,150000,4,159000
2013-01-14,27.39,27.39,24.9,24.9,53500,30,54657
2013-01-15,25.647,26.394,25.398,25.398,57300,16,59514
2013-01-16,25.398,25.647,25.398,25.398,26300,10,26843
2013-01-17,25.149,25.647,24.9,24.9,55000,17,55270
2013-01-18,24.9,26.145,24.9,24.9,43200,14,43417
2013-01-21,24.9,25.896,24.9,25.149,6700,5,6765
2013-01-22,25.149,25.398,24.9,24.9,9700,9,9770
2013-01-23,25.149,25.149,24.9,24.9,12700,10,12713
2013-01-24,24.9,24.9,24.651,24.651,9200,5,9180
2013-01-28,24.9,24.9,24.9,24.9,8800,4,8800
2013-01-29,25.398,25.398,24.9,24.9,10400,8,10430
2013-01-30,24.9,24.9,24.9,24.9,10000,4,10000
2013-01-31,24.9,24.9,24.651,24.651,85000,16,84458
2013-02-01,24.651,24.9,24.402,24.402,9400,5,9227
2013-02-04,24.402,24.9,23.904,24.9,13600,10,13460
2013-02-05,24.153,24.402,24.153,24.402,900,2,877
2013-02-06,24.402,24.651,23.904,24.153,53800,16,52305
2013-02-07,24.9,24.9,23.904,23.904,69200,12,66672
2013-02-08,23.904,24.651,23.655,24.153,30600,12,29379
2013-02-13,23.904,24.153,23.904,24.153,6600,2,6352
2013-02-14,24.153,24.153,22.908,23.157,36800,22,34442
2013-02-15,24.651,24.651,22.908,22.908,16000,12,14877
2013-02-18,22.659,25.149,22.659,24.9,18500,15,17756
2013-02-19,24.153,24.9,23.904,23.904,7700,9,7597
2013-02-20,23.655,23.655,23.157,23.157,15400,7,14582
2013-02-21,22.908,22.908,22.908,22.908,1800,2,1656
2013-02-22,23.157,24.402,23.157,23.655,10100,5,9611
2013-02-25,23.904,23.904,23.904,23.904,1000,1,960
2013-02-26,24.402,27.39,24.402,27.39,265500,85,278640
2013-02-27,27.39,28.884,27.39,28.884,149000,211,170400
2013-02-28,28.884,29.88,27.639,28.635,243200,39,286747
2013-03-01,27.639,27.639,27.39,27.39,27200,7,29968
2013-03-05,26.145,27.141,25.398,25.398,27900,18,28846
2013-03-06,26.145,26.643,25.647,25.647,11900,7,12617
2013-03-07,25.647,27.141,24.9,25.149,82100,33,84323
2013-03-08,26.145,27.141,25.647,25.647,29100,18,30571
2013-03-11,26.643,26.643,26.643,26.643,200,1,214
2013-03-12,25.398,25.398,25.398,25.398,1400,1,1428
2013-03-13,25.398,25.896,25.398,25.647,146400,10,151507
2013-03-14,25.647,26.145,25.149,25.398,186100,23,190680
2013-03-15,26.145,26.145,25.398,25.398,104900,9,108468
2013-03-18,25.647,25.896,25.149,25.398,112700,8,115681
2013-03-19,25.149,25.149,24.9,24.9,2200,3,2220
2013-03-21,25.647,26.145,25.647,25.896,30000,8,31275
2013-03-22,25.896,26.145,24.651,24.651,83200,18,85600
2013-03-25,24.651,25.896,24.651,25.896,216800,26,217975
2013-03-27,24.651,25.149,23.904,24.153,54800,28,53818
2013-03-28,24.153,25.149,24.153,25.149,95300,30,94416
2013-04-02,25.398,25.647,24.402,24.402,21100,5,20920
2013-04-03,25.149,25.149,24.402,24.402,23900,15,23826
2013-04-04,24.9,24.9,23.904,23.904,18600,10,17996
2013-04-05,24.651,24.651,23.904,23.904,22400,8,21807
2013-04-08,24.153,24.651,23.406,23.406,92100,28,88497
2013-04-09,24.402,24.402,23.904,24.153,16200,7,15766
2013-04-10,24.402,24.402,24.402,24.402,2000,2,1960
2013-04-11,24.651,24.9,24.651,24.651,1500,4,1487
2013-04-12,23.904,24.402,23.655,23.655,18800,10,18118
2013-04-15,23.406,23.655,23.406,23.406,23700,10,22328
2013-04-16,23.655,23.904,23.406,23.406,8400,9,7901
2013-04-17,23.406,23.904,22.908,22.908,92000,21,85351
2013-04-18,23.655,23.904,23.655,23.904,1100,2,1046
2013-04-19,23.655,24.402,23.655,23.655,18900,12,18017
2013-04-22,23.655,24.402,23.655,24.153,13600,5,13163
2013-04-23,23.655,23.904,22.659,23.406,168500,36,156782
2013-04-24,23.904,24.153,23.904,24.153,50600,3,48582
2013-04-25,23.655,24.402,23.655,24.402,54700,11,52136
2013-04-26,23.904,24.651,23.904,24.651,61900,13,59822
2013-04-29,24.402,24.402,23.904,23.904,7600,3,7396
2013-04-30,24.402,25.896,24.402,24.651,64300,17,64338
2013-05-02,25.149,25.149,24.153,24.153,2400,5,2351
2013-05-03,23.904,24.9,23.904,24.153,35900,18,34840
2013-05-06,24.153,24.153,24.153,24.153,4000,1,3880
2013-05-07,24.9,25.398,24.9,25.398,54700,15,54744
2013-05-08,24.9,24.9,23.655,23.655,30300,12,29024
2013-05-09,25.149,25.149,25.149,25.149,100,1,101
2013-05-10,24.9,24.9,24.9,24.9,41300,4,41300
2013-05-13,24.9,25.149,24.153,25.149,10400,5,10312
2013-05-15,24.651,25.149,24.651,24.9,55200,8,55152
2013-05-16,23.655,24.9,23.655,24.9,63000,12,62390
2013-05-17,24.9,24.9,24.9,24.9,30000,3,30000
2013-05-20,24.9,25.149,24.9,25.149,144500,11,144541
2013-05-22,25.149,25.149,23.904,24.402,99900,23,99657
2013-05-23,24.9,25.896,24.9,25.647,71800,14,72973
2013-05-24,25.149,25.647,24.9,24.9,10000,7,10058
2013-05-27,24.9,25.398,24.9,25.398,7300,2,7302
2013-05-28,25.398,25.398,24.9,24.9,39200,16,39260
2013-05-29,25.398,25.896,24.9,25.647,4700,4,4795
2013-05-31,25.149,25.398,24.153,24.9,28700,17,28435
2013-06-03,25.149,25.896,24.651,25.896,45100,14,45636
2013-06-04,25.149,25.896,24.402,25.896,27700,17,27682
2013-06-06,25.398,25.398,24.651,24.9,36600,13,36712
2013-06-07,24.9,25.398,24.9,25.398,32100,11,32503
2013-06-10,25.398,25.398,25.398,25.398,500,1,510
2013-06-11,24.9,25.647,24.651,25.398,79800,11,80424
2013-06-12,24.402,24.651,23.904,24.651,25600,11,25196
2013-06-13,24.402,25.398,24.402,25.398,460300,11,455808
2013-06-14,25.398,25.398,25.398,25.398,1000,1,1020
2013-06-17,24.9,24.9,24.402,24.9,7000,6,6962
2013-06-18,24.651,25.149,24.651,25.149,3700,2,3665
2013-06-19,24.153,25.149,23.904,23.904,33100,11,32161
2013-06-20,23.904,23.904,23.655,23.655,22200,5,21276
2013-06-21,23.904,23.904,23.904,23.904,200,1,192
2013-06-25,23.904,24.402,23.655,24.402,782000,11,765575
2013-06-26,23.904,24.402,23.655,24.402,17000,9,16164
2013-06-28,23.904,24.651,23.655,24.651,7500,7,7203
2013-07-01,23.904,24.153,23.157,24.153,23000,15,21767
2013-07-02,23.655,23.904,23.157,23.157,17400,11,16294
2013-07-03,23.157,23.655,23.157,23.655,10000,3,9340
2013-07-04,23.655,23.904,23.406,23.904,2600,3,2453
2013-07-05,23.406,23.904,23.406,23.904,400,4,381
2013-07-08,23.655,23.655,23.655,23.655,14200,8,13490
2013-07-10,23.406,23.904,23.157,23.904,7400,7,6952
2013-07-11,24.153,24.402,23.406,24.402,13200,10,12787
2013-07-12,23.406,24.153,23.157,24.153,31500,11,29683
2013-07-15,23.904,24.153,23.904,24.153,1600,4,1551
2013-07-16,24.153,24.651,23.655,24.651,34400,13,33633
2013-07-17,23.655,24.651,23.655,24.651,6000,9,5800
2013-07-18,24.402,24.9,23.904,24.651,23600,19,23166
2013-07-19,24.9,25.398,24.9,24.9,79000,9,79276
2013-07-22,25.149,25.398,25.149,25.398,24000,4,24455
2013-07-23,23.904,25.149,23.904,24.651,2200,5,2177
2013-07-25,24.9,25.398,24.9,25.398,24700,5,25186
2013-07-29,24.651,24.9,24.651,24.9,6000,2,5950
2013-07-30,24.402,24.9,24.402,24.9,5500,7,5438
2013-07-31,24.651,25.398,23.904,25.398,26100,10,25652
2013-08-02,24.9,24.9,24.9,24.9,9100,2,9100
2013-08-05,24.9,25.149,24.9,25.149,272600,8,272797
2013-08-06,24.9,24.9,24.153,24.9,35800,9,35369
2013-08-07,24.9,24.9,24.9,24.9,3500,1,3500
2013-08-08,24.9,25.398,24.9,25.398,7700,4,7704
2013-08-09,24.9,25.398,24.9,25.398,6100,3,6152
2013-08-12,25.149,25.149,24.651,25.149,8900,4,8843
2013-08-13,24.9,25.398,24.9,25.398,36300,9,36488
2013-08-14,24.651,25.398,24.651,25.398,75900,13,75324
2013-08-15,24.651,25.149,24.651,25.149,26200,5,25950
2013-08-16,24.651,25.398,24.651,25.149,23900,7,24223
2013-08-19,24.9,25.398,24.402,25.398,13300,4,13266
2013-08-20,24.9,24.9,24.402,24.651,27000,9,26637
2013-08-21,24.9,24.9,24.9,24.9,5900,1,5900
2013-08-22,24.9,24.9,24.651,24.651,17000,4,16990
2013-08-23,24.9,24.9,24.651,24.9,28400,7,28398
2013-08-26,24.9,24.9,24.651,24.9,32100,7,31880
2013-08-27,24.9,24.9,24.402,24.9,22900,8,22740
2013-08-28,24.9,24.9,24.402,24.9,26600,7,26370
2013-08-29,24.9,25.149,24.9,24.9,14000,5,14020
2013-08-30,25.149,25.149,24.651,25.149,3400,3,3408
2013-09-02,24.651,25.149,24.651,25.149,11100,4,10991
2013-09-03,24.9,25.149,24.9,25.149,20900,7,20901
2013-09-04,25.149,25.149,24.9,25.149,26100,3,26261
2013-09-05,25.149,27.39,24.9,26.643,225100,43,234452
2013-09-06,26.145,26.145,24.402,24.402,103200,31,103109
2013-09-09,24.9,24.9,24.402,24.9,39800,11,39250
2013-09-10,24.651,24.9,24.651,24.9,4800,2,4780
2013-09-11,24.651,25.149,24.402,24.651,37600,12,37054
2013-09-12,24.402,24.651,24.402,24.402,7500,5,7372
2013-09-13,24.9,24.9,24.651,24.9,7000,4,6970
2013-09-16,24.651,24.9,24.651,24.9,5600,3,5545
2013-09-17,24.651,24.651,24.651,24.651,2000,2,1980
2013-09-18,24.651,24.9,24.651,24.9,5200,3,5198
2013-09-19,25.149,25.149,25.149,25.149,100,1,101
2013-09-23,25.896,25.896,25.896,25.896,800,2,832
2013-09-25,24.9,25.149,24.651,24.9,21500,16,21461
2013-09-26,25.149,25.149,25.149,25.149,2000,2,2020
2013-09-27,24.9,25.647,24.153,25.647,38700,91,38112
2013-09-30,24.9,24.9,23.904,24.402,59900,105,58853
2013-10-01,24.651,24.651,23.406,23.406,1011100,64,951585
2013-10-02,23.655,24.402,23.157,24.402,8400,12,7973
2013-10-03,24.402,24.402,23.157,23.904,12800,13,12115
2013-10-04,23.904,24.153,23.904,24.153,200,2,193
2013-10-07,23.904,23.904,23.904,23.904,100,1,96
2013-10-08,23.406,24.153,23.406,24.153,8700,8,8228
2013-10-09,24.153,24.153,23.406,23.655,5500,8,5247
2013-10-10,23.406,24.153,23.406,24.153,28300,10,27292
2013-10-11,24.153,24.651,23.406,24.651,52400,21,50485
2013-10-14,24.651,25.149,24.651,25.149,7400,5,7348
2013-10-15,24.651,25.149,24.153,25.149,29400,19,29168
2013-10-22,24.402,25.149,24.402,25.149,29200,28,28823
2013-10-23,24.9,24.9,24.9,24.9,100,1,100
2013-10-24,24.9,24.9,24.402,24.9,3200,4,3140
2013-10-29,24.153,24.402,24.153,24.402,1100,4,1073
2013-10-30,23.904,23.904,23.655,23.655,8200,6,7852
2013-10-31,24.153,24.402,23.406,24.402,11300,8,10739
2013-11-01,24.402,24.402,24.402,24.402,1000,3,980
2013-11-04,23.904,24.402,23.904,24.153,3600,6,3472
2013-11-05,23.655,24.153,23.655,23.655,4200,5,3992
2013-11-06,23.655,23.655,22.659,23.655,45400,8,42770
2013-11-07,22.659,23.904,22.659,22.908,66600,23,61596
2013-11-08,23.655,24.153,23.157,23.157,13500,14,12629
2013-11-11,23.655,23.655,23.655,23.655,100,1,95
2013-11-13,22.908,22.908,22.908,22.908,200,1,184
2013-11-14,22.908,22.908,22.41,22.659,28600,17,25966
2013-11-18,22.41,23.157,22.41,23.157,1300,4,1179
2013-11-19,22.41,22.659,22.161,22.659,50000,13,45032
2013-11-25,22.908,23.655,22.161,23.655,19300,12,17550
2013-11-27,22.41,22.659,22.41,22.41,54500,11,49120
2013-11-28,22.41,22.41,22.41,22.41,10000,3,9000
2013-11-29,22.161,23.157,22.161,23.157,2400,3,2152
2013-12-02,22.161,22.659,22.161,22.161,28600,13,25460
2013-12-03,22.161,22.41,21.912,21.912,38700,18,34413
2013-12-04,22.908,22.908,22.908,22.908,100,1,92
2013-12-06,21.663,22.908,21.663,22.908,25300,17,22443
2013-12-10,22.41,22.41,22.41,22.41,2000,1,1800
2013-12-11,21.912,21.912,19.92,20.667,54800,31,45922
2013-12-12,21.663,21.663,21.663,21.663,700,3,609
2013-12-13,21.165,21.663,20.916,21.663,7200,4,6082
2013-12-17,21.663,21.912,21.663,21.912,15300,5,13429
2013-12-18,21.414,22.161,21.414,22.161,18500,6,16005
2013-12-19,21.663,22.161,20.916,22.161,83600,28,72389
2013-12-20,22.41,22.41,22.41,22.41,300,2,270
2013-12-23,20.916,22.41,20.916,22.41,10000,8,8694
2013-12-27,23.904,23.904,21.165,22.908,15700,17,13750
2013-12-30,23.655,23.904,22.908,23.904,10100,6,9544
2014-01-02,22.908,23.904,22.908,23.904,7900,10,7293
2014-01-03,22.41,22.908,21.912,22.41,16000,18,14338
2014-01-06,22.41,22.41,22.161,22.161,700,2,629
2014-01-09,21.663,21.663,21.663,21.663,1000,1,870
2014-01-10,21.912,21.912,21.912,21.912,100,1,88
2014-01-13,20.916,21.663,20.418,20.667,7100,10,5935
2014-01-14,20.667,21.165,20.169,20.916,28600,15,23576
2014-01-15,20.667,20.667,20.667,20.667,300,1,249
2014-01-17,20.418,20.418,20.169,20.169,106300,7,87121
2014-01-20,20.169,20.418,20.169,20.418,17600,8,14271
2014-01-21,20.418,20.667,20.418,20.667,9600,2,7873
2014-01-22,20.418,20.418,20.169,20.169,2300,2,1864
2014-01-23,20.418,20.667,20.169,20.667,20000,7,16203
2014-01-24,21.165,21.165,20.418,21.165,9400,10,7783
2014-01-27,20.418,21.165,20.418,21.165,9900,13,8246
2014-01-29,20.916,20.916,18.177,20.418,412600,119,328823
2014-01-30,20.418,20.667,20.418,20.667,8200,3,6751
2014-02-03,20.916,21.165,20.667,20.916,6600,5,5569
2014-02-04,20.916,20.916,18.675,20.169,25900,14,20116
2014-02-05,20.418,20.418,20.418,20.418,3100,5,2542
2014-02-06,19.92,20.418,19.173,20.418,4600,16,3715
2014-02-07,20.418,20.916,20.418,20.916,3900,4,3200
2014-02-10,19.92,19.92,19.422,19.92,17500,11,13996
2014-02-11,19.422,19.92,19.422,19.92,14700,7,11744
2014-02-12,19.92,20.418,19.92,20.418,9000,4,7202
2014-02-14,21.165,21.165,19.92,20.418,19800,18,16069
2014-02-17,19.92,20.169,19.92,20.169,2000,2,1610
2014-02-19,19.92,20.667,19.92,20.667,10200,34,8165
2014-02-20,19.671,20.169,19.671,20.169,13200,3,10431
2014-02-21,19.671,20.418,19.671,20.169,12300,7,9958
2014-02-24,20.418,20.418,20.418,20.418,100,1,82
2014-03-05,20.169,20.169,19.671,20.169,1900,4,1524
2014-03-06,19.422,20.667,19.422,20.667,31400,19,25254
2014-03-07,20.916,22.41,20.916,22.41,1300,4,1109
2014-03-12,21.414,21.912,21.414,21.663,7900,4,6797
2014-03-14,19.92,19.92,19.92,19.92,200,1,160
2014-03-17,21.414,21.414,21.414,21.414,1400,2,1204
2014-03-20,21.165,21.165,21.165,21.165,200,2,170
2014-03-21,20.418,21.414,19.92,21.414,6700,8,5583
2014-03-25,21.912,21.912,21.912,21.912,200,1,176
2014-03-27,22.161,22.161,19.92,21.165,30300,23,24677
2014-03-28,21.663,21.912,20.916,21.165,2800,7,2366
2014-03-31,19.92,20.916,19.92,20.916,9800,9,8020
2014-04-01,20.916,20.916,20.916,20.916,200,1,168
2014-04-02,19.92,20.667,19.92,20.667,2800,8,2251
2014-04-03,19.92,20.667,19.671,20.667,11000,8,8845
2014-04-04,19.92,20.667,19.92,20.667,11100,10,9013
2014-04-07,19.92,20.667,19.92,20.667,13500,12,10879
2014-04-08,19.92,20.418,19.671,19.671,17100,10,13672
2014-04-09,20.169,20.169,19.92,19.92,1000,2,801
2014-04-10,19.671,19.92,19.173,19.92,12300,8,9638
2014-04-11,19.422,19.422,18.426,18.426,127800,18,97653
2014-04-14,18.426,18.426,17.928,18.426,6400,8,4704
2014-04-15,18.924,18.924,18.675,18.675,7600,5,5702
2014-04-16,18.426,18.924,17.928,18.924,41600,13,30574
2014-04-17,19.422,19.422,19.422,19.422,4000,1,3120
2014-04-22,19.422,19.671,18.675,19.671,5900,7,4606
2014-04-23,19.173,19.671,19.173,19.671,2100,3,1657
2014-04-24,19.671,19.671,19.173,19.671,49000,8,38704
2014-04-25,19.422,19.92,19.422,19.92,8100,2,6320
2014-04-28,19.422,19.92,19.422,19.422,4300,4,3356
2014-04-29,19.422,19.422,18.675,18.924,26300,9,20024
2014-04-30,18.675,19.671,18.675,19.671,5600,2,4400
2014-05-02,19.671,19.671,19.671,19.671,1000,1,790
2014-05-05,18.675,19.671,18.675,19.671,12000,3,9040
2014-05-06,19.671,19.671,19.671,19.671,5200,3,4108
2014-05-08,18.675,19.173,18.675,19.173,17300,11,13055
2014-05-09,18.675,19.173,18.675,19.173,8300,7,6270
2014-05-12,18.675,18.675,18.426,18.426,39700,16,29739
2014-05-13,18.675,18.675,18.177,18.426,12200,6,8950
2014-05-15,18.177,18.675,18.177,18.675,20100,4,14675
2014-05-16,18.426,18.426,18.426,18.426,11500,1,8510
2014-05-19,18.426,18.426,18.426,18.426,5000,1,3700
2014-05-20,18.675,18.675,18.675,18.675,1300,2,975
2014-05-21,17.679,18.675,17.679,18.675,5100,3,3625
2014-05-22,17.928,18.675,17.928,18.675,400,4,291
2014-05-26,18.177,18.675,18.177,18.675,6200,5,4546
2014-05-27,17.679,18.426,17.43,17.928,5800,6,4121
2014-05-28,18.675,18.675,18.177,18.177,700,3,519
2014-05-30,18.426,18.426,18.426,18.426,300,1,222
2014-06-03,18.426,18.426,17.43,17.43,23200,9,16668
2014-06-04,17.679,17.679,16.185,16.932,46900,22,32148
2014-06-05,17.181,17.43,16.185,17.43,22200,14,14569
2014-06-06,16.932,18.177,16.185,18.177,18200,20,12567
2014-06-09,16.932,17.43,16.932,17.43,16600,16,11305
2014-06-10,17.43,17.43,16.932,17.43,1000,5,692
2014-06-11,17.43,17.43,17.43,17.43,100,1,70
2014-06-13,17.679,18.924,17.679,18.924,203500,49,147737
2014-06-16,18.675,18.675,17.43,17.43,20200,16,14319
2014-06-17,17.679,18.177,17.43,17.43,2800,5,1967
2014-06-18,18.426,18.426,17.43,17.679,14000,16,9925
2014-06-20,17.679,18.177,17.679,17.928,6100,15,4413
2014-06-23,17.928,18.177,17.43,17.679,10100,13,7136
2014-06-24,17.679,17.679,17.43,17.43,8600,21,6059
2014-06-25,17.43,17.928,17.43,17.928,3100,3,2230
2014-06-26,17.679,18.426,17.679,18.426,24800,10,17685
2014-06-27,18.426,18.924,18.177,18.177,21200,56,15871
2014-06-30,18.924,18.924,18.177,18.924,7900,7,5800
2014-07-01,18.924,18.924,18.177,18.177,2800,4,2070
2014-07-02,18.675,18.675,18.675,18.675,1100,2,825
2014-07-03,18.177,18.426,18.177,18.177,11400,6,8329
2014-07-04,18.675,18.675,18.675,18.675,2000,1,1500
2014-07-07,18.177,18.675,17.679,17.679,34000,8,24305
2014-07-08,17.679,17.679,17.43,17.43,76700,23,54140
2014-07-10,17.43,17.43,16.932,16.932,28100,9,19652
2014-07-11,17.181,17.928,16.932,16.932,52900,62,36214
2014-07-14,17.181,17.43,17.181,17.43,20800,78,14465
2014-07-15,17.679,17.679,17.43,17.43,3600,5,2546
2014-07-16,17.43,17.928,16.932,17.928,41200,15,28673
2014-07-17,18.177,18.177,17.679,18.177,10300,6,7319
2014-07-18,18.426,18.426,18.426,18.426,800,2,592
2014-07-21,17.928,18.177,16.932,17.181,30700,21,21192
2014-07-22,17.181,17.181,16.683,16.683,27300,9,18609
2014-07-23,16.932,16.932,16.683,16.683,27600,19,18612
2014-07-24,16.932,16.932,16.683,16.683,3100,5,2097
2014-07-25,16.932,16.932,16.683,16.683,6300,8,4225
2014-07-28,16.932,17.181,16.434,16.434,54700,52,37006
2014-07-29,17.181,17.181,16.932,16.932,2100,2,1429
2014-07-30,16.683,16.932,16.683,16.683,5100,5,3428
2014-07-31,16.932,17.181,16.683,17.181,14000,5,9483
2014-08-01,17.181,17.181,15.687,16.185,32800,23,21105
2014-08-04,16.932,16.932,15.936,15.936,16800,10,10822
2014-08-05,16.185,16.185,16.185,16.185,500,1,325
2014-08-06,16.185,16.434,16.185,16.434,7100,17,4624
2014-08-07,16.185,16.185,15.438,15.687,31600,109,20243
2014-08-08,15.687,16.185,15.687,16.185,11300,10,7315
2014-08-11,16.434,16.434,16.185,16.185,2500,11,1637
2014-08-12,16.434,17.181,16.185,17.181,10700,11,7046
2014-08-13,17.181,17.181,15.936,16.932,18500,23,12221
2014-08-14,16.185,16.434,16.185,16.185,2200,4,1446
2014-08-15,16.932,17.43,16.932,17.181,3600,36,2476
2014-08-18,16.434,17.181,16.185,16.185,54800,29,36026
2014-08-19,16.434,16.434,16.185,16.185,20100,6,13066
2014-08-20,15.936,15.936,15.936,15.936,300,2,192
2014-08-21,15.936,16.434,15.936,16.434,25100,9,16563
2014-08-22,16.932,17.43,16.932,17.181,19300,14,13288
2014-08-25,17.43,17.43,16.683,16.683,21500,12,14634
2014-08-26,17.181,17.181,16.434,17.181,24500,9,16319
2014-08-27,17.43,17.43,17.43,17.43,100,1,70
2014-08-29,16.683,17.181,16.434,17.181,55800,16,38254
2014-09-01,17.181,17.181,16.185,16.185,37800,28,24956
2014-09-02,15.936,16.185,15.936,16.185,7100,4,4614
2014-09-03,15.936,16.185,15.687,15.936,5500,15,3538
2014-09-04,16.434,16.683,16.434,16.683,19200,40,12793
2014-09-05,16.683,16.932,16.683,16.932,6100,13,4098
2014-09-08,16.932,16.932,16.434,16.932,8300,4,5545
2014-09-09,16.932,16.932,16.932,16.932,4100,8,2788
2014-09-10,16.932,17.181,16.185,17.181,35000,21,23399
2014-09-11,16.185,16.683,16.185,16.185,55500,19,36252
2014-09-12,16.932,16.932,15.687,15.687,16400,14,10534
2014-09-15,15.687,15.936,15.687,15.936,11800,6,7459
2014-09-16,16.185,16.185,16.185,16.185,9500,8,6175
2014-09-17,16.434,16.434,15.936,16.434,5600,9,3634
2014-09-18,16.434,16.434,15.936,15.936,4300,5,2755
2014-09-19,15.687,16.185,15.687,16.185,3600,3,2338
2014-09-22,16.185,16.185,15.936,16.185,8900,7,5700
2014-09-23,16.185,16.185,15.189,15.189,58700,28,36481
2014-09-24,15.936,15.936,15.189,15.936,22900,9,14205
2014-09-25,15.687,15.687,13.695,13.695,50000,38,28618
2014-09-26,15.189,15.189,15.189,15.189,100,1,61
2014-09-29,15.189,15.438,15.189,15.438,300,3,184
2014-09-30,14.442,15.189,14.442,15.189,18000,15,10693
2014-10-01,15.189,15.438,14.442,15.438,18700,17,10957
2014-10-02,14.94,14.94,12.45,13.197,36300,27,19179
2014-10-03,13.695,14.193,13.695,14.193,2100,4,1157
2014-10-06,13.944,14.691,13.944,14.193,4300,9,2432
2014-10-07,14.193,14.193,14.193,14.193,700,1,399
2014-10-09,13.944,13.944,13.944,13.944,300,1,168
2014-10-13,13.197,13.446,12.948,12.948,4800,9,2529
2014-10-14,12.948,13.446,12.948,13.446,2000,4,1044
2014-10-15,13.197,13.695,13.197,13.446,800,4,432
2014-10-16,13.446,13.446,13.446,13.446,100,1,54
2014-10-17,12.699,13.695,12.699,13.695,6400,10,3318
2014-10-20,13.944,14.193,13.944,14.193,20900,7,11705
2014-10-22,13.446,14.193,13.446,14.193,22900,6,12425
2014-10-28,12.699,13.944,12.699,13.695,19200,5,9801
2014-10-30,12.201,13.695,12.201,13.695,37600,15,18999
2014-10-31,13.695,14.691,13.695,14.691,41300,14,23394
2014-11-03,14.691,14.691,12.45,12.45,36900,15,19142
2014-11-04,13.197,13.197,13.197,13.197,800,1,424
2014-11-06,12.699,13.197,12.699,13.197,3700,3,1921
2014-11-07,13.446,14.442,13.197,13.446,21100,10,11478
2014-11-10,14.691,14.691,13.446,14.442,700,3,387
2014-11-11,13.944,14.442,12.45,13.197,51700,22,26581
2014-11-12,13.446,13.695,13.197,13.695,4600,4,2452
2014-11-13,13.944,13.944,12.201,12.948,15300,8,7739
2014-11-14,11.952,12.699,11.952,12.699,3100,2,1491
2014-11-18,11.952,12.699,11.454,12.699,9800,9,4713
2014-11-21,12.45,12.45,11.454,12.45,8300,7,4146
2014-11-24,11.952,12.45,11.703,12.45,10400,5,4894
2014-11-25,11.952,11.952,11.952,11.952,3700,2,1776
2014-11-26,12.201,12.201,12.201,12.201,100,1,49
2014-12-01,12.201,12.201,10.458,11.454,22100,11,9603
2014-12-02,11.454,11.703,11.454,11.703,1300,4,599
2014-12-03,11.454,11.703,10.707,11.703,9300,13,4113
2014-12-04,11.454,11.703,11.454,11.703,3300,4,1519
2014-12-09,10.707,11.454,9.711,11.454,57100,38,23856
2014-12-10,9.711,9.711,9.711,9.711,1100,5,429
2014-12-11,9.711,9.96,9.711,9.96,3200,8,1249
2014-12-12,9.96,10.956,9.96,10.956,19800,7,7940
2014-12-15,9.96,10.707,9.96,10.707,20300,7,8126
2014-12-16,9.96,10.707,9.96,10.707,54500,15,21940
2014-12-17,10.707,11.454,10.707,11.454,10900,6,4707
2014-12-18,11.454,11.703,11.454,11.703,2300,2,1059
2014-12-19,10.707,11.205,10.458,11.205,12800,4,5406
2014-12-22,11.454,11.454,11.454,11.454,100,1,46
2014-12-23,11.454,12.201,11.454,12.201,4700,4,2195
2014-12-26,11.703,12.201,11.703,12.201,2300,3,1083
2014-12-29,11.952,12.45,11.952,12.45,35000,6,17073
2015-01-02,12.45,12.45,12.45,12.45,1300,1,650
2015-01-06,11.205,12.45,10.707,12.45,7000,12,3186
2015-01-09,11.205,12.45,11.205,12.45,6200,10,2928
2015-01-12,10.707,11.205,10.707,11.205,37700,20,16281
2015-01-14,9.96,10.209,9.711,10.209,556600,15,222542
2015-01-15,10.458,10.458,9.711,10.458,30300,8,11906
2015-01-16,10.458,10.458,9.711,9.711,118700,7,47298
2015-01-19,9.462,9.96,8.715,9.96,42400,17,16625
2015-01-20,9.462,9.711,8.715,9.711,1462000,26,554567
2015-01-21,8.964,9.711,8.964,9.711,10100,2,3639
2015-01-23,9.711,9.711,9.711,9.711,2000,1,780
2015-01-29,9.213,9.711,9.213,9.711,4100,3,1553
2015-01-30,9.96,9.96,9.213,9.96,7900,4,2929
2015-02-02,9.96,10.458,9.96,10.458,3000,4,1202
2015-02-03,10.458,10.458,9.462,10.458,2400,6,948
2015-02-05,9.96,10.458,9.96,10.458,2600,3,1042
2015-02-09,9.96,10.458,9.462,10.458,2300,6,891
2015-02-19,9.96,9.96,9.96,9.96,100,1,40
2015-02-20,9.96,9.96,9.96,9.96,300,2,120
2015-02-23,9.96,9.96,9.96,9.96,300,1,120
2015-02-24,9.96,10.458,9.96,10.458,8900,5,3632
2015-02-25,10.458,10.707,10.458,10.707,14600,8,6236
2015-02-26,10.956,10.956,9.96,10.956,1700,4,708
2015-02-27,10.209,10.956,10.209,10.707,400,4,171
2015-03-02,10.707,10.707,10.707,10.707,300,2,129
2015-03-03,10.209,10.956,9.462,9.462,16400,15,6513
2015-03-04,9.462,9.96,9.462,9.96,3000,6,1149
2015-03-05,9.96,9.96,9.96,9.96,300,1,120
2015-03-11,9.96,9.96,9.96,9.96,500,1,200
2015-03-12,9.96,9.96,9.96,9.96,600,2,240
2015-03-13,9.96,9.96,9.96,9.96,2300,1,920
2015-03-18,9.96,9.96,9.96,9.96,100,1,40
2015-03-19,9.96,9.96,9.96,9.96,400,2,160
2015-03-20,9.711,9.711,9.213,9.711,5600,7,2084
2015-03-23,9.96,9.96,9.96,9.96,200,2,80
2015-03-25,9.96,9.96,9.96,9.96,1500,4,600
2015-03-26,9.96,9.96,9.96,9.96,900,4,360
2015-03-27,9.96,9.96,9.96,9.96,100,1,40
2015-03-30,9.96,10.458,9.96,9.96,89200,18,35725
2015-03-31,10.458,10.458,10.458,10.458,100,1,42
2015-04-01,10.458,10.458,10.458,10.458,1600,2,672
2015-04-02,10.458,10.458,10.458,10.458,5100,2,2142
2015-04-06,10.458,10.458,10.458,10.458,100,1,42
2015-04-07,10.209,10.209,8.964,9.213,25500,18,9432
2015-04-08,9.213,9.711,8.715,8.964,37700,23,14139
2015-04-09,9.462,9.462,8.964,9.462,6900,6,2542
2015-04-10,9.462,9.462,9.213,9.213,2500,3,949
2015-04-13,8.964,9.96,8.715,9.96,35200,20,12551
2015-04-14,10.209,10.458,9.462,9.462,326300,60,131508
2015-04-15,10.458,10.458,9.711,9.711,1183700,39,473333
2015-04-16,9.711,9.96,9.462,9.711,24700,11,9724
2015-04-17,9.462,9.462,8.964,9.462,21700,15,8161
2015-04-20,8.964,9.213,8.715,8.715,122500,17,43307
2015-04-22,8.715,8.964,8.466,8.466,41500,14,14555
2015-04-23,9.462,9.462,8.964,8.964,12000,7,4348
2015-04-24,8.964,9.213,8.964,9.213,20400,5,7398
2015-04-27,9.213,9.213,9.213,9.213,30000,3,11100
2015-04-28,8.964,9.213,8.964,9.213,6100,2,2256
2015-04-29,8.964,8.964,8.964,8.964,2900,4,1044
2015-04-30,9.462,9.462,9.462,9.462,1100,4,418
2015-05-04,9.462,9.462,8.964,8.964,20500,9,7420
2015-05-05,8.964,9.462,8.964,9.462,14100,6,5178
2015-05-06,9.213,9.213,8.715,8.715,30400,17,10975
2015-05-07,9.213,9.213,9.213,9.213,11900,3,4403
2015-05-11,9.213,9.462,9.213,9.462,2000,3,749
2015-05-12,8.715,8.964,8.715,8.715,99900,20,35018
2015-05-14,8.964,8.964,8.964,8.964,3000,3,1080
2015-05-15,8.964,8.964,8.964,8.964,7000,2,2520
2015-05-18,8.964,9.213,8.964,9.213,16800,9,6210
2015-05-20,9.462,9.462,9.462,9.462,7400,5,2812
2015-05-21,9.462,11.454,9.213,10.209,3010700,306,1172711
2015-05-22,10.209,11.454,9.96,11.454,179500,102,73646
2015-05-25,11.454,11.454,10.707,10.707,47600,19,20943
2015-05-26,10.707,11.205,10.707,11.205,300,3,132
2015-05-27,10.707,11.205,10.707,11.205,18000,12,8092
2015-05-28,10.956,11.952,10.956,11.952,53000,61,24353
2015-05-29,11.952,12.201,11.703,11.952,82100,62,39420
2015-06-01,11.952,11.952,11.952,11.952,1400,7,672
2015-06-02,11.952,11.952,11.952,11.952,52100,11,25008
2015-06-03,11.952,11.952,11.703,11.952,1400,3,660
2015-06-05,11.952,11.952,11.952,11.952,100,1,48
2015-06-08,11.952,11.952,11.454,11.952,10500,10,4919
2015-06-09,10.956,11.703,10.956,11.703,33600,12,15009
2015-06-10,11.205,11.703,10.956,11.454,52500,37,24216
2015-06-11,11.703,11.703,11.205,11.703,49500,32,22890
2015-06-12,11.703,12.699,11.703,12.699,97600,18,48297
2015-06-15,13.197,13.197,13.197,13.197,100,1,53
2015-06-16,13.197,15.936,13.197,15.936,31200,24,18610
2015-06-17,16.434,16.434,14.94,14.94,143300,41,89521
2015-06-18,14.94,15.189,14.94,15.189,13000,9,7820
2015-06-22,16.434,16.434,15.189,15.189,2300,5,1408
2015-06-23,15.438,16.185,15.189,16.185,24600,12,15301
2015-06-24,16.185,16.932,15.687,16.932,69300,17,44689
2015-06-25,15.936,16.932,15.936,16.434,13300,5,8600
2015-06-29,15.189,16.434,15.189,16.434,23300,16,14667
2015-06-30,15.189,16.434,15.189,16.434,33200,13,20452
2015-07-01,16.434,16.434,14.94,14.94,21700,13,13247
2015-07-02,15.438,15.687,15.438,15.687,6600,5,4098
2015-07-03,14.691,15.438,14.691,15.438,9100,4,5372
2015-07-06,13.944,13.944,13.695,13.695,15000,4,8350
2015-07-07,14.442,14.691,14.442,14.691,200,2,117
2015-07-08,14.691,14.691,14.691,14.691,100,1,59
2015-07-10,14.691,14.691,14.691,14.691,100,1,59
2015-07-13,14.691,14.691,14.691,14.691,100,1,59
2015-07-14,14.691,14.691,14.691,14.691,100,1,59
2015-07-15,13.695,14.691,13.695,14.691,6300,7,3688
2015-07-16,14.691,14.691,14.691,14.691,1000,1,590
2015-07-17,14.691,14.691,14.691,14.691,1300,3,767
2015-07-21,14.691,14.691,14.691,14.691,100,1,59
2015-07-23,14.442,14.442,14.442,14.442,1000,1,580
2015-07-27,14.442,14.442,14.442,14.442,100,1,58
2015-07-30,12.699,13.446,12.699,12.699,42400,15,21630
2015-07-31,13.446,13.446,13.446,13.446,1000,1,540
2015-08-05,11.703,12.699,11.454,12.45,76900,28,37135
2015-08-06,12.45,12.45,12.45,12.45,1000,2,500
2015-08-07,13.197,13.197,12.45,12.45,3500,5,1775
2015-08-10,13.197,13.446,12.45,12.45,33500,13,17175
2015-08-11,13.197,13.197,13.197,13.197,1500,3,795
2015-08-12,12.699,12.699,12.699,12.699,7000,1,3570
2015-08-13,12.948,13.944,12.948,13.944,17200,8,9100
2015-08-14,14.691,14.691,14.691,14.691,1100,3,649
2015-08-19,13.446,13.446,13.446,13.446,1100,3,594
2015-08-20,11.454,12.699,11.454,12.699,44100,22,20451
2015-08-21,11.952,12.699,11.952,12.45,69400,13,33454
2015-08-24,11.454,12.699,10.209,11.205,147400,43,67194
2015-08-25,11.205,12.201,11.205,11.703,38000,11,17250
2015-08-26,11.703,11.703,11.205,11.205,15800,7,7368
2015-08-27,13.446,13.446,12.201,12.201,1400,2,691
2015-08-28,13.446,13.446,12.201,12.45,8200,7,4041
2015-08-31,13.197,13.197,12.699,13.197,19200,11,9838
2015-09-02,12.699,13.446,12.699,13.197,52600,9,27859
2015-09-03,13.446,13.446,12.45,12.948,92600,29,46415
2015-09-04,12.45,12.45,12.45,12.45,1500,1,750
2015-09-09,12.948,12.948,12.948,12.948,500,2,260
2015-09-10,12.45,12.699,12.45,12.699,700,2,355
2015-09-16,11.454,12.45,11.454,12.45,23000,7,11426
2015-09-22,11.205,11.952,10.707,10.707,6200,15,2777
2015-09-23,11.205,11.454,10.707,10.707,11600,11,5020
2015-09-24,11.205,11.205,11.205,11.205,1000,1,450
2015-09-25,12.201,12.948,12.201,12.948,168900,29,85435
2015-09-28,13.446,13.446,13.446,13.446,1000,1,540
2015-09-29,13.446,14.193,13.446,13.944,78000,35,42556
2015-09-30,14.193,14.193,13.197,13.944,16200,11,8824
2015-10-01,13.197,13.197,13.197,13.197,100,1,53
2015-10-05,12.948,12.948,12.699,12.948,33200,27,17027
2015-10-06,12.948,12.948,12.699,12.948,5000,9,2561
2015-10-07,12.948,12.948,12.948,12.948,100,1,52
2015-10-08,12.948,12.948,12.699,12.948,300,3,155
2015-10-09,12.948,12.948,12.948,12.948,100,1,52
2015-10-14,13.197,13.197,13.197,13.197,100,1,53
2015-10-15,12.948,12.948,12.948,12.948,300,3,156
2015-10-23,12.45,12.699,11.454,12.201,76400,8,37700
2015-10-26,12.948,13.695,12.45,13.695,79200,11,40206
2015-11-03,12.45,13.695,12.201,13.695,9200,5,4780
2015-11-19,11.952,13.68504,11.952,13.0476,1400,11,18191
2015-11-25,11.454,12.699,11.454,12.699,5000,15,57810
2015-11-26,12.93804,12.93804,12.8982,12.8982,600,2,7774
2015-12-02,11.52372,12.43008,11.454,11.94204,3300,14,39092
2015-12-03,10.48788,12.26076,10.48788,10.6074,2700,13,29507
2015-12-04,11.952,12.12132,11.01576,11.952,1900,15,22244
2015-12-08,10.956,11.94204,10.8564,11.94204,1100,10,12377
2015-12-09,11.16516,11.3544,10.956,10.956,4700,15,51950
2015-12-10,10.956,10.956,10.458,10.956,3200,6,35150
2015-12-11,10.956,10.956,10.956,10.956,3200,7,35200
2015-12-14,10.94604,11.04564,10.94604,11.04564,3400,10,37408
2015-12-15,10.956,11.2548,10.956,11.2548,1700,8,18821
2015-12-16,11.39424,11.39424,11.39424,11.39424,100,1,1144
2015-12-17,11.39424,11.8524,11.39424,11.8524,1000,4,11724
2015-12-18,11.2548,11.93208,11.2548,11.93208,200,2,2328
2015-12-21,11.92212,11.92212,11.92212,11.92212,200,1,2394
2015-12-23,10.56756,11.9022,10.56756,11.9022,1500,5,16202
2015-12-28,11.92212,11.92212,11.92212,11.92212,100,1,1197
2016-01-04,10.96596,10.96596,10.956,10.956,200,2,2201
2016-01-05,10.956,10.956,10.956,10.956,200,2,2200
2016-01-06,10.458,10.458,10.2588,10.3584,2600,8,27093
2016-01-08,10.06956,10.06956,10.06956,10.06956,700,5,7077
2016-01-11,10.44804,10.458,10.14924,10.458,3400,3,35668
2016-01-12,9.98988,10.6074,9.98988,10.6074,300,3,3114
2016-01-14,10.08948,10.54764,10.08948,10.54764,200,2,2072
2016-01-15,10.54764,10.82652,10.18908,10.82652,2900,11,30607
2016-01-18,10.956,10.956,10.956,10.956,100,1,1100
2016-01-20,10.17912,10.7568,9.96,9.96996,1300,9,13176
2016-01-21,9.711,9.96996,9.462,9.96996,300,3,2926
2016-01-26,9.7608,10.7568,9.7608,10.7568,200,2,2060
2016-01-27,10.8564,10.8564,10.8564,10.8564,300,1,3270
2016-01-29,11.454,11.454,11.454,11.454,1000,2,11500
2016-02-03,10.0596,10.0596,10.0596,10.0596,300,2,3030
2016-02-05,10.458,10.458,9.96996,9.96996,2000,4,20951
2016-02-11,9.96996,9.96996,9.96996,9.96996,500,3,5005
2016-02-12,10.0596,10.0596,9.97992,9.97992,1700,3,17162
2016-02-15,9.96996,9.96996,9.96996,9.96996,2500,1,25025
2016-02-16,9.96,9.96,9.96,9.96,1400,4,14000
2016-02-18,9.96,9.96,9.96,9.96,1000,1,10000
2016-02-26,10.0098,10.0098,10.0098,10.0098,1500,2,15075
2016-02-29,10.0596,10.0596,10.0596,10.0596,200,1,2020
2016-03-01,9.97992,9.97992,9.97992,9.97992,100,1,1002
2016-03-02,9.96,9.96,9.213,9.213,1500,3,14925
2016-03-07,9.213,10.94604,9.213,9.5118,500,3,5003
2016-03-08,9.96,9.96,9.96,9.96,2200,2,22000
2016-03-10,9.22296,10.8564,9.22296,10.8564,1100,3,11826
2016-03-15,10.458,10.458,9.0636,9.0636,2700,6,27969
2016-03-18,9.96,9.96,9.18312,9.18312,2200,4,21922
2016-03-22,8.964,8.964,8.964,8.964,1000,1,9000
2016-03-29,10.5576,12.45,10.458,10.956,6000,14,70422
2016-03-30,10.9062,10.9062,10.9062,10.9062,100,1,1095
2016-04-05,9.96,9.96,9.96,9.96,1000,2,10000
2016-04-08,9.711,9.711,9.711,9.711,400,1,3900
2016-04-12,9.1632,9.3624,8.964,9.3624,1300,8,12115
2016-04-13,10.458,10.956,10.209,10.209,4200,14,45429
2016-04-18,9.711,9.711,9.711,9.711,100,1,975
2016-04-19,9.47196,9.47196,9.462,9.462,400,3,3801
2016-04-20,9.9102,10.3584,9.213,10.3584,1300,7,12681
2016-04-27,9.96,9.96,9.96,9.96,100,1,1000
2016-05-03,9.07356,9.07356,9.07356,9.07356,1000,3,9110
2016-05-06,9.462,10.3584,9.462,10.3584,1700,11,16545
2016-05-09,10.3584,10.6572,10.3584,10.6572,300,3,3170
2016-05-11,10.956,10.956,10.956,10.956,2000,1,22000
2016-05-12,10.74684,10.74684,10.74684,10.74684,200,2,2158
2016-05-16,10.7568,10.7568,10.7568,10.7568,100,1,1080
2016-05-17,9.96,9.96,9.5616,9.96,2300,9,22960
2016-05-18,10.24884,10.44804,10.24884,10.44804,200,2,2078
2016-05-19,9.48192,9.80064,8.67516,9.45204,6100,18,58058
2016-05-20,8.98392,8.98392,8.98392,8.98392,100,1,902
2016-05-23,8.98392,10.3584,8.97396,10.3584,700,3,6447
2016-05-24,9.96,10.14924,9.68112,10.14924,500,4,4991
2016-05-25,9.45204,9.95004,9.45204,9.95004,1800,13,17307
2016-05-27,9.462,10.1094,9.462,10.1094,1100,8,10914
2016-05-31,10.3086,10.37832,9.3624,10.34844,2500,12,24304
2016-06-01,9.47196,9.47196,8.7648,8.77476,2600,14,24215
2016-06-02,8.79468,8.79468,8.79468,8.79468,100,1,883
2016-06-03,9.07356,9.33252,9.0636,9.33252,500,3,4579
2016-06-06,9.6114,9.6114,9.6114,9.6114,100,1,965
2016-06-07,9.6114,9.6114,9.6114,9.6114,100,1,965
2016-06-10,8.0676,9.6114,8.0676,9.6114,1800,11,15524
2016-06-13,9.213,9.6114,9.213,9.6114,300,3,2842
2016-06-14,9.6114,9.6114,9.6114,9.6114,100,1,965
2016-06-16,9.02376,9.35244,9.02376,9.35244,1300,5,11811
2016-06-17,9.5616,9.6114,9.4122,9.4122,1200,3,11515
2016-06-20,9.6114,9.6612,9.6114,9.6612,1300,8,12595
2016-06-21,9.03372,9.7608,9.03372,9.7608,800,6,7570
2016-06-23,10.0596,10.0596,10.0596,10.0596,100,1,1010
2016-06-28,10.1094,10.1094,10.1094,10.1094,300,2,3045
2016-06-29,10.1094,10.6572,10.1094,10.6572,1400,8,14572
2016-06-30,10.94604,10.94604,10.94604,10.94604,100,1,1099
2016-07-04,10.24884,10.2588,10.24884,10.2588,200,2,2059
2016-07-05,10.01976,10.01976,9.6114,9.6114,2400,3,24042
2016-07-13,9.64128,9.64128,9.62136,9.62136,200,2,1934
2016-07-14,9.5616,10.24884,9.5616,10.0596,1200,7,11959
2016-07-15,10.4082,10.5078,9.96,10.3584,10000,34,101460
2016-07-18,9.96,10.94604,9.96,10.93608,13500,31,137101
2016-07-19,10.93608,10.93608,10.16916,10.16916,600,3,6203
2016-07-20,10.458,10.956,10.458,10.956,4200,11,45371
2016-07-21,10.956,11.66316,10.956,11.66316,600,5,6836
2016-07-22,12.34044,12.34044,12.0516,12.0516,300,3,3659
2016-07-25,12.45,12.45,12.45,12.45,100,1,1250
2016-07-26,12.45,12.45,12.0516,12.44004,500,5,6159
2016-07-29,11.952,12.41016,11.952,12.41016,1500,12,18253
2016-08-01,11.952,11.952,11.5038,11.5038,1000,5,11730
2016-08-02,10.956,11.84244,10.956,11.1054,3400,19,38520
2016-08-03,10.956,10.956,10.956,10.956,100,1,1100
2016-08-04,11.1552,11.205,10.4082,10.4082,4600,20,49853
2016-08-05,10.93608,10.956,10.92612,10.956,600,4,6593
2016-08-09,11.2548,11.2548,11.2548,11.2548,100,1,1130
2016-08-11,10.956,11.5536,10.956,11.0556,2000,9,22522
2016-08-12,11.0556,11.2548,11.0556,11.2548,4600,10,51390
2016-08-15,11.952,11.952,11.952,11.952,200,1,2400
2016-08-17,11.17512,11.94204,11.1552,11.94204,5400,17,60919
2016-08-18,11.952,11.952,11.952,11.952,100,1,1200
2016-08-22,11.44404,11.48388,10.8564,10.8564,1500,9,16703
2016-08-23,10.956,11.7528,10.956,11.7528,1500,4,16709
2016-08-24,11.454,11.7528,11.0058,11.0058,3600,16,40808
2016-08-25,11.84244,11.84244,11.84244,11.84244,100,1,1189
2016-08-29,11.0556,11.3544,11.0058,11.0058,1300,6,14459
2016-08-30,11.44404,11.44404,11.44404,11.44404,100,1,1149
2016-08-31,11.0556,11.34444,11.0556,11.34444,300,2,3359
2016-09-01,11.01576,11.01576,10.956,10.956,400,3,4411
2016-09-02,10.76676,10.76676,10.76676,10.76676,100,1,1081
2016-09-05,10.87632,10.956,10.76676,10.956,500,5,5473
2016-09-08,10.67712,10.67712,10.66716,10.66716,300,2,3214
2016-09-12,10.458,10.7568,10.458,10.7568,2500,5,26759
2016-09-16,9.96,10.24884,9.96,10.24884,900,4,9029
2016-09-19,9.2628,10.39824,9.2628,10.39824,200,2,1974
2016-09-22,10.707,10.707,10.707,10.707,100,1,1075
2016-09-30,10.63728,10.63728,10.63728,10.63728,700,3,7476
2016-10-06,9.92016,10.59744,9.92016,10.59744,400,4,4140
2016-10-11,9.49188,9.711,9.49188,9.711,2900,14,27918
2016-10-14,8.97396,9.96,8.97396,9.96,1200,9,11246
2016-10-17,10.44804,10.44804,10.44804,10.44804,100,1,1049
2016-10-20,10.2588,10.2588,10.03968,10.1094,3700,10,37433
2016-10-24,10.24884,10.29864,10.24884,10.29864,400,2,4126
2016-10-25,9.462,10.1094,9.462,9.96,2600,15,25199
2016-10-26,10.24884,10.24884,10.24884,10.24884,200,1,2058
2016-10-27,9.95004,10.34844,9.95004,10.34844,21000,4,209878
2016-10-28,10.32852,10.32852,10.32852,10.32852,400,2,4148
2016-10-31,10.2588,10.707,9.8604,10.707,6200,11,63166
2016-11-01,9.96,9.96996,9.96,9.96996,300,3,3001
2016-11-04,10.24884,10.2588,9.96,9.96,1600,7,16160
2016-11-07,10.4082,10.4082,10.2588,10.2588,300,3,3120
2016-11-08,10.4082,10.4082,10.4082,10.4082,100,1,1045
2016-11-10,9.98988,9.99984,8.964,9.5616,8900,25,83563
2016-11-11,9.99984,9.99984,9.0636,9.85044,1000,6,9826
2016-11-14,9.87036,9.87036,9.87036,9.87036,200,1,1982
2016-11-16,9.96,9.96,9.96,9.96,1000,2,10000
2016-11-17,9.96,10.24884,9.96,10.1094,13600,11,137949
2016-11-21,10.1094,10.1094,10.1094,10.1094,1000,1,10150
2016-11-23,9.95004,9.95004,9.95004,9.95004,1000,1,9990
2016-11-24,9.95004,9.96,9.95004,9.96,2000,3,19985
2016-12-02,9.51,10.0,9.1,9.1,2000,8,18759
2016-12-06,8.8,9.2,8.5,8.61,10100,30,90632
2016-12-07,8.85,8.85,8.85,8.85,200,2,1770
2016-12-08,9.0,9.38,9.0,9.0,3400,7,30689
2016-12-09,9.49,9.49,9.47,9.47,200,2,1896
2016-12-12,9.5,9.5,8.64,8.64,6500,30,58044
2016-12-13,8.64,8.68,7.71,7.71,5300,19,43401
2016-12-14,8.0,8.32,8.0,8.03,1800,7,14837
2016-12-16,8.01,8.01,7.91,8.0,3100,7,24751
2016-12-19,8.0,8.0,8.0,8.0,300,1,2400
2016-12-20,8.0,8.05,8.0,8.05,2200,4,17605
2016-12-21,8.01,8.04,8.0,8.04,1100,6,8825
2016-12-26,8.02,8.02,8.02,8.02,400,1,3208
2016-12-27,8.05,8.05,8.05,8.05,1400,2,11270
2016-12-28,8.05,8.05,8.05,8.05,3000,3,24150
2016-12-29,8.05,8.05,8.0,8.0,1200,2,9650
2017-01-03,8.0,8.0,8.0,8.0,200,2,1600
2017-01-05,7.6,8.15,7.6,8.15,500,4,4005
2017-01-09,8.11,8.11,8.11,8.11,100,1,811
2017-01-11,8.1,8.15,8.1,8.14,1000,6,8122
2017-01-12,8.2,8.2,8.2,8.2,1000,1,8200
2017-01-13,8.25,8.25,8.25,8.25,100,1,825
2017-01-19,8.2,8.2,8.2,8.2,1200,2,9840
2017-01-20,8.3,8.3,8.3,8.3,300,2,2490
2017-01-23,8.29,8.29,8.29,8.29,38100,8,315849
2017-01-26,8.05,8.05,8.0,8.0,4600,9,36944
2017-02-03,8.5,9.18,8.04,8.05,3200,17,27761
2017-02-06,9.19,9.19,9.0,9.1,300,3,2729
2017-02-07,8.03,8.4,7.9,8.03,2700,12,21541
2017-02-10,7.7,8.03,7.7,8.03,400,4,3133
2017-02-16,8.03,8.03,7.9,7.9,2800,5,22289
2017-02-17,7.63,8.0,7.52,8.0,1400,5,10605
2017-02-20,7.76,7.76,7.75,7.75,700,2,5429
2017-02-22,7.76,7.91,7.56,7.91,900,4,7026
2017-02-23,7.91,7.91,7.91,7.91,600,2,4746
2017-02-24,8.5,8.5,8.5,8.5,600,3,5100
2017-03-07,7.7,8.49,7.7,8.49,1100,5,8572
2017-03-13,8.03,8.03,8.03,8.03,1100,3,8833
2017-03-17,8.03,8.03,8.03,8.03,500,1,4015
2017-03-21,8.03,8.03,8.03,8.03,1900,3,15257
2017-03-24,7.99,7.99,7.99,7.99,300,1,2397
2017-03-27,8.0,8.0,8.0,8.0,2700,3,21600
2017-03-28,8.0,8.0,7.31,7.32,2500,7,18655
2017-03-31,7.6,7.6,7.5,7.5,700,2,5260
2017-04-04,8.0,8.0,8.0,8.0,2000,5,16000
2017-04-05,8.29,8.29,8.29,8.29,200,2,1658
2017-04-07,8.3,8.3,8.3,8.3,500,1,4150
2017-04-17,8.3,8.3,8.3,8.3,500,1,4150
2017-04-18,8.3,8.3,8.3,8.3,900,2,7470
2017-04-20,7.6,7.82,7.6,7.61,2800,12,21309
2017-04-24,7.7,7.7,7.7,7.7,100,1,770
2017-04-25,7.52,7.7,7.5,7.52,2100,7,15777
2017-04-26,7.6,7.7,7.6,7.7,700,5,5360
2017-04-28,8.0,8.0,7.21,7.21,2100,2,16721
2017-05-02,7.7,8.4,7.7,8.4,400,3,3150
2017-05-03,8.0,8.5,8.0,8.5,1200,3,9700
2017-05-04,8.06,8.3,8.0,8.3,4400,14,35536
2017-05-08,8.5,8.6,8.5,8.6,1100,3,9360
2017-05-10,8.21,8.21,8.21,8.21,100,1,821
2017-05-11,9.0,9.0,9.0,9.0,1500,5,13500
2017-05-12,9.1,9.2,9.1,9.2,4800,6,43840
2017-05-15,9.0,9.2,9.0,9.2,900,2,8120
2017-05-16,9.2,9.49,9.0,9.49,2400,7,21669
2017-05-17,10.0,10.0,10.0,10.0,100,1,1000
2017-05-18,9.0,9.2,9.0,9.12,18600,13,169982
2017-05-19,9.0,9.01,9.0,9.01,1100,3,9901
2017-05-22,9.0,9.0,9.0,9.0,1700,1,15300
2017-05-23,9.1,9.1,9.1,9.1,100,1,910
2017-05-31,10.0,10.0,10.0,10.0,4000,5,40000
2017-06-01,10.0,10.31,10.0,10.31,1000,3,10215
2017-06-02,10.32,10.32,10.31,10.31,2800,2,28886
2017-06-06,10.31,10.31,9.71,10.0,4900,6,50308
2017-06-07,10.1,10.1,10.0,10.0,700,4,7021
2017-06-08,9.9,9.9,9.9,9.9,100,1,990
2017-06-09,10.5,10.5,10.5,10.5,2500,2,26250
2017-06-12,9.91,10.0,9.91,10.0,3000,10,29946
2017-06-13,9.72,10.0,9.72,10.0,900,3,8942
2017-06-14,9.71,9.71,9.7,9.7,1100,3,10671
2017-06-20,9.0,9.7,9.0,9.7,1700,9,15746
2017-06-21,9.5,9.5,9.5,9.5,200,1,1900
2017-06-22,9.7,9.7,9.7,9.7,200,1,1940
2017-06-27,9.5,9.5,9.26,9.26,500,2,4702
2017-06-29,9.1,9.1,9.1,9.1,10200,5,92820
2017-06-30,9.5,9.5,9.5,9.5,500,1,4750
2017-07-06,9.7,12.0,9.7,10.63,5200,27,55142
2017-07-07,10.63,10.63,10.63,10.63,300,1,3189
2017-07-10,10.61,11.0,10.61,11.0,5100,12,56000
2017-07-12,10.05,10.05,10.05,10.05,200,2,2010
2017-07-13,10.06,10.35,10.05,10.35,700,7,7155
2017-07-17,10.35,11.0,10.35,11.0,300,3,3235
2017-07-18,10.1,10.4,10.1,10.12,900,5,9126
2017-07-19,10.12,10.12,10.0,10.0,1600,5,16168
2017-07-20,9.92,9.94,9.92,9.93,1100,6,10915
2017-07-24,11.5,11.5,11.5,11.5,3400,7,39100
2017-07-25,11.45,13.0,11.45,13.0,12300,12,153082
2017-07-26,13.0,13.0,13.0,13.0,3000,3,39000
2017-07-27,13.0,13.0,13.0,13.0,500,1,6500
2017-08-07,12.0,12.01,12.0,12.0,2600,10,31201
2017-08-08,12.0,12.0,11.51,12.0,400,4,4702
2017-08-10,12.0,12.0,11.26,12.0,2400,7,28591
2017-08-11,11.0,11.0,11.0,11.0,3000,7,33000
2017-08-15,11.68,11.68,11.68,11.68,100,1,1168
2017-08-16,11.41,11.41,11.41,11.41,500,3,5705
2017-08-23,10.7,11.05,10.7,11.01,1100,5,11986
2017-08-24,11.4,12.0,11.4,12.0,1300,5,15185
2017-08-30,12.25,12.25,12.25,12.25,200,1,2450
2017-09-01,12.25,12.25,12.25,12.25,800,3,9800
2017-09-04,12.24,12.25,12.24,12.25,3200,2,39199
2017-09-05,12.25,12.9,12.25,12.9,1000,3,12315
2017-09-12,11.3,11.58,11.3,11.56,2900,13,33187
2017-09-13,11.56,11.56,11.5,11.5,900,4,10382
2017-09-18,11.2,11.2,10.8,10.82,700,5,7644
2017-09-19,10.52,10.53,10.52,10.52,1800,8,18937
2017-09-20,10.82,10.82,10.82,10.82,100,1,1082
2017-09-22,10.56,10.56,10.56,10.56,100,1,1056
2017-09-25,10.86,11.0,10.86,11.0,400,2,4386
2017-09-27,10.56,10.56,10.56,10.56,400,3,4224
2017-09-28,10.56,10.56,10.01,10.01,1500,6,15785
2017-09-29,10.31,10.31,10.0,10.0,227300,4,2343431
2017-10-02,10.29,10.29,10.29,10.29,100,1,1029
2017-10-03,10.03,10.03,10.0,10.0,1000,4,10011
2017-10-04,10.0,10.0,10.0,10.0,3800,4,38000
2017-10-05,10.0,10.0,10.0,10.0,1700,2,17000
2017-10-06,9.99,9.99,9.99,9.99,700,1,6993
2017-10-10,8.99,9.21,8.55,9.0,3300,17,28866
2017-10-11,9.0,9.0,9.0,9.0,300,2,2700
2017-10-13,9.0,9.0,8.95,8.95,200,2,1795
2017-10-16,8.94,8.94,8.94,8.94,200,2,1788
2017-10-18,7.51,7.51,7.25,7.39,2200,15,16286
2017-10-19,7.83,7.83,7.31,7.31,3100,14,23561
2017-10-20,7.5,7.5,7.13,7.13,600,5,4377
2017-10-23,7.13,7.15,7.13,7.13,1900,10,13555
2017-10-24,7.12,7.13,7.12,7.13,500,2,3564
2017-10-25,7.13,7.9,6.65,6.89,1800,10,12179
2017-10-26,7.0,7.0,6.39,7.0,1200,7,8329
2017-10-31,6.0,6.05,5.99,5.99,3200,11,19200
2017-11-01,5.5,5.5,4.8,4.9,12400,48,61395
2017-11-03,5.25,5.25,4.5,4.74,3700,19,18054
2017-11-06,4.74,4.89,4.45,4.45,2100,10,9736
2017-11-07,5.0,5.0,4.5,4.95,1700,12,8061
2017-11-08,5.05,5.1,5.05,5.1,1300,6,6625
2017-11-09,5.0,5.0,4.6,5.0,4700,9,23350
2017-11-14,4.99,4.99,4.99,4.99,100,1,499
2017-11-16,5.0,5.0,4.51,4.51,4100,9,19155
2017-11-17,4.89,4.89,4.51,4.88,1000,5,4733
2017-11-22,4.75,4.75,4.53,4.75,700,3,3303
2017-11-24,4.69,4.69,4.69,4.69,5000,1,23450
2017-11-28,4.5,4.5,4.49,4.5,1300,6,5848
2017-11-30,4.25,4.25,4.2,4.2,1200,6,5046
2017-12-01,4.2,4.2,4.2,4.2,200,1,840
2017-12-04,4.2,4.2,4.2,4.2,500,1,2100
2017-12-05,4.2,4.2,4.0,4.0,1300,8,5247
2017-12-07,3.91,3.91,3.85,3.85,300,3,1161
2017-12-08,3.85,3.85,3.85,3.85,300,2,1155
2017-12-11,3.8,3.8,3.5,3.55,15800,17,56676
2017-12-12,3.55,3.55,3.55,3.55,100,1,355
2017-12-15,3.46,3.46,3.35,3.35,700,5,2376
2017-12-18,3.34,3.45,3.34,3.35,20800,7,70177
2017-12-19,3.25,3.35,3.25,3.35,900,7,2972
2017-12-20,3.35,3.35,3.35,3.35,600,2,2010
2017-12-21,3.25,3.6,3.25,3.6,200,2,685
2017-12-22,3.4,3.4,3.35,3.35,6500,8,22090
2017-12-26,3.37,3.4,3.37,3.4,600,3,2032
2017-12-27,3.69,3.69,3.69,3.69,300,2,1107
2017-12-28,3.65,3.65,3.59,3.59,1200,3,4343
2018-01-04,3.65,3.92,3.65,3.92,4200,16,16286
2018-01-05,3.92,3.94,3.9,3.93,1800,6,7053
2018-01-08,3.94,3.94,3.94,3.94,2300,3,9062
2018-01-09,3.89,3.89,3.77,3.77,300,3,1150
2018-01-10,3.79,3.99,3.79,3.99,2000,12,7800
2018-01-15,3.95,3.95,3.8,3.8,300,2,1170
2018-01-16,3.8,3.95,3.8,3.95,2300,8,8930
2018-01-17,3.95,3.95,3.95,3.95,400,1,1580
2018-01-23,3.76,3.9,3.76,3.9,1800,7,6879
2018-01-24,3.8,3.9,3.8,3.9,2200,6,8570
2018-01-26,3.92,3.95,3.92,3.95,4700,3,18441
2018-01-29,4.0,4.0,4.0,4.0,5700,4,22800
2018-01-30,4.1,4.3,4.0,4.3,1700,10,7160
2018-01-31,4.12,4.15,4.12,4.15,3100,5,12805
2018-02-01,4.15,4.15,4.15,4.15,500,1,2075
2018-02-02,4.15,4.15,4.15,4.15,600,2,2490
2018-02-05,4.3,4.3,4.06,4.06,2400,9,9984
2018-02-06,4.06,4.06,4.06,4.06,1500,4,6090
2018-02-07,4.06,4.06,4.06,4.06,1000,1,4060
2018-02-08,4.06,4.06,4.06,4.06,100,1,406
2018-02-14,4.06,4.18,4.06,4.18,2100,3,8766
2018-02-15,4.06,4.28,4.06,4.2,3500,12,14519
2018-02-16,4.15,4.15,4.09,4.09,5300,13,21887
2018-02-19,4.12,4.24,4.02,4.24,1200,4,4871
2018-02-21,4.2,4.2,4.01,4.01,2500,10,10277
2018-02-22,4.08,4.18,4.01,4.18,3400,22,13819
2018-02-23,4.04,4.05,4.03,4.05,500,5,2020
2018-02-26,4.08,4.14,4.05,4.14,2400,12,9799
2018-02-27,4.05,4.05,4.05,4.05,2100,1,8505
2018-02-28,4.06,4.06,4.05,4.05,1500,3,6076
2018-03-01,4.05,4.05,4.05,4.05,5000,3,20250
2018-03-02,4.01,4.01,4.01,4.01,100,1,401
2018-03-05,4.03,4.19,4.01,4.19,900,8,3695
2018-03-06,4.06,4.06,4.06,4.06,1000,2,4060
2018-03-07,4.08,4.09,4.06,4.08,1400,6,5717
2018-03-08,4.01,4.09,4.01,4.09,900,4,3673
2018-03-09,4.08,4.2,4.08,4.1,1000,6,4104
2018-03-12,4.01,4.01,4.01,4.01,500,2,2005
2018-03-13,4.0,4.0,4.0,4.0,4500,2,18000
2018-03-19,4.01,4.01,4.0,4.0,400,2,1603
2018-03-21,4.0,4.0,4.0,4.0,500,1,2000
2018-03-22,4.01,4.25,4.01,4.25,5300,10,22028
2018-03-23,4.3,4.53,4.21,4.5,12300,30,52822
2018-03-26,4.56,6.1,4.56,6.1,29500,120,157567
2018-03-27,6.0,6.0,4.96,5.04,21600,73,112441
2018-03-28,5.36,5.36,5.12,5.15,7600,27,39523
2018-03-29,5.15,5.16,4.95,4.97,2300,15,11604
2018-04-02,4.97,4.97,4.46,4.52,4600,24,21300
2018-04-03,4.4,4.75,4.3,4.33,9000,21,39764
2018-04-04,4.36,4.69,4.36,4.6,3800,20,17204
2018-04-09,4.2,4.3,4.2,4.2,17300,28,72726
2018-04-10,4.22,4.3,4.2,4.2,5100,6,21435
2018-04-11,4.02,4.02,4.01,4.02,300,3,1205
2018-04-12,4.04,4.25,4.04,4.22,3700,11,15318
2018-04-13,4.01,4.05,4.01,4.02,1000,5,4020
2018-04-16,4.01,4.01,3.96,3.96,1100,6,4363
2018-04-17,3.93,3.93,3.93,3.93,200,1,786
2018-04-18,3.9,3.9,3.9,3.9,500,4,1950
2018-04-19,3.92,3.98,3.92,3.98,1000,3,3950
2018-04-23,3.95,3.95,3.94,3.94,800,4,3153
2018-04-24,3.9,3.9,3.9,3.9,200,1,780
2018-04-25,3.9,3.92,3.9,3.9,4100,6,16027
2018-04-26,3.9,3.9,3.9,3.9,700,5,2730
2018-04-30,4.1,4.1,4.1,4.1,100,1,410
2018-05-03,4.0,4.0,4.0,4.0,400,1,1600
2018-05-09,3.8,3.8,3.6,3.61,2500,9,9095
2018-05-10,3.51,3.6,3.5,3.6,3200,6,11501
2018-05-11,3.6,3.6,3.6,3.6,500,2,1800
2018-05-16,3.58,3.58,3.58,3.58,400,1,1432
2018-05-17,3.5,3.5,3.5,3.5,700,2,2450
2018-05-18,3.4,3.58,3.2,3.58,600,5,2036
2018-05-21,3.5,3.5,3.5,3.5,500,2,1750
2018-05-25,3.47,3.47,3.47,3.47,20000,1,69400
2018-05-28,3.21,3.21,3.21,3.21,100,1,321
2018-05-29,3.2,3.2,3.2,3.2,700,3,2240
2018-06-07,3.05,3.06,2.9,2.9,3600,10,10728
2018-06-11,2.92,2.92,2.92,2.92,300,1,876
2018-06-13,2.85,2.85,2.85,2.85,200,2,570
2018-06-14,2.82,2.82,2.82,2.82,100,1,282
2018-06-18,2.81,2.81,2.81,2.81,700,1,1967
2018-06-25,2.8,2.8,2.8,2.8,500,5,1400
2018-07-03,2.8,2.8,2.8,2.8,1000,3,2800
2018-07-04,2.63,2.84,2.63,2.84,600,3,1599
2018-07-05,2.83,2.84,2.75,2.75,1900,6,5304
2018-07-10,2.99,2.99,2.99,2.99,1000,4,2990
2018-07-11,2.99,3.4,2.99,3.22,900,5,2799
2018-07-19,3.0,3.0,3.0,3.0,100,1,300
2018-07-20,3.0,3.21,2.95,3.21,1000,5,3036
2018-07-30,2.9,2.95,2.84,2.84,1700,11,4968
2018-07-31,3.0,3.0,3.0,3.0,100,1,300
2018-08-07,2.97,3.0,2.97,3.0,500,3,1497
2018-08-13,3.0,3.0,3.0,3.0,100,1,300
2018-08-17,2.94,3.0,2.9,3.0,1500,4,4420
2018-08-22,2.75,2.75,2.75,2.75,1200,2,3300
2018-08-23,2.77,2.77,2.77,2.77,300,2,831
2018-08-24,2.7,2.7,2.7,2.7,1000,1,2700
2018-08-27,3.0,3.0,3.0,3.0,4600,11,13800
2018-08-28,3.06,3.39,3.06,3.39,2000,14,6451
2018-08-30,3.25,3.25,3.2,3.2,5500,7,17676
2018-08-31,3.47,3.5,3.47,3.5,600,5,2092
2018-09-03,3.4,3.4,3.4,3.4,200,2,680
2018-09-04,3.21,3.21,3.21,3.21,800,4,2568
2018-09-05,3.21,3.21,3.21,3.21,2000,1,6420
2018-09-10,3.2,3.2,3.2,3.2,300,1,960
2018-09-11,3.2,3.2,3.2,3.2,1500,3,4800
2018-09-13,3.05,3.05,3.05,3.05,100,1,305
2018-09-14,3.05,3.05,3.05,3.05,1000,2,3050
2018-09-18,3.05,3.05,3.05,3.05,1300,3,3965
2018-09-20,3.0,3.0,3.0,3.0,1000,3,3000
2018-09-25,2.9,2.9,2.9,2.9,400,2,1160
2018-10-01,2.72,2.72,2.72,2.72,100,1,272
2018-10-02,2.75,3.0,2.75,3.0,2700,7,7975
2018-10-04,3.0,3.0,3.0,3.0,100,1,300
2018-10-05,2.89,2.89,2.89,2.89,500,2,1445
2018-10-08,2.99,2.99,2.99,2.99,200,1,598
2018-10-09,2.9,3.0,2.9,3.0,1100,3,3290
2018-10-11,2.9,2.9,2.9,2.9,100,1,290
2018-10-16,2.9,2.9,2.9,2.9,500,1,1450
2018-10-17,3.0,3.0,3.0,3.0,400,1,1200
2018-10-18,3.0,3.0,3.0,3.0,100,1,300
2018-10-19,3.2,3.2,3.2,3.2,500,2,1600
2018-10-23,3.1,4.09,3.1,3.94,11100,50,39930
2018-10-24,4.09,4.3,3.5,3.5,3000,14,11069
2018-10-25,3.5,4.0,3.5,3.5,11300,29,42732
2018-10-26,3.8,3.8,3.51,3.51,3200,12,11826
2018-10-29,3.5,3.5,3.5,3.5,2300,4,8050
2018-10-30,3.5,3.5,3.45,3.45,1200,3,4145
2018-10-31,3.3,3.3,3.3,3.3,1600,2,5280
2018-11-05,3.14,3.14,3.14,3.14,1000,3,3140
2018-11-07,3.2,3.2,3.16,3.2,2200,6,7028
2018-11-08,3.3,3.3,3.2,3.2,1400,5,4510
2018-11-12,3.15,3.2,3.11,3.2,1900,8,6016
2018-11-13,3.2,3.2,3.0,3.0,3900,20,11963
2018-11-14,3.06,3.09,3.06,3.09,200,2,615
2018-11-16,3.13,3.5,3.13,3.45,3300,6,11473
2018-11-19,3.45,3.45,3.45,3.45,200,1,690
2018-11-27,3.39,3.5,3.39,3.49,5900,8,20402
2018-11-28,3.5,3.5,3.5,3.5,200,1,700
2018-11-29,3.26,3.29,3.26,3.29,1100,5,3595
2018-11-30,3.21,3.21,3.2,3.2,6600,6,21124
2018-12-03,3.4,3.5,3.31,3.31,2700,14,9173
2018-12-04,3.47,3.5,3.4,3.4,2800,11,9717
2018-12-06,3.4,3.4,3.32,3.32,900,3,3012
2018-12-10,3.3,3.3,3.3,3.3,400,1,1320
