Date,Open,High,Low,Close,Volume,Neg,Fin
2019-10-28,17.12187,17.14163,16.79583,16.80571,21065700,18249,361035972
2019-10-29,16.89463,17.06259,16.64763,16.79583,3375900,9593,57444550
2019-10-30,16.80571,16.84523,16.64763,16.82547,2241600,4428,38059473
2019-10-31,16.76619,16.77607,16.49944,16.77607,1497500,1441,25254215
2019-11-01,16.88475,17.20091,16.62787,17.13175,2049800,3418,35193390
2019-11-04,17.13175,17.72454,17.12187,17.68502,2610900,5417,46124321
2019-11-05,17.78382,17.78382,17.54671,17.78382,862100,3126,15457337
2019-11-06,17.78382,17.8431,17.42815,17.63563,1352600,1054,24152871
2019-11-07,17.63563,17.63563,16.92427,17.48743,2452400,4072,42956225
2019-11-08,17.43803,17.62575,17.03295,17.28983,463500,1668,8157307
2019-11-11,17.11199,17.33923,16.97367,17.27995,2507900,1856,43431012
2019-11-12,17.27007,17.34911,16.43028,16.59823,2855600,5055,48141307
2019-11-13,16.10424,16.30184,14.64201,14.81985,9002100,11476,138436636
2019-11-14,14.87913,15.23481,13.99982,14.81985,6889800,13963,100651658
2019-11-18,14.91865,15.68928,14.83961,15.43241,4129300,4898,64377004
2019-11-19,15.61025,15.74856,15.07673,15.21505,1475000,2017,22935571
2019-11-21,15.22493,15.41265,14.93841,15.27433,946900,1946,14523364
2019-11-22,15.08661,15.70904,15.05697,15.64977,1005200,5730,15739180
2019-11-25,15.65965,15.84736,15.42253,15.71892,316000,916,5007047
2019-11-26,15.50157,16.16352,15.49169,16.16352,3631800,2189,58778124
2019-11-27,16.30184,16.33148,15.85724,16.0746,575100,1433,9360947
2019-11-28,16.0746,16.4698,16.01532,16.4698,238200,807,3918757
2019-11-29,16.40064,16.59823,16.08448,16.55872,377300,924,6305344
2019-12-02,16.5686,16.97367,16.39076,16.94403,881700,1809,14926124
2019-12-03,16.93415,17.40839,16.72668,17.28983,976200,2761,16971378
2019-12-04,17.53683,17.70478,17.21079,17.60599,976000,2478,17331275
2019-12-05,17.93202,17.97154,17.78382,17.78382,1168600,2476,21122913
2019-12-06,17.98142,18.02094,17.64551,17.70478,1067700,3639,19211981
2019-12-09,17.86286,17.90238,17.72454,17.78382,474400,1488,8541504
2019-12-10,17.88262,18.55446,17.72454,18.27782,1162400,3639,21265209
2019-12-11,18.56434,19.51281,18.50506,19.11761,2363200,5779,45408646
2019-12-12,19.31521,19.49305,18.78169,18.92001,1801300,3827,34836174
2019-12-13,19.13737,19.13737,17.80358,18.27782,3257200,10950,59939678
2019-12-16,18.51494,18.6335,18.17902,18.40626,1329000,4151,24759871
2019-12-17,18.42602,18.47542,18.06046,18.27782,664900,2210,12266109
2019-12-18,18.27782,18.55446,17.71466,18.09998,2120800,6227,38795801
2019-12-19,17.88262,18.1395,17.86286,17.93202,961700,3624,17512085
2019-12-20,17.93202,18.06046,17.28983,17.80358,984600,2778,17728872
2019-12-23,17.83322,18.15926,17.59611,17.91226,766700,2402,13868501
2019-12-26,18.1395,18.1395,17.90238,18.06046,1111500,3770,20274359
2019-12-27,18.16914,18.16914,17.76406,18.08022,1050700,2479,19105071
2019-12-30,18.27782,18.29758,17.72454,17.72454,1191300,3178,21496171
2020-01-02,17.99,18.22,17.71,18.1,1102600,3432,19813256
2020-01-03,17.7,18.19,17.68,18.0,1551100,3273,27894395
2020-01-06,18.0,18.09,17.8,17.81,970100,3289,17364776
2020-01-07,17.97,17.98,17.11,17.18,2404100,4266,41722286
2020-01-08,17.29,17.4,16.21,16.27,3770700,7943,63192903
2020-01-09,16.47,16.68,15.61,15.71,3315800,6580,52806544
2020-01-10,15.9,16.46,15.77,16.18,2521000,5185,40701925
2020-01-13,16.49,16.85,16.44,16.8,2402600,4973,39953572
2020-01-14,16.75,17.18,16.63,17.15,2831800,4859,48080352
2020-01-15,17.15,17.2,16.75,17.2,1838000,5228,31203065
2020-01-16,17.2,17.83,16.98,17.57,3608000,6900,63376329
2020-01-17,17.7,17.8,17.38,17.8,2719000,4564,47702777
2020-01-20,17.72,17.94,17.61,17.63,998100,2196,17676216
2020-01-21,17.59,17.6,16.93,16.95,1204000,3330,20727530
2020-01-22,16.99,17.33,16.62,17.09,1971100,5060,33358283
2020-01-23,17.08,17.14,16.8,16.95,1153400,3224,19575716
2020-01-24,16.99,17.24,16.8,17.17,887500,2884,15138374
2020-01-27,16.89,16.89,16.24,16.49,1086000,4148,17960082
2020-01-28,16.42,17.09,16.42,16.8,696700,2048,11751697
2020-01-29,16.81,17.07,16.54,16.6,686700,2358,11461132
2020-01-30,16.5,16.5,16.02,16.44,1070000,3338,17309463
2020-01-31,16.3,16.6,16.0,16.0,897400,3043,14516682
2020-02-03,16.07,16.38,15.92,16.0,1344600,2508,21580971
2020-02-04,16.28,16.4,16.02,16.28,708300,1770,11477324
2020-02-05,16.29,16.6,16.03,16.22,931900,2706,15117578
2020-02-06,16.24,16.35,15.83,15.85,906400,2752,14477509
2020-02-07,15.86,15.88,15.53,15.55,493100,1546,7711564
2020-02-10,15.51,15.51,14.85,14.85,1396500,4035,21003281
2020-02-11,15.0,15.6,14.94,15.59,1385400,4305,21342763
2020-02-12,15.6,16.1,15.6,16.0,2320900,2741,36945656
2020-02-13,15.84,15.96,15.47,15.89,729000,2309,11503937
2020-02-14,15.99,16.04,15.65,15.89,540700,2390,8568247
2020-02-17,15.89,16.09,15.75,16.05,384200,1350,6135964
2020-02-18,15.98,16.99,15.8,16.89,4553800,7358,76152078
2020-02-19,16.79,17.68,16.79,17.1,5335200,9718,92801528
2020-02-20,17.1,17.39,16.95,17.3,1537600,3899,26488104
2020-02-21,17.06,17.5,16.84,17.5,1940300,6136,33593106
2020-02-26,16.6,16.6,15.96,16.01,1006200,2892,16276211
2020-02-27,15.89,16.24,15.38,15.79,1056800,4223,16682790
2020-02-28,15.5,15.66,14.75,15.25,4912800,8653,74118359
2020-03-02,15.15,15.79,15.11,15.7,1133700,4287,17567856
2020-03-03,15.81,16.04,15.55,15.65,2555600,7015,40357401
2020-03-04,15.82,16.6,15.43,15.99,1267100,2998,20009356
2020-03-05,15.95,16.02,14.43,14.5,2239700,3948,33828655
2020-03-06,14.36,14.36,13.01,13.36,2834700,6049,38232302
2020-03-09,12.56,12.57,11.7,11.85,1654500,6224,19876440
2020-03-10,12.66,12.66,11.58,12.61,1791400,7094,21791667
2020-03-11,12.5,12.5,11.04,12.24,1259700,3134,15105060
2020-03-12,10.86,10.86,9.56,10.0,1914300,4634,19033086
2020-03-13,11.33,11.7,9.9,10.9,3278100,7065,34379176
2020-03-16,9.73,9.73,8.25,8.25,1319600,4712,11653840
2020-03-17,8.32,8.5,7.43,7.55,4217900,10335,32384072
2020-03-18,7.3,7.3,4.99,5.3,3396400,9316,18751276
2020-03-19,4.99,6.54,4.67,6.0,1359900,4524,8062769
2020-03-20,6.85,7.1,6.28,6.35,2218000,6076,14672975
2020-03-23,6.25,6.25,5.26,6.0,3156900,4788,17886028
2020-03-24,6.4,7.04,6.29,6.5,2793300,7712,18730767
2020-03-25,6.5,7.48,6.12,7.04,4465900,8960,29713706
2020-03-26,7.06,8.35,6.87,7.5,4787500,5872,37149190
2020-03-27,7.2,7.76,6.91,7.21,2563900,8579,18742285
2020-03-30,7.3,7.6,7.0,7.1,3135400,5603,22429592
2020-03-31,7.1,7.17,6.53,6.7,3152400,4921,21820332
2020-04-01,6.44,6.44,5.75,5.75,2644300,7463,15922551
2020-04-02,5.9,6.32,5.82,6.04,2769000,8143,16794720
2020-04-03,6.12,6.23,5.53,6.09,3057300,9070,17492479
2020-04-06,6.55,6.9,6.15,6.8,2488400,6168,16492186
2020-04-07,7.39,8.56,7.21,8.01,4216400,13523,33793518
2020-04-08,8.1,9.45,7.81,8.7,3820500,10602,33658371
2020-04-09,8.86,9.44,8.42,8.6,2853400,7964,25548649
2020-04-13,8.59,8.84,8.33,8.5,2400700,9776,20687178
2020-04-14,8.69,9.34,8.4,8.4,1715400,5770,15268039
2020-04-15,8.4,9.1,8.21,9.1,2783600,5689,24750185
2020-04-16,9.31,9.64,9.06,9.35,3481800,10882,32495538
2020-04-17,9.64,9.74,9.0,9.09,1727200,7445,16145645
2020-04-20,8.85,9.36,8.62,9.24,1598000,5581,14612859
2020-04-22,9.36,10.13,9.35,9.8,2037400,6678,19995007
2020-04-23,10.0,10.37,9.01,9.1,2991500,9495,28758789
2020-04-24,8.99,9.02,7.79,7.94,2904600,10069,23726308
2020-04-27,8.65,8.67,7.96,8.0,2360400,7414,19397581
2020-04-28,8.41,9.19,8.32,8.8,3772700,12322,33293803
2020-04-29,9.21,10.0,9.01,9.95,3867700,10492,37567304
2020-04-30,9.72,9.99,9.36,9.45,4677300,10446,45127390
2020-05-04,9.1,9.32,8.8,8.99,1637500,7366,14747813
2020-05-05,9.35,9.59,8.61,8.61,2603100,9661,23403051
2020-05-06,8.65,8.89,8.24,8.54,2058000,6533,17489109
2020-05-07,8.71,8.84,8.0,8.08,3624800,8409,30019436
2020-05-08,8.2,8.27,7.64,7.72,2436600,8058,19171177
2020-05-11,7.7,7.7,7.31,7.33,2505400,10150,18601233
2020-05-12,7.34,7.87,7.0,7.09,2413600,9321,17801785
2020-05-13,7.21,7.42,6.49,6.54,4657600,9850,31188723
2020-05-14,6.43,6.75,6.22,6.64,4161800,10844,27090860
2020-05-15,6.6,7.25,6.39,6.6,4143200,11712,27966738
2020-05-18,7.05,7.48,6.83,7.4,4121800,17865,29616139
2020-05-19,7.45,8.24,7.32,8.0,3759800,10967,29780085
2020-05-20,8.11,8.4,7.88,8.24,2510400,6464,20449866
2020-05-21,8.24,8.59,8.14,8.43,2073000,6021,17329089
2020-05-22,8.25,8.25,7.72,7.78,2415900,6839,19038543
2020-05-25,8.07,8.54,8.07,8.46,2073000,4721,17296135
2020-05-26,8.7,9.04,8.3,8.32,2630000,9362,22726167
2020-05-27,8.45,8.9,8.35,8.9,2323900,7559,19982640
2020-05-28,8.75,9.37,8.55,9.2,4613600,12680,42199755
2020-05-29,9.17,9.55,8.77,9.47,6035800,16647,56009735
2020-06-01,9.45,9.89,9.34,9.77,3007600,10464,29257796
2020-06-02,9.98,10.34,9.9,10.34,3050600,8524,30800946
2020-06-03,10.79,11.19,10.25,10.76,6994400,12242,75057838
2020-06-04,10.8,11.34,10.52,11.2,2689700,7927,29662629
2020-06-05,12.0,12.5,11.72,12.1,5476600,21168,66420102
2020-06-08,12.4,12.93,12.15,12.91,4710000,9295,59094002
2020-06-09,12.3,13.47,12.06,13.02,3964300,10747,51422054
2020-06-10,13.36,13.36,12.03,12.09,2755900,8295,34046342
2020-06-12,11.34,11.98,11.09,11.53,3038200,8888,34961552
2020-06-15,11.07,11.9,10.67,11.74,2544600,8146,28684201
2020-06-16,12.3,12.31,11.37,11.69,3146100,9368,36830928
2020-06-17,11.74,11.97,11.28,11.85,1650100,5917,19323949
2020-06-18,11.64,12.02,11.39,11.39,6795000,7580,79224983
2020-06-19,11.68,11.79,10.92,11.21,6577400,10423,73193776
2020-06-22,11.32,11.65,11.06,11.32,2228300,8577,25375427
2020-06-23,11.32,11.51,10.71,10.96,2987100,9496,32785622
2020-06-24,10.95,10.95,10.14,10.3,4939500,10606,51110887
2020-06-25,10.3,10.53,9.96,10.01,2740300,7983,27754861
2020-06-26,10.01,10.2,9.67,9.82,2827200,8934,27850452
2020-06-29,9.9,10.44,9.39,10.44,2895200,9797,28464393
2020-06-30,10.4,10.51,9.95,10.31,4221600,12470,43067744
2020-07-01,10.3,10.63,10.13,10.17,3197900,11136,33169439
2020-07-02,10.45,10.51,9.86,9.87,3744200,12361,37619730
2020-07-03,9.83,10.09,9.72,9.93,1732200,5314,17205005
2020-07-06,10.17,11.18,10.17,11.16,6286300,14409,67839341
2020-07-07,11.0,11.72,10.71,11.57,6820000,20713,76951847
2020-07-08,11.75,11.94,11.07,11.12,5151100,13001,58504688
2020-07-09,11.1,11.22,10.85,11.01,2573800,9051,28412384
2020-07-10,11.09,11.71,11.06,11.57,4505800,13468,51942310
2020-07-13,11.88,12.1,11.26,11.46,4409000,11839,52176910
2020-07-14,11.46,11.57,11.06,11.2,1772000,6389,20096621
2020-07-15,11.54,11.58,11.13,11.13,1619200,6851,18277636
2020-07-16,11.07,11.32,10.61,11.18,2571200,6307,28493004
2020-07-17,11.26,11.34,10.96,11.11,2077700,5776,23087169
2020-07-20,11.1,11.22,10.92,11.04,2184300,5673,24083073
2020-07-21,11.12,11.22,10.78,10.78,2876600,9311,31479660
2020-07-22,10.78,10.91,10.56,10.84,2365200,9968,25349702
2020-07-23,10.89,11.02,10.55,10.66,2784800,7931,29820274
2020-07-24,10.53,10.61,10.03,10.45,3085100,7722,31721227
2020-07-27,10.45,10.5,10.19,10.22,1647000,4642,17005906
2020-07-28,10.22,10.39,9.98,10.02,3982400,6530,40107936
2020-07-29,10.02,10.24,9.8,10.24,5612400,10599,56272804
2020-07-30,10.15,10.68,10.03,10.5,3562200,7550,36920709
2020-07-31,10.53,10.74,10.06,10.13,2007600,7412,20565348
2020-08-03,10.29,10.37,9.88,10.1,2465200,7819,24844369
2020-08-04,10.01,10.08,9.53,9.65,2392600,7797,23331517
2020-08-05,9.8,9.98,9.74,9.87,1681800,5633,16597669
2020-08-06,9.88,10.5,9.88,10.5,2201400,6352,22658541
2020-08-07,10.42,11.24,10.38,11.2,5047900,14016,55529274
2020-08-10,11.2,11.37,10.83,11.27,2933200,9942,32716609
2020-08-11,11.32,11.98,11.25,11.89,5002000,15370,58643460
2020-08-12,11.94,12.24,10.98,11.07,5184500,15904,59011474
2020-08-13,11.1,11.32,10.65,10.68,2074300,5823,22754042
2020-08-14,10.68,11.09,10.2,11.05,2396300,7266,25519038
2020-08-17,11.05,11.3,10.0,10.16,3770200,13079,39104004
2020-08-18,10.4,10.62,10.09,10.4,3391400,9633,34853018
2020-08-19,10.4,10.47,10.04,10.32,1977700,5564,20218198
2020-08-20,9.9,10.85,9.83,10.75,3999100,11118,42006908
2020-08-21,10.72,11.5,10.53,11.33,4055100,12273,45498848
2020-08-24,11.5,11.72,11.09,11.15,2579200,7202,29332940
2020-08-25,11.2,11.75,11.18,11.6,2474700,6854,28676823
2020-08-26,11.6,12.08,11.2,11.45,4573700,13563,53351084
2020-08-27,11.45,11.67,11.24,11.47,1945900,6392,22219304
2020-08-28,11.6,12.14,11.3,12.08,2710200,9359,32145953
2020-08-31,11.97,12.35,11.84,12.06,3725900,9140,45103039
2020-09-01,12.16,12.79,11.96,12.79,3676800,10820,45826408
2020-09-02,12.94,12.94,12.51,12.67,1948400,6024,24749970
2020-09-03,12.74,13.09,12.28,12.52,2700100,8617,34176467
2020-09-04,12.59,12.83,11.92,12.69,2020400,7984,25067609
2020-09-08,12.7,12.8,12.36,12.67,1282000,4832,16231175
2020-09-09,12.71,12.87,12.49,12.86,1396200,4964,17677711
2020-09-10,12.9,13.32,12.2,12.36,4396700,14449,56677119
2020-09-11,12.48,12.6,11.64,11.82,2696500,8973,32395367
2020-09-14,11.92,12.99,11.92,12.98,3000500,10952,38044229
2020-09-15,13.11,13.2,12.68,12.9,2177400,8473,28131830
2020-09-16,12.9,13.41,12.74,13.07,2781700,11197,36559212
2020-09-17,13.0,13.24,12.63,13.22,2040800,7160,26531049
2020-09-18,13.23,13.23,12.84,12.98,6503200,11579,84542787
2020-09-21,12.77,12.8,12.01,12.35,2982400,9637,36619970
2020-09-22,12.35,12.62,12.24,12.57,1753600,4459,21831495
2020-09-23,12.59,12.74,11.82,11.97,1980000,5618,24119987
2020-09-24,12.03,12.15,11.87,11.93,1588600,6002,19074527
2020-09-25,11.83,12.33,11.6,12.33,2517800,7792,30464615
2020-09-28,12.43,12.49,11.85,11.98,1430300,4988,17332323
2020-09-29,11.96,11.98,11.45,11.52,1947100,6207,22691330
2020-09-30,11.58,11.77,11.47,11.52,1360500,3372,15757611
2020-10-01,11.58,12.2,11.55,12.02,1825000,5766,21764115
2020-10-02,11.97,12.28,11.93,12.16,1512600,3508,18318080
2020-10-05,12.24,12.4,12.15,12.3,602800,2551,7398885
2020-10-06,12.39,12.39,12.0,12.04,1315200,4129,16067831
2020-10-07,12.11,12.26,11.8,11.95,1553900,4629,18690361
2020-10-08,12.0,12.1,11.82,12.04,1563000,4012,18704285
2020-10-09,12.06,12.21,11.51,11.6,3086100,9479,36163890
2020-10-13,11.65,12.3,11.63,12.21,2120100,8047,25626727
2020-10-14,12.17,12.29,12.0,12.2,1251600,4505,15189794
2020-10-15,12.0,12.68,11.92,12.63,4442200,8042,54596240
2020-10-16,12.73,13.02,12.52,12.8,3024000,5928,38744886
2020-10-19,13.35,14.19,13.22,13.73,6795200,16803,93305475
2020-10-20,13.31,13.73,13.13,13.25,4543600,12952,61020404
2020-10-21,13.21,13.31,12.63,12.77,3074000,10355,39491082
2020-10-22,12.78,12.85,12.21,12.5,3089400,8442,38503193
2020-10-23,12.54,12.9,12.34,12.9,1343300,3777,16993325
2020-10-26,12.9,13.29,12.79,13.14,1583000,4735,20721723
2020-10-27,13.32,13.59,12.85,12.99,2061500,4495,27268587
2020-10-28,12.73,12.73,12.09,12.41,1933600,4648,23885558
2020-10-29,12.37,12.63,11.77,12.57,1428000,3399,17419274
2020-10-30,12.49,12.49,11.58,11.8,1971300,5813,23405338
2020-11-03,12.0,12.19,11.64,11.86,2487500,7781,29588166
2020-11-04,11.99,12.9,11.89,12.8,1346400,5029,16845230
2020-11-05,12.92,13.17,12.63,12.77,1225400,3606,15730948
2020-11-06,12.7,13.28,12.5,13.25,1495200,4307,19388928
2020-11-09,14.0,14.48,13.71,14.05,4777800,12612,67296988
2020-11-10,14.04,14.35,13.9,14.05,3218300,4580,45309130
2020-11-11,14.03,14.03,13.4,13.7,1157900,3955,15819854
2020-11-12,13.69,13.69,12.68,12.7,2275500,5353,29420385
2020-11-13,12.66,13.15,12.52,12.94,1796700,5088,23285952
2020-11-16,13.14,13.58,12.84,13.5,2704300,9538,35859561
2020-11-17,13.49,13.8,13.12,13.73,2078700,5063,28147206
2020-11-18,13.72,13.93,13.44,13.79,1757300,4462,24031970
2020-11-19,13.78,13.98,13.46,13.98,1007000,2247,13879163
2020-11-20,13.98,14.08,13.79,13.95,684100,2518,9527429
2020-11-23,14.01,14.16,13.71,14.16,1993600,3901,27837857
2020-11-24,14.1,14.24,13.61,14.07,2736800,7487,38062113
2020-11-25,13.89,14.35,13.85,13.96,852400,2653,11984529
2020-11-26,13.93,14.14,13.73,13.98,1096700,1652,15248835
2020-11-27,13.97,14.2,13.81,13.89,1000600,4151,13967665
2020-11-30,13.85,14.02,13.06,13.32,1362800,3851,18306389
2020-12-01,13.45,13.51,13.15,13.24,1296100,6728,17256467
2020-12-02,13.37,13.83,13.34,13.51,1547700,4927,21040888
2020-12-03,13.48,13.54,13.13,13.23,1428200,3856,19024886
2020-12-04,13.31,13.55,13.18,13.5,1171300,3903,15653824
2020-12-07,13.53,13.53,12.97,13.13,1735800,5363,22965658
2020-12-08,13.11,13.45,12.92,13.26,1023300,3090,13557356
2020-12-09,13.39,13.42,12.95,13.15,927800,3933,12232132
2020-12-10,13.26,13.45,12.75,13.37,1250600,4082,16435261
2020-12-11,13.26,13.48,13.05,13.15,1470700,4535,19406942
2020-12-14,13.2,13.68,13.2,13.36,978400,2994,13148664
2020-12-15,13.43,13.75,13.27,13.65,865800,2675,11747630
2020-12-16,13.7,14.09,13.51,13.61,1004500,2990,13831542
2020-12-17,13.69,13.76,13.36,13.45,839700,4565,11375003
2020-12-18,13.44,13.65,13.18,13.3,677600,2219,9069908
2020-12-21,13.01,13.18,12.65,13.09,1072300,4293,13944449
2020-12-22,13.08,13.19,12.66,12.83,947200,3025,12193860
2020-12-23,12.84,12.96,12.73,12.8,692800,1678,8893518
2020-12-28,12.85,12.96,12.55,12.83,1319400,4382,16798351
2020-12-29,12.86,13.19,12.77,13.0,969100,2884,12571024
2020-12-30,13.0,13.15,12.85,12.89,1061200,2146,13710505
2021-01-04,12.98,12.98,12.46,12.79,1030900,3108,13118089
2021-01-05,12.8,12.8,12.18,12.29,2157200,5404,26602616
2021-01-06,12.31,12.4,11.91,12.1,1263500,4850,15248908
2021-01-07,12.14,12.19,11.39,11.39,2872600,9479,33502691
2021-01-08,11.44,12.24,11.43,12.24,1880600,5021,22525563
2021-01-11,12.05,12.15,11.82,11.95,926700,4040,11080822
2021-01-12,11.98,12.04,11.62,11.87,1241200,4642,14608285
2021-01-13,11.86,11.98,11.65,11.9,2157000,5838,25476009
2021-01-14,11.9,12.43,11.82,12.2,3248600,7444,39519103
2021-01-15,12.17,12.38,11.93,12.38,2333900,8786,28461741
2021-01-18,12.44,12.49,12.05,12.32,2481600,5817,30318985
2021-01-19,12.39,12.6,11.85,12.38,3202200,12129,39149314
2021-01-20,12.4,12.65,12.08,12.45,2742100,7152,33847046
2021-01-21,12.44,12.55,12.0,12.42,2341500,7548,28801128
2021-01-22,12.1,12.21,11.81,12.01,3052400,9429,36553095
2021-01-26,12.04,12.77,11.93,12.33,3718300,9325,46099160
2021-01-27,12.32,12.59,12.05,12.52,2242600,5049,27730275
2021-01-28,12.52,13.35,12.45,13.09,4268800,10269,55582479
2021-01-29,12.97,13.07,12.21,12.5,4526000,13181,56751723
2021-02-01,12.58,12.87,12.39,12.65,1915900,4809,24275753
2021-02-02,12.66,12.89,12.41,12.47,2702000,5131,34026527
2021-02-03,12.48,12.57,12.17,12.38,1665300,5163,20539965
2021-02-04,12.4,12.77,12.32,12.36,1644200,4800,20655907
2021-02-05,12.43,12.65,12.27,12.3,1085100,2877,13485918
2021-02-08,12.3,12.37,11.91,12.02,1845700,5904,22218126
2021-02-09,11.98,12.0,11.77,11.83,1333900,4351,15825991
2021-02-10,11.84,11.9,11.56,11.8,1731700,4508,20262085
2021-02-11,11.8,11.99,11.68,11.75,1654400,4757,19591063
2021-02-12,11.7,11.98,11.57,11.81,1317800,3241,15524594
2021-02-17,11.65,11.91,11.58,11.8,1273000,4332,14950488
2021-02-18,11.85,12.05,11.73,11.85,1270700,3921,15160640
2021-02-19,11.85,11.88,11.31,11.47,2263600,7211,25971317
2021-02-22,11.3,11.75,10.91,11.6,2666400,7180,30571406
2021-02-23,11.65,12.0,11.51,11.9,1964300,6026,23281330
2021-02-24,12.0,12.19,11.45,11.63,1714200,5304,20087157
2021-02-25,11.53,11.89,11.32,11.52,1514700,3779,17593280
2021-02-26,11.57,11.62,10.85,11.02,2794300,7903,31077794
2021-03-01,11.07,11.18,10.67,10.83,1920500,6980,21011633
2021-03-02,10.82,10.86,10.12,10.56,2798500,8738,29194360
2021-03-03,10.45,10.71,10.02,10.64,2305100,9255,23803791
2021-03-04,10.63,11.02,10.37,10.52,1824000,6395,19519275
2021-03-05,10.47,11.1,10.41,11.01,1415500,4676,15354060
2021-03-08,11.01,11.16,10.17,10.22,2503900,8656,26283447
2021-03-09,10.3,10.52,10.0,10.06,1417600,4400,14443161
2021-03-10,10.17,10.31,9.78,10.24,2649400,7655,26657041
2021-03-11,10.26,11.18,10.17,11.02,2921600,9387,31480877
2021-03-12,11.0,11.19,10.72,10.94,2668700,12841,29277633
2021-03-15,10.94,11.37,10.82,11.18,1439900,5712,16104489
2021-03-16,11.25,11.29,10.62,10.66,1474300,4916,15988706
2021-03-17,10.6,11.19,10.49,11.13,1482600,6184,16080252
2021-03-18,11.12,11.12,10.51,10.65,902100,3561,9701867
2021-03-19,10.72,11.02,10.56,10.88,1607200,7007,17498940
2021-03-22,10.82,11.2,10.77,10.96,1257200,5266,13786443
2021-03-23,10.88,11.6,10.77,11.52,5180700,8874,57949670
2021-03-24,11.53,11.57,11.14,11.33,3104200,9645,35291183
2021-03-25,11.31,11.52,10.89,11.45,1904300,5946,21292761
2021-03-26,11.44,11.44,10.81,11.0,3639300,13966,40058690
2021-03-29,10.96,10.98,10.62,10.75,1233600,4002,13232525
2021-03-30,10.75,11.6,10.69,11.53,2587600,7237,29322938
2021-03-31,11.52,11.8,11.34,11.78,1782000,4988,20770433
2021-04-01,11.8,11.88,11.62,11.65,1759800,2697,20556700
2021-04-05,11.73,12.09,11.69,11.96,1391400,5608,16617269
2021-04-06,11.87,12.44,11.86,12.31,1942700,5456,23785921
2021-04-07,12.26,12.33,11.96,12.07,944900,3034,11401883
2021-04-08,12.14,12.26,11.8,11.8,1370500,3830,16435905
2021-04-09,11.76,11.85,11.57,11.83,1206000,3590,14089173
2021-04-12,11.86,11.98,11.67,11.98,1341200,4486,15865750
2021-04-13,11.99,12.2,11.83,11.83,1112300,2886,13265123
2021-04-14,11.83,12.31,11.83,12.24,1868900,5090,22569036
2021-04-15,12.27,12.85,12.13,12.64,3631000,10758,45538889
2021-04-16,12.67,14.88,12.52,13.68,14691000,26562,204090209
2021-04-19,13.82,14.03,13.21,13.35,3426700,11471,46419763
2021-04-20,13.43,13.55,11.91,12.0,7106600,13267,88107333
2021-04-22,12.29,12.45,11.91,11.98,4817400,15699,58532873
2021-04-23,12.16,12.2,11.68,12.03,3824500,9238,45611948
2021-04-26,12.11,13.15,12.1,12.52,5387900,14550,67852477
2021-04-27,12.54,12.63,12.13,12.2,1381900,4601,17011270
2021-04-28,12.33,12.33,11.92,12.22,1629600,5252,19751805
2021-04-29,12.24,12.65,12.09,12.46,1614300,7478,20088250
2021-04-30,12.42,12.53,12.02,12.31,1699900,5621,20844076
2021-05-03,12.36,12.54,12.13,12.36,1473200,4176,18149036
2021-05-04,12.35,12.46,12.04,12.2,1439400,5656,17635559
2021-05-05,12.3,12.49,12.15,12.38,936700,3120,11575062
2021-05-06,12.4,12.4,12.08,12.27,1352700,5966,16511250
2021-05-07,12.29,12.53,12.21,12.47,856700,2279,10631819
2021-05-10,12.57,12.84,12.28,12.78,2115800,6874,26683628
2021-05-11,12.63,12.66,12.2,12.47,1569600,3666,19483134
2021-05-12,12.4,12.48,12.06,12.2,1444100,2769,17633288
2021-05-13,12.15,12.47,12.11,12.18,1639700,6442,20058335
2021-05-14,12.24,13.14,12.21,12.85,3767000,11750,48003259
2021-05-17,12.83,13.49,12.71,13.48,2209900,6660,29378752
2021-05-18,13.48,13.74,13.29,13.38,1445400,5449,19509435
2021-05-19,13.2,13.45,12.87,13.11,1640700,5335,21401923
2021-05-20,13.15,13.74,12.94,13.74,2196400,4949,29783962
2021-05-21,13.67,13.96,13.56,13.74,1466000,6352,20127267
2021-05-24,13.79,13.79,13.62,13.77,927600,3201,12718169
2021-05-25,13.77,13.91,13.53,13.68,1256400,4351,17170298
2021-05-26,13.68,13.98,13.66,13.83,1024500,3282,14169985
2021-05-27,13.81,13.96,13.72,13.85,1256000,2589,17392022
2021-05-28,13.9,14.33,13.77,13.89,1492100,4997,20825708
2021-05-31,13.85,14.17,13.77,14.05,909100,2909,12740837
2021-06-01,14.12,14.41,13.99,14.07,1944500,7168,27517905
2021-06-02,14.1,14.4,13.93,14.29,2158300,7769,30544934
2021-06-04,14.31,14.7,14.06,14.57,1715000,7034,24791804
2021-06-07,14.77,14.77,14.31,14.44,1299300,4868,18806281
2021-06-08,14.48,15.06,14.48,14.96,1502800,5559,22205527
2021-06-09,15.04,15.1,14.6,14.77,1247900,5482,18478180
2021-06-10,14.8,15.03,14.54,14.86,1095000,5389,16207007
2021-06-11,14.94,14.94,14.27,14.51,990400,3901,14309248
2021-06-14,14.53,14.9,14.51,14.73,1118700,5190,16503918
2021-06-15,14.69,15.02,14.53,14.69,1552500,5497,22841754
2021-06-16,14.99,15.01,14.45,14.6,1376000,5360,20247819
2021-06-17,14.69,14.8,14.41,14.68,1288600,5335,18779172
2021-06-18,14.62,15.01,14.56,14.99,1818300,6478,27057381
2021-06-21,15.27,15.58,15.13,15.31,2278000,9295,34891443
2021-06-22,15.22,15.26,14.64,14.77,2062700,7249,30495184
2021-06-23,14.82,14.88,14.34,14.59,1480200,5224,21543349
2021-06-24,14.62,14.87,14.5,14.72,1276200,3973,18777519
2021-06-25,14.77,14.8,14.0,14.66,1465200,4962,21256194
2021-06-28,14.5,14.82,14.18,14.55,1199100,4535,17301673
2021-06-29,14.47,14.51,14.07,14.35,967400,3409,13818763
2021-06-30,14.2,14.49,13.96,14.36,1844100,8198,26207149
2021-07-01,14.4,14.57,13.96,13.96,1624000,7820,22863841
2021-07-02,14.05,14.32,13.94,14.0,1115600,5065,15651816
2021-07-05,13.86,13.95,13.62,13.86,1778400,7847,24555373
2021-07-06,13.85,13.85,13.29,13.65,2034200,6496,27495726
2021-07-07,13.66,13.8,13.46,13.73,1204600,4864,16468166
2021-07-08,13.44,13.72,13.28,13.59,1082500,3000,14657470
2021-07-12,13.64,13.69,13.4,13.49,1825900,7742,24627327
2021-07-13,13.45,13.71,13.31,13.42,2029700,7295,27307435
2021-07-14,13.5,13.76,13.39,13.45,2612300,5644,35347492
2021-07-15,13.41,13.59,13.15,13.16,1763900,5783,23393871
2021-07-16,13.33,13.39,12.81,12.85,2874100,10255,37256223
2021-07-19,12.73,12.8,12.5,12.67,1292600,4574,16326660
2021-07-20,12.63,12.75,12.41,12.53,1744400,3456,21888008
2021-07-21,12.59,12.73,12.25,12.53,2115800,6770,26270635
2021-07-22,12.4,12.88,12.4,12.68,2802400,9081,35551089
2021-07-23,12.68,12.78,12.48,12.75,1513600,4618,19189749
2021-07-26,12.83,12.89,12.32,12.5,1317300,3168,16413979
2021-07-27,12.43,12.67,12.21,12.48,1727000,5655,21471797
2021-07-28,12.55,12.62,12.1,12.36,1588000,4505,19570029
2021-07-29,12.4,12.4,12.17,12.28,743300,2704,9127699
2021-07-30,12.22,12.22,11.78,11.85,2563800,4682,30532065
2021-08-02,11.96,12.22,11.85,11.9,1959100,5584,23431004
2021-08-03,11.87,11.9,11.51,11.75,1817900,8417,21287703
2021-08-04,11.7,11.74,11.47,11.65,1510200,7074,17538256
2021-08-05,11.74,11.76,11.36,11.53,2219600,3873,25504702
2021-08-06,11.55,11.62,11.43,11.5,942100,4140,10868202
2021-08-09,11.45,11.58,11.27,11.37,1484700,5319,16907243
2021-08-10,11.43,11.62,11.31,11.39,1305500,5021,14924902
2021-08-11,11.47,11.47,10.63,10.79,4618100,9260,50422180
2021-08-12,10.79,10.97,10.58,10.81,1797300,6701,19421573
2021-08-13,10.81,10.92,10.57,10.71,1360000,4359,14533434
2021-08-16,10.65,10.65,10.14,10.17,2794400,9408,28638283
2021-08-17,10.13,10.14,9.06,9.08,6613600,16412,61615168
2021-08-18,9.08,9.64,8.97,9.34,4747100,12868,44186730
2021-08-19,9.1,9.53,9.02,9.34,2305300,8441,21474038
2021-08-20,9.29,9.48,9.18,9.41,1662000,5322,15556602
2021-08-23,9.48,9.53,9.02,9.02,2564400,6780,23460586
2021-08-24,9.16,10.07,9.04,10.05,13858100,19694,130619342
2021-08-25,10.01,10.17,9.54,9.77,3539500,11074,34596653
2021-08-26,9.74,9.92,9.22,9.26,2819100,5989,26580642
2021-08-27,9.37,9.6,9.22,9.47,2539200,6708,23811407
2021-08-30,9.42,9.43,9.11,9.11,2176200,5807,20003689
2021-08-31,9.12,9.25,8.81,8.89,2719700,9296,24366102
2021-09-01,8.95,9.02,8.7,8.79,2188100,8158,19252990
2021-09-02,8.81,8.83,8.61,8.62,2507800,6736,21760134
2021-09-03,8.69,8.78,8.53,8.75,2243900,5616,19368819
2021-09-06,8.73,9.16,8.63,9.12,1394500,4042,12462410
2021-09-08,9.09,9.09,8.45,8.59,3270500,7665,28338086
2021-09-09,8.6,8.81,8.32,8.68,3062500,11211,25953584
2021-09-10,8.9,9.05,8.65,8.74,1862000,5751,16459452
2021-09-13,8.89,9.2,8.77,9.01,1472800,5773,13254113
2021-09-14,9.19,9.19,8.88,8.93,1986100,6585,17815568
2021-09-15,8.91,8.94,8.6,8.73,1587700,5985,13829326
2021-09-16,8.66,8.73,8.51,8.62,1652200,4341,14209719
2021-09-17,8.6,8.62,8.2,8.2,2328100,7138,19321663
2021-09-20,7.87,8.1,7.79,8.0,2478700,7507,19625225
2021-09-21,8.17,8.33,7.87,8.25,2716900,10005,22075285
2021-09-22,8.41,8.48,8.12,8.35,2341500,7377,19425425
2021-09-23,8.36,8.52,8.24,8.33,1813900,4766,15197252
2021-09-24,8.27,8.27,7.96,8.17,1855500,5851,15029714
2021-09-27,8.18,8.4,7.76,7.9,2669400,6226,21266556
2021-09-28,7.82,7.83,7.43,7.46,2567000,6558,19399355
2021-09-29,7.56,7.7,7.34,7.46,1734200,5262,13064822
2021-09-30,7.55,7.59,7.15,7.21,3036700,5012,22153415
2021-10-01,7.23,7.7,7.19,7.7,1964300,5301,14635120
2021-10-04,7.54,7.7,7.41,7.51,2556200,7166,19215320
2021-10-05,7.52,7.58,7.33,7.36,1969500,5487,14662306
2021-10-06,7.29,7.29,6.94,7.2,2967700,7149,21044762
2021-10-07,7.23,7.34,7.06,7.06,1954700,6166,13936996
2021-10-08,7.14,7.69,7.11,7.34,3425600,9865,25326044
2021-10-11,7.4,7.41,7.12,7.25,1719800,4585,12451949
2021-10-13,7.25,7.52,7.18,7.43,1797400,5473,13287081
2021-10-14,7.47,7.7,7.16,7.22,2383700,4726,17412275
2021-10-15,7.26,7.43,7.18,7.42,1272200,4101,9315257
2021-10-18,7.4,7.49,7.12,7.44,2088100,4419,15295911
2021-10-19,7.37,7.42,7.02,7.12,2579600,7548,18530868
2021-10-20,7.15,7.2,6.92,6.94,2276200,5508,15983864
2021-10-21,6.87,6.87,6.43,6.51,2712900,7076,17898160
2021-10-22,6.48,6.49,5.92,6.15,6789300,17164,41636794
2021-10-25,6.29,6.59,6.15,6.53,3945400,8703,25098169
2021-10-26,6.47,6.54,6.11,6.11,1746800,4447,10860336
2021-10-27,6.13,6.53,6.13,6.37,2221300,6144,14204556
2021-10-28,6.31,6.45,6.16,6.19,2222800,5286,13928092
2021-10-29,6.22,6.37,6.05,6.06,2502600,6278,15538232
2021-11-01,6.13,6.79,6.09,6.71,4387800,11235,28915609
2021-11-03,6.73,7.16,6.7,6.96,7130600,18540,49618958
2021-11-04,6.92,7.25,6.81,6.96,4724100,12407,33305483
2021-11-05,6.98,7.58,6.98,7.43,3968000,8454,28868448
2021-11-08,7.45,7.45,6.99,7.07,2753600,8057,19622340
2021-11-09,7.11,7.4,7.08,7.27,1909500,5326,13869587
2021-11-10,7.5,8.0,7.5,7.83,8294800,18378,64843031
2021-11-11,7.92,8.11,7.57,7.98,4987000,14697,39500107
2021-11-12,7.98,8.42,7.65,7.72,5838700,14380,45854157
2021-11-16,7.78,7.83,7.3,7.4,3605600,10129,27008811
2021-11-17,7.45,7.61,6.9,7.01,2723200,10592,19403528
2021-11-18,6.99,7.38,6.92,7.26,2981000,7474,21530344
2021-11-19,7.25,7.97,7.14,7.89,4026100,13371,31186041
2021-11-22,7.94,7.96,7.17,7.4,4188800,13757,31253676
2021-11-23,7.43,7.43,6.82,6.9,4509800,11896,31511149
2021-11-24,6.89,6.98,6.68,6.75,3487000,12577,23791867
2021-11-25,6.79,7.03,6.6,6.63,2648500,9088,17879508
2021-11-26,6.44,6.75,6.27,6.55,3339600,9761,21619428
2021-11-29,6.65,6.87,6.45,6.5,2247900,7868,14823667
2021-11-30,6.46,6.5,6.17,6.46,3061900,8000,19511089
2021-12-01,6.55,6.89,6.28,6.41,3640600,11472,23888162
2021-12-02,6.5,6.66,6.12,6.28,2853300,8977,18068821
2021-12-03,6.26,6.55,6.2,6.36,4468900,10566,28524258
2021-12-06,6.5,6.74,6.35,6.59,3207100,10940,21112935
2021-12-07,6.73,6.88,6.64,6.7,2815000,8224,19027747
2021-12-08,6.79,6.98,6.45,6.84,2255900,8633,15435968
2021-12-09,6.77,6.84,6.54,6.64,1370200,5890,9099785
2021-12-10,6.8,6.81,6.63,6.69,1440000,5487,9665245
2021-12-13,6.68,6.8,6.47,6.47,1532500,5631,10107631
2021-12-14,6.57,6.6,6.11,6.2,2512100,7925,15678800
2021-12-15,6.2,6.38,6.03,6.31,1794200,6679,11151377
2021-12-16,6.35,6.72,6.35,6.41,2487700,9521,16234036
2021-12-17,6.31,6.43,6.08,6.34,2198600,7423,13794642
2021-12-20,6.23,6.28,6.09,6.22,2934100,7296,18117599
2021-12-21,6.33,6.37,6.1,6.15,2009800,7217,12430233
2021-12-22,6.13,6.16,5.92,5.95,3033600,7985,18239057
2021-12-23,5.94,5.98,5.81,5.95,2899900,10836,17123342
2021-12-27,5.95,6.16,5.95,6.07,3607100,13294,21831335
2021-12-28,6.07,6.28,6.03,6.24,2551400,7943,15668856
2021-12-29,6.28,6.35,6.07,6.07,1449300,5856,8996035
2021-12-30,6.11,6.27,5.97,6.15,2844300,8779,17555854
