Date,Open,High,Low,Close,Volume,Neg,Fin
2013-07-19,12.05421,12.19414,11.81433,12.01423,894100,1431,10776435
2013-07-22,12.09419,12.09419,11.99424,12.01423,393200,358,4735953
2013-07-23,11.99424,12.09419,11.84431,11.84431,77500,75,920889
2013-07-24,11.74436,11.79434,11.62442,11.69438,102700,103,1204320
2013-07-25,11.59443,11.70438,11.39453,11.50448,194000,141,2244971
2013-07-26,11.50448,11.59443,11.49448,11.54446,36900,21,425854
2013-07-29,11.49448,11.84431,11.49448,11.74436,23600,32,277409
2013-07-30,11.77435,11.89429,11.67439,11.71438,31600,22,374160
2013-07-31,11.74436,11.8643,11.74436,11.83432,31400,9,370244
2013-08-01,11.83432,11.83432,11.59443,11.79434,16100,17,188403
2013-08-02,11.79434,11.79434,11.69438,11.69438,28400,34,334593
2013-08-05,11.94426,11.94426,11.94426,11.94426,3800,2,45410
2013-08-06,11.69438,11.73437,11.67439,11.73437,8000,10,93602
2013-08-07,11.94426,11.94426,11.88429,11.88429,2517200,17,30080295
2013-08-08,11.88429,11.88429,11.69438,11.8643,2800,9,32854
2013-08-09,11.8743,12.14417,11.8643,12.14417,302300,76,3598094
2013-08-12,11.94426,12.14417,11.79434,12.14417,31700,31,380734
2013-08-13,11.88429,12.14417,11.79434,12.13417,24400,23,291445
2013-08-14,11.99424,12.09419,11.69438,12.09419,27800,15,335131
2013-08-15,11.99424,12.09419,11.91428,12.0842,13000,14,156908
2013-08-16,11.99424,12.89381,11.99424,12.494,28600,30,353478
2013-08-19,12.484,12.484,12.19414,12.19414,600,3,7436
2013-08-20,11.85431,11.85431,11.85431,11.85431,100,1,1186
2013-08-22,11.91428,11.99424,11.91428,11.91428,3300,11,39436
2013-08-26,11.97425,11.97425,11.67439,11.67439,23700,40,279052
2013-08-27,11.99424,11.99424,11.69438,11.83432,1800,9,21328
2013-08-28,11.98425,11.98425,11.70438,11.88429,8500,24,100187
2013-08-29,11.88429,11.88429,11.61442,11.84431,11600,19,136150
2013-08-30,11.89429,11.97425,11.64441,11.97425,4211100,23,49733344
2013-09-02,11.98425,11.98425,11.90428,11.97425,5200,5,62290
2013-09-03,11.62442,11.97425,11.62442,11.92427,12000,16,142823
2013-09-04,11.98425,11.98425,11.69438,11.69438,1200,8,14160
2013-09-05,12.04422,12.04422,11.74436,11.92427,3300,9,38952
2013-09-06,11.98425,11.98425,11.79434,11.79434,11700,19,138277
2013-09-09,11.89429,11.97425,11.88429,11.96426,5700,13,68107
2013-09-10,11.97425,11.97425,11.89429,11.96426,7800,12,93300
2013-09-11,11.98425,11.98425,11.81433,11.98425,2500,7,29789
2013-09-12,11.98425,12.0742,11.98425,12.04422,4800,13,57770
2013-09-13,12.0742,12.18415,11.98425,11.98425,11500,27,138381
2013-09-16,12.16416,12.16416,11.99424,11.99424,8200,16,98590
2013-09-17,12.17415,12.17415,11.94426,12.12418,1200,8,14469
2013-09-18,12.17415,12.35407,12.16416,12.35407,12000,16,146476
2013-09-19,12.35407,12.40404,12.19414,12.34407,5500,17,67778
2013-09-20,12.38405,12.79386,12.20414,12.79386,62100,190,788212
2013-09-23,12.6939,12.79386,12.41404,12.77387,12600,41,160380
2013-09-24,12.73388,12.73388,12.42403,12.62394,4500,14,56784
2013-09-25,12.7139,12.7139,12.53398,12.66392,1300,10,16423
2013-09-26,12.64393,12.98377,12.56397,12.98377,80600,415,1034386
2013-09-27,12.99376,13.14369,12.82384,13.14369,88100,82,1146748
2013-09-30,13.14369,13.99328,12.94378,13.99328,28100,97,378122
2013-10-01,13.76339,13.76339,13.50352,13.68343,32600,39,443886
2013-10-02,13.69342,13.69342,13.49352,13.58348,7500,39,101468
2013-10-03,13.76339,13.79338,13.58348,13.68343,7900,39,107941
2013-10-04,13.77339,13.77339,13.59347,13.59347,3400,15,46287
2013-10-07,13.68343,13.7434,13.49352,13.67343,6100,19,82731
2013-10-08,13.68343,13.71342,13.39357,13.39357,2800,9,37881
2013-10-09,13.64345,13.66344,13.49352,13.66344,700,5,9505
2013-10-10,13.68343,13.7434,13.60347,13.7434,2400,7,32864
2013-10-11,13.79338,13.79338,13.69342,13.73341,400,3,5498
2013-10-14,13.7434,13.7434,13.55349,13.61346,1500,6,20408
2013-10-15,13.61346,13.69342,13.19366,13.69342,3100,27,41847
2013-10-16,13.70342,13.70342,13.43355,13.49352,4800,22,64871
2013-10-17,13.5335,13.5335,13.34359,13.49352,3400,10,45639
2013-10-18,13.48353,13.57348,13.46354,13.57348,8100,8,109187
2013-10-21,13.66344,13.66344,13.64345,13.64345,500,4,6827
2013-10-22,13.64345,13.64345,13.39357,13.59347,4800,11,65010
2013-10-23,13.64345,13.64345,13.55349,13.58348,300,3,4080
2013-10-24,13.58348,13.58348,13.34359,13.49352,37400,10,499503
2013-10-25,13.48353,13.64345,13.37358,13.49352,4200,17,56602
2013-10-28,13.7434,13.7434,13.43355,13.43355,7100,6,95622
2013-10-29,13.7434,13.7434,13.40356,13.42355,7100,14,95488
2013-10-30,13.39357,13.48353,13.24364,13.25364,13116400,13,173923769
2013-10-31,13.34359,13.52351,12.99376,13.24364,7600,17,101192
2013-11-01,13.3336,13.34359,12.40404,13.13369,12400,66,160047
2013-11-04,13.14369,13.14369,12.79386,12.79386,15600,21,203988
2013-11-05,12.88381,12.99376,12.88381,12.96378,900,5,11672
2013-11-06,13.05373,13.14369,12.80385,13.14369,8200,10,105823
2013-11-07,13.05373,13.05373,12.494,12.99376,13600,31,173895
2013-11-08,12.9038,12.99376,12.64393,12.99376,20100,24,259763
2013-11-11,12.98377,12.99376,12.64393,12.99376,3800,6,49353
2013-11-12,12.98377,12.99376,12.7039,12.99376,5200,13,67423
2013-11-13,12.96378,13.35359,12.85383,12.96378,15100,32,196501
2013-11-14,12.99376,13.09371,12.94378,13.09371,50300,20,655704
2013-11-18,13.09371,13.09371,12.94378,12.99376,7400,9,95998
2013-11-19,12.93379,12.99376,12.88381,12.99376,52600,12,679150
2013-11-21,12.99376,12.99376,12.89381,12.99376,3300,3,42600
2013-11-22,12.84383,12.99376,12.84383,12.99376,4500,12,58349
2013-11-25,12.9038,12.99376,12.9038,12.99376,500,3,6491
2013-11-26,12.82384,12.99376,12.82384,12.99376,4700,24,60912
2013-11-27,12.99376,12.99376,12.79386,12.84383,5600,30,71982
2013-11-28,12.95378,13.19366,12.76387,13.14369,4400,12,56962
2013-11-29,13.18367,13.18367,13.18367,13.18367,100,1,1319
2013-12-02,13.08372,13.14369,13.08372,13.14369,5100,37,67029
2013-12-03,13.19366,13.19366,12.84383,12.99376,1900,11,24524
2013-12-04,13.01375,13.01375,12.84383,12.99376,12100,32,157170
2013-12-05,12.99376,12.99376,12.99376,12.99376,100,1,1300
2013-12-06,13.13369,13.13369,12.84383,12.99376,3600,25,46608
2013-12-09,13.1137,13.1137,12.84383,12.94378,21400,37,275257
2013-12-10,12.97377,12.97377,12.84383,12.84383,5600,20,72080
2013-12-11,12.93379,12.93379,12.93379,12.93379,100,1,1294
2013-12-12,12.93379,13.24364,12.79386,13.24364,57400,78,742528
2013-12-13,13.19366,13.36358,12.98377,12.98377,43800,66,571189
2013-12-16,12.89381,12.99376,12.84383,12.99376,65100,18,841760
2013-12-17,12.94378,13.04374,12.89381,13.04374,1400,7,18217
2013-12-18,13.1237,13.3236,13.05373,13.09371,9700,16,127687
2013-12-19,13.09371,13.14369,12.84383,13.14369,25900,20,338502
2013-12-20,13.14369,13.14369,12.80385,13.04374,78700,48,1025101
2013-12-23,12.95378,13.16368,12.80385,13.16368,8200,23,107196
2013-12-26,13.16368,13.50352,13.16368,13.30361,7300,22,97993
2013-12-27,13.21366,13.68343,12.84383,13.29362,18000,35,239510
2013-12-30,13.24364,13.49352,12.84383,13.39357,31900,55,423652
2014-01-02,13.30361,13.39357,13.24364,13.39357,1100,8,14664
2014-01-03,13.30361,13.39357,12.89381,13.10371,11300,33,148385
2014-01-06,13.19366,13.28362,13.05373,13.10371,2200,11,29074
2014-01-07,13.23365,13.49352,12.84383,12.99376,15000,37,197026
2014-01-08,13.08372,13.47353,13.00376,13.24364,10800,39,142846
2014-01-09,13.07372,13.07372,13.02375,13.02375,500,4,6521
2014-01-10,13.00376,13.24364,13.00376,13.24364,4000,6,52961
2014-01-13,13.08372,13.26363,13.08372,13.16368,700,7,9229
2014-01-14,13.1237,13.13369,12.94378,12.94378,1300,11,16944
2014-01-15,13.09371,13.09371,12.9138,12.99376,2100,14,27244
2014-01-16,12.94378,13.08372,12.94378,12.99376,1500,11,19530
2014-01-17,13.05373,13.05373,12.89381,12.89381,3700,6,47755
2014-01-20,12.89381,12.89381,12.67391,12.78386,20200,22,259074
2014-01-21,12.75388,12.82384,12.75388,12.82384,1400,9,17920
2014-01-22,12.80385,12.99376,12.80385,12.99376,200,2,2581
2014-01-23,12.87382,12.99376,12.87382,12.99376,300,3,3881
2014-01-24,12.98377,12.98377,12.84383,12.94378,600,5,7744
2014-01-27,12.89381,12.89381,12.89381,12.89381,100,1,1290
2014-01-28,12.98377,12.98377,12.74388,12.97377,76800,95,982811
2014-01-29,12.88381,12.88381,12.78386,12.78386,1300,10,16663
2014-01-30,12.84383,13.19366,11.99424,12.78386,47700,115,604177
2014-01-31,12.74388,13.08372,12.64393,12.98377,44200,68,567456
2014-02-03,12.99376,13.38357,12.9038,12.98377,14000,28,182554
2014-02-04,12.99376,12.99376,12.96378,12.99376,5100,6,66278
2014-02-05,13.08372,13.08372,12.82384,12.99376,2900,15,37566
2014-02-06,12.99376,12.99376,12.6939,12.6939,3800,20,48550
2014-02-07,12.67391,12.77387,12.67391,12.68391,1200,11,15267
2014-02-10,12.68391,12.88381,12.68391,12.87382,3203800,16,41296878
2014-02-11,12.92379,12.92379,12.6939,12.6939,3700,22,47214
2014-02-12,12.73388,12.73388,12.6939,12.6939,1100,8,13983
2014-02-13,12.74388,12.74388,12.74388,12.74388,200,2,2550
2014-02-14,12.6939,12.6939,12.6939,12.6939,100,1,1270
2014-02-17,12.94378,13.29362,12.84383,12.84383,27200,17,352601
2014-02-18,12.81385,12.95378,12.6939,12.6939,8400,19,107381
2014-02-19,12.79386,12.79386,12.484,12.484,13100,65,164783
2014-02-20,12.494,12.494,12.04422,12.04422,14000,35,170621
2014-02-21,12.38405,12.38405,11.89429,11.89429,7700,16,91897
2014-02-24,11.97425,12.494,11.74436,12.494,15000,116,182266
2014-02-25,12.24412,12.43403,12.14417,12.32408,160200,42,1954885
2014-02-26,12.32408,12.32408,12.21414,12.21414,200,2,2455
2014-02-27,12.24412,12.484,12.24412,12.32408,1700,8,20911
2014-02-28,12.34407,12.484,12.23413,12.33408,1100,9,13579
2014-03-05,12.484,12.484,12.14417,12.14417,2100,9,25588
2014-03-06,12.19414,12.54398,12.19414,12.54398,6600,51,81166
2014-03-07,12.55397,12.55397,12.2841,12.53398,1700,14,21159
2014-03-10,12.54398,12.59395,12.54398,12.59395,4900,49,61698
2014-03-11,12.63393,12.63393,12.53398,12.53398,300,2,3772
2014-03-12,12.494,12.494,12.27411,12.27411,4000,13,49360
2014-03-13,12.53398,12.53398,12.494,12.494,200,2,2504
2014-03-14,12.484,12.484,12.484,12.484,100,1,1249
2014-03-17,12.47401,12.47401,12.37406,12.37406,300,2,3724
2014-03-18,12.39405,12.45402,12.30409,12.30409,1300,8,16057
2014-03-19,12.25412,12.59395,12.25412,12.494,900,4,11266
2014-03-20,12.494,12.51399,12.2941,12.2941,5700,14,70351
2014-03-21,12.57396,12.57396,12.25412,12.25412,1700,11,20944
2014-03-24,12.53398,12.58396,12.30409,12.58396,3300,15,40916
2014-03-25,12.59395,12.59395,12.2941,12.2941,9700,22,119730
2014-03-26,12.59395,13.00376,12.58396,12.86382,8100,21,102656
2014-03-27,12.79386,13.48353,12.79386,13.39357,19200,48,253924
2014-03-28,13.73341,13.78338,13.40356,13.42355,4200,18,57117
2014-03-31,13.41356,13.69342,13.39357,13.39357,3600,23,48599
2014-04-01,13.40356,13.49352,13.34359,13.47353,2900,11,38877
2014-04-02,13.40356,13.61346,13.40356,13.47353,1200,6,16199
2014-04-03,13.39357,13.47353,13.20366,13.20366,4100,14,54695
2014-04-04,13.29362,13.29362,13.10371,13.29362,7100,17,93898
2014-04-07,13.10371,13.29362,13.06373,13.29362,1700,8,22317
2014-04-08,13.5435,13.5435,13.31361,13.52351,3000,20,40210
2014-04-09,13.47353,13.47353,13.26363,13.26363,1200,7,16008
2014-04-10,13.42355,13.42355,13.08372,13.09371,800,8,10540
2014-04-11,13.09371,13.09371,12.61394,13.09371,12700,43,164051
2014-04-14,13.18367,13.18367,13.18367,13.18367,100,1,1319
2014-04-15,13.18367,13.30361,13.18367,13.30361,300,3,3970
2014-04-16,13.5435,13.5435,13.5435,13.5435,100,1,1355
2014-04-17,13.69342,13.69342,13.49352,13.49352,700,5,9496
2014-04-22,13.49352,13.49352,13.41356,13.41356,200,2,2692
2014-04-23,13.66344,13.67343,13.57348,13.67343,1800,13,24506
2014-04-24,13.67343,13.69342,13.61346,13.64345,1900,7,25986
2014-04-25,13.67343,13.67343,13.49352,13.49352,200,2,2718
2014-04-28,13.58348,14.13321,13.50352,13.67343,17600,27,243030
2014-04-29,13.67343,14.93283,13.65344,14.04326,14900,31,213185
2014-04-30,13.99328,13.99328,13.97329,13.97329,600,2,8390
2014-05-02,13.71342,13.96329,13.60347,13.84335,1900,14,26128
2014-05-05,13.80337,13.80337,13.59347,13.80337,7600,21,104102
2014-05-06,13.72341,13.99328,13.49352,13.49352,13000,34,177661
2014-05-07,13.58348,13.58348,13.30361,13.30361,6900,32,92116
2014-05-08,13.31361,14.54302,13.15368,13.48353,25800,57,353788
2014-05-09,13.41356,13.50352,13.27363,13.27363,1900,9,25456
2014-05-12,13.51351,13.51351,13.25364,13.34359,2200,11,29367
2014-05-13,13.34359,13.34359,13.18367,13.18367,1300,11,17249
2014-05-14,13.19366,13.19366,13.09371,13.09371,1900,8,24912
2014-05-15,13.00376,13.00376,12.88381,12.88381,1200,6,15529
2014-05-16,12.95378,12.95378,12.95378,12.95378,100,1,1296
2014-05-19,13.09371,13.09371,12.67391,12.87382,8000,20,102461
2014-05-20,12.80385,12.80385,12.494,12.494,7100,26,89669
2014-05-21,12.58396,12.6939,12.43403,12.6939,7000,12,88624
2014-05-22,12.7039,12.7139,12.53398,12.7139,1900,10,23921
2014-05-23,12.7139,12.79386,12.60395,12.79386,17200,20,219539
2014-05-26,12.79386,12.84383,12.79386,12.84383,500,5,6420
2014-05-27,12.84383,12.99376,12.84383,12.99376,2900,6,37685
2014-05-28,12.93379,12.99376,12.93379,12.99376,2700,4,35094
2014-05-29,12.99376,12.99376,12.99376,12.99376,100,1,1300
2014-05-30,12.99376,12.99376,12.99376,12.99376,6400,3,83200
2014-06-02,13.00376,13.01375,12.92379,13.01375,1700,6,22124
2014-06-03,13.01375,13.01375,13.01375,13.01375,100,1,1302
2014-06-04,12.98377,12.98377,12.79386,12.98377,2700,13,34725
2014-06-05,12.98377,12.98377,12.81385,12.94378,1600,8,20574
2014-06-06,12.95378,13.00376,12.80385,12.99376,12100,21,157041
2014-06-09,13.01375,13.01375,13.01375,13.01375,100,1,1302
2014-06-10,13.01375,13.04374,12.9138,13.04374,800,4,10382
2014-06-11,12.99376,12.99376,12.78386,12.96378,2500,11,32225
2014-06-13,13.03374,13.03374,12.96378,12.96378,700,5,9098
2014-06-16,12.99376,12.99376,12.72389,12.73388,2100,12,26853
2014-06-17,12.99376,12.99376,12.75388,12.92379,300,3,3869
2014-06-18,12.98377,12.98377,12.98377,12.98377,100,1,1299
2014-06-20,12.99376,12.99376,12.81385,12.81385,400,2,5146
2014-06-23,12.99376,12.99376,12.74388,12.74388,2800,12,35887
2014-06-24,12.74388,12.96378,12.74388,12.96378,200,2,2572
2014-06-25,12.99376,12.99376,12.75388,12.77387,1700,11,21811
2014-06-26,12.99376,12.99376,12.7139,12.7139,700,6,8964
2014-06-27,12.83384,12.84383,12.6939,12.84383,1900,6,24399
2014-06-30,12.84383,13.09371,12.65392,12.99376,4300,15,55118
2014-07-01,12.95378,12.95378,12.95378,12.95378,100,1,1296
2014-07-02,12.96378,12.96378,12.78386,12.89381,2300,18,29592
2014-07-03,12.9038,12.9038,12.7039,12.89381,1200,9,15375
2014-07-04,12.9038,12.9038,12.64393,12.64393,600,4,7651
2014-07-07,12.9038,12.9038,12.84383,12.84383,400,3,5152
2014-07-08,12.89381,12.98377,12.86382,12.98377,300,3,3876
2014-07-10,12.84383,12.94378,12.64393,12.94378,5300,21,67682
2014-07-11,12.94378,12.94378,12.85383,12.93379,600,4,7755
2014-07-14,12.9038,12.9038,12.9038,12.9038,100,1,1291
2014-07-15,12.94378,12.94378,12.94378,12.94378,100,1,1295
2014-07-16,12.94378,13.00376,12.94378,13.00376,1200,7,15568
2014-07-17,12.99376,12.99376,12.99376,12.99376,100,1,1300
2014-07-18,12.99376,12.99376,12.72389,12.72389,1000,5,12823
2014-07-21,12.81385,12.84383,12.79386,12.79386,1000,4,12837
2014-07-22,12.79386,12.79386,12.79386,12.79386,100,1,1280
2014-07-23,12.79386,13.00376,12.79386,13.00376,500,5,6452
2014-07-24,12.99376,13.02375,12.82384,12.82384,1200,9,15590
2014-07-25,12.9138,12.9138,12.9138,12.9138,100,1,1292
2014-07-28,12.9038,12.97377,12.72389,12.72389,1500,8,19287
2014-07-29,12.94378,12.94378,12.94378,12.94378,100,1,1295
2014-07-30,12.94378,12.94378,12.75388,12.75388,800,7,10288
2014-07-31,12.95378,12.95378,12.64393,12.89381,3600,16,46044
2014-08-01,12.97377,12.97377,12.81385,12.81385,500,3,6441
2014-08-04,12.96378,12.96378,12.84383,12.94378,500,5,6460
2014-08-05,12.96378,12.96378,12.64393,12.64393,6300,16,80067
2014-08-06,12.73388,12.79386,12.64393,12.64393,2900,9,36754
2014-08-07,12.96378,12.96378,12.64393,12.89381,2600,13,33227
2014-08-08,12.96378,12.96378,12.78386,12.78386,800,5,10293
2014-08-11,12.64393,12.93379,12.64393,12.93379,200,2,2559
2014-08-12,12.96378,12.96378,12.65392,12.65392,3700,15,47133
2014-08-13,12.494,12.494,12.39405,12.494,12900,10,160780
2014-08-14,12.494,12.89381,12.39405,12.89381,8000,11,99639
2014-08-15,12.88381,12.89381,12.39405,12.89381,45300,63,576700
2014-08-18,12.87382,12.99376,12.52399,12.99376,20000,33,254797
2014-08-19,13.02375,13.04374,12.82384,12.99376,28800,31,373275
2014-08-20,13.13369,13.13369,12.96378,12.96378,600,4,7809
2014-08-21,13.04374,13.37358,13.04374,13.19366,49900,54,659358
2014-08-22,13.18367,13.56349,13.18367,13.52351,70600,65,941170
2014-08-25,13.38357,13.59347,13.20366,13.20366,51900,28,690438
2014-08-26,13.28362,13.60347,13.28362,13.60347,22900,16,308130
2014-08-27,13.45354,13.94331,13.45354,13.94331,27000,38,367295
2014-08-28,13.93331,13.99328,13.78338,13.78338,5900,19,82362
2014-08-29,13.63345,14.583,13.63345,14.48305,53600,26,770195
2014-09-01,14.49304,14.49304,14.29314,14.49304,279900,19,4030380
2014-09-02,14.49304,14.55301,14.29314,14.53302,13000,14,188417
2014-09-03,14.49304,14.59299,14.48305,14.50304,4277700,21,62068837
2014-09-04,14.59299,14.59299,14.30313,14.49304,47100,52,683050
2014-09-05,14.59299,14.59299,14.44306,14.49304,9200,18,133429
2014-09-08,14.49304,14.49304,14.39309,14.49304,5200,22,75390
2014-09-09,14.49304,14.49304,14.29314,14.49304,9300,9,133173
2014-09-10,14.44306,14.44306,13.99328,14.19318,19400,119,275896
2014-09-11,14.32312,14.32312,14.09323,14.29314,38200,17,545331
2014-09-12,14.49304,14.49304,14.39309,14.39309,200,2,2890
2014-09-15,14.49304,14.49304,13.99328,14.39309,14000,42,199448
2014-09-16,14.38309,14.49304,14.28314,14.48305,22200,14,320814
2014-09-17,14.49304,14.49304,14.14321,14.28314,13100,27,187585
2014-09-18,14.29314,14.29314,14.07324,14.25316,1300,5,18410
2014-09-19,14.29314,14.29314,14.04326,14.28314,1800,9,25613
2014-09-22,14.29314,14.29314,14.04326,14.04326,1000,5,14090
2014-09-23,14.29314,14.29314,14.09323,14.09323,300,2,4250
2014-09-24,14.29314,14.29314,14.04326,14.04326,1000,7,14107
2014-09-25,14.14321,14.14321,14.08324,14.09323,1900,7,26861
2014-09-26,14.09323,14.23317,13.99328,14.18319,4300,35,60849
2014-09-29,14.29314,14.29314,13.89333,14.07324,6500,8,90508
2014-09-30,14.05325,14.1632,13.85335,14.13321,5100,23,71319
2014-10-01,14.04326,14.04326,13.49352,13.49352,23500,32,320496
2014-10-02,13.65344,13.84335,13.61346,13.63345,3400,19,46698
2014-10-03,13.77339,13.77339,13.61346,13.69342,900,9,12322
2014-10-06,13.69342,13.69342,13.47353,13.69342,9300,23,126167
2014-10-07,13.49352,13.57348,13.48353,13.57348,5300,4,71557
2014-10-08,13.45354,13.55349,13.45354,13.55349,1500,6,20256
2014-10-09,13.49352,13.49352,13.30361,13.44354,6900,13,92047
2014-10-10,13.42355,13.42355,13.14369,13.3336,8000,17,105548
2014-10-13,13.26363,13.43355,13.05373,13.05373,4000,19,52555
2014-10-14,13.09371,13.27363,13.09371,13.27363,4100,18,54366
2014-10-15,13.29362,13.29362,13.26363,13.29362,800,8,10637
2014-10-16,13.49352,13.49352,12.83384,13.49352,7100,24,92051
2014-10-17,13.44354,13.44354,12.81385,13.44354,20500,59,267166
2014-10-20,13.49352,13.49352,12.99376,13.19366,11600,44,152588
2014-10-21,13.18367,13.18367,12.80385,13.03374,2300,14,29784
2014-10-22,13.07372,13.09371,13.07372,13.07372,800,6,10470
2014-10-23,13.08372,13.08372,12.93379,13.01375,1500,10,19509
2014-10-24,13.07372,13.07372,12.98377,13.04374,1800,10,23414
2014-10-27,13.29362,13.29362,12.59395,13.09371,8800,29,111961
2014-10-28,13.08372,13.08372,12.99376,13.08372,2600,15,33982
2014-10-29,13.08372,13.09371,12.99376,13.09371,900,8,11753
2014-10-30,13.03374,13.03374,12.99376,13.03374,800,8,10417
2014-10-31,13.08372,13.08372,12.99376,12.99376,3300,13,42918
2014-11-03,13.04374,13.09371,12.99376,12.99376,1100,10,14325
2014-11-04,12.99376,13.02375,12.99376,12.99376,500,5,6503
2014-11-05,13.06373,13.06373,12.9038,12.99376,1300,7,16875
2014-11-06,12.99376,12.99376,12.97377,12.99376,400,4,5198
2014-11-07,12.99376,12.99376,12.9138,12.94378,900,7,11655
2014-11-10,12.94378,12.94378,12.94378,12.94378,100,1,1295
2014-11-11,12.94378,12.94378,12.87382,12.89381,500,5,6453
2014-11-12,12.87382,12.89381,12.87382,12.89381,500,3,6444
2014-11-13,12.87382,12.89381,12.79386,12.79386,2500,7,32036
2014-11-14,12.77387,12.79386,12.494,12.67391,600,5,7612
2014-11-17,12.68391,12.6939,12.68391,12.68391,1100,3,13968
2014-11-18,12.68391,12.6939,12.68391,12.6939,200,2,2539
2014-11-19,12.6939,12.6939,12.66392,12.68391,400,4,5075
2014-11-21,12.66392,12.68391,12.65392,12.67391,800,5,10138
2014-11-24,12.67391,12.67391,12.65392,12.65392,8400,3,106346
2014-11-25,12.65392,12.65392,12.63393,12.65392,500,5,6328
2014-11-26,12.65392,12.65392,12.30409,12.38405,5200,5,64115
2014-11-27,12.37406,12.37406,12.37406,12.37406,100,1,1238
2014-11-28,12.36406,12.39405,11.89429,11.89429,9300,7,114693
2014-12-01,11.99424,11.99424,11.90428,11.90428,1700,4,20383
2014-12-02,11.89429,11.90428,11.84431,11.90428,2400,5,28553
2014-12-03,11.89429,11.89429,11.89429,11.89429,100,1,1190
2014-12-04,11.89429,11.89429,11.89429,11.89429,2900,3,34510
2014-12-05,11.88429,11.89429,11.8743,11.89429,500,4,5947
2014-12-08,11.88429,11.90428,11.88429,11.90428,300,3,3570
2014-12-09,11.89429,11.89429,11.89429,11.89429,200,2,2380
2014-12-10,11.8743,11.89429,11.55445,11.89429,2200,8,25908
2014-12-11,11.88429,11.89429,11.88429,11.89429,200,2,2379
2014-12-12,11.89429,11.89429,11.55445,11.89429,3300,10,38596
2014-12-15,11.89429,11.90428,11.61442,11.90428,2800,6,32661
2014-12-16,11.8743,11.8743,11.8743,11.8743,100,1,1188
2014-12-17,11.8743,11.8743,11.56445,11.8743,4201300,8,49911320
2014-12-18,11.68439,11.8743,11.68439,11.8643,600,4,7105
2014-12-19,11.85431,11.85431,11.53446,11.79434,3900,10,45852
2014-12-22,11.85431,11.8743,11.79434,11.8743,5400,41,63734
2014-12-23,11.79434,11.79434,11.79434,11.79434,100,1,1180
2014-12-26,11.71438,11.71438,11.71438,11.71438,100,1,1172
2014-12-29,11.71438,11.74436,11.71438,11.74436,400,4,4697
2014-12-30,11.73437,11.74436,11.69438,11.69438,8100,3,94779
2015-01-02,11.67439,11.69438,11.67439,11.69438,500,5,5848
2015-01-05,11.67439,11.67439,11.58444,11.64441,1000,10,11641
2015-01-06,11.64441,11.64441,11.51447,11.64441,700,7,8128
2015-01-07,11.63441,11.63441,11.63441,11.63441,100,1,1164
2015-01-08,11.63441,11.63441,11.31457,11.49448,6600,14,74935
2015-01-09,11.49448,11.49448,11.29458,11.29458,600,6,6820
2015-01-12,11.29458,11.29458,11.11466,11.19462,2000,11,22369
2015-01-13,11.18463,11.19462,11.08468,11.19462,1000,8,11151
2015-01-14,11.16464,11.19462,11.08468,11.16464,1300,11,14479
2015-01-15,11.16464,11.17463,11.09467,11.17463,2900,7,32380
2015-01-16,11.18463,11.18463,11.10467,11.17463,300,3,3348
2015-01-19,11.16464,11.16464,11.16464,11.16464,100,1,1117
2015-01-20,11.14465,11.14465,11.14465,11.14465,100,1,1115
2015-01-21,11.13465,11.14465,11.13465,11.14465,400,3,4458
2015-01-22,11.14465,11.14465,11.14465,11.14465,300,3,3345
2015-01-23,11.13465,11.14465,11.13465,11.14465,1300,13,14494
2015-01-26,11.13465,11.19462,10.8248,11.19462,323600,10,3602116
2015-01-27,11.19462,11.26459,10.87478,11.13465,53300,21,595071
2015-01-28,11.17463,11.2446,10.99472,11.20462,46700,19,523004
2015-01-29,11.19462,11.37454,11.19462,11.37454,45500,16,510927
2015-01-30,11.38453,11.54446,11.38453,11.54446,6000,5,68422
2015-02-02,11.62442,11.62442,11.62442,11.62442,100,1,1163
2015-02-03,11.64441,11.8643,11.64441,11.8643,3300,13,38605
2015-02-04,11.78434,11.8743,11.29458,11.8743,1200,11,13871
2015-02-05,11.95426,12.22413,11.8743,12.22413,2700,4,32127
2015-02-06,12.30409,12.30409,12.30409,12.30409,300,3,3693
2015-02-09,12.22413,12.22413,12.06421,12.06421,300,3,3645
2015-02-10,12.05421,12.05421,11.81433,11.81433,800,8,9536
2015-02-11,11.73437,11.73437,11.73437,11.73437,100,1,1174
2015-02-12,11.81433,11.81433,11.81433,11.81433,100,1,1182
2015-02-13,11.73437,11.73437,11.47449,11.47449,900,8,10435
2015-02-18,11.49448,11.99424,11.49448,11.99424,6200,14,73040
2015-02-19,12.00424,12.53398,12.00424,12.44402,5800,9,71666
2015-02-20,12.494,12.80385,12.494,12.6939,1200,8,15290
2015-02-23,12.78386,12.99376,12.78386,12.99376,167700,12,2180079
2015-02-24,13.07372,13.07372,12.99376,12.99376,300,3,3908
2015-02-25,12.99376,12.99376,12.40404,12.99376,7400,18,94188
2015-02-26,12.99376,13.03374,12.97377,13.03374,300,3,3902
2015-02-27,13.03374,13.04374,12.89381,12.99376,1400,7,18226
2015-03-02,12.99376,13.00376,12.60395,12.89381,3000,21,38286
2015-03-03,12.89381,12.94378,12.89381,12.94378,200,2,2585
2015-03-04,12.94378,12.94378,12.94378,12.94378,1200,3,15540
2015-03-05,13.03374,13.03374,13.03374,13.03374,100,1,1304
2015-03-06,12.94378,12.94378,12.94378,12.94378,100,1,1295
2015-03-09,12.94378,12.94378,12.74388,12.75388,1100,6,14088
2015-03-10,12.76387,12.76387,12.54398,12.55397,2400,15,30205
2015-03-11,12.54398,12.78386,12.494,12.78386,800,4,10040
2015-03-12,12.78386,12.78386,12.78386,12.78386,100,1,1279
2015-03-13,12.77387,12.77387,12.77387,12.77387,100,1,1278
2015-03-16,12.77387,12.77387,12.45402,12.74388,2400,12,30132
2015-03-17,12.78386,12.78386,12.42403,12.47401,3000,13,37634
2015-03-18,12.47401,12.58396,12.2941,12.2941,2000,9,24687
2015-03-19,12.30409,12.43403,12.30409,12.35407,1000,10,12361
2015-03-20,12.36406,12.37406,12.2941,12.2941,2800,15,34583
2015-03-23,12.30409,12.68391,12.30409,12.61394,1800,13,22558
2015-03-24,12.61394,12.98377,12.60395,12.98377,6000,10,77275
2015-03-25,12.94378,12.99376,12.94378,12.94378,300,3,3890
2015-03-26,12.99376,12.99376,12.98377,12.98377,200,2,2599
2015-03-27,12.97377,12.98377,12.89381,12.89381,300,3,3887
2015-03-30,12.99376,12.99376,12.98377,12.98377,600,6,7795
2015-03-31,12.99376,12.99376,12.94378,12.94378,300,2,3890
2015-04-01,12.98377,12.98377,12.98377,12.98377,300,3,3897
2015-04-02,12.98377,12.98377,12.98377,12.98377,4000,9,51960
2015-04-06,12.99376,12.99376,12.98377,12.98377,200,2,2599
2015-04-07,12.99376,12.99376,12.99376,12.99376,100,1,1300
2015-04-08,12.99376,13.04374,12.99376,12.99376,9000,18,117010
2015-04-09,12.9038,12.9038,12.9038,12.9038,100,1,1291
2015-04-10,12.99376,12.99376,12.99376,12.99376,1600,5,20800
2015-04-13,12.99376,12.99376,12.7139,12.7139,1100,9,14145
2015-04-14,12.97377,12.97377,12.97377,12.97377,200,2,2596
2015-04-15,12.98377,12.98377,12.98377,12.98377,100,1,1299
2015-04-16,12.98377,12.98377,12.98377,12.98377,100,1,1299
2015-04-17,12.66392,12.99376,12.66392,12.99376,2000,7,25766
2015-04-20,12.99376,12.99376,12.99376,12.99376,100,1,1300
2015-04-22,12.98377,12.98377,12.80385,12.80385,400,4,5160
2015-04-23,12.98377,12.98377,12.89381,12.89381,500,5,6486
2015-04-24,12.89381,12.9038,12.89381,12.9038,500,3,6451
2015-04-27,12.98377,12.98377,12.98377,12.98377,300,3,3897
2015-04-28,12.98377,13.04374,12.67391,12.76387,8600,9,111936
2015-04-29,12.97377,12.97377,12.62394,12.62394,500,5,6431
2015-04-30,12.96378,12.96378,12.96378,12.96378,100,1,1297
2015-05-04,12.96378,12.96378,12.96378,12.96378,100,1,1297
2015-05-05,12.98377,12.98377,12.89381,12.89381,400,3,5169
2015-05-06,12.97377,12.97377,12.88381,12.88381,200,2,2587
2015-05-07,12.78386,12.78386,12.78386,12.78386,100,1,1279
2015-05-08,12.78386,12.79386,12.78386,12.79386,800,8,10233
2015-05-11,12.79386,12.79386,12.79386,12.79386,100,1,1280
2015-05-12,12.98377,12.99376,12.89381,12.89381,27700,16,360018
2015-05-13,12.98377,12.98377,12.98377,12.98377,100,1,1299
2015-05-14,12.98377,12.98377,12.79386,12.79386,4400,7,56349
2015-05-15,12.98377,12.98377,12.97377,12.98377,400,4,5194
2015-05-18,12.98377,12.98377,12.64393,12.64393,6400,13,81882
2015-05-19,12.96378,12.96378,12.87382,12.93379,400,4,5167
2015-05-20,12.98377,12.98377,12.65392,12.97377,400,4,5162
2015-05-21,12.98377,12.98377,12.65392,12.97377,1700,6,21927
2015-05-22,12.97377,12.97377,12.65392,12.65392,900,7,11504
2015-05-25,12.97377,12.97377,12.65392,12.97377,1200,8,15433
2015-05-26,12.98377,12.98377,12.6939,12.89381,1900,11,24297
2015-05-27,12.97377,12.97377,12.65392,12.97377,700,7,9022
2015-05-28,12.97377,12.97377,12.7039,12.7039,500,2,6382
2015-05-29,12.97377,12.97377,12.64393,12.97377,500,4,6415
2015-06-01,12.97377,12.97377,12.65392,12.96378,600,3,7659
2015-06-02,12.97377,12.97377,12.82384,12.82384,500,4,6444
2015-06-03,12.93379,12.93379,12.93379,12.93379,100,1,1294
2015-06-05,12.9038,12.9038,12.9038,12.9038,100,1,1291
2015-06-08,12.9038,12.9038,12.89381,12.89381,500,3,6451
2015-06-09,12.9038,12.9038,12.7039,12.7039,700,3,8937
2015-06-10,12.89381,12.89381,12.80385,12.86382,300,3,3858
2015-06-11,12.97377,12.97377,12.6939,12.78386,2000,14,25563
2015-06-12,12.98377,12.98377,12.65392,12.89381,1300,7,16588
2015-06-15,12.9038,12.9038,12.64393,12.64393,1200,6,15288
2015-06-16,12.89381,12.89381,12.65392,12.78386,1500,10,19109
2015-06-17,12.83384,12.83384,12.64393,12.76387,1100,6,14000
2015-06-18,12.83384,12.83384,12.64393,12.76387,900,4,11421
2015-06-19,12.82384,12.82384,12.39405,12.39405,9400,77,118095
2015-06-22,12.494,12.494,12.494,12.494,100,1,1250
2015-06-23,12.66392,12.66392,12.57396,12.65392,1000,5,12646
2015-06-24,12.67391,12.67391,12.42403,12.54398,1200,8,15013
2015-06-25,12.63393,12.63393,12.63393,12.63393,100,1,1264
2015-06-26,12.39405,12.54398,12.39405,12.41404,6700,15,84027
2015-06-29,12.41404,12.41404,12.39405,12.39405,200,2,2482
2015-06-30,12.59395,12.59395,12.39405,12.39405,400,3,4991
2015-07-01,12.39405,12.64393,12.39405,12.64393,200,2,2505
2015-07-02,12.504,12.504,12.494,12.494,200,2,2501
2015-07-03,12.504,12.504,12.504,12.504,100,1,1251
2015-07-06,12.504,12.504,12.504,12.504,200,2,2502
2015-07-07,12.58396,12.58396,12.58396,12.58396,100,1,1259
2015-07-08,12.58396,12.58396,12.58396,12.58396,100,1,1259
2015-07-10,12.59395,12.59395,12.58396,12.58396,1500,4,18888
2015-07-13,12.60395,12.64393,12.59395,12.59395,5100,3,64506
2015-07-14,12.58396,12.64393,12.58396,12.64393,200,2,2524
2015-07-16,12.98377,12.98377,12.98377,12.98377,100,1,1299
2015-07-17,12.98377,12.98377,12.40404,12.494,2000,11,25012
2015-07-20,12.59395,12.59395,12.59395,12.59395,100,1,1260
2015-07-21,12.97377,12.97377,12.61394,12.61394,300,3,3830
2015-07-22,12.98377,12.98377,12.98377,12.98377,100,1,1299
2015-07-23,12.93379,12.93379,12.31409,12.47401,4400,12,54628
2015-07-24,12.82384,12.82384,12.2941,12.2941,300,3,3760
2015-07-27,12.484,12.484,12.14417,12.14417,200,2,2464
2015-07-28,12.20414,12.20414,12.19414,12.19414,200,2,2441
2015-07-29,12.20414,12.47401,12.20414,12.47401,300,2,3717
2015-07-30,12.44402,12.44402,12.44402,12.44402,100,1,1245
2015-07-31,12.97377,12.97377,12.39405,12.39405,400,4,5044
2015-08-03,12.72389,12.72389,12.72389,12.72389,100,1,1273
2015-08-04,12.97377,12.97377,12.504,12.504,1200,7,15078
2015-08-05,12.95378,12.95378,12.484,12.484,2000,3,25027
2015-08-06,12.94378,12.94378,12.21414,12.484,600,5,7521
2015-08-07,12.47401,12.494,12.47401,12.494,1100,5,13743
2015-08-10,12.97377,12.97377,12.97377,12.97377,100,1,1298
2015-08-11,12.97377,12.97377,12.58396,12.59395,300300,4,3780818
2015-08-12,12.97377,12.97377,12.59395,12.59395,200,2,2558
2015-08-13,12.97377,12.97377,12.59395,12.6939,5300,4,66829
2015-08-14,12.6939,12.6939,12.504,12.504,1300,5,16453
2015-08-17,12.6939,12.6939,12.6939,12.6939,900,2,11430
2015-08-18,12.95378,12.95378,12.95378,12.95378,100,1,1296
2015-08-19,12.78386,12.78386,12.78386,12.78386,100,1,1279
2015-08-20,12.77387,12.79386,12.77387,12.79386,200,2,2558
2015-08-21,12.78386,12.78386,12.77387,12.78386,4000,6,51159
2015-08-24,12.79386,12.79386,12.42403,12.79386,1400,5,17729
2015-08-25,12.79386,12.79386,12.79386,12.79386,100,1,1280
2015-08-26,12.79386,12.79386,12.79386,12.79386,100,1,1280
2015-08-27,12.79386,12.79386,12.79386,12.79386,100,1,1280
2015-08-28,12.79386,12.79386,12.79386,12.79386,100,1,1280
2015-08-31,12.79386,12.79386,12.79386,12.79386,100,1,1280
2015-09-01,12.79386,12.79386,12.79386,12.79386,100,1,1280
2015-09-02,12.79386,12.79386,12.79386,12.79386,100,1,1280
2015-09-03,12.96378,12.96378,12.96378,12.96378,100,1,1297
2015-09-04,12.96378,12.96378,12.96378,12.96378,100,1,1297
2015-09-08,12.96378,12.96378,12.96378,12.96378,100,1,1297
2015-09-09,12.96378,12.96378,12.96378,12.96378,100,1,1297
2015-09-10,12.98377,12.98377,12.494,12.86382,2400,6,30301
2015-09-11,12.89381,12.89381,12.2941,12.63393,6700,6,83857
2015-09-14,12.98377,12.98377,12.63393,12.63393,200,2,2563
2015-09-15,12.97377,12.97377,12.68391,12.68391,800,4,10181
2015-09-16,12.87382,12.87382,12.7039,12.7139,700,4,8918
2015-09-17,12.97377,12.97377,12.7039,12.7039,200,2,2569
2015-09-18,12.94378,12.94378,12.7039,12.7039,300,3,3838
2015-09-21,12.96378,12.96378,12.96378,12.96378,100,1,1297
2015-09-22,12.98377,12.98377,12.98377,12.98377,100,1,1299
2015-09-23,12.97377,12.97377,12.97377,12.97377,100,1,1298
2015-09-24,12.98377,12.98377,12.98377,12.98377,100,1,1299
2015-09-25,12.82384,12.82384,12.82384,12.82384,100,1,1283
2015-09-28,12.97377,12.97377,12.7139,12.7139,200,2,2570
2015-09-29,12.97377,12.97377,12.7139,12.7139,200,2,2570
2015-09-30,12.97377,12.97377,12.7139,12.7139,200,2,2570
2015-10-01,12.97377,12.97377,12.34407,12.34407,800,3,9980
2015-10-02,12.97377,12.97377,12.7139,12.7139,200,2,2570
2015-10-05,12.97377,12.97377,12.7139,12.7139,400,3,5114
2015-10-06,12.97377,12.97377,12.7139,12.7139,200,2,2570
2015-10-07,12.97377,12.97377,12.7139,12.7139,300,3,3842
2015-10-08,12.96378,12.96378,12.7139,12.7139,200,2,2569
2015-10-09,12.96378,12.96378,12.7139,12.7139,500,2,6385
2015-10-13,12.98377,12.98377,12.7139,12.7139,400,2,5115
2015-10-14,12.97377,12.97377,12.97377,12.97377,100,1,1298
2015-10-15,12.6939,12.6939,12.6939,12.6939,100,1,1270
2015-10-16,12.6939,12.6939,12.6939,12.6939,100,1,1270
2015-10-19,12.6939,12.6939,12.25412,12.59395,6800,10,84040
2015-10-20,12.68391,12.68391,12.68391,12.68391,100,1,1269
2015-10-21,12.66392,12.66392,12.66392,12.66392,100,1,1267
2015-10-22,12.56397,12.56397,12.56397,12.56397,100,1,1257
2015-10-23,12.88381,12.88381,12.58396,12.58396,200,2,2548
2015-10-26,12.88381,12.88381,12.15416,12.44402,2400,9,29527
2015-10-27,12.47401,12.47401,12.47401,12.47401,100,1,1248
2015-10-28,12.74388,12.74388,12.484,12.484,300,3,3773
2015-10-29,12.77387,12.77387,12.14417,12.47401,1600,7,19668
2015-10-30,12.494,12.494,12.15416,12.15416,200,2,2466
2015-11-03,12.44402,12.44402,12.44402,12.44402,100,1,1245
2015-11-04,12.38405,12.44402,12.38405,12.44402,200,2,2484
2015-11-05,12.37406,12.37406,12.37406,12.37406,100,1,1238
2015-11-06,12.36406,12.36406,12.36406,12.36406,100,1,1237
2015-11-09,12.36406,12.36406,12.36406,12.36406,100,1,1237
2015-11-10,12.32408,12.32408,12.32408,12.32408,100,1,1233
2015-11-11,12.31409,12.31409,12.31409,12.31409,100,1,1232
2015-11-12,12.32408,12.33408,12.32408,12.33408,200,2,2467
2015-11-13,12.89381,12.89381,12.33408,12.33408,1600,3,19810
2015-11-16,12.81385,12.81385,11.19462,11.19462,29500,38,346590
2015-11-17,11.49448,11.49448,11.37454,11.37454,400,3,4586
2015-11-18,11.64441,11.64441,11.34455,11.34455,300,3,3443
2015-11-19,11.33456,11.33456,11.19462,11.19462,500,4,5642
2015-11-23,11.34455,11.34455,11.19462,11.19462,700,3,7855
2015-11-24,11.18463,11.18463,10.89477,10.89477,300,2,3299
2015-11-25,10.8348,10.87478,10.8348,10.87478,200,2,2172
2015-11-26,10.81481,10.86478,10.81481,10.86478,200,2,2169
2015-11-27,10.86478,10.99472,10.86478,10.99472,300,3,3287
2015-11-30,10.94474,10.94474,10.94474,10.94474,100,1,1095
2015-12-01,10.92475,10.92475,10.81481,10.81481,500,4,5431
2015-12-02,10.81481,10.81481,10.81481,10.81481,100,1,1082
2015-12-03,10.8348,10.99472,10.8348,10.99472,200,2,2184
2015-12-04,10.92475,10.94474,10.89477,10.89477,300,3,3278
2015-12-07,10.92475,10.94474,10.89477,10.89477,500,5,5464
2015-12-08,10.92475,10.99472,10.92475,10.99472,300,3,3286
2015-12-09,10.30505,10.89477,10.22509,10.89477,1300,8,13637
2015-12-10,10.89477,10.89477,10.89477,10.89477,100,1,1090
2015-12-11,10.88477,11.14465,10.88477,10.99472,15100,15,166123
2015-12-14,10.99472,11.00472,10.99472,11.00472,14600,6,160605
2015-12-15,11.28458,11.30457,11.15464,11.30457,300,3,3376
2015-12-16,10.99472,11.2346,10.99472,11.2346,200,2,2224
2015-12-17,11.38453,11.38453,11.2346,11.2346,400,3,4511
2015-12-18,10.99472,11.00472,10.99472,10.99472,600,5,6604
2015-12-21,10.94474,10.94474,10.94474,10.94474,100,1,1095
2015-12-22,10.95474,10.99472,10.95474,10.99472,2200,3,24136
2015-12-23,11.19462,11.19462,10.99472,11.00472,2800,6,31011
2015-12-28,11.29458,11.29458,11.29458,11.29458,400,1,4520
2015-12-29,11.31457,11.31457,11.31457,11.31457,100,1,1132
2015-12-30,11.49448,11.49448,11.49448,11.49448,100,1,1150
2016-01-04,11.89429,11.89429,11.89429,11.89429,100,1,1190
2016-01-05,11.89429,11.89429,11.89429,11.89429,100,1,1190
2016-01-06,11.88429,11.88429,11.88429,11.88429,100,1,1189
2016-01-07,11.8643,11.88429,11.32456,11.88429,700,6,8167
2016-01-08,11.8743,11.88429,11.00472,11.00472,1500,9,17001
2016-01-11,11.02471,11.8743,11.00472,11.49448,13300,19,150517
2016-01-12,11.49448,11.49448,11.28458,11.28458,2100,2,23730
2016-01-13,11.8643,11.8643,11.51447,11.51447,200,2,2339
2016-01-14,11.88429,11.88429,11.33456,11.51447,5300,4,60195
2016-01-15,11.8743,11.8743,11.29458,11.29458,600,6,6896
2016-01-18,11.48449,11.48449,11.48449,11.48449,100,1,1149
2016-01-19,11.48449,11.48449,11.09467,11.09467,800,5,8949
2016-01-20,11.39453,11.39453,11.39453,11.39453,100,1,1140
2016-01-21,11.48449,11.48449,11.48449,11.48449,100,1,1149
2016-01-22,11.48449,11.48449,11.48449,11.48449,100,1,1149
2016-01-26,11.49448,11.49448,11.19462,11.49448,400,4,4570
2016-01-27,11.49448,11.49448,11.49448,11.49448,100,1,1150
2016-01-28,11.49448,11.49448,11.34455,11.34455,400,2,4555
2016-01-29,11.49448,11.69438,11.28458,11.54446,41500,20,473564
2016-02-01,11.4545,11.4545,11.4545,11.4545,25000,3,286500
2016-02-02,11.40452,11.40452,11.40452,11.40452,100,1,1141
2016-02-03,11.39453,11.4445,11.09467,11.4445,18900,23,210798
2016-02-04,11.54446,11.54446,11.54446,11.54446,100,1,1155
2016-02-05,11.49448,11.49448,11.34455,11.34455,200,2,2285
2016-02-10,11.64441,11.64441,11.64441,11.64441,100,1,1165
2016-02-11,11.15464,11.47449,11.15464,11.47449,200,2,2264
2016-02-12,11.59443,11.59443,11.35455,11.54446,1300,3,15001
2016-02-15,11.58444,11.58444,11.35455,11.40452,1100,6,12575
2016-02-16,11.58444,11.58444,11.40452,11.40452,1300,2,14851
2016-02-17,11.58444,11.58444,11.58444,11.58444,100,1,1159
2016-02-18,11.99424,11.99424,11.08468,11.58444,2300,9,25863
2016-02-19,12.484,12.484,11.35455,11.6544,500,5,5823
2016-02-22,12.39405,12.39405,11.40452,11.69438,800,6,9375
2016-02-23,11.98425,11.98425,11.43451,11.97425,500,5,5884
2016-02-24,11.97425,11.97425,11.97425,11.97425,100,1,1198
2016-02-25,11.96426,11.96426,11.96426,11.96426,100,1,1197
2016-02-26,11.97425,11.97425,11.08468,11.08468,500,4,5807
2016-02-29,11.96426,11.96426,11.4545,11.4545,200,2,2343
2016-03-01,11.88429,11.88429,11.4445,11.4545,3700,5,42444
2016-03-02,11.4545,11.4545,11.13465,11.4445,300,3,3405
2016-03-03,11.74436,11.99424,11.43451,11.99424,8800,15,102372
2016-03-04,12.09419,12.09419,12.09419,12.09419,100,1,1210
2016-03-07,12.494,12.494,12.06421,12.06421,200,2,2457
2016-03-08,12.09419,12.494,12.09419,12.494,3000,4,37460
2016-03-09,12.97377,12.97377,12.26411,12.494,600,5,7507
2016-03-10,12.74388,12.74388,12.21414,12.2941,400,4,4957
2016-03-11,12.494,12.60395,12.26411,12.60395,500,5,6237
2016-03-14,12.93379,12.93379,12.77387,12.77387,200,2,2572
2016-03-15,12.95378,12.95378,12.72389,12.72389,200,2,2569
2016-03-16,12.98377,12.98377,12.14417,12.79386,1100,6,13565
2016-03-17,12.96378,12.96378,12.15416,12.65392,6900,14,85404
2016-03-18,12.88381,12.88381,12.88381,12.88381,100,1,1289
2016-03-21,12.96378,12.96378,12.484,12.92379,800,6,10115
2016-03-22,12.96378,12.96378,12.59395,12.95378,1200,3,15193
2016-03-23,12.95378,12.95378,12.62394,12.93379,300,3,3853
2016-03-24,12.96378,12.96378,12.62394,12.96378,400,3,5120
2016-03-28,12.98377,12.98377,12.59395,12.89381,800,4,10307
2016-03-29,12.97377,12.97377,12.62394,12.97377,400,4,5157
2016-03-30,12.84383,12.84383,12.62394,12.84383,300,3,3833
2016-03-31,12.88381,12.88381,12.61394,12.87382,1500,5,18995
2016-04-01,12.87382,12.98377,12.27411,12.64393,8200,16,103270
2016-04-04,12.65392,12.65392,12.65392,12.65392,700,5,8862
2016-04-05,12.65392,12.65392,12.0842,12.494,6300,13,77654
2016-04-06,12.58396,12.58396,12.47401,12.47401,200,2,2507
2016-04-07,12.59395,12.59395,12.26411,12.59395,800,4,10013
2016-04-08,12.96378,12.96378,12.59395,12.78386,600,4,7617
2016-04-11,12.78386,12.78386,12.67391,12.78386,400,4,5105
2016-04-12,12.97377,12.97377,12.57396,12.57396,500,3,6345
2016-04-13,12.77387,12.77387,12.73388,12.73388,200,2,2552
2016-04-14,12.6939,12.6939,12.59395,12.62394,700,3,8845
2016-04-15,12.97377,12.97377,12.62394,12.62394,200,2,2561
2016-04-18,12.78386,12.78386,12.494,12.54398,600,3,7539
2016-04-19,12.78386,12.78386,12.78386,12.78386,100,1,1279
2016-04-20,12.66392,12.67391,12.66392,12.67391,200,2,2535
2016-04-22,12.98377,12.98377,12.67391,12.67391,200,2,2567
2016-04-25,12.34407,12.96378,12.34407,12.67391,11500,13,145674
2016-04-26,12.97377,12.97377,12.86382,12.86382,1300,3,16742
2016-04-27,12.97377,12.97377,12.80385,12.80385,1100,3,14193
2016-04-28,12.97377,12.97377,12.97377,12.97377,100,1,1298
2016-04-29,12.6939,12.97377,12.6939,12.97377,500,4,6392
2016-05-02,12.98377,12.98377,12.6939,12.97377,900,6,11537
2016-05-03,12.97377,12.97377,12.97377,12.97377,100,1,1298
2016-05-04,12.6939,12.97377,12.6939,12.96378,1500,8,19226
2016-05-05,12.97377,12.97377,12.6939,12.86382,1200,8,15380
2016-05-06,12.93379,12.93379,12.87382,12.87382,300,3,3870
2016-05-09,12.97377,12.97377,12.87382,12.87382,200,2,2586
2016-05-10,12.97377,12.97377,12.87382,12.87382,8200,5,105628
2016-05-11,12.97377,12.97377,12.87382,12.94378,400,3,5169
2016-05-12,12.94378,12.97377,12.89381,12.89381,13107700,21,170137791
2016-05-13,12.98377,12.98377,12.94378,12.94378,38200,3,494694
2016-05-16,12.98377,12.98377,12.73388,12.83384,400,4,5141
2016-05-17,12.83384,12.97377,12.65392,12.65392,4900,18,63385
2016-05-18,11.14465,12.98377,11.14465,12.98377,2100,12,26484
2016-05-19,12.9038,12.9038,12.88381,12.88381,1400,3,18048
2016-05-20,12.88381,12.88381,12.87382,12.87382,1500,5,19321
2016-05-23,12.98377,12.98377,12.98377,12.98377,100,1,1299
2016-05-24,12.98377,12.98377,12.63393,12.66392,1200,8,15278
2016-05-25,12.89381,12.89381,12.21414,12.46402,6900,18,86588
2016-05-27,12.57396,12.57396,12.19414,12.47401,1400,11,17324
2016-05-30,12.44402,12.44402,12.34407,12.34407,700,5,8655
2016-05-31,12.41404,12.41404,12.39405,12.39405,200,2,2482
2016-06-01,12.38405,12.38405,12.38405,12.38405,100,1,1239
2016-06-02,12.38405,12.494,12.38405,12.494,1300,3,16239
2016-06-03,12.494,12.494,12.494,12.494,100,1,1250
2016-06-06,12.484,12.484,12.24412,12.484,500,5,6198
2016-06-07,12.47401,12.47401,12.47401,12.47401,100,1,1248
2016-06-08,12.45402,12.45402,12.27411,12.27411,1200,6,14768
2016-06-09,12.27411,12.27411,12.27411,12.27411,100,1,1228
2016-06-10,12.27411,12.27411,11.79434,11.79434,200,2,2408
2016-06-13,11.94426,11.99424,11.94426,11.99424,300,3,3592
2016-06-14,11.94426,11.96426,11.94426,11.96426,200,2,2392
2016-06-15,12.02423,12.02423,11.59443,11.59443,300,3,3558
2016-06-16,11.93427,11.93427,11.56445,11.56445,2200,15,25638
2016-06-17,11.61442,11.61442,11.47449,11.61442,1100,4,12726
2016-06-20,11.59443,11.59443,11.4445,11.49448,2700,8,31258
2016-06-21,11.49448,11.49448,11.49448,11.49448,100,1,1150
2016-06-22,11.49448,11.63441,11.49448,11.59443,300,3,3474
2016-06-23,11.59443,11.73437,11.58444,11.59443,500,5,5813
2016-06-24,11.59443,11.59443,11.2446,11.2446,3800,13,42947
2016-06-27,10.99472,11.14465,10.74484,10.74484,2100,10,23239
2016-06-28,10.75484,10.75484,10.74484,10.74484,200,2,2151
2016-06-29,10.75484,10.75484,10.75484,10.75484,100,1,1076
2016-06-30,10.6149,11.49448,10.51495,11.49448,17600,28,192598
2016-07-01,11.41452,11.41452,10.79482,10.89477,11700,13,126603
2016-07-04,11.14465,11.53446,10.99472,11.19462,18800,16,215497
2016-07-05,11.19462,11.19462,11.19462,11.19462,100,1,1120
2016-07-06,10.99472,10.99472,10.94474,10.94474,2200,8,24175
2016-07-07,10.84479,11.01471,10.84479,11.01471,300,2,3289
2016-07-08,11.02471,11.19462,11.02471,11.19462,3600,7,40151
2016-07-11,11.19462,11.19462,11.19462,11.19462,1000,1,11200
2016-07-12,11.59443,11.59443,11.19462,11.19462,300,3,3401
2016-07-13,11.20462,11.31457,11.19462,11.19462,700,7,7865
2016-07-14,11.19462,11.19462,11.19462,11.19462,100,1,1120
2016-07-15,11.18463,11.18463,11.18463,11.18463,100,1,1119
2016-07-18,11.0347,11.29458,11.0347,11.29458,1500,3,16664
2016-07-19,11.99424,11.99424,11.35455,11.35455,1000,5,11488
2016-07-20,11.2446,11.2446,11.2446,11.2446,800,2,9000
2016-07-22,11.35455,11.35455,11.35455,11.35455,100,1,1136
2016-07-25,11.35455,11.35455,11.0347,11.33456,1300,5,14446
2016-07-26,11.32456,11.32456,11.28458,11.28458,200,2,2262
2016-07-27,10.99472,10.99472,10.99472,10.99472,100,1,1100
2016-07-28,10.99472,10.99472,10.86478,10.89477,6900,12,75652
2016-07-29,10.94474,10.94474,10.93475,10.94474,7400,7,80982
2016-08-01,11.60443,11.60443,10.97473,10.97473,500,5,5609
2016-08-02,10.89477,10.89477,10.79482,10.79482,1600,4,17330
2016-08-03,10.89477,10.89477,10.69486,10.69486,200,2,2160
2016-08-04,10.59491,10.74484,10.59491,10.74484,500,4,5360
2016-08-05,10.69486,10.84479,10.54494,10.74484,1300,9,13861
2016-08-08,10.79482,10.79482,10.74484,10.76483,500,5,5392
2016-08-09,10.79482,10.79482,10.74484,10.74484,200,2,2155
2016-08-10,10.78482,10.78482,10.69486,10.69486,800,4,8609
2016-08-11,10.69486,10.78482,10.69486,10.70486,3600,10,38722
2016-08-12,10.99472,10.99472,10.64489,10.77483,900,6,9657
2016-08-15,11.60443,11.60443,10.98472,10.98472,3000,4,34764
2016-08-16,10.98472,11.05469,10.90476,10.94474,8200,18,90580
2016-08-17,10.94474,11.05469,10.94474,11.05469,2000,4,22109
2016-08-18,10.92475,11.08468,10.92475,11.08468,600,3,6602
2016-08-19,10.93475,10.96474,10.92475,10.96474,2800,7,30661
2016-08-22,10.92475,10.96474,10.84479,10.96474,5400,12,59201
2016-08-23,10.96474,10.96474,10.95474,10.95474,3100,3,34001
2016-08-24,10.97473,11.13465,10.97473,10.97473,1100,10,12122
2016-08-25,10.97473,11.13465,10.97473,10.97473,2800,5,30761
2016-08-26,10.88477,10.97473,10.49496,10.49496,15900,14,174300
2016-08-29,10.98472,11.89429,10.98472,10.99472,20400,44,235778
2016-08-30,11.07468,11.07468,11.00472,11.00472,2300,5,25393
2016-08-31,10.98472,10.99472,10.98472,10.99472,300,2,3299
2016-09-01,10.89477,11.09467,10.79482,10.99472,6100,9,67316
2016-09-02,11.12466,11.2346,11.10467,11.2346,800,5,8920
2016-09-05,11.2346,11.39453,11.2346,11.39453,2700,10,30551
2016-09-06,11.09467,11.39453,11.09467,11.2346,1200,3,13490
2016-09-08,11.30457,11.30457,11.14465,11.26459,4200,10,46889
2016-09-09,11.29458,11.29458,10.99472,10.99472,5800,5,64600
2016-09-12,10.99472,10.99472,10.99472,10.99472,400,2,4400
2016-09-13,10.99472,10.99472,10.80481,10.80481,2400,4,26152
2016-09-14,10.80481,10.84479,10.66488,10.84479,4000,10,43177
2016-09-15,10.84479,10.84479,10.31505,10.8348,17800,26,191229
2016-09-16,10.84479,10.87478,10.54494,10.54494,15400,23,165171
2016-09-19,10.51495,10.89477,10.51495,10.89477,1900,13,20092
2016-09-20,10.89477,10.89477,10.89477,10.89477,100,1,1090
2016-09-21,10.88477,10.88477,10.88477,10.88477,100,1,1089
2016-09-22,10.89477,10.89477,10.88477,10.88477,300,3,3269
2016-09-23,10.75484,10.75484,10.75484,10.75484,200,2,2152
2016-09-26,10.76483,11.30457,10.76483,11.29458,9000,10,99446
2016-09-27,11.4545,11.4545,11.29458,11.29458,14400,20,162772
2016-09-28,11.29458,11.29458,11.28458,11.28458,200,2,2259
2016-09-29,11.4445,11.4445,11.19462,11.19462,400,4,4535
2016-09-30,11.2446,11.54446,11.2446,11.54446,1100,7,12628
2016-10-03,11.51447,11.51447,10.59491,11.2446,1400,8,15620
2016-10-04,11.2446,11.2446,11.2446,11.2446,600,4,6750
2016-10-05,11.2446,11.29458,11.2446,11.29458,2500,2,28215
2016-10-06,11.29458,11.30457,11.29458,11.29458,500,5,5651
2016-10-07,11.30457,11.30457,11.01471,11.01471,400,4,4494
2016-10-10,11.10467,11.10467,11.09467,11.09467,300,3,3331
2016-10-11,11.09467,11.11466,11.08468,11.09467,13800,25,153181
2016-10-13,11.0447,11.0447,11.0447,11.0447,100,1,1105
2016-10-14,11.0447,11.49448,11.0447,11.49448,2000,4,22915
2016-10-17,11.48449,11.48449,11.2446,11.31457,300,3,3406
2016-10-18,11.2446,11.2446,11.0447,11.0447,500,4,5603
2016-10-19,11.05469,11.2346,11.05469,11.2346,200,2,2230
2016-10-20,11.2446,11.54446,11.0447,11.0447,6100,9,68305
2016-10-21,11.05469,11.2346,11.05469,11.2346,200,2,2230
2016-10-24,11.49448,11.49448,11.34455,11.48449,300,3,3434
2016-10-25,11.50448,11.50448,11.17463,11.17463,300,3,3394
2016-10-26,11.08468,11.2346,11.08468,11.2346,200,2,2233
2016-10-27,11.08468,11.47449,11.08468,11.47449,1800,5,20257
2016-10-28,11.47449,11.47449,11.47449,11.47449,1600,2,18368
2016-10-31,11.74436,11.74436,11.26459,11.26459,200,2,2302
2016-11-01,11.09467,11.52447,11.08468,11.52447,800,5,8979
2016-11-03,11.35455,11.35455,11.19462,11.19462,200,2,2256
2016-11-04,11.09467,11.74436,11.09467,11.74436,6100,5,69274
2016-11-07,11.74436,11.74436,11.57444,11.59443,7700,5,89593
2016-11-08,11.73437,11.73437,11.56445,11.59443,5200,3,60184
2016-11-09,11.74436,11.74436,11.28458,11.28458,1600,6,18536
2016-11-10,11.28458,11.29458,11.28458,11.28458,5400,5,60967
2016-11-11,11.58444,11.58444,11.08468,11.08468,900,5,10036
2016-11-14,11.08468,11.14465,11.08468,11.08468,11300,12,125323
2016-11-16,11.08468,11.08468,10.99472,10.99472,3800,3,41809
2016-11-17,11.43451,11.43451,10.99472,11.00472,4200,6,46254
2016-11-18,11.00472,11.00472,11.00472,11.00472,100,1,1101
2016-11-21,11.41452,11.49448,11.00472,11.00472,2100,13,23827
2016-11-22,10.90476,11.11466,10.90476,11.11466,200,2,2203
2016-11-23,11.01471,11.09467,10.89477,10.89477,1500,7,16493
2016-11-24,10.90476,11.17463,10.89477,11.17463,6600,6,72763
2016-11-25,10.99472,10.99472,10.95474,10.95474,200,2,2196
2016-11-28,10.94474,11.19462,10.94474,11.19462,7900,9,86935
2016-11-29,11.40452,11.52447,11.2446,11.52447,2800,8,32070
2016-11-30,11.53446,11.59443,11.00472,11.00472,18100,15,200603
2016-12-01,11.33456,11.33456,11.14465,11.30457,3300,14,37306
2016-12-02,11.0447,11.0447,11.0447,11.0447,100,1,1105
2016-12-05,11.05469,11.06469,11.0447,11.05469,1300,6,14376
2016-12-06,11.05469,11.05469,11.0447,11.0447,4000,3,44204
2016-12-07,11.05469,11.19462,11.05469,11.19462,200,2,2226
2016-12-08,11.06469,11.19462,11.06469,11.19462,300,3,3347
2016-12-09,11.08468,11.31457,11.08468,11.31457,24300,18,274555
2016-12-12,11.64441,11.64441,11.20462,11.20462,10200,16,115486
2016-12-13,11.20462,11.69438,11.20462,11.69438,126400,30,1451086
2016-12-14,11.6544,11.68439,11.63441,11.68439,600,4,6998
2016-12-15,11.69438,11.69438,11.54446,11.54446,600,3,7001
2016-12-16,11.49448,11.59443,11.49448,11.59443,200,2,2310
2016-12-19,11.68439,11.68439,11.52447,11.52447,2900,6,33455
2016-12-20,11.49448,11.62442,11.49448,11.62442,200,2,2313
2016-12-21,11.6544,11.6544,11.49448,11.49448,1700,6,19574
2016-12-22,11.68439,11.68439,11.49448,11.50448,300,3,3470
2016-12-23,11.68439,11.68439,11.22461,11.58444,2200,8,25002
2016-12-26,11.59443,11.59443,11.59443,11.59443,100,1,1160
2016-12-27,11.60443,11.60443,11.59443,11.59443,500,4,5801
2016-12-28,11.4545,11.67439,11.4545,11.67439,200,2,2314
2016-12-29,11.68439,11.68439,11.53446,11.68439,700,7,8153
2017-01-02,11.68439,11.68439,11.68439,11.68439,100,1,1169
2017-01-03,11.49448,11.49448,11.49448,11.49448,100,1,1150
2017-01-04,11.50448,11.56445,11.33456,11.33456,10700,9,123645
2017-01-05,11.40452,11.40452,11.39453,11.39453,200,2,2281
2017-01-06,11.34455,11.64441,11.34455,11.64441,300,3,3465
2017-01-09,11.62442,11.68439,11.50448,11.50448,5200,10,60582
2017-01-10,11.68439,11.68439,11.51447,11.51447,1100,11,12769
2017-01-11,11.50448,11.59443,11.50448,11.59443,300,3,3470
2017-01-12,11.67439,11.67439,11.4445,11.50448,10400,12,119600
2017-01-13,11.70438,11.70438,11.50448,11.50448,400,4,4651
2017-01-16,11.72437,11.72437,11.57444,11.57444,300,2,3504
2017-01-17,11.59443,11.59443,11.58444,11.58444,500,5,5797
2017-01-18,11.72437,11.72437,11.14465,11.69438,21500,143,242853
2017-01-19,11.68439,11.68439,11.36454,11.67439,400,4,4639
2017-01-20,11.68439,11.74436,11.54446,11.74436,4100,7,48042
2017-01-23,11.73437,11.97425,11.73437,11.97425,10100,8,119620
2017-01-24,11.99424,12.09419,11.99424,12.00424,42400,30,509120
2017-01-26,12.04422,12.04422,11.90428,11.94426,600,5,7168
2017-01-27,11.96426,12.03422,11.96426,12.03422,200,2,2401
2017-01-30,12.02423,12.04422,11.99424,12.04422,2529000,14,30448969
2017-01-31,12.04422,12.06421,12.04422,12.06421,9200,9,110862
2017-02-01,12.09419,12.09419,12.06421,12.06421,700,4,8467
2017-02-02,12.06421,12.0842,12.06421,12.0742,10900,7,131574
2017-02-03,12.09419,12.18415,12.09419,12.12418,1100,9,13346
2017-02-06,12.18415,12.19414,12.18415,12.19414,300,3,3658
2017-02-07,12.18415,12.19414,12.10419,12.19414,2800,6,34150
2017-02-08,12.19414,12.19414,12.11418,12.11418,200,2,2432
2017-02-09,12.09419,12.18415,12.09419,12.18415,200,2,2429
2017-02-10,12.18415,12.18415,12.10419,12.10419,200,2,2430
2017-02-13,12.0842,12.24412,12.0842,12.24412,300,3,3649
2017-02-14,12.27411,12.27411,12.13417,12.13417,1600,4,19634
2017-02-15,12.13417,12.23413,12.13417,12.23413,200,2,2438
2017-02-16,12.2941,12.2941,12.14417,12.14417,800,4,9736
2017-02-17,12.14417,12.19414,12.09419,12.10419,62900,32,761297
2017-02-20,12.00424,12.11418,12.00424,12.11418,400,4,4835
2017-02-21,12.11418,12.23413,12.11418,12.23413,300,3,3648
2017-02-22,12.22413,12.22413,12.14417,12.14417,500,5,6086
2017-02-23,12.14417,12.21414,12.11418,12.17415,71800,15,871409
2017-02-24,12.09419,12.25412,12.09419,12.25412,400,3,4880
2017-03-01,12.2841,12.2841,12.13417,12.13417,200,2,2443
2017-03-02,12.26411,12.26411,12.13417,12.13417,200,2,2441
2017-03-03,12.12418,12.2941,12.12418,12.2941,1500,14,18400
2017-03-06,12.2941,12.31409,12.13417,12.13417,1300,6,15990
2017-03-07,12.13417,12.2941,12.13417,12.2941,200,2,2444
2017-03-08,12.30409,12.30409,12.19414,12.19414,200,2,2451
2017-03-09,12.16416,12.18415,12.15416,12.16416,9000,6,109448
2017-03-10,12.16416,12.31409,12.16416,12.17415,400,4,4884
2017-03-13,12.2841,12.31409,12.15416,12.30409,75700,18,921264
2017-03-14,12.30409,12.31409,12.16416,12.16416,2200,3,27088
2017-03-15,12.14417,12.30409,12.14417,12.30409,200,2,2446
2017-03-16,12.30409,12.30409,12.09419,12.10419,154100,17,1864671
2017-03-17,12.10419,12.13417,12.09419,12.13417,75400,10,912350
2017-03-20,12.31409,12.31409,12.19414,12.19414,500,5,6114
2017-03-21,12.30409,12.30409,12.00424,12.00424,800,6,9720
2017-03-22,12.2941,12.2941,12.10419,12.10419,400,3,4865
2017-03-23,11.61442,12.2941,11.61442,12.2941,16300,12,197191
2017-03-24,12.30409,12.30409,12.12418,12.12418,200,2,2444
2017-03-27,12.30409,12.30409,12.14417,12.30409,1600,16,19664
2017-03-28,12.2941,12.2941,12.15416,12.15416,200,2,2446
2017-03-29,12.15416,12.18415,12.09419,12.09419,800,3,9719
2017-03-30,12.2841,12.2941,12.01423,12.03422,8200,9,99124
2017-03-31,12.25412,12.25412,12.01423,12.01423,300,3,3631
2017-04-03,12.00424,12.2941,12.00424,12.2941,7900,5,96636
2017-04-04,12.35407,12.39405,12.35407,12.39405,800,3,9915
2017-04-05,12.39405,12.39405,12.15416,12.15416,7800,5,95193
2017-04-06,12.15416,12.33408,12.14417,12.33408,1700,11,20938
2017-04-07,12.38405,12.38405,12.16416,12.16416,200,2,2456
2017-04-10,12.15416,12.32408,12.15416,12.31409,2900,13,35704
2017-04-11,12.15416,12.31409,12.15416,12.19414,700,7,8544
2017-04-12,12.19414,12.38405,12.19414,12.38405,200,2,2459
2017-04-13,12.38405,12.38405,12.22413,12.22413,200,2,2462
2017-04-17,12.19414,12.34407,12.19414,12.34407,5100,6,62878
2017-04-18,12.36406,12.36406,12.20414,12.20414,200,2,2458
2017-04-19,12.20414,12.33408,12.20414,12.20414,2300,12,28117
2017-04-20,12.20414,12.37406,12.20414,12.20414,800,8,9805
2017-04-24,12.38405,12.38405,12.22413,12.22413,200,2,2462
2017-04-25,12.43403,12.43403,12.26411,12.26411,200,2,2471
2017-04-26,12.17415,12.44402,12.17415,12.44402,300,3,3691
2017-04-27,12.39405,12.39405,12.22413,12.22413,2400,5,29370
2017-04-28,12.16416,12.494,12.16416,12.494,10300,8,127690
2017-05-02,12.484,12.494,12.30409,12.30409,1600,5,19791
2017-05-03,12.26411,12.484,12.26411,12.484,200,2,2476
2017-05-04,12.484,12.484,12.32408,12.32408,200,2,2482
2017-05-05,12.26411,12.484,12.26411,12.484,200,2,2476
2017-05-08,12.484,12.60395,12.26411,12.60395,29000,13,359660
2017-05-09,12.75388,12.75388,12.484,12.484,200,2,2525
2017-05-10,12.54398,12.54398,12.16416,12.16416,2800,9,34657
2017-05-11,12.19414,12.59395,12.19414,12.59395,10800,11,135138
2017-05-12,12.61394,12.61394,12.32408,12.39405,700,6,8698
2017-05-15,12.44402,12.44402,12.44402,12.44402,300,1,3735
2017-05-16,12.494,12.494,12.39405,12.39405,700,4,8715
2017-05-17,12.40404,12.58396,12.40404,12.58396,600,4,7534
2017-05-18,12.2941,12.494,12.2941,12.44402,1200,4,14950
2017-05-19,12.44402,12.44402,12.30409,12.30409,200,2,2476
2017-05-22,12.494,12.7039,12.31409,12.7039,2200,8,27788
2017-05-23,12.7039,12.7039,12.504,12.504,3000,3,37942
2017-05-24,12.46402,12.62394,12.46402,12.62394,400,4,5029
2017-05-25,12.78386,12.78386,12.2941,12.54398,12600,17,157007
2017-05-26,12.77387,12.77387,12.33408,12.39405,52100,23,645571
2017-05-29,12.53398,12.63393,12.35407,12.63393,1200,6,15130
2017-05-30,12.504,12.504,12.504,12.504,100,1,1251
2017-05-31,12.68391,12.68391,12.42403,12.42403,200,2,2512
2017-06-01,12.494,12.494,12.44402,12.494,1200,4,14995
2017-06-02,12.64393,12.64393,12.40404,12.40404,200,2,2506
2017-06-05,12.64393,12.64393,12.40404,12.40404,400,4,4995
2017-06-06,12.65392,12.65392,12.494,12.494,300,3,3772
2017-06-07,12.66392,12.66392,12.34407,12.66392,2500,4,31643
2017-06-08,12.64393,12.64393,12.504,12.504,200,2,2516
2017-06-09,12.66392,12.66392,12.47401,12.47401,400,4,5014
2017-06-12,12.67391,12.67391,12.44402,12.45402,300,3,3759
2017-06-13,12.68391,12.68391,12.45402,12.47401,600,5,7512
2017-06-14,12.47401,12.72389,12.47401,12.72389,10200,7,129450
2017-06-16,12.73388,12.73388,12.73388,12.73388,100,1,1274
2017-06-19,12.46402,12.55397,12.46402,12.55397,200,2,2503
2017-06-20,12.68391,12.68391,12.494,12.494,400,3,5020
2017-06-21,12.46402,12.63393,12.46402,12.63393,200,2,2511
2017-06-22,12.46402,12.66392,12.46402,12.66392,200,2,2514
2017-06-23,12.6939,12.6939,12.494,12.494,2100,6,26345
2017-06-26,12.47401,12.89381,12.47401,12.75388,33300,13,424783
2017-06-27,12.87382,12.87382,12.35407,12.64393,25194100,151,311655280
2017-06-28,12.73388,12.74388,12.60395,12.68391,53900,11,680859
2017-06-29,12.68391,12.6939,12.59395,12.6939,180700,920,2292988
2017-06-30,12.73388,12.99376,12.61394,12.88381,1161600,65,15005590
2017-07-03,13.24364,13.24364,12.74388,12.78386,3700,12,47334
2017-07-04,12.85383,12.98377,12.7139,12.98377,12300,5,157369
2017-07-05,13.14369,13.14369,12.82384,12.82384,600,3,7798
2017-07-06,12.81385,12.98377,12.72389,12.98377,26300,7,339216
2017-07-07,12.86382,13.09371,12.73388,13.09371,5400,9,69517
2017-07-10,12.98377,12.98377,12.6939,12.6939,1600,3,20433
2017-07-11,12.7039,12.85383,12.7039,12.85383,10400,12,133583
2017-07-12,12.98377,12.98377,12.76387,12.79386,400,4,5151
2017-07-13,12.76387,12.98377,12.76387,12.79386,16800,56,216093
2017-07-14,12.9138,12.9138,12.76387,12.80385,17800,5,228024
2017-07-17,12.88381,12.88381,12.74388,12.83384,3100,4,39710
2017-07-18,12.88381,12.88381,12.64393,12.84383,54600,48,701451
2017-07-19,12.62394,12.87382,12.62394,12.87382,200,2,2551
2017-07-20,12.85383,12.85383,12.85383,12.85383,100,1,1286
2017-07-21,12.85383,12.85383,12.77387,12.79386,20700,9,266036
2017-07-24,12.86382,12.86382,12.79386,12.79386,12600,7,161575
2017-07-25,12.75388,12.85383,12.75388,12.79386,1800,17,23028
2017-07-26,12.75388,12.85383,12.75388,12.85383,700,4,8972
2017-07-27,12.85383,13.03374,12.84383,13.03374,572400,8,7355529
2017-07-28,13.03374,13.21366,12.86382,13.06373,4100,23,53289
2017-07-31,13.17367,13.17367,12.86382,12.93379,6400,8,82815
2017-08-01,12.87382,12.96378,12.86382,12.96378,28600,11,368154
2017-08-02,12.94378,13.1137,12.86382,13.1137,21700,20,279386
2017-08-03,12.98377,13.09371,12.89381,13.09371,4700,7,61092
2017-08-04,13.1137,13.1137,12.81385,13.09371,22900,38,296517
2017-08-07,13.1137,13.1137,12.84383,13.1137,53300,34,685414
2017-08-08,13.08372,13.09371,12.84383,12.84383,19700,22,253765
2017-08-09,12.81385,13.06373,12.76387,12.79386,10800,16,138839
2017-08-10,12.98377,12.99376,12.81385,12.99376,14700,5,191056
2017-08-11,12.79386,12.99376,12.79386,12.92379,181100,12,2350622
2017-08-14,13.05373,13.05373,12.80385,12.82384,1700,6,21852
2017-08-15,12.81385,13.05373,12.81385,12.97377,30900,13,401443
2017-08-16,12.95378,13.09371,12.83384,13.09371,900,7,11673
2017-08-17,12.99376,12.99376,12.87382,12.9138,1200,6,15572
2017-08-18,12.84383,13.09371,12.84383,13.09371,1200,7,15658
2017-08-21,13.09371,13.09371,12.82384,12.98377,1200,10,15524
2017-08-22,12.95378,12.95378,12.83384,12.83384,900,9,11623
2017-08-23,12.83384,12.99376,12.83384,12.99376,200,2,2584
2017-08-24,13.08372,13.08372,12.9138,12.95378,7000,13,90687
2017-08-25,13.09371,13.09371,12.83384,12.83384,2500,23,32356
2017-08-28,12.83384,12.87382,12.83384,12.87382,400,3,5148
2017-08-29,13.08372,13.08372,12.84383,12.86382,111400,16,1431831
2017-08-30,13.08372,13.08372,12.87382,12.87382,2400,5,30933
2017-08-31,12.87382,12.99376,12.87382,12.99376,42600,5,553500
2017-09-01,13.08372,13.38357,13.04374,13.14369,62000,32,815156
2017-09-04,13.34359,13.34359,13.00376,13.01375,10600,55,138797
2017-09-05,12.99376,13.38357,12.9138,13.38357,11300,57,146939
2017-09-06,13.02375,13.17367,12.98377,12.98377,20200,55,262739
2017-09-08,12.93379,13.15368,12.93379,12.93379,5400,53,70017
2017-09-11,12.94378,13.04374,12.94378,12.95378,4900,49,63561
2017-09-12,12.99376,13.21366,12.84383,12.89381,58800,65,773037
2017-09-13,12.9138,12.95378,12.89381,12.95378,7300,73,94324
2017-09-14,13.09371,13.09371,12.81385,12.89381,16700,74,215306
2017-09-15,13.06373,13.24364,12.9038,13.24364,99600,15,1300903
2017-09-18,13.27363,13.27363,13.22365,13.22365,700,5,9285
2017-09-19,13.26363,13.28362,13.06373,13.28362,3500,7,46482
2017-09-20,13.28362,13.28362,13.14369,13.14369,200,2,2644
2017-09-21,13.30361,13.30361,13.16368,13.16368,500,5,6611
2017-09-22,12.96378,13.28362,12.96378,13.28362,5800,8,76994
2017-09-25,13.10371,13.29362,13.06373,13.28362,500900,28,6567440
2017-09-26,13.24364,13.27363,13.24364,13.27363,1800,2,23859
2017-09-27,13.28362,13.3336,13.01375,13.27363,3400,11,45073
2017-09-28,13.29362,13.29362,13.29362,13.29362,100,1,1330
2017-09-29,13.29362,13.29362,13.29362,13.29362,100,1,1330
2017-10-02,13.3336,13.3336,13.05373,13.3236,3200,4,41847
2017-10-03,13.31361,13.31361,12.99376,12.99376,9700,8,126132
2017-10-04,13.00376,13.3236,13.00376,13.10371,6700,18,88790
2017-10-05,13.30361,13.30361,13.15368,13.30361,4600,5,60833
2017-10-06,13.3336,13.38357,13.02375,13.34359,24200,20,321901
2017-10-09,13.37358,13.43355,13.07372,13.43355,10400,11,139024
2017-10-10,13.46354,13.46354,13.19366,13.19366,1000,7,13290
2017-10-11,13.47353,13.52351,13.20366,13.48353,35600,21,479639
2017-10-13,13.34359,13.55349,13.3336,13.55349,14100,13,189857
2017-10-16,13.42355,13.57348,13.3336,13.57348,5600,7,75799
2017-10-17,13.47353,13.47353,13.46354,13.47353,5000,4,67399
2017-10-18,13.68343,13.68343,13.3336,13.43355,1500,5,20085
2017-10-19,13.44354,13.57348,13.13369,13.57348,86700,36,1155114
2017-10-20,13.63345,13.89333,13.3336,13.89333,15900,18,218124
2017-10-23,13.7434,14.09323,13.3336,13.89333,31900,34,438263
2017-10-24,13.96329,13.96329,13.59347,13.88333,4200,27,57758
2017-10-25,13.99328,13.99328,13.65344,13.7434,6200,9,85540
2017-10-26,13.92332,13.92332,13.56349,13.72341,2800,16,38403
2017-10-27,13.87334,13.88333,13.49352,13.49352,36800,25,501622
2017-10-30,13.59347,13.59347,13.31361,13.34359,26800,34,361036
2017-10-31,13.78338,13.78338,13.44354,13.44354,1500,6,20269
2017-11-01,13.58348,13.58348,13.49352,13.49352,300,3,4060
2017-11-03,13.59347,13.59347,13.40356,13.41356,2700,8,36641
2017-11-06,13.58348,13.58348,13.49352,13.49352,1100,3,14859
2017-11-07,13.58348,13.58348,13.42355,13.42355,1100,4,14852
2017-11-08,13.49352,13.55349,13.39357,13.55349,5600,4,75587
2017-11-09,13.58348,13.58348,13.58348,13.58348,200,2,2718
2017-11-10,13.71342,13.79338,13.44354,13.79338,17000,16,231686
2017-11-13,13.79338,14.00328,13.58348,14.00328,6700,12,92757
2017-11-14,13.77339,13.98328,13.55349,13.98328,8800,11,121898
2017-11-16,13.97329,13.97329,13.59347,13.79338,10900,18,149459
2017-11-17,13.49352,13.93331,13.49352,13.93331,1800,6,24857
2017-11-21,13.96329,13.96329,13.77339,13.94331,6700,5,92572
2017-11-22,13.96329,13.97329,13.49352,13.97329,9100,9,125841
2017-11-23,13.98328,13.98328,13.64345,13.89333,8000,11,110623
2017-11-24,13.97329,13.97329,13.69342,13.94331,10900,10,151255
2017-11-27,13.97329,13.98328,13.69342,13.84335,4400,13,60650
2017-11-28,13.60347,13.96329,13.59347,13.79338,3300,12,45316
2017-11-29,13.93331,13.94331,13.61346,13.88333,7500,19,103752
2017-11-30,13.96329,13.96329,13.59347,13.88333,5900,19,81650
2017-12-01,13.79338,13.86334,13.49352,13.86334,49200,40,675578
2017-12-04,13.9533,13.9533,13.60347,13.93331,3900,12,54166
2017-12-05,13.79338,13.98328,13.50352,13.96329,10800,19,149505
2017-12-06,13.89333,13.96329,13.89333,13.96329,1000,5,13953
2017-12-07,13.97329,14.09323,13.59347,14.09323,3800,13,52204
2017-12-08,14.34311,14.34311,13.97329,13.98328,900,5,12627
2017-12-11,13.99328,13.99328,13.71342,13.98328,800,6,11140
2017-12-12,13.71342,14.09323,13.64345,13.94331,12800,12,176709
2017-12-13,14.08324,14.08324,13.7534,14.04326,11100,15,155934
2017-12-14,14.04326,14.09323,13.99328,13.99328,3600,18,50538
2017-12-15,13.99328,14.49304,13.9533,14.49304,9700,33,139650
2017-12-18,14.7929,14.7929,13.89333,13.89333,21700,24,303572
2017-12-19,13.89333,13.90332,13.69342,13.90332,8100,14,111334
2017-12-20,13.98328,13.99328,13.59347,13.99328,26800,30,370316
2017-12-21,13.98328,13.98328,13.39357,13.39357,31800,32,431431
2017-12-22,13.86334,13.86334,13.19366,13.19366,9200,19,123612
2017-12-26,13.49352,13.55349,13.29362,13.35359,27300,32,366541
2017-12-27,13.35359,13.5335,13.27363,13.5335,792100,63,10526034
2017-12-28,13.39357,13.58348,13.34359,13.34359,88900,291,1191026
2018-01-02,13.47353,13.78338,13.44354,13.78338,18400,166,249147
2018-01-03,13.78338,13.78338,13.51351,13.69342,16900,15,231457
2018-01-04,13.5435,13.65344,13.5435,13.5435,6100,12,82667
2018-01-05,13.50352,13.68343,13.50352,13.68343,1400,6,19039
2018-01-08,13.79338,13.79338,13.78338,13.78338,1800,3,24839
2018-01-09,13.78338,13.78338,13.78338,13.78338,100,1,1379
2018-01-10,13.77339,13.77339,13.49352,13.68343,10400,9,142348
2018-01-11,13.77339,13.77339,13.77339,13.77339,100,1,1378
2018-01-12,13.69342,13.69342,13.69342,13.69342,100,1,1370
2018-01-15,13.67343,13.99328,13.48353,13.99328,3400,12,46769
2018-01-16,13.98328,13.98328,13.69342,13.7434,700,7,9690
2018-01-17,13.92332,13.92332,13.70342,13.91332,1500,11,20789
2018-01-18,13.98328,13.98328,13.60347,13.60347,5600,6,77212
2018-01-19,13.72341,13.99328,13.64345,13.99328,10500,43,145820
2018-01-22,13.98328,13.98328,13.60347,13.98328,69000,24,953225
2018-01-23,13.79338,13.99328,13.79338,13.99328,3200,9,44763
2018-01-24,13.98328,14.01327,13.52351,13.79338,3600,26,49688
2018-01-26,14.13321,14.13321,13.66344,13.98328,400,4,5581
2018-01-29,13.98328,13.98328,13.64345,13.84335,6500,7,88995
2018-01-30,13.93331,13.94331,13.88333,13.88333,10800,4,150028
2018-01-31,13.93331,13.93331,13.73341,13.92332,5900,9,81153
2018-02-01,13.89333,13.89333,13.67343,13.79338,6100,4,83582
2018-02-02,13.88333,13.88333,13.88333,13.88333,100,1,1389
2018-02-05,13.79338,13.89333,13.57348,13.88333,8300,55,114443
2018-02-06,13.88333,13.88333,13.39357,13.84335,12100,19,164067
2018-02-07,13.88333,13.89333,13.59347,13.83336,16200,25,221417
2018-02-08,13.71342,13.89333,13.69342,13.89333,32300,19,448597
2018-02-09,13.80337,13.89333,13.7434,13.89333,3200,17,44273
2018-02-14,13.93331,13.93331,13.93331,13.93331,1700,3,23698
2018-02-15,13.93331,13.93331,13.64345,13.89333,16800,42,230709
2018-02-16,13.93331,13.93331,13.62346,13.78338,231000,31,3187423
2018-02-19,13.78338,13.92332,13.7434,13.92332,94000,42,1297584
2018-02-20,13.92332,13.93331,13.7534,13.93331,300,3,4163
2018-02-21,16.29218,16.49208,15.65248,16.38213,268000,248,4368908
2018-02-22,16.39213,16.39213,16.09227,16.09227,13300,15,214555
2018-02-23,16.17224,16.17224,14.9928,15.98233,25800,62,408136
2018-02-26,16.0423,16.0423,15.84239,15.99232,12300,19,196790
2018-02-27,16.09227,16.26219,16.08228,16.08228,6600,10,106403
2018-02-28,16.12226,16.12226,15.8224,16.11226,26600,11,428609
2018-03-01,16.09227,16.14225,16.08228,16.14225,115800,101,1864814
2018-03-02,15.78242,16.19223,15.78242,16.19223,9600,9,155186
2018-03-05,16.19223,16.19223,15.8324,15.84239,33400,46,529613
2018-03-06,15.84239,15.95234,15.80241,15.88237,1000,10,15881
2018-03-07,16.08228,16.08228,15.92235,15.92235,800,4,12774
2018-03-08,16.08228,16.09227,15.74244,15.74244,1000,9,15891
2018-03-09,15.80241,16.00232,15.78242,16.00232,1900,8,30241
2018-03-12,16.09227,16.09227,15.99232,16.0423,1800,10,28885
2018-03-13,16.08228,16.08228,15.89237,16.0323,27900,13,447509
2018-03-14,16.08228,16.09227,15.97233,16.06229,1000,9,16084
2018-03-15,16.08228,16.08228,15.97233,16.08228,600,6,9632
2018-03-16,16.07228,16.08228,15.99232,15.99232,4400,17,70513
2018-03-19,16.07228,16.09227,15.79242,16.09227,10800,27,173592
2018-03-20,16.08228,16.29218,15.99232,16.29218,12400,15,199945
2018-03-21,16.29218,16.29218,16.29218,16.29218,1000,3,16300
2018-03-22,16.29218,16.39213,15.85239,16.39213,17800,51,289171
2018-03-23,16.39213,16.39213,16.22221,16.38213,2700,10,44251
2018-03-26,16.39213,16.39213,16.10227,16.38213,400,3,6501
2018-03-27,16.38213,16.39213,16.14225,16.39213,11400,22,186784
2018-03-28,16.39213,16.39213,16.39213,16.39213,1200,5,19680
2018-03-29,15.99232,16.68199,15.99232,16.40212,133000,13,2174885
2018-04-02,15.99232,16.68199,15.99232,16.68199,5600,8,93386
2018-04-03,16.26219,16.63201,16.26219,16.63201,900,6,14906
2018-04-04,16.30217,16.51207,16.16224,16.19223,9200,39,149197
2018-04-05,16.64201,16.68199,16.4521,16.68199,5000,20,82961
2018-04-06,16.672,16.68199,16.672,16.68199,400,2,6675
2018-04-09,16.672,16.68199,16.672,16.68199,1500,3,25034
2018-04-10,16.68199,16.68199,16.4621,16.4621,1100,5,18165
2018-04-11,16.55205,16.662,16.55205,16.662,13400,7,223315
2018-04-12,16.672,16.672,16.662,16.662,287800,2,4797627
2018-04-13,16.672,16.672,16.20222,16.20222,1000,5,16501
2018-04-16,16.672,16.672,16.35215,16.52207,7300,19,120475
2018-04-17,16.68199,16.68199,16.68199,16.68199,100,1,1669
2018-04-18,16.672,16.672,16.43211,16.672,300,3,4980
2018-04-19,16.64201,16.64201,16.44211,16.64201,2800,7,46519
2018-04-20,16.44211,16.61202,16.43211,16.61202,9300,16,153335
2018-04-23,16.43211,16.43211,16.38213,16.43211,3800,15,62464
2018-04-24,16.51207,16.51207,15.99232,15.99232,7300,12,118722
2018-04-25,16.09227,16.09227,15.49256,15.49256,17600,30,277581
2018-04-26,15.96234,15.96234,14.81289,14.9928,20800,34,317500
2018-04-27,14.72,14.93,14.49,14.9,23100,89,340215
2018-04-30,15.5,15.5,14.88,15.31,16000,27,243181
2018-05-02,15.5,15.5,15.08,15.15,22900,18,347119
2018-05-03,15.0,15.95,14.25,15.95,141900,161,2131609
2018-05-04,15.95,16.0,15.41,15.5,19000,42,296659
2018-05-07,15.61,16.0,15.6,15.9,9100,41,144073
2018-05-08,15.94,15.94,15.71,15.89,9000,19,141687
2018-05-09,15.72,15.9,15.7,15.9,2200,17,34719
2018-05-10,16.0,16.0,15.71,15.99,2100,13,33331
2018-05-11,15.99,15.99,15.67,15.95,22900,28,362220
2018-05-14,15.99,15.99,15.8,15.8,1600,5,25370
2018-05-15,15.89,15.89,15.83,15.89,1200,7,19061
2018-05-16,15.9,16.0,15.9,15.95,3300,8,52526
2018-05-17,15.99,16.0,15.75,16.0,2400,9,38276
2018-05-18,15.75,16.0,15.75,16.0,3500,13,55913
2018-05-21,15.99,15.99,15.9,15.99,3600,4,57267
2018-05-22,15.99,16.2,15.75,16.2,4100,12,65658
2018-05-24,16.2,16.2,15.9,16.0,1400,8,22387
2018-05-25,15.99,16.19,15.99,16.19,300,3,4823
2018-05-28,16.19,16.21,15.97,16.21,4500,6,72895
2018-05-29,16.1,16.19,16.1,16.19,1300,3,21020
2018-05-30,16.19,16.19,15.1,16.1,13700,38,219428
2018-06-01,16.1,16.1,16.1,16.1,300,1,4830
2018-06-04,16.19,16.19,15.8,16.18,2000,12,32032
2018-06-05,16.1,16.17,16.1,16.17,1300,5,21007
2018-06-06,16.19,16.2,16.19,16.2,300,3,4859
2018-06-07,16.19,16.19,16.19,16.19,100,1,1619
2018-06-08,16.19,16.2,15.83,16.2,1400,8,22599
2018-06-11,16.2,16.2,15.77,16.18,3800,23,61005
2018-06-12,16.19,16.19,15.84,16.19,900,9,14500
2018-06-13,16.19,16.19,15.81,16.0,2100,14,33487
2018-06-14,15.87,16.2,15.87,16.2,1000,10,16147
2018-06-15,16.02,16.2,16.01,16.2,7000,15,113339
2018-06-18,16.2,16.2,15.86,16.19,1500,10,24139
2018-06-19,15.92,16.2,15.92,16.18,34800,3,563040
2018-06-20,16.07,16.2,16.07,16.17,400,4,6463
2018-06-21,15.86,16.2,15.6,16.2,56800,29,893278
2018-06-22,16.15,16.15,16.0,16.0,300,3,4818
2018-06-25,16.12,16.12,16.12,16.12,100,1,1612
2018-06-26,15.8,16.09,15.8,15.89,1000,6,15854
2018-06-27,15.96,15.96,15.62,15.95,500,5,7921
2018-06-28,16.09,16.09,15.8,15.98,1300,8,20663
2018-06-29,15.81,15.9,15.8,15.9,4300,13,68227
2018-07-02,15.9,15.9,15.9,15.9,400,2,6360
2018-07-03,15.64,15.8,15.64,15.8,3700,8,58408
2018-07-04,15.8,15.8,15.65,15.7,5700,12,89484
2018-07-05,15.79,15.8,15.79,15.8,11000,6,173799
2018-07-06,15.9,15.9,15.64,15.8,500,5,7884
2018-07-10,16.0,16.0,15.73,15.99,500,5,7971
2018-07-11,15.98,16.0,15.72,15.9,500,5,7933
2018-07-12,15.75,16.2,15.75,16.2,1400,6,22569
2018-07-13,16.1,16.1,15.74,15.74,600,6,9563
2018-07-16,15.83,16.18,15.83,16.18,4400,12,70590
2018-07-17,16.11,16.11,16.08,16.08,300,3,4829
2018-07-18,16.01,16.1,16.0,16.1,800,7,12843
2018-07-19,16.1,16.18,15.78,16.18,24800,9,400971
2018-07-20,16.2,16.3,16.01,16.2,10500,7,170072
2018-07-23,16.0,16.28,16.0,16.28,1500,8,24326
2018-07-24,16.3,16.3,15.87,16.3,300,3,4847
2018-07-25,16.29,16.29,16.2,16.29,400,4,6498
2018-07-26,16.2,16.29,16.2,16.29,200,2,3249
2018-07-27,16.29,16.29,16.2,16.29,300,3,4878
2018-07-30,16.29,16.29,16.2,16.28,700,5,11365
2018-07-31,16.29,16.29,16.0,16.26,1100,8,17761
2018-08-01,16.29,16.29,16.0,16.29,400,3,6458
2018-08-02,16.29,16.29,16.02,16.29,300,3,4860
2018-08-03,16.2,16.27,16.01,16.27,700,7,11323
2018-08-06,16.3,16.3,16.0,16.3,3600,7,58620
2018-08-07,16.2,16.26,16.2,16.26,200,2,3246
2018-08-08,16.21,16.29,16.21,16.29,300,3,4879
2018-08-09,16.21,16.29,16.21,16.29,200,2,3250
2018-08-10,16.3,16.3,16.3,16.3,300,2,4890
2018-08-13,16.3,16.3,15.97,16.25,700,5,11327
2018-08-14,16.29,16.29,16.04,16.04,900,6,14465
2018-08-15,16.14,16.18,15.96,16.18,16500,10,266940
2018-08-16,16.0,16.2,16.0,16.2,900,6,14556
2018-08-17,16.29,16.29,16.01,16.22,4300,10,69287
2018-08-20,16.29,16.29,16.05,16.29,700,5,11332
2018-08-21,16.0,16.29,16.0,16.29,8200,4,132829
2018-08-22,16.06,16.29,16.06,16.29,7400,5,118887
2018-08-23,16.01,16.52,16.01,16.51,6400,5,103984
2018-08-24,16.51,16.51,16.5,16.51,3300,4,54482
2018-08-27,16.51,16.51,16.5,16.5,6800,3,112201
2018-08-28,16.15,16.55,16.15,16.54,20100,9,332329
2018-08-29,16.23,16.62,16.23,16.55,800,3,13215
2018-08-30,16.22,16.55,16.22,16.55,200,2,3277
2018-08-31,16.52,16.55,16.27,16.55,7000,12,115762
2018-09-03,16.55,16.55,16.3,16.54,13900,7,229726
2018-09-04,16.55,16.55,16.25,16.55,22100,22,365428
2018-09-05,16.23,16.54,16.23,16.54,400,3,6554
2018-09-06,16.26,16.54,16.26,16.35,600,5,9810
2018-09-10,16.3,16.55,16.3,16.55,3000,10,49275
2018-09-11,16.32,16.55,16.32,16.55,300,3,4941
2018-09-12,16.29,16.54,16.29,16.49,1000,7,16473
2018-09-13,16.6,16.6,16.5,16.59,145600,18,2416938
2018-09-14,16.59,16.6,16.5,16.5,9800,6,162549
2018-09-17,16.59,16.6,16.5,16.59,1800,13,29771
2018-09-18,16.5,16.59,16.5,16.51,1200,10,19883
2018-09-19,16.52,16.59,16.5,16.5,1000,9,16543
2018-09-20,16.3,16.6,16.3,16.6,15100,17,250593
2018-09-21,16.35,16.6,16.35,16.5,4100,12,67712
2018-09-24,16.52,16.6,16.52,16.6,15400,7,255532
2018-09-25,16.52,16.6,16.37,16.51,7500,8,124064
2018-09-26,16.59,16.59,16.59,16.59,3200,2,53088
2018-09-27,16.4,16.6,16.4,16.58,9600,11,159133
2018-09-28,16.41,16.58,16.41,16.58,7400,8,122641
2018-10-01,16.17,16.59,16.17,16.59,14800,3,245490
2018-10-02,16.25,16.59,16.25,16.57,300,3,4941
2018-10-03,16.59,16.6,16.39,16.6,3400,9,56391
2018-10-04,16.58,16.58,16.58,16.58,100,1,1658
2018-10-05,16.21,16.59,16.21,16.35,400,4,6574
2018-10-08,16.6,16.6,16.38,16.41,500,4,8235
2018-10-09,16.59,16.6,16.37,16.6,101100,9,1678198
2018-10-10,16.67,16.7,16.37,16.7,11500,12,191950
2018-10-11,16.7,16.7,16.45,16.7,1000,9,16664
2018-10-15,16.7,16.7,16.6,16.7,3201500,6,53433010
2018-10-16,16.7,16.7,16.6,16.6,600,6,10008
2018-10-17,16.6,16.69,16.6,16.61,101900,10,1694107
2018-10-18,16.68,16.69,16.6,16.69,24800,4,412677
2018-10-19,16.45,16.68,16.45,16.65,70200,13,1168813
2018-10-22,16.69,16.69,16.65,16.65,2400,7,40034
2018-10-23,16.54,16.69,16.54,16.65,1000,5,16643
2018-10-24,16.65,16.7,16.65,16.7,21000,5,349655
2018-10-25,16.69,16.69,16.61,16.69,2800,7,46624
2018-10-26,16.68,16.69,16.65,16.67,515300,8,8583253
2018-10-29,16.66,16.7,16.66,16.69,33200,6,553230
2018-10-30,16.66,16.69,16.66,16.69,400,4,6670
2018-10-31,16.65,16.74,16.65,16.74,900,5,15054
2018-11-01,16.74,16.99,16.74,16.99,4800,37,80915
2018-11-05,16.9,16.95,16.69,16.69,4600,15,77831
2018-11-06,16.89,16.89,16.66,16.66,319600,5,5324561
2018-11-07,16.69,16.69,16.67,16.68,1200,7,20017
2018-11-08,16.7,16.8,16.7,16.8,1400,9,23489
2018-11-09,16.8,16.89,16.7,16.83,57200,79,956200
2018-11-12,16.8,16.83,16.7,16.7,3400,11,56907
2018-11-13,16.83,16.83,16.83,16.83,100,1,1683
2018-11-14,16.84,16.84,16.72,16.72,300,3,5029
2018-11-16,16.8,16.8,16.8,16.8,400,4,6720
2018-11-19,16.84,16.84,16.7,16.7,1000,6,16725
2018-11-21,16.82,16.82,15.02,15.02,12100,19,198505
2018-11-22,15.8,16.11,15.68,15.68,800,8,12766
2018-11-23,16.5,16.5,15.9,15.9,2900,13,46764
2018-11-26,15.31,15.56,14.95,14.95,5200,16,79021
2018-11-27,15.22,15.22,14.96,14.96,4600,6,68887
2018-11-28,15.09,15.09,14.29,14.29,500,4,7225
2018-11-29,14.29,16.4,13.55,15.1,62500,128,934371
2018-11-30,15.1,15.6,14.22,14.39,135900,285,2008776
2018-12-03,14.9,14.9,13.55,13.86,124800,315,1764613
2018-12-04,13.85,14.12,13.5,13.68,102600,265,1414451
2018-12-05,13.25,13.82,13.19,13.19,63100,132,853503
2018-12-06,13.22,13.91,12.71,13.2,123600,266,1631317
2018-12-07,13.83,14.04,12.65,13.08,88700,169,1172212
2018-12-10,13.04,13.29,12.48,12.51,49300,127,631618
2018-12-11,12.8,13.1,12.5,12.74,128000,206,1644055
2018-12-12,12.62,13.02,12.58,12.58,32100,108,409598
2018-12-13,12.78,14.0,12.58,14.0,97300,143,1291964
2018-12-14,13.63,15.0,13.63,15.0,51400,143,722912
2018-12-17,14.99,15.49,14.35,15.48,60600,116,909778
2018-12-18,15.31,15.39,14.81,14.95,70900,119,1073903
2018-12-19,14.95,15.44,14.6,15.01,55600,105,839164
2018-12-20,14.8,15.22,14.5,14.9,25900,52,387386
2018-12-21,14.8,16.08,14.4,14.41,115400,202,1730615
2018-12-26,14.43,15.3,14.32,15.15,48500,107,725695
2018-12-27,15.32,16.7,15.16,15.65,73500,132,1148977
2018-12-28,15.94,16.15,15.4,16.15,46300,102,729681
2019-01-02,15.9,16.64,15.72,15.86,13900,60,224381
2019-01-03,16.29,16.44,15.52,15.52,2000,20,31987
2019-01-04,16.35,16.35,16.3,16.34,1600,15,26119
2019-01-07,16.4,16.6,15.91,16.6,7800,20,126399
2019-01-08,16.21,16.21,15.51,15.98,34300,99,546061
2019-01-09,16.27,16.27,15.46,15.46,2100,16,33151
2019-01-10,15.71,16.08,15.55,15.87,26000,124,409501
2019-01-11,15.87,16.2,15.45,15.45,13900,52,218856
2019-01-14,15.95,15.95,14.35,14.35,9300,49,139069
2019-01-15,14.51,14.78,14.51,14.65,7300,24,107282
2019-01-16,14.73,14.98,14.32,14.32,3200,28,46874
2019-01-17,14.33,15.14,14.33,15.14,4000,15,59517
2019-01-18,15.56,15.56,15.12,15.47,3800,14,58695
2019-01-21,15.12,15.42,15.12,15.14,1200,11,18363
2019-01-22,14.81,15.0,14.8,15.0,900,8,13376
2019-01-23,14.99,15.39,14.99,15.0,5200,21,78476
2019-01-24,14.8,15.49,14.8,15.48,1000,9,15164
2019-01-28,15.41,15.41,15.41,15.41,100,1,1541
2019-01-29,15.4,15.75,15.4,15.54,300,3,4669
2019-01-30,15.22,15.8,14.8,14.8,8300,26,128153
2019-01-31,15.29,15.29,14.9,14.9,1300,8,19678
2019-02-01,14.8,14.8,14.8,14.8,100,1,1480
2019-02-04,15.21,15.74,14.86,15.25,10400,49,158733
2019-02-05,15.24,15.96,15.24,15.95,1700,17,26538
2019-02-06,15.94,15.94,15.94,15.94,300,3,4782
2019-02-07,15.01,15.05,15.0,15.0,1900,16,28527
2019-02-08,15.0,15.99,15.0,15.99,8100,24,125665
2019-02-11,16.0,16.47,15.35,15.93,9600,49,151307
2019-02-12,15.93,15.93,15.51,15.9,500,5,7846
2019-02-13,15.9,16.6,14.99,14.99,24500,70,395992
2019-02-14,15.38,15.75,14.74,15.02,18700,46,284383
2019-02-15,15.54,15.85,15.11,15.35,33500,42,518516
2019-02-18,15.67,15.67,15.02,15.03,20400,31,314970
2019-02-19,15.6,15.75,15.35,15.39,30700,19,476146
2019-02-20,15.46,15.51,15.45,15.5,600,5,9287
2019-02-21,15.57,15.57,15.57,15.57,100,1,1557
2019-02-27,15.97,16.5,15.7,15.84,4500,45,72026
2019-02-28,15.69,16.25,15.21,15.7,55900,486,877006
2019-03-01,15.91,16.2,15.13,15.21,19100,139,300796
2019-03-06,15.09,16.0,14.81,16.0,23300,224,362494
2019-03-07,15.64,16.21,15.3,16.0,11100,52,175984
2019-03-08,16.21,16.21,15.71,16.19,2500,24,39857
2019-03-11,16.01,16.01,15.86,15.86,1200,10,19172
2019-03-12,16.23,16.23,15.9,15.9,400,4,6396
2019-03-13,15.91,15.91,15.75,15.79,300,3,4745
2019-03-14,15.81,15.81,15.16,15.16,1400,13,21765
2019-03-15,15.03,15.03,15.03,15.03,100,1,1503
2019-03-19,15.0,15.0,15.0,15.0,100,1,1500
2019-03-20,15.47,15.47,14.64,14.64,600,6,9012
2019-03-22,14.64,14.92,14.2,14.8,1000,5,14636
2019-03-26,15.13,15.13,15.1,15.1,400,4,6047
2019-03-27,15.0,15.0,14.45,14.45,900,6,13192
2019-03-28,16.32,16.32,16.0,16.0,1000,9,16253
2019-03-29,16.0,16.0,15.97,15.97,500,5,7994
2019-04-02,15.9,15.9,15.0,15.0,1100,8,17163
2019-04-03,15.4,15.68,15.4,15.68,500,4,7758
2019-04-04,15.9,15.9,15.39,15.39,1600,8,24700
2019-04-05,15.1,15.65,15.1,15.65,400,4,6193
2019-04-09,15.12,15.13,15.0,15.0,700,7,10539
2019-04-11,14.65,14.65,14.65,14.65,200,2,2930
2019-04-12,14.51,14.51,14.51,14.51,100,1,1451
2019-04-17,14.1,14.1,13.73,13.84,1800,13,25106
2019-04-18,14.1,14.1,13.84,13.84,600,6,8335
2019-04-22,13.84,13.84,13.83,13.83,300,3,4151
2019-04-26,13.83,13.83,13.1,13.1,2200,21,29295
2019-04-29,13.13,13.16,12.75,12.9,3500,23,45573
2019-04-30,12.89,12.89,12.89,12.89,100,1,1289
2019-05-02,12.9,12.9,12.89,12.89,600,4,7739
2019-05-03,12.88,12.88,12.88,12.88,500,5,6440
2019-05-08,12.88,13.2,12.88,13.2,1200,7,15592
2019-05-09,13.59,13.59,13.0,13.0,200,2,2659
2019-05-10,12.63,12.9,12.5,12.9,700,6,8875
2019-05-13,12.5,12.8,12.5,12.52,700,5,8849
2019-05-15,12.52,12.52,12.37,12.37,300,3,3741
2019-05-22,13.66,13.74,13.66,13.74,200,2,2740
2019-05-27,13.85,14.01,13.85,13.85,1800,10,25085
2019-05-28,13.85,14.4,13.85,14.4,400,4,5705
2019-05-30,14.4,14.4,14.4,14.4,300,1,4320
2019-05-31,14.41,14.41,14.41,14.41,100,1,1441
2019-06-07,14.5,14.5,14.11,14.27,600,5,8599
2019-06-11,14.27,14.27,14.27,14.27,100,1,1427
2019-06-14,14.57,14.57,14.4,14.4,300,3,4337
2019-06-18,14.78,14.8,14.78,14.8,400,3,5917
2019-06-24,14.31,14.31,14.3,14.3,400,4,5723
2019-06-25,15.14,15.14,14.8,14.8,800,6,12021
2019-06-26,14.6,14.6,14.6,14.6,100,1,1460
2019-07-02,14.5,14.5,14.5,14.5,100,1,1450
2019-07-04,14.48,14.48,14.4,14.4,200,2,2888
2019-07-10,14.43,14.43,14.42,14.42,200,2,2885
2019-07-11,14.64,14.64,14.64,14.64,100,1,1464
2019-07-12,14.65,14.65,14.5,14.5,2100,8,30540
2019-07-15,14.5,14.5,14.39,14.39,1200,4,17289
2019-07-16,14.39,14.39,14.39,14.39,7800,5,112242
2019-07-17,14.42,14.42,14.42,14.42,3400,1,49028
2019-07-18,14.61,14.61,14.2,14.6,5300,4,77391
2019-07-19,14.04,14.5,14.04,14.5,3800,5,53545
2019-07-22,14.8,14.8,14.8,14.8,100,1,1480
2019-07-23,14.8,14.8,14.8,14.8,100,1,1480
2019-07-24,16.0,16.11,15.5,16.11,2700,14,42942
2019-07-25,14.8,14.95,14.46,14.46,1300,12,19192
2019-07-26,14.41,14.41,14.19,14.2,600,6,8588
2019-07-29,14.21,14.21,14.21,14.21,100,1,1421
2019-07-31,14.21,14.21,14.0,14.0,400,4,5641
2019-08-01,14.05,14.05,14.03,14.03,200,2,2808
2019-08-02,14.09,14.09,14.09,14.09,800,2,11272
2019-08-05,13.48,13.48,12.89,12.89,10800,28,140747
2019-08-06,12.7,13.43,12.7,13.15,2300,11,30389
2019-08-07,13.25,13.62,13.25,13.62,3300,6,44381
2019-08-08,14.0,14.47,14.0,14.0,2000,8,28092
2019-08-09,14.01,14.34,14.0,14.1,1100,5,15479
2019-08-12,14.15,14.16,14.15,14.15,600,5,8492
2019-08-14,14.0,14.1,14.0,14.1,7700,5,107820
2019-08-16,14.1,14.1,14.1,14.1,100,1,1410
2019-08-19,14.11,14.11,14.11,14.11,100,1,1411
2019-08-20,14.11,14.11,14.11,14.11,200,2,2822
2019-08-26,14.95,14.95,14.84,14.95,1500,9,22394
2019-08-27,15.5,15.5,15.5,15.5,200,2,3100
2019-08-28,15.5,15.5,15.5,15.5,1500,3,23250
2019-08-30,15.8,15.8,14.72,14.8,1500,7,23272
2019-09-02,15.29,15.8,15.25,15.25,2700,13,41557
2019-09-04,15.2,15.2,15.0,15.15,500,3,7550
2019-09-05,15.12,15.13,15.12,15.12,600,3,9073
2019-09-09,15.12,15.12,15.12,15.12,100,1,1512
2019-09-11,15.0,15.0,15.0,15.0,100,1,1500
2019-09-13,15.1,15.1,15.1,15.1,100,1,1510
2019-09-17,15.12,15.13,15.12,15.13,2200,3,33274
2019-09-19,15.17,15.17,15.15,15.15,300,3,4548
2019-09-25,15.18,15.18,15.18,15.18,100,1,1518
2019-09-30,15.2,16.0,15.2,15.21,900,5,13769
2019-10-02,15.21,15.21,15.21,15.21,100,1,1521
2019-10-03,15.22,15.68,15.22,15.68,200,2,3090
2019-10-07,16.0,16.0,15.67,15.68,1800,3,28671
2019-10-08,15.22,15.22,15.21,15.21,1400,2,21295
2019-10-10,15.21,15.21,15.21,15.21,100,1,1521
2019-10-11,15.21,15.21,15.21,15.21,100,1,1521
2019-10-15,15.15,15.15,15.15,15.15,100,1,1515
2019-10-16,15.72,15.99,15.7,15.99,300,3,4741
2019-10-17,16.0,16.0,16.0,16.0,200,2,3200
2019-10-18,15.99,16.11,15.99,16.01,1000,6,16062
2019-10-23,16.99,16.99,16.98,16.99,1700,10,28882
2019-10-24,16.15,16.16,16.15,16.15,1200,6,19381
2019-10-25,15.78,15.84,15.78,15.82,400,4,6322
2019-10-28,15.91,16.66,15.91,15.96,500,4,8045
2019-10-29,15.8,15.8,15.8,15.8,100,1,1580
2019-10-30,16.64,17.17,16.62,16.62,4200,15,70887
2019-10-31,18.0,18.0,18.0,18.0,100,1,1800
2019-11-01,17.71,18.0,16.95,17.5,4000,13,69303
2019-11-04,17.5,19.0,17.1,19.0,8600,31,151025
2019-11-05,18.59,18.59,18.46,18.46,200,2,3705
2019-11-06,18.46,18.46,18.46,18.46,200,1,3692
2019-11-07,18.46,18.46,18.1,18.46,400,3,7312
2019-11-08,19.0,19.76,19.0,19.76,300,3,5852
2019-11-11,18.74,18.74,18.55,18.56,800,4,14913
2019-11-12,18.3,18.3,17.51,17.51,400,4,7115
2019-11-13,17.13,17.2,16.8,16.8,4300,10,73345
2019-11-14,17.19,17.43,17.12,17.43,1200,5,20649
2019-11-18,17.43,17.43,17.43,17.43,100,1,1743
2019-11-19,17.43,17.43,17.37,17.37,200,2,3480
2019-11-21,17.45,17.76,17.45,17.76,1100,5,19451
2019-11-25,16.97,17.01,16.88,16.88,2500,12,42439
2019-11-28,16.3,16.62,16.3,16.35,2300,9,37666
2019-11-29,16.6,16.83,16.58,16.58,900,3,14999
2019-12-02,16.41,16.41,16.41,16.41,200,1,3282
2019-12-03,15.18,16.55,15.18,16.4,1400,9,21765
2019-12-04,16.8,16.8,16.03,16.03,800,7,13021
2019-12-05,16.56,16.56,16.27,16.28,400,4,6567
2019-12-06,16.2,16.2,16.2,16.2,100,1,1620
2019-12-09,16.6,16.6,16.56,16.56,200,2,3316
2019-12-11,16.59,16.59,16.36,16.36,200,2,3295
2019-12-12,16.55,16.66,16.55,16.66,1300,4,21627
2019-12-16,16.67,16.67,16.66,16.66,200,2,3333
2019-12-17,16.63,16.63,16.63,16.63,100,1,1663
2019-12-18,16.44,16.44,16.44,16.44,100,1,1644
2019-12-19,17.08,18.34,17.08,18.18,4300,23,75176
2019-12-20,18.2,18.2,18.15,18.15,200,2,3635
2019-12-23,17.98,18.37,17.98,18.37,1300,5,23435
2019-12-27,18.26,18.26,18.26,18.26,100,1,1826
2019-12-30,18.5,18.5,18.5,18.5,400,3,7400
2020-01-02,18.0,18.2,18.0,18.15,300,3,5435
2020-01-03,18.15,18.15,18.15,18.15,200,1,3630
2020-01-06,18.15,18.15,17.6,17.8,1100,10,19451
2020-01-08,19.29,19.29,19.29,19.29,1000,7,19290
2020-01-09,19.29,19.29,19.28,19.28,300,3,5785
2020-01-15,19.28,19.28,19.28,19.28,200,2,3856
2020-01-17,19.0,19.0,19.0,19.0,100,1,1900
2020-01-21,18.05,18.29,18.05,18.29,700,6,12688
2020-01-22,18.19,18.19,17.83,17.83,200,2,3602
2020-01-23,18.07,18.07,17.63,18.07,400,4,7140
2020-01-24,18.2,18.2,18.2,18.2,300,2,5460
2020-01-28,18.55,18.61,18.55,18.61,200,2,3716
2020-01-29,18.35,18.35,18.35,18.35,200,1,3670
2020-01-31,17.7,17.73,17.7,17.71,400,4,7084
2020-02-03,17.32,17.72,17.32,17.72,200,2,3504
2020-02-05,17.64,17.64,17.64,17.64,100,1,1764
2020-02-06,17.73,17.73,17.73,17.73,100,1,1773
2020-02-07,18.13,18.15,18.13,18.13,600,5,10885
2020-02-11,18.23,18.23,18.23,18.23,100,1,1823
2020-02-12,18.0,18.0,17.54,17.54,200,2,3554
2020-02-13,17.59,18.04,17.59,18.04,200,2,3563
2020-02-17,17.94,17.99,17.94,17.99,200,2,3593
2020-02-19,17.64,17.67,17.11,17.11,700,6,12139
2020-02-21,17.19,17.19,17.11,17.11,900,7,15417
2020-02-28,17.11,17.11,17.11,17.11,100,1,1711
2020-03-02,17.32,17.32,17.32,17.32,100,1,1732
2020-03-04,17.04,17.04,17.04,17.04,100,1,1704
2020-03-05,17.05,17.05,17.0,17.0,500,3,8506
2020-03-09,16.85,16.85,16.85,16.85,700,5,11795
2020-03-11,17.55,17.6,17.0,17.0,700,7,12093
2020-03-12,16.85,16.86,16.85,16.86,300,3,5056
2020-03-23,16.8,16.8,16.8,16.8,100,1,1680
2020-03-25,15.51,16.2,15.51,16.2,300,3,4791
2020-04-01,15.16,15.67,15.16,15.67,300,3,4599
2020-04-03,15.7,15.7,15.7,15.7,400,1,6280
2020-04-09,15.8,15.8,15.3,15.3,300,3,4640
2020-04-13,17.11,17.11,15.17,15.17,1000,8,15945
2020-04-15,17.44,17.44,17.44,17.44,300,2,5232
2020-04-16,17.5,17.5,17.5,17.5,200,2,3500
2020-04-17,17.85,17.85,17.5,17.5,400,4,7036
2020-04-22,18.0,18.5,16.93,16.93,600,5,10554
2020-04-24,16.2,16.2,16.0,16.0,700,5,11260
2020-04-27,15.95,16.0,15.95,16.0,200,2,3195
2020-04-28,16.2,16.33,16.0,16.22,1800,9,28935
2020-04-29,16.6,17.01,16.15,16.25,7200,18,116937
2020-04-30,16.25,16.45,16.24,16.45,5000,5,81269
2020-05-04,16.75,16.75,16.5,16.51,300,3,4976
2020-05-06,17.36,17.36,17.36,17.36,100,1,1736
2020-05-07,17.82,17.82,17.36,17.36,500,5,8756
2020-05-11,17.5,17.5,17.5,17.5,500,1,8750
2020-05-12,17.38,17.5,17.38,17.5,400,3,6987
2020-05-13,17.2,17.2,16.8,16.8,300,3,5095
2020-05-14,16.62,16.8,16.5,16.68,800,6,13330
2020-05-18,16.23,16.23,16.23,16.23,200,2,3246
2020-05-21,16.71,16.71,16.71,16.71,100,1,1671
2020-05-22,16.83,16.83,16.83,16.83,100,1,1683
2020-05-25,17.0,17.34,17.0,17.34,200,2,3434
2020-05-26,17.02,17.02,17.02,17.02,100,1,1702
2020-05-28,17.2,17.23,17.1,17.1,600,4,10313
2020-05-29,17.2,17.2,17.2,17.2,100,1,1720
2020-06-01,17.19,17.19,17.19,17.19,100,1,1719
2020-06-02,17.2,17.21,17.2,17.21,600,3,10321
2020-06-03,16.91,17.4,16.91,17.4,400,3,6881
2020-06-05,17.3,17.89,17.3,17.89,2200,6,39001
2020-06-09,18.37,18.37,18.37,18.37,400,1,7348
2020-06-10,18.37,18.37,17.25,17.87,1300,4,23635
2020-06-12,17.99,18.01,17.99,18.01,1100,2,19809
2020-06-15,18.02,18.02,18.02,18.02,800,1,14416
2020-06-16,18.24,18.24,18.17,18.24,300,3,5465
2020-06-17,18.24,18.24,18.24,18.24,1200,3,21888
2020-06-18,18.24,18.24,17.54,18.24,300,3,5402
2020-06-22,17.17,18.24,17.17,18.24,300,3,5347
2020-06-23,18.23,18.23,18.2,18.2,500,2,9103
2020-06-24,18.37,18.37,18.37,18.37,100,1,1837
2020-06-25,18.22,18.22,18.22,18.22,100,1,1822
2020-06-30,18.01,18.01,18.01,18.01,100,1,1801
2020-07-01,18.0,18.12,18.0,18.01,1600,4,28821
2020-07-02,18.1,18.23,18.1,18.23,300,2,5456
