Date,Open,High,Low,Close,Volume,Neg,Fin
2010-01-04,6.93386,6.95247,6.82217,6.84079,37200,87,549064
2010-01-05,6.84079,7.25961,6.84079,7.23634,212100,166,3233563
2010-01-06,7.32941,7.32941,7.23634,7.25961,66800,68,1043719
2010-01-07,7.25961,7.25961,7.12,7.23634,16700,27,258757
2010-01-08,7.27357,7.48764,7.21307,7.48764,124500,193,1968071
2010-01-11,7.51556,7.67378,7.51556,7.6319,120600,102,1979490
2010-01-12,7.49229,7.6319,7.49229,7.6319,46200,48,745186
2010-01-13,7.65517,7.84131,7.6319,7.72962,72600,60,1207161
2010-01-14,7.77151,7.88784,7.65051,7.77151,52600,67,879225
2010-01-15,7.74824,7.86458,7.72497,7.77151,49000,114,819204
2010-01-18,7.72497,7.79477,7.67843,7.79477,22500,29,375245
2010-01-19,7.81339,7.81339,7.75289,7.77151,15500,56,259201
2010-01-20,7.77151,7.77151,7.27357,7.60863,58500,97,955008
2010-01-21,7.67378,7.67378,7.34338,7.35268,42000,76,672621
2010-01-22,7.36664,7.53417,7.32941,7.35268,33800,37,535532
2010-01-26,7.44575,7.44575,7.07812,7.42249,24000,71,376285
2010-01-27,7.41783,7.41783,7.06416,7.27357,81600,48,1284979
2010-01-28,7.28288,7.29684,7.02693,7.16654,78500,42,1206845
2010-01-29,7.18981,7.32476,7.03624,7.25961,28000,65,435839
2010-02-01,7.3806,7.42714,7.15723,7.42714,32700,82,513712
2010-02-02,7.43179,7.51556,7.28288,7.42249,24900,61,398340
2010-02-03,7.40853,7.53882,7.40853,7.53882,8200,20,132561
2010-02-04,7.42249,7.42249,7.16189,7.32476,31100,36,487721
2010-02-05,7.28753,7.28753,6.79425,6.97109,123000,137,1835980
2010-02-08,6.9199,7.12931,6.9199,6.93851,93200,134,1401527
2010-02-09,6.9199,7.38526,6.91059,7.27357,44000,227,685121
2010-02-10,7.36664,7.41318,7.18981,7.30149,150700,78,2349674
2010-02-11,7.25961,7.37595,7.16654,7.21307,81500,72,1265909
2010-02-12,7.21307,7.21307,7.05951,7.08743,26900,50,415078
2010-02-17,7.21307,7.30615,7.21307,7.30615,5500,19,85975
2010-02-18,7.29218,7.34803,7.28288,7.34803,37300,97,586433
2010-02-19,7.34803,7.34803,7.16654,7.23634,30200,46,471084
2010-02-22,7.26426,7.32476,7.22238,7.2503,17700,31,275765
2010-02-23,7.21307,7.21307,7.00366,7.00366,32200,12,492340
2010-02-24,7.16654,7.16654,6.80356,6.80356,21300,40,320041
2010-02-25,6.82217,6.97574,6.79425,6.97574,208800,28,3063512
2010-02-26,6.98039,6.98039,6.74771,6.97109,48000,60,703203
2010-03-01,6.97574,7.12,6.83613,7.0502,245800,286,3693042
2010-03-02,7.09208,7.16654,7.09208,7.12,258700,62,3953046
2010-03-03,7.00366,7.18981,6.79425,6.86405,215000,305,3276315
2010-03-04,6.93386,7.0502,6.91059,6.91059,12400,41,185378
2010-03-05,6.98039,7.14327,6.97574,7.14327,65800,41,991348
2010-03-08,7.12,7.15258,6.98039,7.15258,11500,18,175933
2010-03-09,7.07347,7.25496,7.07347,7.24565,27500,35,427280
2010-03-10,7.22238,7.35268,7.21307,7.32941,46200,69,722359
2010-03-11,7.39922,7.52021,7.3108,7.44575,31200,96,500373
2010-03-12,7.49229,7.49229,7.31545,7.39922,33900,197,541279
2010-03-15,7.44575,7.49229,7.30615,7.44575,103800,81,1657160
2010-03-16,7.52952,7.58071,7.49694,7.58071,60700,103,982373
2010-03-17,7.58536,7.79477,7.58536,7.77151,266700,471,4429199
2010-03-18,7.832,7.88319,7.80873,7.81804,101500,89,1705437
2010-03-19,7.85992,7.91111,7.77151,7.84131,23000,66,387310
2010-03-22,7.84131,7.84131,7.77151,7.84131,16100,51,270221
2010-03-23,7.84131,7.84131,7.74824,7.74824,11200,34,187605
2010-03-24,7.80408,7.91577,7.80408,7.91577,67400,241,1139713
2010-03-25,7.90181,7.90181,7.83666,7.83666,40700,124,688379
2010-03-26,7.92042,7.92042,7.77151,7.77151,159900,50,2702346
2010-03-29,7.75289,7.86923,7.74824,7.75754,27400,69,460206
2010-03-30,7.8925,7.91111,7.77151,7.86458,62400,141,1052838
2010-03-31,7.81804,8.00884,7.74358,7.93438,91000,122,1543558
2010-04-01,8.0553,8.18628,8.04127,8.16289,69100,99,1198108
2010-04-05,8.23306,8.65407,8.23306,8.4155,132700,160,2390114
2010-04-06,8.44356,8.46695,8.34065,8.4155,322200,303,5806530
2010-04-07,8.42017,8.42017,8.27516,8.32662,68200,221,1215381
2010-04-08,8.46227,8.46227,8.29387,8.32662,131600,162,2343868
2010-04-09,8.37339,8.37339,8.18628,8.27984,167100,110,2972845
2010-04-12,8.37339,8.50906,8.20967,8.39678,106900,147,1893163
2010-04-13,8.51373,8.51373,8.25645,8.51373,57300,88,1020083
2010-04-14,8.42017,8.5418,8.42017,8.46695,166800,121,3027333
2010-04-15,8.49034,8.5839,8.46695,8.51373,172900,67,3149754
2010-04-16,8.46695,8.7944,8.46695,8.70085,52100,99,959025
2010-04-19,8.74763,8.89732,8.70085,8.89732,42900,114,803698
2010-04-20,8.93006,9.00491,8.42485,8.51373,179000,371,3370973
2010-04-22,8.64939,8.88796,8.56051,8.72891,195900,332,3655139
2010-04-23,8.75266,8.75266,8.52083,8.70535,133400,117,2446645
2010-04-26,8.93244,8.93244,8.61072,8.65803,159300,114,2938023
2010-04-27,8.65803,8.66276,8.5161,8.56341,222000,168,4046688
2010-04-28,8.62018,8.71481,8.60599,8.61072,74500,435,1360935
2010-04-29,8.61072,8.82362,8.61072,8.71481,46400,107,858040
2010-04-30,8.74793,8.84255,8.61072,8.61072,45600,119,837796
2010-05-03,8.68169,8.79524,8.58707,8.75266,30200,53,554408
2010-05-04,8.729,8.84728,8.5161,8.52083,32600,64,593554
2010-05-05,8.42621,8.7432,8.29373,8.65803,228500,159,4185131
2010-05-06,8.61072,8.64857,8.29373,8.49244,77500,68,1390896
2010-05-07,8.30319,8.56341,7.99567,8.09503,67500,118,1182374
2010-05-10,8.49244,8.61072,8.49244,8.5161,36500,50,658979
2010-05-11,8.68169,8.68169,8.47352,8.53975,376900,74,6812612
2010-05-12,8.58233,8.58233,8.48298,8.5161,64700,55,1164243
2010-05-13,8.46793,8.6642,8.46793,8.54931,84200,83,1508194
2010-05-14,8.54453,8.54453,8.40092,8.40092,57900,49,1030183
2010-05-17,8.37698,8.53495,8.20944,8.53495,12100,58,209581
2010-05-18,8.40092,8.67377,8.40092,8.5541,23700,98,424849
2010-05-19,8.44879,8.44879,7.8265,7.95095,148600,257,2499962
2010-05-20,7.65417,7.70683,7.15634,7.6063,154400,381,2413511
2010-05-21,7.46748,7.98446,7.3143,7.94617,50700,151,817915
2010-05-24,8.08977,8.18551,8.03233,8.08977,57800,68,976901
2010-05-25,7.94617,8.10892,7.94617,8.08977,89700,49,1502768
2010-05-26,8.30518,8.44879,8.28125,8.28125,31900,50,556497
2010-05-27,8.28125,8.56846,8.28125,8.56846,40100,72,711283
2010-05-28,8.61633,8.66898,8.60675,8.65941,35700,83,642686
2010-05-31,8.70249,8.85088,8.70249,8.8078,3000,14,54792
2010-06-01,8.71207,8.77908,8.64026,8.68813,39900,27,726178
2010-06-02,8.61633,8.75515,8.61633,8.71207,77100,105,1402444
2010-06-04,8.82216,8.82216,8.71207,8.75993,17800,44,324649
2010-06-07,8.77908,8.85088,8.71207,8.71207,44900,63,822148
2010-06-08,8.8078,8.85567,8.75993,8.8078,16100,50,296074
2010-06-09,8.99449,8.99449,8.63069,8.64505,79300,72,1464917
2010-06-10,8.62111,8.85567,8.62111,8.71207,36400,47,668516
2010-06-11,8.736,8.80302,8.6642,8.75993,26300,31,478759
2010-06-14,8.75993,8.85088,8.75993,8.85088,2600,6,47935
2010-06-15,8.90354,8.97534,8.89875,8.95141,50000,51,930396
2010-06-16,8.96577,8.97534,8.83174,8.83174,55100,32,1029608
2010-06-17,8.71207,8.95141,8.71207,8.92747,71800,31,1326320
2010-06-18,8.94183,8.96098,8.81259,8.88918,11700,26,217648
2010-06-21,8.85567,9.21468,8.75993,9.09501,116700,256,2201372
2010-06-22,9.19554,9.5737,9.19554,9.47317,319500,441,6318184
2010-06-23,9.62157,9.62157,9.3918,9.43009,83000,375,1651208
2010-06-24,9.32893,9.51953,9.2654,9.50365,48100,187,853497
2010-06-25,9.52483,9.53012,9.2654,9.31834,34200,67,604655
2010-06-28,9.29186,9.31834,9.10656,9.13832,22100,80,382834
2010-06-29,9.02714,9.51423,8.78889,9.41364,70700,147,1226152
2010-06-30,9.31304,9.52483,9.2654,9.39776,53100,82,941077
2010-07-01,9.4082,9.68036,9.20008,9.65902,33700,112,603546
2010-07-02,9.92584,10.03256,9.87247,10.03256,42600,66,794290
2010-07-05,10.02723,10.02723,9.82444,9.82444,4200,14,78153
2010-07-06,9.87247,10.03256,9.87247,9.92584,20300,44,378355
2010-07-07,9.92584,10.08593,9.9045,10.03256,28000,34,527130
2010-07-08,10.11261,10.11261,9.91516,9.92584,10800,41,201534
2010-07-12,9.92584,9.92584,9.71238,9.84579,121400,47,2214013
2010-07-13,9.87247,9.90983,9.69637,9.69637,20500,24,378144
2010-07-14,9.71238,9.71238,9.47757,9.47757,23200,63,415413
2010-07-15,9.49892,9.60565,9.41887,9.60565,15300,46,274050
2010-07-16,9.60031,9.63233,9.47224,9.56829,19300,104,346851
2010-07-19,9.4669,9.4669,9.37618,9.37618,28600,48,505319
2010-07-20,9.56829,9.56829,9.22143,9.22676,101500,142,1796554
2010-07-21,9.22676,9.48291,9.21609,9.46156,41400,92,724378
2010-07-22,9.48291,9.56829,9.41887,9.41887,128800,96,2290346
2010-07-23,9.41887,9.55229,9.39753,9.47224,12700,46,225073
2010-07-26,9.44556,9.54161,9.38686,9.45089,13600,30,240161
2010-07-27,9.49892,9.54695,9.42955,9.44556,114700,84,2035677
2010-07-28,9.54695,9.71238,9.54695,9.60565,68800,120,1239360
2010-07-29,9.62166,9.65902,9.48825,9.56296,50000,65,894617
2010-07-30,9.55762,9.65902,9.42421,9.65902,40900,40,733616
2010-08-02,9.8618,9.8618,9.6857,9.6857,59300,73,1077458
2010-08-03,9.74973,9.74973,9.58964,9.60565,101500,130,1827584
2010-08-04,9.34416,9.72305,9.34416,9.72305,13600,34,244539
2010-08-05,9.71238,9.81911,9.63767,9.76575,110500,59,2018210
2010-08-06,9.81377,9.81377,9.6857,9.72305,9000,30,163933
2010-08-09,9.72839,9.79243,9.65368,9.72305,69200,146,1266193
2010-08-10,9.65902,9.73906,9.65902,9.73906,27200,59,495019
2010-08-11,9.60565,9.60565,9.39219,9.39219,75900,221,1347627
2010-08-12,9.41887,9.49892,9.33883,9.36551,20400,68,360236
2010-08-13,9.42509,9.42509,9.1985,9.23627,43400,78,747699
2010-08-16,9.35495,9.35495,8.98809,9.15534,30200,117,510814
2010-08-17,9.15534,9.24166,9.11757,9.13376,24600,70,418234
2010-08-18,9.17152,9.22548,9.15534,9.22548,54900,93,934310
2010-08-19,9.34956,9.34956,9.25245,9.25245,85800,86,1474307
2010-08-20,9.36035,9.36035,9.10139,9.27943,45600,58,784468
2010-08-23,9.23087,9.57615,9.23087,9.49523,29200,101,511433
2010-08-24,9.44128,9.44128,9.38193,9.38732,75100,113,1307268
2010-08-25,9.4143,9.4143,9.36035,9.4143,25700,36,446875
2010-08-26,9.41969,9.49523,9.41969,9.44128,21700,30,379523
2010-08-27,9.38732,9.43588,9.18232,9.20929,62100,331,1062638
2010-08-30,9.22548,9.26863,9.17152,9.1985,12800,27,218307
2010-08-31,9.22548,9.54918,9.22548,9.46825,27000,45,473306
2010-09-01,9.44128,9.94841,9.44128,9.68945,41000,86,738478
2010-09-02,9.71103,9.71103,9.48443,9.49523,46600,143,825316
2010-09-03,9.54918,9.65168,9.5168,9.58155,22600,29,401120
2010-09-06,9.60312,9.76498,9.60312,9.71103,14800,29,266283
2010-09-08,9.76498,9.87288,9.54918,9.70563,155400,144,2807284
2010-09-09,9.76498,9.81893,9.71103,9.81353,114700,178,2075930
2010-09-10,9.76498,9.8513,9.76498,9.81893,51500,71,938881
2010-09-13,9.81893,9.87288,9.68405,9.70024,64800,109,1172392
2010-09-14,9.71103,9.81893,9.71103,9.81893,167000,47,3008369
2010-09-15,9.81893,10.00236,9.81893,10.00236,19500,49,358544
2010-09-16,9.99157,10.3962,9.98078,10.31527,72200,144,1369735
2010-09-17,10.2829,10.52028,10.25052,10.52028,92200,100,1783397
2010-09-20,10.40159,10.46633,10.25052,10.30987,74700,130,1432813
2010-09-21,10.34224,10.52028,10.34224,10.46633,59200,38,1148962
2010-09-22,10.54725,10.54725,10.52028,10.52028,1600,7,31210
2010-09-23,10.52028,10.52028,9.87827,9.87827,425800,277,8062024
2010-09-24,9.87288,9.98078,9.87288,9.98078,114500,182,2114390
2010-09-27,9.98078,9.98078,9.81893,9.9538,46500,173,857496
2010-09-28,9.89985,9.9538,9.8513,9.87827,36200,110,664500
2010-09-29,9.91064,9.96459,9.87827,9.87827,27000,72,496654
2010-09-30,9.92762,9.94935,9.77556,9.82987,35300,83,640877
2010-10-01,9.87331,10.03624,9.78099,9.88418,32200,123,585881
2010-10-04,9.88418,10.09598,9.73754,9.77556,43900,96,794201
2010-10-05,9.94935,9.94935,9.7647,9.77556,375000,734,6782773
2010-10-06,9.77556,9.85702,9.77556,9.82987,59900,331,1083341
2010-10-07,9.78099,9.79728,9.70496,9.77556,35600,144,639293
2010-10-08,9.77556,9.82444,9.72668,9.80271,87600,48,1576919
2010-10-11,9.80271,9.82987,9.75926,9.81901,88200,53,1594425
2010-10-13,9.82444,9.85702,9.81901,9.85702,81700,105,1481065
2010-10-14,9.85702,9.85702,9.71039,9.80271,176400,75,3190386
2010-10-15,9.69409,9.72125,9.46057,9.53117,26500,75,467552
2010-10-18,9.66694,9.88961,9.65065,9.77556,141800,144,2558124
2010-10-19,9.77556,9.80271,9.75383,9.78099,58100,56,1047580
2010-10-20,9.80271,9.80271,9.74841,9.77556,18700,42,336739
2010-10-21,9.92762,9.92762,9.77556,9.80271,67300,61,1211522
2010-10-22,9.77556,9.85159,9.77556,9.85159,13200,35,238252
2010-10-25,9.85702,9.85702,9.77556,9.82987,20900,33,377512
2010-10-26,9.82987,9.85702,9.80271,9.84616,46300,31,838088
2010-10-27,9.82987,9.87331,9.82987,9.82987,26600,32,481588
2010-10-28,9.86789,9.86789,9.78642,9.80271,2800,14,50649
2010-10-29,9.84616,9.84616,9.77013,9.77013,229500,129,4131585
2010-11-01,9.77556,9.91133,9.74841,9.77556,112300,695,2029758
2010-11-03,9.74841,9.77013,9.72125,9.7647,22300,44,400537
2010-11-04,9.74841,9.79185,9.37368,9.37911,163900,397,2873588
2010-11-05,9.50402,9.60177,9.31393,9.3248,264500,421,4605256
2010-11-08,9.36806,9.39007,9.24154,9.39007,55500,133,941031
2010-11-09,9.35156,9.41757,9.24705,9.26905,61500,291,1039066
2010-11-10,9.29105,9.40107,9.29105,9.36806,16400,41,278756
2010-11-11,9.32406,9.37907,9.30206,9.37907,9200,18,156359
2010-11-12,9.37907,9.40657,9.26905,9.30756,54200,158,917377
2010-11-16,9.25255,9.36257,9.25255,9.27455,26700,53,451406
2010-11-17,9.35156,9.40107,9.13153,9.13153,107200,36,1786239
2010-11-18,9.21954,9.35156,9.21404,9.24705,82600,62,1389720
2010-11-19,9.24154,9.35156,9.07652,9.35156,164700,63,2757071
2010-11-22,9.35156,9.48909,9.32406,9.48909,468300,70,8024280
2010-11-23,9.46158,9.50559,9.29655,9.41207,591400,45,10120901
2010-11-24,9.46708,9.48909,9.42307,9.48909,21200,22,364741
2010-11-25,9.50559,9.50559,9.40657,9.50009,19900,12,340528
2010-11-26,9.39557,9.49459,9.34606,9.48359,6700,22,114662
2010-11-29,9.50009,9.59911,9.32406,9.41757,165300,59,2826512
2010-11-30,9.48359,9.76413,9.35156,9.76413,67500,55,1188843
2010-12-01,9.5771,9.73112,9.40657,9.5716,93900,223,1639552
2010-12-02,9.73663,9.73663,9.61561,9.64311,75600,103,1325399
2010-12-03,9.68162,9.73663,9.63211,9.68712,181200,80,3191254
2010-12-06,9.73663,9.81914,9.73112,9.81914,104900,57,1862367
2010-12-07,9.83014,9.83014,9.64311,9.76413,61300,41,1082815
2010-12-08,9.62661,9.79164,9.6046,9.79164,22000,110,388695
2010-12-09,9.78614,9.79164,9.39007,9.39007,11500,45,202147
2010-12-10,9.79164,9.80264,9.5716,9.73663,174400,55,3102398
2010-12-13,9.83564,9.84665,9.65411,9.81914,13100,37,233475
2010-12-14,9.79164,9.84665,9.73663,9.84665,23300,67,415739
2010-12-15,9.79164,9.84665,9.68162,9.84665,13700,20,244791
2010-12-16,9.68162,9.73663,9.5826,9.73663,5300,17,93263
2010-12-17,9.81364,9.84114,9.62661,9.84114,7300,23,129241
2010-12-20,9.62661,9.70912,9.5441,9.68162,35800,116,627460
2010-12-21,9.75863,9.75863,9.62661,9.73663,39000,12,691017
2010-12-22,9.73663,9.75863,9.71462,9.75863,11400,42,202141
2010-12-23,9.75863,9.76413,9.68162,9.75863,48100,86,851859
2010-12-27,9.70912,9.76413,9.70912,9.76413,6300,6,111805
2010-12-28,9.70912,9.76413,9.59911,9.59911,17700,93,312181
2010-12-29,9.59911,9.69812,9.36806,9.69812,89600,43,1542201
2010-12-30,9.66582,9.68791,9.6603,9.6603,59100,87,1034784
2011-01-03,9.61059,9.77077,9.53878,9.54983,6200,24,108434
2011-01-04,9.61059,9.72658,9.61059,9.67134,31100,29,542238
2011-01-05,9.66582,9.82048,9.40622,9.59954,169600,140,2947888
2011-01-06,9.81495,9.81495,9.66582,9.79838,4200,20,74096
2011-01-07,9.77629,9.77629,9.72105,9.74867,3200,13,56505
2011-01-10,9.72658,9.77077,9.69344,9.72105,8200,29,144317
2011-01-11,9.74867,9.74867,9.61611,9.74315,8200,22,144038
2011-01-12,9.77629,9.8039,9.74315,9.8039,7700,31,136299
2011-01-13,9.82048,9.88123,9.74867,9.87571,34800,45,619301
2011-01-14,9.64373,9.64373,9.44489,9.45594,41600,157,717111
2011-01-17,9.55535,9.55535,9.42832,9.50565,27000,218,465005
2011-01-18,9.54431,9.54431,9.19634,9.2571,26900,112,455207
2011-01-19,9.27919,9.50012,9.25157,9.4725,15100,66,257614
2011-01-20,9.48907,9.4946,9.235,9.41727,8400,25,142315
2011-01-21,9.45041,9.45041,9.28471,9.28471,11100,44,187198
2011-01-24,9.38413,9.54431,9.3289,9.54431,21200,91,363663
2011-01-26,9.53878,9.53878,9.22948,9.4725,8800,23,150478
2011-01-27,9.235,9.38965,9.235,9.38413,7500,21,126953
2011-01-28,9.33442,9.33442,9.19634,9.20186,4700,22,78511
2011-01-31,9.27919,9.27919,8.93122,9.08587,13200,51,217135
2011-02-01,9.05826,9.05826,8.83732,8.94779,28500,126,465332
2011-02-02,8.94779,9.04721,8.69372,8.69372,13200,39,212097
2011-02-03,9.01959,9.01959,8.22976,8.26842,33600,74,506979
2011-02-04,8.11929,8.15243,7.68295,7.68295,238400,601,3424954
2011-02-07,7.76028,8.28499,7.76028,8.0972,13400,36,195635
2011-02-08,8.11929,8.61639,8.11929,8.50592,27300,66,416222
2011-02-09,8.56116,8.75447,8.53354,8.56116,11100,17,173609
2011-02-10,8.56668,8.72686,8.56668,8.70476,12700,24,200218
2011-02-11,8.72133,8.72133,8.56116,8.56116,24700,73,383424
2011-02-14,8.644,8.644,8.56668,8.61639,48000,13,748778
2011-02-15,8.51145,9.08035,8.51145,9.08035,18100,53,293709
2011-02-16,9.08035,9.08035,8.78209,8.9975,68800,58,1119120
2011-02-17,9.11349,9.37861,8.97541,9.12454,8100,20,132816
2011-02-18,8.89808,8.95331,8.83732,8.83732,17600,42,282025
2011-02-21,8.9975,8.9975,8.83732,8.99198,12100,20,195902
2011-02-22,9.00302,9.00302,8.76,8.93674,20200,37,323309
2011-02-23,9.00302,9.14111,8.76,8.89256,21300,61,344414
2011-02-24,9.05826,9.11349,8.75447,8.8318,172300,42,2821200
2011-02-25,8.78209,8.95331,8.75447,8.84284,126000,109,2013901
2011-02-28,9.03064,9.05826,8.75447,8.96988,219200,292,3543627
2011-03-01,8.78209,9.19634,8.75447,9.19634,29300,98,473229
2011-03-02,9.19634,9.36204,9.07483,9.35652,31300,116,524377
2011-03-03,9.17425,9.38413,9.10244,9.38413,26100,164,438564
2011-03-04,9.11901,9.37861,9.11901,9.29023,2400,11,40320
2011-03-09,9.09692,9.38965,9.06378,9.38413,22900,90,384417
2011-03-10,9.41175,9.41727,9.30681,9.40622,20400,34,346766
2011-03-11,9.40622,9.4725,9.40622,9.4725,13000,38,222303
2011-03-14,9.30681,9.35652,9.22396,9.28471,27800,95,466163
2011-03-15,9.11349,9.27919,9.08587,9.27919,38900,33,643283
2011-03-16,9.27919,9.27919,8.8318,8.8318,60400,69,1007249
2011-03-17,9.04721,9.04721,8.75447,8.75447,56900,32,929361
2011-03-18,8.50592,8.89256,8.50592,8.58325,15700,25,248133
2011-03-21,8.80971,8.80971,8.5943,8.5943,1500,8,23433
2011-03-22,8.72686,8.75447,8.72686,8.74895,7200,7,114068
2011-03-23,8.78209,8.78209,8.72686,8.77657,4400,16,69905
2011-03-24,8.94779,8.94779,8.5943,8.5943,23000,29,365716
2011-03-25,8.58877,8.64953,8.36784,8.36784,88300,74,1355027
2011-03-28,8.36784,8.56668,8.28499,8.47831,10600,46,162411
2011-03-29,8.28499,8.47831,8.22976,8.34022,16100,33,243302
2011-03-30,8.34022,8.34022,8.28499,8.30156,46500,23,701826
2011-03-31,8.31261,8.31261,8.25737,8.27394,29800,48,446859
2011-04-01,8.30156,8.52249,8.28499,8.28499,5100,25,77119
2011-04-04,8.34022,8.47278,8.18005,8.47278,113100,73,1713431
2011-04-05,8.37336,8.54459,8.37336,8.50592,9000,33,137854
2011-04-06,8.39546,8.47831,8.39546,8.45069,5900,22,90123
2011-04-07,8.47831,8.47831,8.38993,8.45069,99600,130,1518253
2011-04-08,8.45069,8.45069,8.32918,8.34022,5800,11,88303
2011-04-11,8.29051,8.45069,8.29051,8.45069,1900,6,29040
2011-04-12,8.34022,8.39546,8.31261,8.37336,4100,13,61992
2011-04-13,8.32365,8.32365,8.22976,8.29051,190900,87,2863286
2011-04-14,8.30708,8.30708,8.14691,8.14691,43200,38,641665
2011-04-15,8.14691,8.21871,8.0972,8.21871,22300,27,330825
2011-04-18,8.14691,8.21871,8.14691,8.21871,5300,27,78521
2011-04-19,8.21871,8.21871,8.13034,8.20214,34400,25,509222
2011-04-20,8.20214,8.25185,8.20214,8.22976,48300,64,718216
2011-04-25,8.18557,8.25185,7.89836,8.17452,19100,36,282197
2011-04-26,8.25185,8.39546,8.17452,8.39546,136800,59,2036847
2011-04-27,8.39546,8.56116,8.19662,8.56116,100400,43,1509807
2011-04-28,8.53354,8.56116,8.36784,8.45069,48500,35,742202
2011-04-29,8.31261,8.31261,8.17452,8.27947,29800,106,444295
2011-05-02,8.46174,8.46174,8.29051,8.36784,10300,43,156724
2011-05-03,8.23528,8.5722,8.22976,8.56116,71500,143,1097870
2011-05-04,8.5943,8.82628,8.50592,8.78209,22400,133,352891
2011-05-05,8.6661,8.78209,8.47831,8.78209,19400,27,302605
2011-05-06,8.78209,9.33442,8.78209,9.27919,79600,311,1305872
2011-05-09,9.05826,9.38965,9.05826,9.37861,47500,61,798791
2011-05-10,9.38965,9.4725,9.19634,9.3289,22100,28,375132
2011-05-11,9.32337,9.46698,9.30681,9.30681,17300,48,292877
2011-05-12,9.30128,9.33995,9.00855,9.00855,7800,18,131407
2011-05-13,9.00855,9.00855,8.94779,8.94779,1700,7,27568
2011-05-16,8.83732,8.83732,8.56116,8.56116,90400,53,1436978
2011-05-17,8.56116,8.56116,8.39546,8.56116,6200,21,95927
2011-05-18,8.56116,8.56116,8.38441,8.52249,3100,23,47857
2011-05-19,8.47831,8.47831,8.32365,8.34022,6900,19,104922
2011-05-20,8.50592,8.56116,8.39546,8.56116,3000,14,45967
2011-05-23,8.56116,8.56116,8.39546,8.41755,5800,21,89643
2011-05-24,8.56116,8.92017,8.39546,8.69924,9400,56,146818
2011-05-25,8.56116,8.82628,8.4065,8.4065,8800,36,138778
2011-05-26,8.50592,8.56116,8.41203,8.41203,5700,28,87411
2011-05-27,8.55563,8.61639,8.55563,8.61639,12400,20,193164
2011-05-30,8.69924,8.92017,8.69924,8.92017,6800,15,109034
2011-05-31,8.68267,9.05826,8.68267,8.94779,9900,14,159943
2011-06-01,8.94779,9.31233,8.94779,9.11349,82300,183,1363028
2011-06-02,8.89256,9.17977,8.78209,9.16873,43100,168,706826
2011-06-03,9.11349,9.21843,8.91465,9.21843,25300,67,418359
2011-06-06,9.00302,9.38965,8.83732,8.83732,56400,66,947600
2011-06-07,9.21291,9.30681,9.03064,9.22396,10400,31,173442
2011-06-08,9.11349,9.11349,8.96988,9.05826,13600,21,223959
2011-06-09,9.06378,9.11349,8.8318,8.89256,17500,78,283076
2011-06-10,8.94227,9.11349,8.77104,9.10796,7200,29,117320
2011-06-13,8.86494,9.21843,8.86494,9.03616,15600,53,257229
2011-06-14,9.06378,9.21291,8.78761,8.78761,45200,105,734369
2011-06-15,8.75447,8.75447,8.49488,8.56116,12500,41,194131
2011-06-16,8.61639,8.61639,8.35127,8.50592,30600,43,470980
2011-06-17,8.50592,9.04721,8.18557,8.83732,97100,98,1519782
2011-06-20,9.00302,9.00302,8.56668,8.72686,10800,46,170704
2011-06-21,8.66058,8.9975,8.64953,8.86494,27500,105,443662
2011-06-22,8.89256,8.9975,8.66058,8.87046,42600,88,684975
2011-06-24,8.78209,8.96988,8.644,8.78761,22100,90,352853
2011-06-27,8.71029,8.74895,8.66058,8.66058,30900,48,486668
2011-06-28,8.5722,8.72686,8.45069,8.53354,43500,135,676305
2011-06-29,8.56116,8.61639,8.50592,8.61639,27100,14,418556
2011-06-30,8.644,8.75447,8.48383,8.48383,12600,22,194985
2011-07-01,8.5004,8.56668,8.5004,8.56116,2300,9,35630
2011-07-04,8.5722,8.5943,8.44517,8.53354,18300,58,282388
2011-07-05,8.58877,8.61087,8.39546,8.56116,40200,41,623660
2011-07-06,8.61087,8.68267,8.50592,8.56116,12800,46,198669
2011-07-07,8.5004,8.75447,8.5004,8.644,16000,45,250213
2011-07-08,8.6661,8.67715,8.56116,8.67162,12500,32,195047
2011-07-11,8.61639,8.61639,8.36784,8.43964,45000,80,693181
2011-07-12,8.39546,8.47831,8.39546,8.41203,22000,49,335108
2011-07-13,8.53906,8.53906,8.39546,8.42307,50600,100,773505
2011-07-14,8.39546,8.42307,8.06958,8.42307,15500,47,232824
2011-07-15,8.61087,8.61087,8.37889,8.45069,11100,27,169924
2011-07-18,8.34022,8.39546,8.19662,8.19662,18800,57,282477
2011-07-19,8.36784,8.60534,8.36784,8.60534,5000,8,77040
2011-07-20,8.35127,8.54459,8.28499,8.28499,2100,15,31945
2011-07-21,8.29604,8.50592,8.28499,8.28499,12400,35,187262
2011-07-22,8.3347,8.36232,8.18005,8.31261,18600,58,278626
2011-07-25,8.18005,8.31261,8.18005,8.25737,11700,38,175474
2011-07-26,8.22976,8.27394,8.20766,8.27394,4500,14,67131
2011-07-27,8.19109,8.3347,8.06406,8.06406,62500,43,921868
2011-07-28,8.04196,8.11929,8.03644,8.03644,13600,28,198398
2011-07-29,7.95359,7.95359,7.51725,7.83208,65400,77,918915
2011-08-01,7.83208,7.95359,7.56696,7.95359,52700,191,735692
2011-08-02,7.94254,7.94254,7.42887,7.51172,84100,108,1160929
2011-08-03,7.56696,7.56696,7.16928,7.48411,30900,78,415005
2011-08-04,7.12509,7.42335,7.02015,7.18032,65700,134,856365
2011-08-05,7.39573,7.84312,7.23556,7.45649,1233400,144,17127620
2011-08-08,7.44544,7.44544,7.06986,7.06986,150300,78,1937247
2011-08-09,7.18032,7.60562,7.103,7.19137,37200,132,488226
2011-08-10,7.1748,7.2466,7.06986,7.20794,198300,85,2567175
2011-08-11,7.18032,7.8376,7.18032,7.8376,14600,45,200121
2011-08-12,7.58905,7.73266,7.37364,7.73266,24200,38,332478
2011-08-15,7.64981,7.84312,7.56696,7.84312,10400,25,145944
2011-08-16,7.73266,7.82656,7.68847,7.78789,33400,33,470447
2011-08-17,8.01987,8.25737,7.67743,7.67743,23400,31,326977
2011-08-18,7.73266,7.78789,7.46201,7.62219,16300,23,223742
2011-08-19,7.48411,7.67743,7.48411,7.64981,20600,24,284385
2011-08-22,7.69399,7.78789,7.69399,7.78789,17800,18,250236
2011-08-23,7.73266,7.8376,7.73266,7.8376,23400,18,330002
2011-08-24,7.73266,7.84312,7.73266,7.84312,149600,14,2096469
2011-08-25,7.73266,7.73266,7.63876,7.73266,379700,27,5313175
2011-08-26,7.60562,7.94807,7.6001,7.78789,64700,28,905672
2011-08-29,7.8376,7.87074,7.73266,7.84312,126300,27,1776266
2011-08-30,7.79341,8.00882,7.79341,8.00882,32700,44,471595
2011-08-31,8.03092,8.22976,8.03092,8.22976,151500,38,2219179
2011-09-01,8.28499,8.53354,8.28499,8.50592,46700,69,709593
2011-09-02,8.28499,8.29051,8.17452,8.17452,100700,39,1491310
2011-09-05,8.07511,8.07511,8.0033,8.00882,30200,134,440274
2011-09-06,8.27947,8.28499,8.27947,8.28499,6100,5,91499
2011-09-08,8.37889,8.37889,8.18557,8.22976,107000,31,1602239
2011-09-09,8.11377,8.27947,8.11377,8.20214,17700,38,262408
2011-09-12,8.01435,8.22423,8.01435,8.20766,1600,12,23650
2011-09-13,8.2629,8.34022,8.2629,8.28499,298800,63,4490254
2011-09-14,8.34022,8.45069,8.23528,8.45069,29300,36,443834
2011-09-15,8.47831,8.55011,8.42307,8.49488,11600,31,178338
2011-09-16,8.46726,8.46726,8.39546,8.4286,3900,7,59494
2011-09-19,8.39546,8.39546,8.34575,8.36784,500,3,7572
2011-09-20,8.36784,8.36784,8.31813,8.32365,9500,28,143432
2011-09-21,8.32365,8.56116,8.31813,8.35127,44800,53,678501
2011-09-22,8.28499,8.28499,8.18005,8.20766,25200,51,374970
2011-09-23,8.00882,8.10272,8.00882,8.0972,3500,6,50977
2011-09-26,8.12481,8.12481,7.73266,8.03644,100100,40,1453690
2011-09-27,7.93702,8.06958,7.93702,8.06958,4400,24,63992
2011-09-28,8.06958,8.169,7.90388,7.90388,43500,62,635308
2011-09-29,7.90388,7.9094,7.89836,7.9094,1700,4,24316
2011-09-30,7.92597,8.03092,7.92045,7.9315,36000,52,517451
2011-10-03,7.8376,8.0033,7.8376,7.97568,22200,26,319051
2011-10-04,8.04196,8.04196,7.78789,7.87074,55900,30,794729
2011-10-05,7.71057,7.98673,7.71057,7.80446,8700,25,122755
2011-10-06,7.84865,7.85969,7.82656,7.82656,1700,9,24138
2011-10-07,7.94254,8.00882,7.81551,7.82656,2200,4,31505
2011-10-10,7.84865,7.98673,7.84312,7.94807,6500,19,92731
2011-10-11,7.98121,8.11929,7.79341,8.11929,4600,15,66585
2011-10-13,8.11377,8.11929,7.98121,7.98121,1500,6,21965
2011-10-14,7.97568,7.97568,7.9094,7.9094,20100,5,288394
2011-10-17,7.95359,7.95359,7.7437,7.74923,63800,36,897094
2011-10-18,7.77132,8.00882,7.73266,7.85417,10100,27,143181
2011-10-19,7.81551,7.94807,7.81551,7.84312,44300,48,630350
2011-10-20,7.82656,7.82656,7.56696,7.56696,8400,25,116950
2011-10-21,7.58905,7.86522,7.58905,7.8376,18600,49,260793
2011-10-24,7.67743,7.84312,7.65533,7.65533,10100,43,141537
2011-10-25,7.75597,7.75597,7.49912,7.5382,2200,4,30032
2011-10-26,7.57171,7.62196,7.53262,7.62196,32500,13,442461
2011-10-27,7.75597,7.8174,7.48237,7.48237,52500,49,717887
2011-10-28,7.48795,7.8174,7.48795,7.7113,9100,38,125781
2011-10-31,7.48795,7.73922,7.48795,7.58846,20400,19,281355
2011-11-01,7.48795,7.63313,7.48795,7.62196,5000,10,67519
2011-11-04,7.57729,7.58846,7.57729,7.57729,2400,3,32572
2011-11-07,7.5382,7.58846,7.34835,7.43211,8300,17,110396
2011-11-08,7.45445,7.45445,7.44328,7.44328,5200,9,69353
2011-11-09,7.43211,7.43211,7.40419,7.42094,1800,7,23933
2011-11-10,7.42653,7.5382,7.42653,7.5382,3900,8,52590
2011-11-11,7.46003,8.01283,7.46003,8.01283,25300,57,358030
2011-11-14,7.8174,7.96258,7.8174,7.96258,3200,17,45262
2011-11-16,8.05192,8.05192,7.92907,7.93466,1600,7,22838
2011-11-17,7.95699,7.95699,7.93466,7.93466,2700,6,38399
2011-11-18,7.96816,7.98491,7.92907,7.93466,4200,10,59724
2011-11-21,7.91232,7.95699,7.8174,7.92907,33200,60,471619
2011-11-22,7.92907,7.96258,7.84532,7.92907,17200,37,243669
2011-11-23,7.90674,7.90674,7.84532,7.84532,1300,4,18287
2011-11-24,7.8509,7.8509,7.8174,7.8509,453800,20,6380378
2011-11-25,7.8174,7.8509,7.8174,7.8174,12200,108,170934
2011-11-28,7.82298,7.89557,7.82298,7.87324,21900,135,308334
2011-11-29,7.90674,7.90674,7.87324,7.87882,37400,15,527391
2011-11-30,7.86765,8.01283,7.86765,7.95699,73800,85,1050459
2011-12-01,8.01283,8.01283,7.95141,7.95699,28200,31,401920
2011-12-02,7.97933,7.9905,7.95699,7.95699,4000,10,57048
2011-12-05,7.97375,7.97375,7.95699,7.95699,4900,6,69832
2011-12-06,7.96258,8.01283,7.96258,8.01283,3000,5,42850
2011-12-07,8.01283,8.17477,7.92907,7.95699,161600,48,2304407
2011-12-08,7.92907,7.98491,7.92907,7.98491,8900,21,126622
2011-12-09,7.95699,7.98491,7.95699,7.95699,11000,34,157042
2011-12-12,7.90674,7.95699,7.90674,7.92907,74500,13,1059873
2011-12-13,7.95699,7.98491,7.92349,7.98491,15300,25,218016
2011-12-14,7.9905,8.04075,7.93466,8.04075,12900,29,184386
2011-12-15,7.95699,8.01842,7.95699,7.9905,4300,13,61495
2011-12-16,7.98491,8.20827,7.98491,8.04634,20300,54,291890
2011-12-19,8.00166,8.12451,8.00166,8.09659,27900,53,404507
2011-12-20,8.12451,8.18035,8.09659,8.18035,6900,21,100428
2011-12-21,8.19151,8.31436,8.19151,8.26969,14300,23,211590
2011-12-22,8.36461,8.48746,8.30319,8.48746,6200,24,93296
2011-12-23,8.53789,8.54909,8.40343,8.40343,56600,14,863087
2011-12-26,8.67794,8.67794,8.67794,8.67794,4200,4,65058
2011-12-27,8.45946,8.50988,8.45946,8.49307,9400,20,142499
2011-12-28,8.3194,8.3194,8.3194,8.3194,1400,2,20790
2011-12-29,8.29699,8.41464,8.29699,8.34741,12900,35,192226
2012-01-02,8.10651,8.29139,7.89923,8.04489,11400,83,165847
2012-01-03,8.04489,8.36982,8.04489,8.26338,30900,63,453181
2012-01-04,8.3194,8.325,8.3194,8.325,1200,4,17831
2012-01-05,8.34741,8.39783,8.21856,8.39783,31600,19,469582
2012-01-06,8.51548,8.51548,8.40343,8.48187,2100,3,31786
2012-01-09,8.49307,8.5715,8.48747,8.5715,8900,14,135448
2012-01-10,8.63873,8.72277,8.59951,8.72277,13500,19,209335
2012-01-11,8.87963,8.87963,8.68355,8.79559,2500,6,38860
2012-01-12,8.79559,8.89644,8.40343,8.40343,7400,24,115780
2012-01-13,8.38103,8.60512,8.38103,8.40343,5200,11,78464
2012-01-16,8.51548,8.51548,8.43145,8.43145,400,3,6065
2012-01-17,8.54349,8.62752,8.3306,8.3306,8000,9,121263
2012-01-18,8.48187,8.48187,8.48187,8.48187,100,1,1514
2012-01-19,8.40343,8.77319,8.40343,8.52108,14400,39,220632
2012-01-20,8.73397,8.73397,8.40343,8.40343,800,6,12149
2012-01-23,8.5715,8.5715,8.5715,8.5715,700,6,10710
2012-01-24,8.5715,8.5715,8.5715,8.5715,800,3,12240
2012-01-26,8.5715,8.5715,8.5715,8.5715,900,5,13770
2012-01-27,8.61632,8.818,8.61632,8.818,3300,11,51241
2012-01-30,8.73957,8.8236,8.47066,8.62752,6600,17,102555
2012-01-31,8.818,8.84601,8.68355,8.79559,43300,55,682212
2012-02-01,8.8236,8.96366,8.79559,8.8236,13100,23,206558
2012-02-02,9.04209,9.24378,8.95246,9.09251,22800,46,370136
2012-02-03,9.24378,9.46787,9.21577,9.38384,22700,90,376625
2012-02-06,9.21577,9.52389,9.21577,9.52389,5600,17,94541
2012-02-07,9.46787,9.80401,9.46787,9.80401,12700,25,218947
2012-02-08,9.776,9.86003,9.52389,9.64714,10800,40,186166
2012-02-09,9.66395,9.69196,9.52389,9.59672,18600,14,318303
2012-02-10,9.35583,9.52389,9.2998,9.2998,5200,6,86770
2012-02-13,9.25498,9.32781,9.25498,9.32781,400,4,6637
2012-02-14,9.35583,9.35583,8.96366,8.96926,101200,80,1671295
2012-02-15,8.90764,9.0477,8.90764,9.01969,20000,17,320986
2012-02-16,9.21016,9.21577,9.0477,9.21577,1000,7,16318
2012-02-17,9.42305,9.42305,9.13173,9.13173,4800,16,78321
2012-02-22,9.07571,9.13173,9.0477,9.13173,11100,11,179879
2012-02-23,9.13173,9.31101,9.13173,9.31101,7100,7,117598
2012-02-24,9.38384,9.38384,9.38384,9.38384,3800,9,63650
2012-02-27,9.37263,9.63594,9.37263,9.5519,18100,31,308578
2012-02-28,9.52389,9.63594,9.52389,9.63594,489000,25,8404915
2012-02-29,9.63594,9.73678,9.63594,9.63594,4300,11,74049
2012-03-01,9.70317,9.91605,9.69196,9.80401,34400,53,603504
2012-03-02,9.80401,10.09533,9.80401,10.08972,15000,52,266700
2012-03-05,10.07852,10.36424,10.07852,10.36424,17600,42,319852
2012-03-06,10.18496,10.36424,9.96647,10.14014,8000,14,144850
2012-03-07,10.08412,10.44827,10.08412,10.39785,10300,22,190437
2012-03-08,10.44827,11.7536,10.44827,10.64995,61300,251,1205350
2012-03-09,10.91886,11.19337,10.82922,11.12054,11100,61,219932
2012-03-12,10.58833,10.64435,10.58833,10.58833,1400,7,26510
2012-03-13,10.58272,10.75639,10.58272,10.75639,10100,18,191378
2012-03-14,10.53791,10.95248,10.53791,10.92446,77500,145,1495392
2012-03-15,10.64435,10.75639,10.53791,10.75079,4700,17,89586
2012-03-16,10.54351,10.58833,10.30821,10.30821,8900,43,165647
2012-03-19,10.56032,10.56032,10.24659,10.24659,900,4,16889
2012-03-20,10.06171,10.55471,10.06171,10.55471,14400,30,268557
2012-03-21,10.5323,10.84043,10.5323,10.84043,23500,23,450895
2012-03-22,10.7676,10.7676,10.7676,10.7676,1400,1,26908
2012-03-23,10.75079,10.75639,10.47628,10.67236,22400,56,427868
2012-03-26,10.35303,10.72838,10.35303,10.64435,43500,19,824739
2012-03-27,10.5323,10.64435,10.5323,10.64435,6100,6,115880
2012-03-28,10.64435,10.64435,10.44827,10.56032,8600,16,161740
2012-03-29,10.36424,10.58833,10.24659,10.42026,17700,80,326912
2012-03-30,10.14014,10.44267,10.14014,10.44267,1000,7,18364
2012-04-02,10.23538,10.58833,10.08412,10.36424,10200,24,187702
2012-04-03,10.36984,10.36984,10.36424,10.36424,94100,3,1740857
2012-04-04,10.36424,10.36424,10.30821,10.30821,11600,6,213460
2012-04-05,10.64435,10.64435,10.64435,10.64435,1000,3,19000
2012-04-09,10.5155,10.5323,10.2802,10.30821,6900,21,128273
2012-04-10,10.15135,10.36424,10.14575,10.36424,7000,18,128422
2012-04-11,10.17376,10.2802,10.17376,10.2802,3200,8,58481
2012-04-12,10.5099,10.5099,10.50429,10.50429,3000,8,56252
2012-04-13,10.50429,10.5323,10.50429,10.5323,60900,14,1144910
2012-04-16,10.5267,10.5267,10.36424,10.36424,20700,11,383383
2012-04-17,10.37544,10.44267,10.36984,10.44267,2400,9,44621
2012-04-19,10.58833,11.14856,10.58833,10.92446,45500,74,883669
2012-04-20,10.86844,10.93007,10.86844,10.92446,18600,11,362681
2012-04-23,10.89645,10.92446,10.75639,10.86844,30400,11,590303
2012-04-24,10.89645,10.89645,10.70037,10.78441,11000,36,211413
2012-04-25,10.78441,10.93007,10.78441,10.93007,3400,12,65700
2012-04-26,10.69521,10.69521,10.68961,10.68961,200,2,3813
2012-04-27,10.684,10.684,10.10633,10.37553,5200,12,96219
2012-04-30,10.21289,10.37553,10.20728,10.20728,7000,26,128211
2012-05-02,10.20728,10.21289,10.20728,10.20728,93000,41,1692623
2012-05-03,10.20728,10.48771,10.20728,10.48771,12700,18,233506
2012-05-04,10.21289,10.31945,10.20728,10.31945,13300,16,244107
2012-05-07,10.58865,10.58865,10.26337,10.29141,14500,22,265931
2012-05-08,10.29141,10.46527,10.21289,10.46527,31600,16,580142
2012-05-09,10.22972,10.46527,10.22411,10.46527,1000,7,18497
2012-05-10,10.33628,10.43162,10.33628,10.43162,900,2,16706
2012-05-11,10.26898,10.46527,10.23532,10.46527,1200,8,22244
2012-05-14,10.20728,10.22411,10.20728,10.20728,7600,46,138338
2012-05-15,10.21289,10.38114,10.20728,10.38114,900,6,16537
2012-05-16,10.20728,10.39797,10.20728,10.20728,5200,11,94710
2012-05-17,10.23532,10.43162,10.09511,10.17363,9400,12,170578
2012-05-18,9.96051,10.37553,9.96051,10.20728,11100,28,202984
2012-05-21,10.21289,10.2858,10.21289,10.23532,12300,54,224358
2012-05-22,10.23532,10.37553,10.20167,10.37553,11300,24,208115
2012-05-23,10.09511,10.20728,9.85956,10.09511,53500,217,955307
2012-05-24,10.09511,10.22972,10.09511,10.22972,10500,36,189245
2012-05-25,10.10072,10.65596,10.10072,10.59987,25200,36,469954
2012-05-28,10.84664,10.98685,10.84664,10.98685,10600,21,206786
2012-05-29,10.66156,10.66156,10.12316,10.12316,170400,57,3109563
2012-05-30,10.19009,10.40462,10.19009,10.21831,147800,8,2675171
2012-05-31,10.15621,10.16186,10.1054,10.1054,269800,12,4851949
2012-06-01,10.1054,10.1054,9.71022,9.76667,24100,65,422805
2012-06-04,9.76667,9.76667,9.59731,9.59731,30400,18,519844
2012-06-05,9.86829,9.9925,9.68199,9.93604,24000,17,417252
2012-06-06,9.66506,9.85136,9.64812,9.85136,2500,7,42908
2012-06-08,9.84007,9.84007,9.84007,9.84007,2800,1,48804
2012-06-11,9.65941,10.09976,9.6086,10.04895,82400,24,1440697
2012-06-12,9.76667,10.02072,9.68199,9.90781,19200,22,336142
2012-06-13,9.71022,9.78926,9.71022,9.71587,3700,10,63779
2012-06-14,9.63119,9.73845,9.56909,9.56909,36100,27,613646
2012-06-15,9.50134,9.59167,9.43924,9.47311,26400,16,443632
2012-06-18,9.59731,9.59731,9.59167,9.59167,12200,5,207398
2012-06-19,9.58602,9.59731,9.54085,9.54085,3500,5,59440
2012-06-20,9.59731,9.59731,9.4844,9.4844,700,3,11879
2012-06-21,9.45618,9.45618,9.45618,9.45618,17300,5,289775
2012-06-25,9.4844,9.4844,9.4844,9.4844,3600,3,60480
2012-06-26,9.42795,9.54085,9.02712,9.02712,1162700,124,18662768
2012-06-27,8.8634,9.07793,8.8634,9.02712,99600,34,1582623
2012-06-28,9.29246,9.31504,8.97631,9.1739,8300,32,133480
2012-06-29,9.20213,9.42795,9.13438,9.39972,8500,10,141308
2012-07-02,9.31504,9.31504,9.25858,9.28117,26500,23,436518
2012-07-03,9.36585,9.42795,9.36585,9.42795,10100,5,167669
2012-07-05,9.36585,9.37149,9.36585,9.37149,200,2,3319
2012-07-10,9.31504,9.37149,9.30375,9.30939,15600,20,257355
2012-07-11,9.3602,9.3602,9.31504,9.31504,112800,10,1869703
2012-07-12,9.25858,9.25858,9.21342,9.23036,2500,6,40885
2012-07-13,9.31504,9.31504,8.90292,8.90292,9200,12,151265
2012-07-17,8.90856,8.90856,8.69404,8.69404,500,2,7852
2012-07-18,8.9876,8.9876,8.9876,8.9876,700,3,11144
2012-07-19,8.58677,8.58677,8.58677,8.58677,100,1,1521
2012-07-23,9.00454,9.00454,9.00454,9.00454,600,4,9570
2012-07-24,9.03277,9.08922,9.03277,9.08922,12000,19,192349
2012-07-26,8.75049,8.80694,8.75049,8.80694,1000,5,15550
2012-07-27,8.69968,8.80694,8.69968,8.80694,1400,7,21806
2012-07-31,8.69404,9.28681,8.69404,9.28681,4100,7,67235
2012-08-01,8.77307,8.89163,8.75049,8.75049,21500,37,333926
2012-08-02,8.8634,8.8634,8.63758,8.63758,10300,39,160092
2012-08-03,8.77872,8.77872,8.77872,8.77872,700,4,10885
2012-08-06,8.80694,8.80694,8.67145,8.74484,12400,7,191927
2012-08-08,8.66581,8.67145,8.615,8.67145,17000,9,260017
2012-08-09,8.69404,8.69404,8.58677,8.58677,701700,10,10673085
2012-08-10,8.8013,8.8013,8.32708,8.35531,1586800,46,23405810
2012-08-13,8.35531,8.35531,8.19159,8.3045,1900,4,27619
2012-08-14,8.57548,8.58113,8.29885,8.29885,6500,21,97395
2012-08-16,8.2424,8.46257,8.2424,8.46257,1400,6,20505
2012-08-17,8.46821,8.53032,8.46821,8.53032,300,2,4511
2012-08-21,8.5529,8.5529,8.5529,8.5529,100,1,1515
2012-08-22,8.5529,8.5529,8.5529,8.5529,100,1,1515
2012-08-27,8.19159,8.27062,8.19159,8.27062,300,3,4381
2012-08-28,8.22562,8.39581,8.16889,8.16889,10000,18,145027
2012-08-29,8.10082,8.11217,7.99871,8.11217,1600,16,22739
2012-08-30,7.97602,8.37879,7.97602,8.37879,700,3,9913
2012-08-31,8.33908,8.37879,8.06111,8.21995,18600,15,269435
2012-09-03,8.36745,8.36745,8.21995,8.21995,4700,17,68883
2012-09-04,8.1462,8.21995,8.1462,8.16889,4200,8,60684
2012-09-06,8.22562,8.22562,8.14053,8.21428,16400,5,237754
2012-09-11,8.16889,8.16889,8.0214,8.03275,2500,9,35479
2012-09-12,8.03275,8.03842,8.02707,8.03842,1600,8,22655
2012-09-13,8.36745,8.36745,8.03842,8.05544,2500,9,36045
2012-09-14,8.05544,8.0838,7.95333,7.95333,753400,20,10623262
2012-09-17,7.959,7.959,7.90795,7.91362,1600,14,22416
2012-09-18,7.93064,7.93064,7.85689,7.85689,2000,7,27722
2012-09-19,7.85689,7.85689,7.85689,7.85689,900,3,12465
2012-09-20,7.94198,7.94198,7.81151,7.81151,800,5,11066
2012-09-21,7.87958,7.94198,7.87958,7.94198,400,3,5589
2012-09-24,7.88525,7.94198,7.71507,7.94198,54300,16,754831
2012-09-25,7.82853,7.82853,7.80583,7.80583,4200,4,57917
2012-09-26,7.81718,7.81718,7.71507,7.71507,1600,6,22003
2012-09-27,7.71507,7.71507,7.68103,7.6867,1900,6,25744
2012-09-28,7.6867,7.82285,7.43142,7.82285,25400,26,342363
2012-10-01,7.71507,8.04977,7.54488,8.0214,9100,20,123514
2012-10-02,8.0214,8.24264,8.0214,8.14053,88200,71,1264841
2012-10-03,8.14053,8.21995,8.14053,8.20861,147100,396,2122812
2012-10-04,8.21428,8.22562,8.13486,8.15755,33000,56,474682
2012-10-05,8.12918,8.18591,8.04409,8.18591,17000,38,242811
2012-10-08,8.18591,8.19159,8.16322,8.16889,380300,17,5476971
2012-10-09,8.16322,8.19159,8.16322,8.16889,102000,42,1469209
2012-10-10,8.19726,8.19726,8.16889,8.16889,2189500,46,31528850
2012-10-11,8.19159,8.19159,8.16889,8.16889,1300,13,18757
2012-10-15,8.13486,8.18591,8.02707,8.02707,17700,45,252444
2012-10-16,8.03275,8.22562,7.94198,8.22562,131700,86,1882844
2012-10-17,8.25399,8.39581,8.24264,8.39581,23000,52,338016
2012-10-18,8.39581,8.39581,8.33908,8.33908,5800,17,85518
2012-10-19,8.2937,8.33908,8.2937,8.33908,200,2,2932
2012-10-22,8.4185,8.4185,8.31072,8.31072,700,6,10274
2012-10-23,8.25966,8.25966,7.94198,7.94198,19800,46,281884
2012-10-24,7.99304,8.05544,7.81718,7.81718,2400,13,33529
2012-10-25,7.79449,7.83987,7.79449,7.81151,14900,10,205185
2012-10-26,7.66969,7.7718,7.45979,7.65834,31700,43,423037
2012-10-29,8.04409,8.04409,7.47681,7.47681,11800,60,156316
2012-10-30,7.80583,7.80583,7.40873,7.51652,9800,87,129469
2012-10-31,7.7718,7.95333,7.71507,7.93064,26300,76,364254
2012-11-01,7.93064,7.93064,7.77747,7.80583,4100,19,56484
2012-11-05,7.85122,7.90795,7.82853,7.82853,2200,8,30473
2012-11-06,7.85122,7.87958,7.69805,7.72074,16100,86,221542
2012-11-07,7.71507,7.77747,7.71507,7.7718,21600,20,295808
2012-11-08,7.81718,7.82853,7.7718,7.7718,28100,40,386318
2012-11-09,7.72641,7.81151,7.65834,7.66401,9000,40,122090
2012-11-12,7.6867,7.82853,7.66401,7.76612,16300,21,222960
2012-11-13,7.7718,7.80016,7.72074,7.72074,5900,18,80778
2012-11-14,7.73776,7.78882,7.73776,7.7718,12900,7,176010
2012-11-16,7.78314,7.78314,7.71507,7.71507,9100,51,123890
2012-11-19,7.66401,7.76612,7.65834,7.66401,9900,49,134193
2012-11-21,7.7718,7.82853,7.71507,7.7718,13700,21,187293
2012-11-22,7.76045,7.7718,7.71507,7.71507,23500,99,319716
2012-11-23,7.7718,7.7718,7.72074,7.72074,13000,28,177376
2012-11-26,7.6867,7.94198,7.6867,7.94198,27800,140,380444
2012-11-27,7.91362,7.91362,7.63565,7.71507,108300,202,1476581
2012-11-28,7.6867,7.80016,7.6867,7.71507,118600,616,1614350
2012-11-29,7.6867,7.7718,7.6867,7.71507,87700,619,1193658
2012-11-30,7.63565,7.64132,7.46546,7.54488,345600,424,4594918
2012-12-03,7.51085,7.56757,7.48815,7.54488,80500,297,1067668
2012-12-04,7.61863,7.61863,7.54488,7.54488,27600,103,368012
2012-12-05,7.55623,7.59594,7.54488,7.54488,5600,17,74612
2012-12-06,7.53354,7.90227,7.53354,7.81151,7000,30,94437
2012-12-07,7.8342,7.94198,7.76612,7.94198,40700,14,563940
2012-12-10,7.88525,8.02707,7.82853,8.02707,36500,109,509519
2012-12-11,7.97602,7.99871,7.77747,7.77747,409900,95,5762760
2012-12-12,7.82853,8.01006,7.82853,7.90795,20600,19,287731
2012-12-13,7.85122,7.88525,7.82285,7.82285,22000,22,305762
2012-12-14,7.85689,7.88525,7.62998,7.65267,256900,81,3473732
2012-12-17,7.82853,7.82853,7.54488,7.59027,59900,65,808048
2012-12-18,7.65267,7.65834,7.53354,7.53354,32000,52,430242
2012-12-19,7.65834,7.65834,7.53354,7.53354,26800,44,358648
2012-12-20,7.59027,7.59027,7.48815,7.49383,94800,62,1255263
2012-12-21,7.48815,7.52786,7.19317,7.19317,1051300,158,13412215
2012-12-26,7.24422,7.28393,7.18749,7.26124,3200,13,40774
2012-12-27,7.28961,7.53921,7.28961,7.42575,18100,37,236365
2012-12-28,7.28393,7.54488,7.26691,7.33499,2127700,49,28103962
2013-01-02,7.42008,7.48815,7.42008,7.45979,4900,16,64237
2013-01-03,7.45979,7.53921,7.45979,7.53921,36200,48,478608
2013-01-04,7.53921,7.65267,7.51652,7.51652,5800,27,77571
2013-01-07,7.51652,7.6867,7.4995,7.6867,61100,39,814692
2013-01-08,7.66969,7.6867,7.60161,7.68103,59800,140,808899
2013-01-09,7.6867,7.76612,7.65834,7.76612,25900,26,352378
2013-01-10,7.71507,7.93064,7.71507,7.93064,28800,38,396790
2013-01-11,7.88525,7.91362,7.7718,7.91362,15200,25,211153
2013-01-14,7.86824,7.88525,7.7718,7.77747,8700,23,119849
2013-01-15,7.82853,7.93064,7.77747,7.93064,712500,58,9893296
2013-01-16,7.88525,7.91362,7.83987,7.91362,273500,25,3801615
2013-01-17,7.88525,7.94198,7.87958,7.93631,57300,49,799994
2013-01-18,7.94198,7.99871,7.94198,7.99871,11300,16,158420
2013-01-21,7.99871,8.07813,7.94198,8.02707,18300,26,258492
2013-01-22,8.02707,8.04409,7.95333,8.04409,85300,36,1209162
2013-01-23,7.95333,8.0214,7.94198,8.0214,1600,5,22448
2013-01-24,8.05544,8.05544,7.97035,8.05544,62700,15,890277
2013-01-28,7.98169,8.22562,7.98169,8.16889,71100,65,1014909
2013-01-29,8.16889,8.22562,8.11217,8.16889,14400,31,206628
2013-01-30,8.16889,8.16889,8.0838,8.11217,20200,43,288213
2013-01-31,8.15188,8.24831,8.04409,8.0838,339900,30,4847769
2013-02-01,8.11217,8.27668,8.0838,8.22562,117200,134,1678048
2013-02-04,8.24264,8.28235,8.16889,8.21995,800,8,11604
2013-02-05,8.1462,8.42985,8.14053,8.4185,114800,268,1661139
2013-02-06,8.4809,8.50359,8.29937,8.36745,96800,105,1423447
2013-02-07,8.32206,8.39581,7.99871,7.99871,165700,192,2421822
2013-02-08,8.0838,8.37879,8.0838,8.26533,484800,96,7038799
2013-02-13,8.26533,8.36177,8.25399,8.36177,30400,15,443057
2013-02-14,8.28235,8.36745,8.2313,8.28235,23100,37,337240
2013-02-15,8.28235,8.28235,8.20861,8.20861,158400,14,2296801
2013-02-18,8.20861,8.29937,8.18591,8.19726,44200,24,640890
2013-02-19,8.12918,8.12918,8.01006,8.05544,13800,26,195965
2013-02-20,8.15188,8.15188,7.91362,7.91362,3800,19,53499
2013-02-21,7.94766,7.99871,7.78882,7.94198,18000,57,250456
2013-02-22,8.07246,8.07246,7.90227,7.94198,10600,16,148504
2013-02-25,8.06111,8.06111,7.88525,7.93631,5100,16,71501
2013-02-26,8.06678,8.06678,7.82853,7.8342,52600,18,728396
2013-02-27,7.82853,7.82853,7.66401,7.81151,114900,39,1574358
2013-02-28,7.86824,7.86824,7.52219,7.52219,16200,44,217707
2013-03-01,7.51652,7.7718,7.51085,7.7718,19400,45,262507
2013-03-04,7.74343,7.7718,7.52786,7.52786,98400,9,1346900
2013-03-05,7.64132,7.80016,7.6243,7.6243,24500,20,332872
2013-03-06,7.72074,7.81718,7.64699,7.7718,73700,16,1009208
2013-03-07,7.7718,8.04977,7.73776,8.04977,56500,45,793718
2013-03-08,8.04977,8.04977,7.82285,7.94198,14200,41,199505
2013-03-11,7.94198,8.0214,7.88525,7.91362,16800,20,234782
2013-03-12,7.91929,7.99304,7.80016,7.80016,3500,13,48942
2013-03-13,7.73209,7.93631,7.73209,7.93631,800,5,11101
2013-03-14,7.80016,7.86256,7.80016,7.80016,800,6,11011
2013-03-15,7.78314,7.88525,7.7718,7.7718,53500,18,734771
2013-03-18,7.7718,7.94766,7.7718,7.94766,39600,69,552992
2013-03-19,7.94198,7.94198,7.71507,7.71507,22700,46,311728
2013-03-20,7.74343,7.74343,7.60728,7.60728,9400,15,127034
2013-03-21,7.57892,7.6867,7.4995,7.4995,14700,28,195888
2013-03-22,7.50517,7.50517,7.15913,7.40306,56800,293,740261
2013-03-25,7.40306,7.40306,7.31797,7.40306,80300,56,1043062
2013-03-26,7.43142,7.43142,7.34633,7.36902,130900,60,1701762
2013-03-27,7.23855,7.3747,7.23855,7.34633,54600,136,706926
2013-03-28,7.31837,7.44386,7.30126,7.34119,35900,97,465555
2013-04-01,7.45527,7.45527,7.41534,7.43245,5500,18,71761
2013-04-02,7.44386,7.51231,6.90197,6.90197,48800,63,628840
2013-04-03,7.01035,7.36971,6.95901,7.32408,30200,122,385830
2013-04-04,7.32978,7.37542,7.2157,7.2157,23200,167,297435
2013-04-05,7.23281,7.32978,7.22711,7.24422,101900,35,1291272
2013-04-08,7.38112,7.38682,7.27274,7.3583,58000,19,747241
2013-04-09,7.50091,7.58647,7.41534,7.47239,13300,34,174136
2013-04-10,7.47239,7.4952,7.46098,7.4952,17100,45,224240
2013-04-11,7.34119,7.50091,7.34119,7.41534,2800,6,36547
2013-04-12,7.30126,7.41534,7.30126,7.41534,23100,2,300280
2013-04-15,7.41534,7.41534,7.25563,7.41534,53300,27,692389
2013-04-16,7.41534,7.58647,7.39823,7.41534,16000,27,208253
2013-04-17,7.28985,7.41534,7.14155,7.32978,5400,22,69908
2013-04-18,7.38682,7.38682,7.38682,7.38682,300,1,3885
2013-04-19,7.31267,7.41534,7.31267,7.34689,26600,20,344890
2013-04-22,7.23281,7.41534,7.23281,7.3583,105500,11,1360872
2013-04-23,7.3583,7.3583,7.24422,7.3583,3300,11,42122
2013-04-24,7.30126,7.38112,7.27274,7.27274,12600,9,161817
2013-04-25,7.29556,7.36401,7.26133,7.27274,9000,14,115295
2013-04-26,7.27844,7.3583,7.26133,7.26133,3500,17,44650
2013-04-29,7.38682,7.41534,7.3583,7.41534,8500,18,109935
2013-04-30,7.38682,7.41534,7.2157,7.38682,16100,47,207632
2013-05-02,7.31837,7.41534,7.26133,7.26704,68900,33,894059
2013-05-03,7.3583,7.41534,7.3583,7.3583,31900,46,411747
2013-05-06,7.41534,7.41534,7.41534,7.41534,100,1,1300
2013-05-07,7.41534,7.41534,7.33549,7.38682,204700,159,2654360
2013-05-08,7.38112,7.38682,7.30126,7.30126,15500,9,199948
2013-05-09,7.30126,7.37542,7.30126,7.37542,2600,4,33540
2013-05-10,7.37542,7.38682,7.32978,7.38682,3100,12,39929
2013-05-13,7.3583,7.3583,7.3583,7.3583,61800,9,797220
2013-05-14,7.3583,7.38682,7.28985,7.38682,10500,14,135298
2013-05-15,7.38682,7.38682,7.30126,7.3526,58100,72,750505
2013-05-16,7.3583,7.41534,7.3583,7.38682,242600,21,3145122
2013-05-17,7.41534,7.98575,7.41534,7.84315,2064700,401,27235238
2013-05-20,7.84886,7.93442,7.64351,7.71196,444500,127,6006440
2013-05-21,7.75189,7.75759,7.67203,7.70625,52200,56,703644
2013-05-22,7.70055,7.9059,7.70055,7.79181,243700,130,3321935
2013-05-23,7.79181,7.95153,7.79181,7.92871,154700,58,2122970
2013-05-24,7.95723,8.72729,7.95723,8.27096,48800,161,700780
2013-05-27,8.328,8.42497,8.24815,8.37934,84500,14,1223065
2013-05-28,8.37934,8.4649,8.37934,8.41356,5600,18,82833
2013-05-29,8.49342,8.49342,8.35652,8.37934,13100,15,192198
2013-05-31,8.35652,8.35652,8.24244,8.24244,2600,10,37807
2013-06-03,8.33384,8.33959,8.26482,8.30508,8800,33,127314
2013-06-04,8.32809,8.32809,8.32809,8.32809,2200,5,31856
2013-06-05,8.33384,8.33384,8.05202,8.05202,13600,17,190875
2013-06-06,8.05202,8.31083,7.94274,8.31083,15400,19,217640
2013-06-07,8.28208,8.28208,8.05202,8.15554,7800,20,111552
2013-06-10,7.9945,8.08078,7.91974,8.05202,4100,19,57253
2013-06-11,7.88523,7.93699,7.84497,7.87372,228800,55,3139941
2013-06-12,7.91974,7.9715,7.64942,7.64942,118500,59,1625596
2013-06-13,7.67817,8.04052,7.67817,8.04052,24700,7,339722
2013-06-14,7.93124,7.98875,7.83346,7.83346,2500,6,34412
2013-06-17,7.96575,7.96575,7.82196,7.82771,6200,9,84427
2013-06-18,7.76445,7.82771,7.76445,7.82771,300,3,4072
2013-06-19,7.82196,7.85647,7.76445,7.82196,391400,22,5320591
2013-06-20,7.67817,7.87372,7.60916,7.87372,1800,12,24173
2013-06-21,7.87372,7.87372,7.87372,7.87372,4100,1,56129
2013-06-24,7.96,7.96,7.56315,7.89673,20800,47,281752
2013-06-25,7.95424,7.95424,7.79896,7.87948,4600,10,63467
2013-06-26,7.91974,7.91974,7.83346,7.91398,900,6,12343
2013-06-27,7.93699,8.04627,7.93699,8.02326,108400,16,1507166
2013-06-28,8.02326,8.02326,7.91974,7.91974,293700,5,4096962
2013-07-01,7.90248,8.14979,7.90248,8.13829,347500,24,4878431
2013-07-02,8.13829,8.13829,8.02326,8.02326,104100,13,1471851
2013-07-03,8.13254,8.14979,7.96575,7.96575,169000,57,2366339
2013-07-04,8.02326,8.16705,8.02326,8.05202,10300,15,144478
2013-07-05,8.10378,8.10953,8.01176,8.05202,2100,11,29524
2013-07-08,8.05202,8.10378,8.05202,8.10378,92400,3,1298100
2013-07-10,8.05202,8.05777,7.90823,7.91398,914400,26,12797370
2013-07-11,7.9945,8.39711,7.91398,8.06352,8300,24,116287
2013-07-12,8.05202,8.05777,7.88523,7.88523,1404500,34,19662212
2013-07-15,7.88523,8.04627,7.87948,8.04627,1600,8,22215
2013-07-16,8.04627,8.04627,7.9945,7.9945,4400,4,61511
2013-07-17,8.05202,8.45462,8.05202,8.3626,20400,118,291374
2013-07-18,8.27633,8.39711,8.22456,8.22456,700,6,10112
2013-07-19,8.29358,8.29358,8.12104,8.12104,1500,7,21426
2013-07-22,8.16705,8.21881,8.12104,8.12104,1800,11,25491
2013-07-23,8.20731,8.22456,8.16705,8.16705,3400,7,48574
2013-07-24,8.13254,8.13254,8.13254,8.13254,100,1,1414
2013-07-25,8.13254,8.13829,8.13254,8.13829,1100,2,15564
2013-07-26,8.10953,8.10953,8.08653,8.09228,3500,8,49296
2013-07-29,8.22456,8.22456,8.12679,8.20731,8500,21,121484
2013-07-30,8.30508,8.30508,8.19581,8.22456,4700,13,67345
2013-07-31,8.24182,8.47763,8.16705,8.47187,10400,29,150523
2013-08-01,8.51214,8.5639,8.45462,8.45462,133400,31,1971248
2013-08-02,8.45462,8.56965,8.44887,8.5639,4200,8,62015
2013-08-05,8.5869,8.62716,8.51214,8.51214,1200,6,17877
2013-08-06,8.55815,8.62716,8.25907,8.44312,10300,32,150832
2013-08-08,8.37985,8.44887,8.34534,8.44312,6600,24,96559
2013-08-09,8.51214,8.61566,8.36835,8.42586,7800,26,114699
2013-08-12,8.45462,8.55815,8.35685,8.45462,5200,14,76957
2013-08-13,8.43736,8.44312,8.39711,8.39711,400,3,5855
2013-08-14,8.51214,8.51214,8.28208,8.39135,15700,10,229052
2013-08-15,8.1728,8.49488,8.1728,8.3626,13300,29,193447
2013-08-16,8.33959,8.54089,8.27633,8.33959,7600,15,110554
2013-08-19,8.28208,8.59841,8.28208,8.41436,105200,54,1545747
2013-08-20,8.33959,8.55815,8.29358,8.29358,6200,30,90523
2013-08-21,8.29358,8.5639,8.27633,8.5639,8000,13,115439
2013-08-22,8.47763,8.56965,8.27633,8.27633,21100,47,308671
2013-08-23,8.28208,8.29358,8.11528,8.16705,10000,25,142596
2013-08-26,8.16705,8.16705,8.08653,8.08653,5700,20,80710
2013-08-27,8.06352,8.33384,8.05202,8.24182,267200,59,3829142
2013-08-28,8.2533,8.68799,8.2533,8.26489,4400,21,63670
2013-08-29,8.27069,8.32865,8.12,8.17216,73700,53,1049926
2013-08-30,8.17795,8.51411,8.17795,8.42718,48100,57,689338
2013-09-02,8.42718,8.42718,8.21273,8.21273,325300,44,4723864
2013-09-03,8.21273,8.22432,8.13159,8.19534,6000,24,84704
2013-09-04,8.17795,8.17795,8.02726,8.02726,6600,32,92022
2013-09-05,8.05045,8.34604,8.00408,8.24751,1172300,38,16435504
2013-09-06,8.15477,8.3982,8.1142,8.26489,26700,65,378691
2013-09-09,8.34604,8.35183,8.23012,8.32285,137600,51,1968640
2013-09-10,8.41559,8.45616,8.2533,8.3982,61100,51,880537
2013-09-11,8.43877,8.46195,8.31706,8.40399,44500,23,642031
2013-09-12,8.38081,8.51991,8.38081,8.48514,19400,23,281501
2013-09-13,8.45036,8.51991,8.40979,8.51991,3400,20,49548
2013-09-16,8.50832,8.51991,8.45036,8.51991,4300,6,62824
2013-09-17,8.38661,8.50832,8.38661,8.50832,8300,59,120860
2013-09-18,8.51991,8.5431,8.2591,8.2591,70400,11,1025893
2013-09-19,8.29387,8.5431,8.29387,8.5373,61000,47,896758
2013-09-20,8.43877,8.63583,8.43877,8.52571,14100,64,207964
2013-09-23,8.58946,9.25019,8.57787,8.98358,52500,75,786613
2013-09-24,8.87925,8.87925,8.72277,8.72277,4300,17,65488
2013-09-25,8.65901,8.88505,8.61264,8.71697,4900,17,73769
2013-09-26,8.65322,8.69379,8.58946,8.58946,15400,21,229608
2013-09-27,8.61844,9.15746,8.61844,9.00676,26500,163,410140
2013-09-30,8.6764,8.99517,8.5373,8.5373,432400,34,6512294
2013-10-01,8.59526,8.93142,8.59526,8.82129,7500,57,114232
2013-10-02,8.83869,8.83869,8.56628,8.56628,12200,72,183073
2013-10-03,8.61844,8.78072,8.45616,8.47354,10300,53,151993
2013-10-04,8.51991,8.60105,8.3982,8.43877,12200,89,178985
2013-10-07,8.47354,8.56048,8.26489,8.45616,203400,50,2912554
2013-10-08,8.46195,8.49673,8.35183,8.35183,1500,10,21751
2013-10-09,8.40979,8.40979,8.37501,8.37501,1600,9,23166
2013-10-10,8.38081,8.50252,8.37501,8.40979,11400,65,165662
2013-10-11,8.46775,8.56048,8.40399,8.40399,12400,45,180545
2013-10-14,8.46775,8.46775,8.46775,8.46775,3000,1,43830
2013-10-15,8.47354,8.62424,8.47354,8.51991,4400,17,64788
2013-10-16,8.56048,8.59526,8.49673,8.54889,21400,33,315560
2013-10-17,8.51991,8.6764,8.51991,8.6764,107500,25,1601904
2013-10-18,8.66481,8.6706,8.59526,8.6706,8400,13,125430
2013-10-21,8.58367,8.79811,8.58367,8.79811,11500,21,171899
2013-10-22,8.65901,8.98358,8.65901,8.86187,9400,30,143630
2013-10-23,8.73436,9.02995,8.73436,9.02995,6700,15,101531
2013-10-24,9.02995,9.05313,8.84448,8.92562,5500,19,85480
2013-10-25,8.86766,8.87346,8.86766,8.87346,500,5,7652
2013-10-28,8.71697,8.89085,8.70538,8.80391,900,7,13641
2013-10-29,8.72277,8.78072,8.72277,8.76334,10400,17,156979
2013-10-30,8.83869,8.98358,8.72856,8.98358,4200,20,64288
2013-10-31,8.86766,9.05313,8.83289,9.05313,3700,13,57507
2013-11-01,8.86766,8.98358,8.8097,8.98358,4400,23,67407
2013-11-04,8.8155,8.91403,8.8097,8.8097,6400,17,97444
2013-11-05,8.71697,9.62113,8.71697,9.61533,55600,59,893560
2013-11-06,9.50521,9.63272,9.27917,9.63272,85300,39,1375211
2013-11-07,9.62113,9.64431,9.44725,9.56896,56500,21,931863
2013-11-08,9.47623,9.56316,9.44725,9.55157,3500,14,57370
2013-11-11,9.61533,9.70806,9.55157,9.62113,11200,72,186399
2013-11-12,9.47623,9.67908,9.43566,9.60953,18800,45,310159
2013-11-13,9.56316,9.67908,9.56316,9.61533,3900,27,64767
2013-11-14,9.69647,9.69647,9.5226,9.62113,8700,18,144167
2013-11-18,9.56896,9.795,9.56896,9.67908,14000,75,234094
2013-11-19,9.62113,9.73704,9.62113,9.68488,15000,26,251117
2013-11-21,9.58055,9.67908,9.58055,9.59214,4600,12,76137
2013-11-22,9.46464,9.62692,9.44725,9.44725,9800,73,161811
2013-11-25,9.34292,9.42986,9.30815,9.38929,11400,23,184684
2013-11-26,9.3719,9.43566,9.27337,9.3835,51100,95,825578
2013-11-27,9.27917,9.3777,9.17484,9.17484,13100,30,209081
2013-11-28,8.98938,9.01256,8.98358,9.00676,8700,16,135008
2013-11-29,9.07631,9.38929,9.07631,9.21541,39200,36,626250
2013-12-02,9.08791,9.33133,9.08791,9.27337,48600,82,776951
2013-12-03,9.27337,9.32554,8.87346,8.87346,499300,44,7987364
2013-12-04,9.02415,9.02415,8.92562,8.92562,6400,27,99044
2013-12-05,9.14586,9.34872,9.04154,9.04154,1900,9,30054
2013-12-06,9.10529,9.27337,9.10529,9.22701,1600,7,25524
2013-12-09,9.20962,9.20962,8.87346,8.87346,11800,34,183595
2013-12-10,8.86766,9.12268,8.86766,8.98938,69100,63,1077067
2013-12-11,8.9488,8.9488,8.8155,8.8155,432300,15,6665939
2013-12-12,8.79232,8.93721,8.78072,8.78072,199700,17,3078776
2013-12-13,8.78072,8.92562,8.78072,8.83289,13500,11,207513
2013-12-16,8.75754,8.83289,8.69379,8.69379,3300,24,49778
2013-12-17,8.51991,8.93142,8.51991,8.69379,16800,57,252104
2013-12-18,8.69379,8.75174,8.69379,8.69379,19500,91,292731
2013-12-19,8.76913,8.77493,8.69379,8.69958,3700,14,55692
2013-12-20,8.80391,9.01256,8.80391,9.01256,31700,30,491220
2013-12-23,8.98358,9.01256,8.93142,8.98358,290600,115,4504329
2013-12-26,8.98358,8.98358,8.92562,8.92562,603400,29,9352495
2013-12-27,8.92562,8.98358,8.89664,8.97779,4000,13,61643
2013-12-30,9.04154,9.26758,9.04154,9.07631,16100,44,253145
2014-01-02,8.98409,8.9899,8.81545,8.82127,5000,20,76440
2014-01-03,8.9492,9.08294,8.89686,9.07713,33600,74,518914
2014-01-06,9.01316,9.09457,8.89686,8.89686,6000,20,92772
2014-01-07,8.9492,8.9492,8.78056,8.78056,2700,13,40945
2014-01-08,8.84453,8.84453,8.72241,8.72241,2500,16,37535
2014-01-09,8.54797,8.7166,8.51889,8.66426,5000,22,74211
2014-01-10,8.67589,8.75149,8.67589,8.67589,3800,8,56764
2014-01-13,8.7166,9.01316,8.7166,8.99572,727800,33,11280210
2014-01-14,8.72823,8.72823,8.72823,8.72823,3200,6,48032
2014-01-15,8.71078,8.76312,8.71078,8.72241,8600,39,129260
2014-01-16,8.80964,8.91431,8.80964,8.91431,2900,13,44334
2014-01-17,8.97827,8.97827,8.97827,8.97827,200,2,3088
2014-01-20,8.89686,9.01316,8.89686,8.89686,83800,15,1282317
2014-01-21,9.18761,9.18761,9.00735,9.18761,21000,37,326066
2014-01-22,9.29809,9.29809,9.01316,9.01316,13100,36,203346
2014-01-23,9.05968,9.07131,9.01316,9.01898,2800,25,43453
2014-01-24,9.03642,9.03642,8.72241,8.72241,7500,19,114787
2014-01-27,8.88523,9.17017,8.86197,8.90268,3800,19,58882
2014-01-28,8.91431,8.91431,8.72241,8.72241,1500,7,22637
2014-01-29,8.80964,8.80964,8.72241,8.72241,1900,5,28530
2014-01-30,8.72241,8.80382,8.72241,8.72241,7700,11,115549
2014-01-31,8.60612,8.68171,8.60612,8.64101,6700,9,99545
2014-02-03,8.88523,9.07131,8.85616,8.92594,4100,21,63330
2014-02-04,8.89686,8.89686,8.72823,8.75149,14600,39,221028
2014-02-05,8.80964,8.93757,8.72241,8.72241,24000,39,362294
2014-02-06,8.79219,8.79219,8.72241,8.72241,3300,19,49671
2014-02-07,8.72823,8.92594,8.72823,8.76894,5300,38,80191
2014-02-10,8.75149,8.88523,8.72241,8.72241,5900,20,88662
2014-02-11,8.83871,8.86197,8.72241,8.72241,2000,7,30264
2014-02-12,8.80964,8.80964,8.80964,8.80964,200,1,3030
2014-02-13,8.78638,8.80382,8.72241,8.72241,3700,9,55591
2014-02-14,8.75149,8.75149,8.72241,8.72241,32600,8,489005
2014-02-17,8.72241,8.72823,8.72241,8.72241,20100,16,301510
2014-02-18,8.72241,8.72241,8.35026,8.35026,33400,18,499764
2014-02-19,8.29792,8.29792,7.8618,7.8618,41400,80,572642
2014-02-20,7.8618,7.8618,7.64665,7.7048,9600,47,127184
2014-02-21,7.75713,7.97229,7.23379,7.55361,15000,107,195614
2014-02-24,7.4722,7.4722,7.3559,7.39661,2100,18,26792
2014-02-25,7.51291,7.51291,7.30938,7.30938,3200,23,40711
2014-02-26,7.30938,7.44313,7.30938,7.44313,4600,29,58502
2014-02-27,7.44313,7.99555,7.4315,7.79202,12100,49,160085
2014-02-28,7.87925,7.87925,7.55943,7.55943,4700,14,62473
2014-03-05,7.55943,8.0944,7.55943,7.72225,8600,48,116405
2014-03-06,7.72225,8.69334,7.72225,8.69334,9600,54,131640
2014-03-07,8.56541,8.56541,8.26885,8.31537,9500,44,136708
2014-03-10,8.28629,8.31537,7.9374,8.30374,3900,25,54701
2014-03-11,8.21651,8.41422,7.9781,8.14674,9300,54,130533
2014-03-12,8.14092,8.37933,7.92577,7.98973,10500,58,146853
2014-03-13,7.9374,8.50726,7.9374,8.14092,11900,76,167169
2014-03-14,8.24559,9.30391,8.24559,8.95501,79300,301,1224853
2014-03-17,9.1062,9.30391,9.1062,9.29809,33700,41,536380
2014-03-18,9.29809,9.65862,9.29809,9.30972,87300,57,1425334
2014-03-19,9.30391,9.48417,9.30391,9.31554,6800,29,109295
2014-03-20,9.17017,9.52488,9.13528,9.36787,17700,49,286563
2014-03-21,9.33298,9.59466,9.33298,9.47836,17500,19,285892
2014-03-24,9.48417,9.48417,9.39695,9.44928,15600,19,254073
2014-03-25,9.42602,9.51906,9.42602,9.51906,1300,4,21201
2014-03-26,9.51906,9.60047,9.47836,9.47836,22000,29,361968
2014-03-27,9.53651,9.62373,9.53651,9.58303,10800,14,178208
2014-03-28,9.48999,9.68188,9.48999,9.59466,11600,25,191974
2014-03-31,9.57721,9.59466,9.55977,9.59466,4800,11,79186
2014-04-01,9.48999,9.4958,9.47836,9.48999,39000,77,636319
2014-04-02,9.50162,9.53651,9.4958,9.53651,15400,7,251542
2014-04-03,9.47836,9.56558,9.47836,9.52488,9000,14,147292
2014-04-04,9.4958,9.50162,9.4958,9.4958,7500,5,122504
2014-04-07,9.50743,9.50743,9.50743,9.50743,1500,4,24525
2014-04-08,9.50162,9.50743,9.50162,9.50743,7500,8,122610
2014-04-09,9.48417,9.50743,9.47836,9.50743,9000,10,147067
2014-04-10,9.42021,9.58884,9.42021,9.58884,6000,7,97995
2014-04-11,9.53069,9.53069,9.51325,9.51325,3600,2,59001
2014-04-14,9.43184,9.5714,9.42021,9.5714,900,6,14689
2014-04-15,9.43835,9.44418,9.43835,9.43835,15000,10,243002
2014-04-16,9.44418,9.44418,9.43835,9.43835,1300,5,21063
2014-04-17,9.38009,9.43835,9.32183,9.32183,6300,5,101830
2014-04-22,9.35679,9.35679,9.35679,9.35679,500,1,8030
2014-04-23,9.32766,9.32766,9.32183,9.32183,66500,45,1064005
2014-04-24,9.40922,9.49662,9.32183,9.35679,11700,14,189176
2014-04-25,9.4267,9.5374,9.36261,9.36261,5600,7,90082
2014-04-28,9.43253,9.75879,9.43253,9.68305,31700,40,526144
2014-04-29,9.72383,9.76462,9.64227,9.68888,4600,11,76638
2014-04-30,9.71218,9.72966,9.65392,9.72966,31900,19,532052
2014-05-02,9.68305,9.6947,9.68305,9.6947,10900,16,181316
2014-05-05,9.68888,9.6947,9.67723,9.6947,6300,7,104701
2014-05-06,9.72383,9.72383,9.70053,9.71218,17100,11,285040
2014-05-07,9.6714,9.70053,9.6714,9.68888,1600,5,26588
2014-05-08,9.68888,9.71801,9.68888,9.68888,22500,6,374951
2014-05-09,9.6714,9.68305,9.6714,9.6714,2700,9,44825
2014-05-12,9.6714,9.6714,9.64227,9.64227,5000,7,82941
2014-05-13,9.64227,9.64227,9.64227,9.64227,2500,3,41375
2014-05-14,9.64227,9.64227,9.64227,9.64227,1000,1,16550
2014-05-16,9.58401,9.58401,9.57235,9.57235,800,5,13148
2014-05-19,9.61314,9.6714,9.56653,9.6481,5300,12,87553
2014-05-20,9.6714,9.6714,9.6714,9.6714,900,1,14940
2014-05-21,9.70636,9.75296,9.67723,9.75296,3100,5,51617
2014-05-22,9.67723,9.68888,9.67723,9.68888,1800,2,29904
2014-05-23,9.67723,9.68305,9.65975,9.65975,13800,26,229058
2014-05-26,9.64227,9.75296,9.64227,9.75296,3300,10,54872
2014-05-28,9.46748,9.76462,9.46748,9.70053,23900,33,397656
2014-05-29,9.55488,9.81123,9.55488,9.75879,13900,100,232461
2014-05-30,9.62479,9.71801,9.62479,9.63062,3300,6,54663
2014-06-02,9.6714,9.6714,9.58983,9.61314,78800,18,1306646
2014-06-03,9.61314,9.63644,9.61314,9.61314,2400,5,39649
2014-06-04,9.61314,9.61314,9.61314,9.61314,1500,3,24750
2014-06-05,9.61314,9.61314,9.52575,9.55488,28400,57,465401
2014-06-06,9.54322,9.54905,9.54322,9.54905,300,2,4915
2014-06-09,9.52575,9.61314,9.52575,9.61314,1000,3,16365
2014-06-10,9.72966,9.79957,9.71801,9.79957,34300,17,573632
2014-06-11,9.79375,9.8054,9.78792,9.79957,11300,8,189944
2014-06-13,9.77627,9.82288,9.77627,9.82288,13100,13,220311
2014-06-16,9.79957,9.90444,9.78792,9.79375,13700,14,230809
2014-06-18,9.8054,9.8054,9.8054,9.8054,2000,1,33660
2014-06-20,9.8054,9.84618,9.8054,9.8054,11800,12,199357
2014-06-23,9.8054,9.8054,9.8054,9.8054,1300,1,21879
2014-06-25,9.77627,9.77627,9.4267,9.43835,5500,24,90032
2014-06-26,9.43253,9.84036,9.4034,9.84036,30300,56,497434
2014-06-27,9.68305,9.70053,9.45001,9.70053,24400,30,401901
2014-06-30,9.70053,9.70053,9.56653,9.63062,7800,12,129342
2014-07-01,9.70053,9.72966,9.70053,9.72966,11800,7,196810
2014-07-03,9.72383,9.84036,9.70053,9.77627,10700,8,179264
2014-07-11,9.75879,9.75879,9.75879,9.75879,5600,2,93800
2014-07-14,9.77627,9.77627,9.77627,9.77627,100,1,1678
2014-07-15,9.76462,9.92192,9.76462,9.92192,29100,15,494763
2014-07-18,9.77044,9.77044,9.77044,9.77044,600,1,10062
2014-07-24,9.89279,9.89279,9.89279,9.89279,100,1,1698
2014-07-25,9.77627,9.77627,9.77627,9.77627,100,1,1678
2014-07-29,9.85201,9.85201,9.72966,9.79375,8800,14,147170
2014-07-30,9.90444,9.9394,9.90444,9.9394,99000,13,1688898
2014-07-31,9.89862,9.89862,9.89862,9.89862,100,1,1699
2014-08-04,9.84618,9.84618,9.84618,9.84618,1100,1,18590
2014-08-06,9.87532,9.87532,9.87532,9.87532,500,1,8475
2014-08-07,9.85201,9.87532,9.85201,9.87532,400,2,6772
2014-08-11,9.87532,9.87532,9.87532,9.87532,400,2,6780
2014-08-13,9.87532,9.87532,9.87532,9.87532,300,1,5085
2014-08-14,9.89862,10.01514,9.89862,10.01514,26400,18,450550
2014-08-15,10.01514,10.01514,10.01514,10.01514,1300,1,22347
2014-08-19,9.98019,10.49871,9.9161,10.4288,3100,9,54628
2014-08-22,9.81123,9.81123,9.81123,9.81123,100,1,1684
2014-08-28,9.78792,10.23654,9.78792,9.90444,6100,22,105027
2014-08-29,9.94523,9.94523,9.94523,9.94523,100,1,1707
2014-09-01,9.87532,9.87532,9.87532,9.87532,600,1,10170
2014-09-05,9.87532,9.87532,9.87532,9.87532,400,2,6780
2014-09-11,9.84618,10.07923,9.84618,9.88697,4000,10,68173
2014-09-15,9.90444,9.95688,9.90444,9.95688,4400,4,75016
2014-09-30,9.96853,9.96853,9.90444,9.96853,17900,10,306060
2014-10-30,9.89279,10.07923,9.89279,10.07923,3900,11,66582
2014-11-06,8.64697,8.64697,8.64697,8.64697,300,1,4200
2014-11-07,8.96197,8.96197,8.96197,8.96197,300,1,4353
2014-11-12,9.88225,9.88225,9.88225,9.88225,600,2,9600
2014-11-13,9.88225,9.88225,9.88225,9.88225,1500,2,24000
2014-11-21,9.88225,9.88225,9.88225,9.88225,700,2,11200
2014-11-25,9.88225,9.88225,9.88225,9.88225,500,1,8000
2014-11-28,9.88225,9.88225,9.88225,9.88225,300,1,4800
2014-12-26,10.19107,10.19107,10.19107,10.19107,1500,3,24750
2014-12-29,10.19107,10.59871,10.19107,10.59871,500,3,8382
2015-01-05,11.22192,11.22192,11.22192,11.22192,1100,1,18810
2015-01-12,11.14973,11.15629,11.14973,11.15629,600,2,10199
2015-02-11,10.20473,10.20473,10.20473,10.20473,200,2,3110
2015-02-18,11.15629,11.15629,11.15629,11.15629,400,3,6800
2015-02-19,10.17192,10.17192,10.17192,10.17192,2500,4,38750
2015-02-20,10.49348,11.15629,10.49348,11.15629,2200,4,35279
2015-02-23,10.80848,10.80848,10.80848,10.80848,100,1,1647
2015-02-25,10.69692,10.69692,10.69692,10.69692,100,1,1630
2015-02-26,10.62473,10.69692,9.84379,9.84379,1200,7,18725
2015-02-27,10.38192,10.38192,9.90942,9.90942,1600,4,24667
2015-03-02,10.17192,10.17192,10.17192,10.17192,100,1,1550
2015-03-03,10.32285,10.37535,10.32285,10.37535,700,5,11019
2015-03-05,10.2441,10.2441,10.23754,10.23754,300,3,4681
2015-03-06,10.63129,10.63129,10.63129,10.63129,100,1,1620
2015-03-10,10.50004,10.5066,10.50004,10.5066,8300,8,132847
2015-03-11,10.50004,10.50004,10.50004,10.50004,100,1,1600
2015-03-16,10.63129,10.63129,10.63129,10.63129,700,2,11340
2015-03-17,11.07098,11.41223,11.07098,11.41223,6200,15,105342
2015-03-18,11.15629,11.15629,11.15629,11.15629,100,1,1700
2015-03-19,11.15629,11.15629,11.15629,11.15629,1300,2,22100
2015-03-24,11.15629,11.15629,11.1038,11.15629,1500,5,25492
2015-04-01,11.12348,11.12348,11.12348,11.12348,1100,3,18645
2015-04-02,11.35317,11.35317,11.15629,11.15629,1100,2,19000
2015-04-07,11.15629,11.15629,11.15629,11.15629,100,1,1700
2015-04-09,11.15629,11.15629,11.15629,11.15629,500,1,8500
2015-04-10,11.1038,11.15629,11.1038,11.15629,7800,4,132592
2015-04-22,11.22192,11.22192,11.22192,11.22192,1300,4,22230
2015-04-24,11.22192,11.22192,11.22192,11.22192,200,1,3420
2015-05-04,11.22192,11.22192,11.22192,11.22192,1100,2,18810
2015-05-08,11.35317,11.35317,11.35317,11.35317,100,1,1730
2015-05-11,11.22192,11.22192,11.22192,11.22192,200,1,3420
2015-05-12,11.22192,11.22192,11.15629,11.15629,1100,2,18780
2015-05-13,11.15629,11.15629,11.15629,11.15629,100,1,1700
2015-05-18,11.15629,11.15629,11.15629,11.15629,900,1,15300
2015-05-20,11.15629,11.15629,11.15629,11.15629,1000,1,17000
2015-05-21,11.15629,11.16942,11.15629,11.16942,3900,2,66304
2015-06-01,11.38276,11.38276,11.38276,11.38276,1200,2,19200
2015-06-09,12.09418,12.09418,12.09418,12.09418,200,1,3400
2015-06-17,12.10129,12.10129,12.10129,12.10129,1100,1,18711
2015-06-24,12.44989,12.44989,12.44989,12.44989,1200,1,21000
2015-06-25,13.51702,13.51702,13.51702,13.51702,3000,3,57000
2015-07-01,12.81271,12.81271,12.81271,12.81271,1100,1,19811
2015-07-03,13.51702,13.51702,13.51702,13.51702,1300,3,24700
2015-08-21,13.51702,13.51702,13.51702,13.51702,100,1,1900
2015-09-08,12.44989,12.44989,12.44989,12.44989,1000,3,17500
2015-09-09,12.52103,12.52103,12.52103,12.52103,1100,4,19360
2015-09-21,12.73446,12.73446,12.73446,12.73446,400,1,7160
2015-09-23,12.73446,12.73446,12.73446,12.73446,300,1,5370
2015-10-08,13.44588,13.44588,13.44588,13.44588,200,1,3780
2015-12-15,13.50991,13.50991,13.50991,13.50991,100,1,1899
2015-12-22,13.50991,13.50991,13.50991,13.50991,100,1,1759
2015-12-30,13.44078,13.44078,13.44078,13.44078,100,1,1750
2016-01-11,11.15201,11.15201,11.14433,11.14433,200,2,2903
2016-01-14,11.14433,11.14433,11.14433,11.14433,100,1,1451
2016-02-05,13.05676,13.05676,13.05676,13.05676,200,2,3400
2016-02-22,11.48995,11.48995,11.48227,11.48227,2800,12,41872
2016-02-23,11.52067,11.52067,11.52067,11.52067,600,1,9000
2016-03-02,13.94808,13.94808,13.94808,13.94808,100,1,1425
2016-03-21,13.64464,13.64464,13.64464,13.64464,200,2,2788
2016-03-22,13.55655,13.65443,13.55655,13.65443,1300,3,18025
2016-03-23,13.65443,13.65443,13.65443,13.65443,900,1,12555
2016-03-24,13.21397,13.21397,13.21397,13.21397,200,1,2700
2016-03-28,13.21397,13.21397,13.21397,13.21397,1000,2,13500
2016-03-29,13.21397,13.21397,13.21397,13.21397,1100,2,14850
2016-04-01,13.21397,13.21397,13.21397,13.21397,500,3,6750
2016-04-04,13.21397,13.21397,13.21397,13.21397,1000,2,13500
2016-04-13,13.21397,13.21397,13.21397,13.21397,200,1,2700
2016-04-27,13.21397,13.21397,13.21397,13.21397,500,1,6750
2016-05-03,12.24494,12.24494,12.24494,12.24494,200,2,2502
2016-05-04,12.72456,13.44888,12.72456,13.44888,200,2,2674
2016-05-06,13.60549,13.94808,13.60549,13.94808,300,2,4240
2016-05-09,13.94808,13.94808,13.94808,13.94808,100,1,1425
2016-05-10,13.94808,13.94808,13.94808,13.94808,100,1,1425
2016-05-13,13.89914,13.94808,13.89914,13.94808,300,2,4265
2016-05-19,13.89914,13.89914,13.89914,13.89914,200,1,2840
2016-05-24,13.22376,13.22376,13.22376,13.22376,100,1,1351
2016-06-03,12.2841,12.72456,12.2841,12.72456,1100,6,13850
2016-06-06,12.23516,12.72456,12.23516,12.72456,700,5,8949
2016-06-20,12.25473,12.25473,12.24494,12.24494,400,4,5006
2016-06-27,12.26452,12.26452,12.24494,12.24494,500,2,6257
2016-06-30,12.24494,12.24494,11.74575,11.74575,500,2,6153
2016-07-01,10.98228,11.64787,10.98228,11.64787,200,2,2312
2016-07-05,11.74575,11.74575,11.74575,11.74575,1200,4,14400
2016-07-12,11.74575,11.74575,11.74575,11.74575,500,1,6000
2016-07-14,11.74575,11.74575,11.74575,11.74575,400,1,4800
2016-07-22,13.89914,13.89914,13.89914,13.89914,200,2,2840
2016-08-01,13.89914,13.89914,11.75554,11.75554,200,2,2621
2016-08-02,11.74575,11.74575,11.74575,11.74575,1100,5,13200
2016-08-11,11.74575,11.74575,11.74575,11.74575,300,1,3600
2016-08-12,11.73596,11.73596,11.73596,11.73596,300,2,3597
2016-08-15,11.73596,11.74575,11.73596,11.74575,700,2,8397
2016-08-16,11.74575,11.74575,11.74575,11.74575,600,1,7200
2016-08-22,10.9627,10.9627,10.28732,10.86482,1000,8,10947
2016-08-23,9.88601,9.88601,9.88601,9.88601,100,1,1010
2016-08-25,10.27753,10.27753,10.27753,10.27753,300,3,3150
2016-08-29,10.52223,10.52223,10.52223,10.52223,200,1,2150
2016-08-31,10.17965,10.17965,10.17965,10.17965,200,1,2080
2016-09-01,10.52223,10.52223,10.17965,10.17965,400,2,4230
2016-09-02,10.27753,10.27753,10.27753,10.27753,1000,2,10500
2016-09-09,10.27753,10.27753,9.563,9.563,600,3,6009
2016-09-19,9.6413,9.6413,9.6413,9.6413,200,1,1970
2016-09-20,9.6413,9.6413,9.6413,9.6413,200,1,1970
2016-09-22,9.6413,9.6413,9.63151,9.63151,900,2,8862
2016-09-26,9.63151,9.63151,9.29872,9.29872,15900,11,155038
2016-09-27,9.20084,9.78813,9.20084,9.563,1200,5,11673
2016-09-30,9.29872,9.29872,9.29872,9.29872,500,1,4750
2016-10-04,9.00507,9.00507,8.92677,8.92677,3100,3,28512
2016-10-06,9.48469,9.49448,9.01486,9.01486,8400,8,79783
2016-10-07,9.49448,9.49448,8.91698,8.91698,300,3,2802
2016-10-10,8.91698,8.91698,8.91698,8.91698,900,3,8199
2016-10-31,9.78813,9.78813,8.92677,8.92677,300,2,2912
2016-11-01,8.90719,8.90719,8.90719,8.90719,300,1,2730
2016-11-03,8.90719,8.90719,8.90719,8.90719,100,1,910
2016-11-04,8.80931,8.80931,8.58419,8.58419,400,4,3577
2016-11-10,9.19105,9.19105,9.19105,9.19105,100,1,939
2016-11-14,9.19105,9.19105,9.19105,9.19105,100,1,939
2016-11-21,8.80931,8.80931,8.59397,8.59397,500,3,4478
2016-11-22,9.48469,9.48469,9.48469,9.48469,100,1,969
2016-11-23,9.29872,9.29872,9.29872,9.29872,200,1,1900
2016-11-28,8.80931,8.80931,8.80931,8.80931,200,1,1800
2016-12-06,9.10296,9.10296,9.10296,9.10296,1100,2,10230
2016-12-07,9.10296,9.10296,9.10296,9.10296,100,1,930
2016-12-09,9.10296,9.10296,9.10296,9.10296,100,1,930
2016-12-19,8.80931,8.80931,8.80931,8.80931,100,1,900
2016-12-20,8.9855,8.9855,8.9855,8.9855,600,1,5508
2016-12-21,8.9855,8.9855,8.9855,8.9855,100,1,918
2016-12-27,8.58419,8.58419,8.58419,8.58419,400,1,3508
2016-12-29,8.41779,8.41779,8.41779,8.41779,100,1,860
2017-01-02,8.41779,8.41779,8.41779,8.41779,100,1,860
2017-01-03,8.90719,8.90719,8.90719,8.90719,100,1,910
2017-01-04,8.93659,8.93659,8.93659,8.93659,200,1,1820
2017-01-06,8.93659,8.93659,8.88749,8.88749,200,2,1815
2017-01-12,8.39646,8.39646,8.39646,8.39646,100,1,855
2017-01-19,8.3179,8.59287,8.30808,8.30808,1000,5,8494
2017-01-23,8.05275,8.24916,7.85634,7.85634,4500,23,36220
2017-01-26,7.85634,7.85634,7.85634,7.85634,300,1,2400
2017-01-30,8.05275,8.05275,8.05275,8.05275,100,1,820
2017-01-31,8.04293,8.04293,7.85634,7.85634,800,5,6457
2017-02-01,7.85634,8.05275,7.85634,8.05275,400,2,3220
2017-02-02,6.88412,8.04293,6.88412,8.04293,500,3,3950
2017-02-03,8.04293,8.04293,7.86616,8.04293,700,4,5661
2017-02-06,8.04293,8.04293,7.95454,7.95454,200,2,1629
2017-02-10,8.44557,8.44557,8.44557,8.44557,100,1,860
2017-02-15,9.82043,9.85971,9.82043,9.84007,1300,6,13016
2017-02-16,9.83025,9.83025,8.15095,9.10353,1600,10,14359
2017-02-17,8.93659,9.10353,8.93659,9.10353,700,2,6421
2017-02-20,9.08389,9.08389,9.08389,9.08389,400,2,3700
2017-02-22,9.06425,9.06425,7.95454,7.95454,2200,8,18046
2017-02-23,8.16077,8.20006,7.96436,7.96436,1200,4,9962
2017-02-24,7.96436,7.96436,7.96436,7.96436,100,1,811
2017-03-01,7.96436,7.96436,7.96436,7.96436,1300,4,10543
2017-03-02,7.96436,8.00365,7.86616,7.9349,2000,9,16176
2017-03-03,8.05275,8.05275,8.05275,8.05275,300,2,2460
2017-03-06,7.92508,8.05275,7.92508,8.05275,900,4,7313
2017-03-07,8.04293,8.04293,8.04293,8.04293,100,1,819
2017-03-08,8.02329,8.02329,8.02329,8.02329,400,3,3268
2017-03-09,7.90544,7.90544,7.90544,7.90544,100,1,805
2017-03-10,7.90544,8.05275,7.90544,8.05275,700,5,5694
2017-03-13,8.03311,8.03311,8.03311,8.03311,100,1,818
2017-03-14,7.90544,7.90544,7.90544,7.90544,300,3,2415
2017-03-15,8.02329,8.02329,7.90544,7.90544,1200,3,9682
2017-03-17,7.90544,7.90544,7.90544,7.90544,200,1,1610
2017-03-20,7.87598,7.87598,7.86616,7.86616,900,2,7210
2017-03-27,7.87598,7.87598,7.87598,7.87598,200,1,1604
2017-03-28,7.90544,7.90544,7.90544,7.90544,100,1,805
2017-03-29,7.90544,7.90544,7.85634,7.85634,1100,4,8814
2017-03-30,7.87598,7.87598,7.85634,7.85634,1600,2,12808
2017-04-03,7.85634,8.34736,7.85634,8.34736,2200,3,17700
2017-04-04,8.34736,8.34736,8.34736,8.34736,400,2,3400
2017-04-07,8.05275,8.05275,7.80724,7.81706,13900,18,111154
2017-04-13,7.63047,7.63047,7.61083,7.61083,500,2,3881
2017-04-19,7.65993,7.65993,7.65993,7.65993,300,2,2340
2017-04-24,7.10017,7.36532,7.08053,7.36532,1900,10,13843
2017-04-25,7.36532,7.36532,7.36532,7.36532,200,1,1500
2017-04-26,7.16891,7.16891,6.8743,7.00196,5800,18,41283
2017-04-27,7.00196,7.11981,7.00196,7.01178,2100,7,15039
2017-05-02,7.00196,7.00196,7.00196,7.00196,300,3,2139
2017-05-03,6.89394,6.89394,6.89394,6.89394,1200,3,8424
2017-05-04,6.89394,6.89394,6.89394,6.89394,300,1,2106
2017-05-05,7.07071,7.07071,7.07071,7.07071,100,1,720
2017-05-08,7.16891,7.16891,7.16891,7.16891,1400,3,10220
2017-05-10,7.43631,7.43631,7.43631,7.43631,500,3,3750
2017-05-11,7.38674,7.41648,7.38674,7.38674,600,3,4482
2017-05-12,7.41648,7.58504,7.41648,7.58504,3600,9,27127
2017-05-15,7.98164,8.92357,7.98164,8.92357,2400,10,21235
2017-05-16,8.92357,8.92357,8.49722,8.57655,2400,11,21345
2017-05-17,8.92357,8.92357,8.92357,8.92357,100,1,900
2017-05-18,7.63461,7.63461,7.48589,7.48589,900,4,6885
2017-05-19,7.93207,8.92357,7.93207,8.72527,1600,4,13880
2017-05-22,8.82442,8.92357,8.62612,8.62612,2900,8,26058
2017-05-23,8.6757,9.02272,8.61621,9.02272,15500,13,138923
2017-05-24,9.0723,9.12187,9.0723,9.12187,800,3,7350
2017-05-25,9.12187,9.12187,8.92357,8.92357,700,2,6320
2017-05-26,9.41933,9.41933,8.92357,9.3995,1200,5,11335
2017-05-30,8.92357,8.92357,8.62612,8.62612,1000,6,8940
2017-05-31,8.42782,8.42782,8.42782,8.42782,400,2,3400
2017-06-01,9.32018,9.32018,9.0723,9.0723,1200,6,11230
2017-06-02,9.0723,9.32018,9.0723,9.32018,2300,3,21095
2017-06-05,8.92357,9.32018,8.92357,9.32018,8600,6,80730
2017-06-06,9.40941,9.40941,9.40941,9.40941,100,1,949
2017-06-13,9.3995,9.41933,9.3995,9.41933,1000,4,9492
2017-06-14,9.40941,9.41933,9.40941,9.41933,800,2,7593
2017-06-19,9.41933,9.71678,9.41933,9.71678,400,2,3830
2017-06-20,9.6672,9.6672,9.6672,9.6672,100,1,975
2017-06-23,9.6672,9.6672,9.6672,9.6672,100,1,975
2017-06-26,9.65729,9.91508,9.65729,9.91508,4600,11,45261
2017-06-27,9.91508,9.91508,9.91508,9.91508,300,2,3000
2017-06-30,9.81593,9.81593,8.82442,8.82442,500,4,4660
2017-07-03,8.82442,9.41933,8.82442,9.41933,8600,15,79832
2017-07-11,8.98306,9.41933,8.92357,9.41933,5600,16,51051
2017-07-13,9.22103,9.41933,9.22103,9.22103,16300,23,152005
2017-07-18,9.51848,9.51848,9.51848,9.51848,100,1,960
2017-07-20,9.86551,9.86551,9.71678,9.81593,300,3,2965
2017-07-24,9.62754,9.62754,9.62754,9.62754,100,1,971
2017-07-25,9.62754,9.62754,9.22103,9.22103,200,2,1901
2017-08-01,9.12187,9.12187,9.12187,9.12187,500,1,4600
2017-08-03,9.12187,9.41933,9.12187,9.41933,3900,4,36540
2017-08-09,9.51848,9.51848,9.51848,9.51848,100,1,960
2017-08-15,9.4689,9.4689,9.4689,9.4689,400,2,3820
2017-08-17,9.41933,9.41933,9.41933,9.41933,100,1,950
2017-08-22,9.41933,9.41933,9.41933,9.41933,200,1,1900
2017-08-23,9.41933,9.41933,9.41933,9.41933,100,1,950
2017-08-24,8.82442,8.92357,8.82442,8.92357,900,5,8070
2017-08-25,8.874,8.92357,8.82442,8.92357,700,3,6285
2017-08-28,9.41933,9.41933,9.41933,9.41933,2000,2,19000
2017-08-29,8.92357,8.93349,8.92357,8.93349,200,2,1801
2017-08-30,9.41933,9.41933,9.41933,9.41933,400,3,3800
2017-08-31,9.41933,9.41933,9.41933,9.41933,200,1,1900
2017-09-01,8.9434,9.41933,8.93349,9.41933,3300,11,30098
2017-09-05,9.41933,9.61763,9.17145,9.61763,1600,5,15455
2017-09-06,9.36975,9.36975,9.36975,9.36975,100,1,945
2017-09-11,9.02272,9.02272,9.02272,9.02272,700,4,6370
2017-09-12,9.12187,9.41933,9.12187,9.41933,3200,4,30040
2017-09-13,9.40941,9.41933,9.40941,9.41933,800,3,7598
2017-09-14,9.02272,9.02272,9.02272,9.02272,100,1,910
2017-09-18,9.81593,9.81593,9.81593,9.81593,1500,5,14850
2017-09-19,9.04255,9.48873,9.04255,9.48873,3600,6,34394
2017-09-20,10.01423,10.01423,9.41933,9.45899,2100,3,20050
2017-09-26,9.45899,9.45899,9.45899,9.45899,100,1,954
2017-09-27,9.45899,9.45899,9.45899,9.45899,1000,3,9540
2017-09-29,9.45899,9.45899,9.45899,9.45899,400,2,3816
2017-10-02,9.4689,9.4689,9.41933,9.41933,500,2,4765
2017-10-03,8.9434,8.9434,8.9434,8.9434,100,1,902
2017-10-05,8.9434,8.9434,8.9434,8.9434,100,1,902
2017-10-06,9.61763,9.61763,9.61763,9.61763,1800,3,17460
2017-10-09,9.60771,9.60771,9.12187,9.12187,3100,2,29990
2017-10-11,9.12187,9.12187,8.92357,8.92357,2200,6,19840
2017-10-13,9.02272,9.02272,9.02272,9.02272,100,1,910
2017-10-16,9.0723,9.0723,9.0723,9.0723,100,1,915
2017-10-17,9.0723,9.0723,9.0723,9.0723,100,1,915
2017-10-23,9.60771,9.60771,9.60771,9.60771,300,3,2907
2017-10-25,9.56805,9.56805,9.56805,9.56805,100,1,965
2017-10-26,9.56805,9.61763,9.56805,9.61763,1700,5,16460
2017-10-27,9.56805,9.81593,9.56805,9.81593,500,2,4925
2017-10-30,10.89668,10.89668,10.89668,10.89668,200,1,2198
2017-11-01,9.43916,9.68704,9.43916,9.68704,300,3,2881
2017-11-03,9.42924,9.42924,9.41933,9.41933,500,4,4751
2017-11-06,9.91508,9.91508,9.71678,9.71678,3000,6,29940
2017-11-07,9.18137,9.18137,9.18137,9.18137,100,1,926
2017-11-08,9.18137,9.41933,9.17145,9.41933,400,3,3726
2017-11-09,8.93349,8.93349,8.93349,8.93349,200,1,1802
2017-11-13,9.40941,9.40941,9.40941,9.40941,400,2,3796
2017-11-14,9.40941,9.40941,9.40941,9.40941,1900,2,18031
2017-11-24,9.33009,9.33009,9.32018,9.32018,800,3,7521
2017-11-27,12.89952,15.1205,12.89952,14.64458,20700,55,294027
2017-11-28,15.1899,17.5497,15.1899,16.65734,59000,230,983964
2017-11-29,16.85564,16.90521,15.17008,15.80464,30700,92,489808
2017-11-30,16.64742,16.64742,15.36838,15.66583,5000,27,79291
2017-12-01,15.27914,15.46753,14.98169,15.08084,8600,30,131366
2017-12-04,15.17999,15.36838,15.17008,15.36838,2800,8,42940
2017-12-05,15.13041,15.56668,14.97177,15.56668,4800,11,74039
2017-12-06,15.36838,15.86413,15.36838,15.86413,1700,8,26780
2017-12-07,15.46753,15.56668,15.46753,15.56668,800,4,12540
2017-12-11,15.42787,15.42787,15.07092,15.07092,2200,9,34004
2017-12-12,15.08084,15.3188,15.08084,15.3188,2300,3,35463
2017-12-13,15.17008,15.22956,15.17008,15.22956,200,2,3066
2017-12-14,15.21965,15.22956,15.21965,15.22956,1400,2,21500
2017-12-15,15.25931,15.25931,15.25931,15.25931,1900,3,29241
2017-12-18,15.08084,15.08084,15.08084,15.08084,2100,8,31941
2017-12-22,15.07092,15.85422,15.07092,15.85422,3400,11,53012
2017-12-26,15.22956,15.86413,15.22956,15.86413,2500,6,39580
2017-12-27,15.86413,15.86413,15.86413,15.86413,1000,1,16000
2018-01-02,15.85422,15.85422,15.85422,15.85422,100,1,1599
2018-01-03,15.47744,15.52702,15.46753,15.5171,1700,5,26593
2018-01-04,15.5171,15.5171,15.5171,15.5171,100,1,1565
2018-01-05,15.48174,15.48174,15.48174,15.48174,1300,3,20150
2018-01-08,15.48174,15.48174,15.48174,15.48174,300,1,4650
2018-01-09,15.48174,16.48056,14.98233,16.48056,5300,17,82974
2018-01-10,16.58045,16.58045,16.58045,16.58045,100,1,1660
2018-01-11,15.84132,15.93121,15.59161,15.59161,1800,12,28401
2018-01-12,15.68151,16.03109,15.67152,15.76141,5600,16,88858
2018-01-15,15.73145,16.02111,15.72146,15.78139,4600,5,72704
2018-01-16,15.63156,15.74144,15.63156,15.74144,1900,4,29845
2018-01-17,15.85131,15.85131,15.85131,15.85131,600,2,9522
2018-01-18,15.78139,15.78139,15.78139,15.78139,300,1,4740
2018-01-19,15.97116,16.04108,15.97116,16.04108,3200,4,51316
2018-01-23,15.74144,15.74144,15.74144,15.74144,700,2,11032
2018-01-24,15.74144,15.74144,15.74144,15.74144,100,1,1576
2018-01-26,15.74144,15.74144,15.74144,15.74144,600,1,9456
2018-01-29,15.74144,15.74144,15.74144,15.74144,400,2,6304
2018-01-30,15.74144,15.74144,15.74144,15.74144,3000,3,47280
2018-01-31,15.74144,15.74144,15.74144,15.74144,3700,3,58312
2018-02-01,15.74144,15.74144,15.74144,15.74144,100,1,1576
2018-02-02,15.74144,15.74144,15.74144,15.74144,9000,4,141840
2018-02-05,15.74144,15.88127,15.27199,15.88127,9000,8,142029
2018-02-06,15.58162,15.58162,15.58162,15.58162,300,1,4680
2018-02-07,15.75142,16.02111,15.75142,16.02111,800,5,12697
2018-02-08,16.02111,16.03109,16.02111,16.03109,1900,5,30485
2018-02-19,15.68151,15.68151,15.68151,15.68151,500,1,7850
2018-02-20,15.7714,16.02111,15.7714,16.02111,200,2,3183
2018-02-23,15.75142,15.75142,15.75142,15.75142,300,1,4731
2018-02-26,15.74144,15.74144,15.74144,15.74144,100,1,1576
2018-02-27,15.73145,15.73145,15.68151,15.68151,3700,6,58225
2018-03-01,15.74144,15.74144,15.74144,15.74144,5000,4,78800
2018-03-02,15.74144,15.88127,15.74144,15.88127,3500,6,55230
2018-03-05,15.88127,16.4506,15.88127,16.4506,2200,6,35157
2018-03-07,16.18092,16.18092,16.18092,16.18092,600,1,9720
2018-03-09,15.98115,15.98115,15.98115,15.98115,1000,2,16000
2018-03-12,15.98115,15.98115,15.98115,15.98115,800,2,12800
2018-03-14,16.4506,16.4506,16.4506,16.4506,100,1,1647
2018-03-19,16.48056,17.22968,16.48056,17.22968,6600,10,110600
2018-03-20,16.97997,16.97997,16.97997,16.97997,100,1,1700
2018-03-21,16.98996,16.98996,16.97997,16.97997,900,3,15302
2018-03-22,17.07986,17.77903,17.07986,17.77903,1000,6,17493
2018-03-26,17.24966,17.24966,16.97997,16.97997,8800,5,150061
2018-03-27,16.97997,16.97997,16.97997,16.97997,1000,1,17000
2018-03-28,16.97997,16.97997,16.97997,16.97997,1000,1,17000
2018-03-29,16.97997,16.97997,16.97997,16.97997,900,1,15300
2018-04-03,16.97997,16.97997,16.97997,16.97997,300,1,5100
2018-04-04,16.97997,16.97997,16.97997,16.97997,800,2,13600
2018-04-10,16.77022,16.77022,16.77022,16.77022,5500,1,92345
2018-04-12,16.27081,16.27081,16.27081,16.27081,800,2,13032
2018-04-19,16.75025,16.75025,16.75025,16.75025,100,1,1677
2018-04-20,15.78139,15.78139,15.58162,15.76141,3700,14,58393
2018-04-23,15.75142,15.75142,15.75142,15.75142,200,2,3154
2018-04-24,16.22087,16.22087,16.22087,16.22087,100,1,1624
2018-04-25,15.7,15.7,15.7,15.7,200,1,3140
2018-04-26,15.7,16.05,15.7,16.05,1100,2,17305
2018-05-10,15.7,15.7,15.7,15.7,200,1,3140
2018-05-14,15.7,15.7,15.7,15.7,1000,1,15700
2018-05-15,15.7,15.7,15.5,15.5,1300,3,20210
2018-05-24,14.8,14.8,14.67,14.67,2900,11,42691
2018-05-25,14.67,14.67,14.67,14.67,300,1,4401
2018-06-01,14.55,14.55,14.55,14.55,100,1,1455
2018-06-05,14.55,14.55,14.55,14.55,600,2,8730
2018-06-07,14.13,14.4,14.13,14.4,500,2,7119
2018-06-14,14.24,14.5,14.24,14.5,300,2,4298
2018-06-22,14.21,14.51,14.2,14.51,2300,8,32731
2018-06-25,14.5,14.5,14.5,14.5,1600,2,23200
2018-06-27,14.5,14.5,14.5,14.5,1000,1,14500
2018-07-03,14.79,14.79,14.3,14.3,300,3,4344
2018-07-11,14.25,14.25,14.25,14.25,1400,1,19950
2018-07-12,14.25,14.25,14.25,14.25,2300,3,32775
2018-07-17,15.0,15.0,15.0,15.0,100,1,1500
2018-07-18,14.5,14.5,14.5,14.5,100,1,1450
2018-07-25,14.5,14.5,14.5,14.5,300,1,4350
2018-07-31,14.01,14.25,14.01,14.25,1000,4,14130
2018-08-02,14.25,14.25,14.25,14.25,1400,2,19950
2018-08-16,14.03,14.25,14.03,14.25,200,2,2828
2018-08-21,14.78,14.78,14.78,14.78,100,1,1478
2018-08-31,14.4,14.46,14.26,14.46,4100,21,59232
2018-09-03,14.61,14.61,14.6,14.6,5800,9,84712
2018-09-04,14.6,14.6,14.6,14.6,5700,6,83220
2018-09-11,14.25,14.25,14.25,14.25,100,1,1425
2018-09-13,14.67,14.96,14.67,14.82,31700,8,469747
2018-09-18,14.96,14.97,14.96,14.97,1800,2,26943
2018-09-20,14.87,14.87,14.86,14.86,3600,5,53511
2018-09-21,14.86,14.86,14.86,14.86,4400,2,65384
2018-09-24,14.93,14.96,14.93,14.96,200,2,2989
2018-09-25,14.86,14.86,14.85,14.86,2600,3,38622
2018-09-26,14.87,14.87,14.87,14.87,500,1,7435
2018-09-28,14.87,14.87,14.87,14.87,3900,5,57993
2018-10-01,14.99,14.99,14.99,14.99,100,1,1499
2018-10-02,14.87,14.87,14.87,14.87,2200,2,32714
2018-10-03,14.89,14.9,14.89,14.9,300,2,4469
2018-10-04,14.9,14.9,14.9,14.9,100,1,1490
2018-10-05,14.9,14.9,14.9,14.9,1700,2,25330
2018-10-11,14.92,14.92,14.92,14.92,100,1,1492
2018-10-18,15.06,15.06,15.06,15.06,8200,1,123492
2018-10-19,14.0,14.51,14.0,14.5,800,6,11551
2018-10-24,14.5,14.5,14.5,14.5,700,1,10150
