Date,Open,High,Low,Close,Volume,Neg,Fin
2010-01-04,8.76743,9.17039,8.76743,9.17039,228200,861,13703474
2010-01-05,9.17189,9.32225,9.08168,9.31473,308300,1364,18989803
2010-01-06,9.29819,9.34781,9.1764,9.24707,174100,788,10720917
2010-01-07,9.24707,9.24707,9.13581,9.22302,145200,480,8884266
2010-01-08,9.22602,9.52975,9.11927,9.50268,308200,1432,19291765
2010-01-11,9.54629,9.5959,9.3012,9.53426,173800,836,10916727
2010-01-12,9.36736,9.4681,9.26361,9.36736,140200,752,8694569
2010-01-13,9.35683,9.36285,9.18693,9.27564,125600,679,7764456
2010-01-14,9.21099,9.5117,9.21099,9.49516,399200,1549,24933888
2010-01-15,9.35082,9.57636,9.35082,9.54779,218200,1066,13775394
2010-01-18,9.51622,9.61996,9.38992,9.38992,86000,418,5458032
2010-01-19,9.23955,9.59139,9.21099,9.45757,136500,599,8607907
2010-01-20,9.28616,9.50118,9.25158,9.50118,280900,1528,17514583
2010-01-21,9.33729,9.57636,9.18242,9.26511,250800,1373,15604716
2010-01-22,9.19746,9.47111,9.12679,9.47111,306700,1195,19028015
2010-01-26,9.32827,9.3418,9.1734,9.3418,194700,1144,11986121
2010-01-27,9.26812,9.41397,9.21851,9.3824,135900,751,8438243
2010-01-28,9.36886,9.47111,9.01402,9.02454,251000,922,15283344
2010-01-29,9.09671,9.31473,9.09671,9.09822,268200,985,16434382
2010-02-01,9.12829,9.32225,9.10874,9.22903,161600,958,9904072
2010-02-02,9.34631,9.56283,9.24857,9.51321,272900,1521,17117689
2010-02-03,9.47261,9.57786,9.42149,9.53877,248400,1140,15724321
2010-02-04,9.53726,9.53877,9.14633,9.24707,199200,880,12336866
2010-02-05,9.24707,9.32827,8.91327,9.08619,309500,1457,18774022
2010-02-08,9.11175,9.53576,9.02454,9.53576,381400,1152,23654568
2010-02-09,9.56283,9.69815,9.29368,9.29368,233100,917,14620109
2010-02-10,9.32526,9.36135,9.1734,9.20196,163200,819,10030197
2010-02-11,9.27414,9.41247,9.18091,9.29218,151400,722,9337367
2010-02-12,9.23354,9.37187,9.11325,9.28466,152000,607,9330809
2010-02-17,9.38691,9.67259,9.3854,9.55681,306200,1526,19404530
2010-02-18,9.5087,9.65154,9.41247,9.60643,223200,1167,14158926
2010-02-19,9.53275,9.65003,9.53275,9.5929,134500,546,8585954
2010-02-22,9.62147,9.68311,9.49216,9.68311,220000,1006,14086891
2010-02-23,9.62297,9.68762,9.56283,9.58538,243700,1139,15604597
2010-02-24,9.62147,9.77032,9.61695,9.66658,266200,1350,17109753
2010-02-25,9.52975,9.80039,9.39743,9.69063,230200,989,14663340
2010-02-26,9.62297,9.76882,9.24557,9.29519,549100,1370,34267323
2010-03-01,9.37337,9.5102,9.37337,9.39893,226900,1140,14236971
2010-03-02,9.39893,9.54779,9.36285,9.45457,231000,903,14511840
2010-03-03,9.53275,9.53275,9.29519,9.30722,238700,1408,14961857
2010-03-04,9.30722,9.3824,9.19294,9.31624,297200,1220,18397722
2010-03-05,9.41999,9.41999,9.23204,9.26511,188500,904,11669857
2010-03-08,9.29218,9.34029,9.22602,9.26963,206300,819,12719909
2010-03-09,9.25309,9.41698,9.20647,9.32225,335400,1069,20783744
2010-03-10,9.39593,9.61695,9.35984,9.56283,299600,1220,19004357
2010-03-11,9.5929,9.8034,9.56283,9.8034,383500,1414,24793443
2010-03-12,9.82595,9.82595,9.59891,9.62297,330800,1664,21457302
2010-03-15,9.57034,9.62297,9.5102,9.53125,178200,888,11339182
2010-03-16,9.53275,9.66056,9.31473,9.39743,380000,1488,23907166
2010-03-17,9.47261,9.69364,9.42751,9.51772,217600,916,13819459
2010-03-18,9.5944,9.72822,9.5087,9.70567,205700,685,13196518
2010-03-19,9.70416,9.70416,9.57185,9.60793,161000,704,10299877
2010-03-22,9.52717,9.66969,9.3738,9.49619,147700,682,9127631
2010-03-23,9.49994,9.65047,9.4146,9.5434,173600,654,10624353
2010-03-24,9.44874,9.48753,9.40839,9.46581,193500,856,11766947
2010-03-25,9.56512,9.57288,9.48288,9.5465,218100,979,13410096
2010-03-26,9.57133,9.61167,9.52943,9.58219,160800,609,9932423
2010-03-29,9.61012,9.67995,9.5946,9.6365,189800,709,11780960
2010-03-30,9.6365,9.69857,9.55115,9.57443,133500,469,8263660
2010-03-31,9.49684,9.66754,9.49684,9.62098,269100,1157,16696082
2010-04-01,9.69857,9.74513,9.61943,9.74513,175100,931,10945979
2010-04-05,9.74513,9.92358,9.68306,9.90806,236300,863,15010450
2010-04-06,9.85375,9.9453,9.79944,9.93134,166900,573,10638834
2010-04-07,9.78392,10.00892,9.78392,9.93134,219400,929,14021028
2010-04-08,9.80719,9.99341,9.80719,9.93134,163100,829,10445244
2010-04-09,9.88478,10.01513,9.88478,9.93134,219000,902,14028684
2010-04-12,9.86927,9.95306,9.80719,9.93134,236400,794,15084345
2010-04-13,9.94686,10.00737,9.88478,9.97013,204900,1000,13136691
2010-04-14,9.92358,10.08341,9.92358,10.00892,196100,1002,12660352
2010-04-15,9.96082,9.9903,9.86927,9.86927,253000,930,16203268
2010-04-16,9.86151,9.91272,9.71874,9.71874,123800,518,7821606
2010-04-19,9.77461,9.84133,9.70012,9.79168,218900,753,13789351
2010-04-20,9.92048,10.04927,9.82271,9.96237,199000,943,12735530
2010-04-22,9.83978,10.2029,9.80875,10.16411,478100,2233,31027962
2010-04-23,10.09427,10.41549,10.05858,10.36428,499700,1790,33050363
2010-04-26,10.36118,10.62964,10.2448,10.40463,480100,1632,32135161
2010-04-27,10.31928,10.38756,10.26342,10.28825,510500,1598,33941995
2010-04-28,10.36583,10.36583,10.206,10.206,390000,1661,25828529
2010-04-29,10.21066,10.30066,10.16411,10.16411,180800,815,11903607
2010-04-30,10.16411,10.51325,10.08651,10.39687,745100,2013,49596427
2010-05-03,10.16565,10.50549,10.16565,10.25721,215100,1071,14348349
2010-05-04,10.24325,10.36583,10.10358,10.21376,361000,1314,23741292
2010-05-05,10.24169,10.35187,10.16411,10.18738,208900,797,13762606
2010-05-06,10.31928,10.41394,10.12686,10.27273,353600,1511,23386453
2010-05-07,10.28825,10.37049,10.16565,10.30376,414400,1692,27440725
2010-05-10,10.33945,10.50394,10.23549,10.24169,273200,930,18162941
2010-05-11,10.27273,10.39377,10.16411,10.16411,176500,776,11704364
2010-05-12,10.16411,10.35342,10.15945,10.31152,233500,851,15474706
2010-05-13,10.31152,10.38601,10.24325,10.30376,249900,672,16622790
2010-05-14,10.24169,10.35808,10.24169,10.28825,270900,897,17937699
2010-05-17,10.20445,10.48842,10.20445,10.43566,198300,830,13262629
2010-05-18,10.41704,10.60171,10.41704,10.5986,334300,1686,22672193
2010-05-19,10.59084,10.7755,10.5148,10.52101,410600,1425,28208846
2010-05-20,10.53653,10.67619,10.15014,10.15014,497800,1409,33487142
2010-05-21,10.20134,10.55205,10.19669,10.39997,394300,1551,26520239
2010-05-24,10.39532,10.55205,10.38135,10.38135,159900,647,10800141
2010-05-25,10.27273,10.36428,10.10203,10.10203,336200,1093,22182182
2010-05-26,10.18738,10.47446,10.10358,10.47446,370200,1600,24574229
2010-05-27,10.39842,10.54428,10.32859,10.39687,321200,1524,21655880
2010-05-28,10.26031,10.40308,10.23549,10.38911,220600,1084,14706937
2010-05-31,10.39687,10.44497,10.20134,10.31928,216400,683,14360675
2010-06-01,10.22617,10.32704,10.19359,10.19359,255100,1178,16862515
2010-06-02,10.16565,10.29135,10.16565,10.17341,223600,925,14707337
2010-06-04,10.16876,10.34256,10.12996,10.24169,195100,1027,12814796
2010-06-07,10.28669,10.45739,10.25876,10.25876,283600,1211,18976025
2010-06-08,10.36273,10.44342,10.24325,10.24325,270200,1175,18013172
2010-06-09,10.35187,10.3829,10.19514,10.19514,252000,1272,16679949
2010-06-10,10.17341,10.45118,10.17341,10.39687,318800,1010,21352814
2010-06-11,10.39687,10.44187,10.28825,10.38135,260200,1293,17333560
2010-06-14,10.43876,10.50084,10.30376,10.30376,124600,622,8350143
2010-06-15,10.38601,10.45584,10.31928,10.36739,207900,853,13956297
2010-06-16,10.31928,10.51015,10.31928,10.47446,380700,2258,25647693
2010-06-17,10.50549,10.75378,10.50549,10.63118,412800,1686,28345808
2010-06-18,10.6886,10.83602,10.67619,10.72429,227100,1301,15736418
2010-06-21,10.80288,10.89278,10.70059,10.77188,237100,1250,16492403
2010-06-22,10.94001,10.96949,10.77707,10.77707,222900,1490,15604499
2010-06-23,10.87793,10.87793,10.62189,10.8469,158100,731,11005423
2010-06-24,10.73672,10.78638,10.57223,10.57223,140500,790,9639693
2010-06-25,10.56913,10.77552,10.56913,10.57534,109900,560,7565225
2010-06-28,10.58,10.77241,10.58,10.59862,148300,789,10211433
2010-06-29,10.60017,10.74914,10.47913,10.69172,246900,1388,16919139
2010-06-30,10.6731,10.73672,10.53034,10.55206,278000,1269,19007630
2010-07-01,10.57534,10.76776,10.43102,10.70259,195900,1065,13364687
2010-07-02,10.69793,10.73517,10.48223,10.60948,148200,904,10147868
2010-07-05,10.50551,10.69948,10.47913,10.53654,113300,454,7727820
2010-07-06,10.6281,10.82983,10.6281,10.70569,205600,1153,14207296
2010-07-07,10.66069,10.78483,10.63275,10.6762,260900,603,18003388
2010-07-08,10.72276,10.79724,10.68086,10.75845,305200,835,21100509
2010-07-12,10.78483,10.87018,10.69328,10.78483,172700,978,11994371
2010-07-13,10.78483,10.92759,10.78483,10.92449,172600,602,12108146
2010-07-14,10.86242,10.99432,10.81586,10.88259,313100,776,22037264
2010-07-15,10.92759,11.12932,10.86397,11.07967,173700,815,12325747
2010-07-16,11.07967,11.26588,11.00983,11.17277,191900,754,13799677
2010-07-19,11.17122,11.40554,11.12622,11.40554,196900,720,14302065
2010-07-20,11.35123,11.42571,11.21001,11.32795,355400,1417,25941945
2010-07-21,11.38226,11.54364,11.34347,11.40554,313000,1163,23050167
2010-07-22,11.40709,11.77486,11.38071,11.45209,368600,1332,27585878
2010-07-23,11.45364,11.57623,11.34657,11.39468,312900,1576,23099676
2010-07-26,11.43967,11.55916,11.27209,11.46761,197300,778,14555862
2010-07-27,11.57623,11.80589,11.51261,11.77641,363800,1496,27399611
2010-07-28,11.71589,12.03556,11.71589,11.81055,292100,954,22324507
2010-07-29,11.87107,12.16435,11.87107,12.10384,371200,1022,28739239
2010-07-30,11.99832,12.81765,11.99832,12.53833,476000,1854,38135229
2010-08-02,12.73231,12.73386,11.97349,11.97349,384600,1589,30445706
2010-08-03,12.02469,12.17366,11.90055,12.13487,216100,902,16791835
2010-08-04,12.22798,12.29005,11.99676,12.11935,504100,1488,39515989
2010-08-05,12.13642,12.3366,12.13642,12.29781,325600,1132,25786847
2010-08-06,12.16268,12.29288,11.71015,11.74985,420700,1852,31551146
2010-08-09,11.68792,11.78319,11.57995,11.64664,282100,1209,20717844
2010-08-10,11.59107,11.90863,11.56884,11.74985,257400,1263,19078800
2010-08-11,11.74985,11.81336,11.62282,11.70221,179100,859,13233533
2010-08-12,11.70221,11.78161,11.64664,11.74985,274300,1053,20278021
2010-08-13,11.73397,11.90863,11.73397,11.81813,378200,830,28139634
2010-08-16,11.90704,12.01978,11.78954,11.98802,331400,867,24860730
2010-08-17,11.98802,12.07376,11.8467,11.8467,267000,1142,20217078
2010-08-18,11.87687,12.13093,11.7562,12.13093,342300,1519,25749900
2010-08-19,12.03248,12.40085,12.0039,12.40085,328500,1442,25475791
2010-08-20,12.35481,12.41038,12.28971,12.37068,165300,795,12874003
2010-08-23,12.3294,12.70254,12.3294,12.59139,363000,1468,28794682
2010-08-24,12.46595,12.72318,12.46278,12.67078,367700,1509,29344074
2010-08-25,12.57551,12.65332,12.34528,12.50406,296700,973,23364766
2010-08-26,12.54217,12.98517,12.40244,12.77081,533600,2648,42492492
2010-08-27,12.86132,13.14712,12.82956,13.0201,289600,1394,23720806
2010-08-30,13.01216,13.01216,12.73588,12.75017,218800,977,17684089
2010-08-31,12.64696,13.10743,12.64696,12.85338,1060200,1535,86531001
2010-09-01,13.04868,13.13919,12.95183,13.09949,456600,1115,37604590
2010-09-02,12.98835,13.1773,12.98835,13.09949,223300,794,18376756
2010-09-03,13.14395,13.33766,13.05186,13.33766,257400,973,21372468
2010-09-06,13.29003,13.64729,13.29003,13.60759,147900,788,12645801
2010-09-08,13.57425,13.72509,13.29003,13.43611,1906200,1432,160609621
2010-09-09,13.54408,13.54408,13.09949,13.14395,247200,972,20591038
2010-09-10,13.19159,13.44087,13.19159,13.40118,351500,1307,29514487
2010-09-13,13.54408,13.55043,13.30591,13.49645,213000,1414,18049255
2010-09-14,13.49486,13.93945,13.18206,13.93945,440100,1529,37856655
2010-09-15,13.8029,13.96644,13.76638,13.7902,323500,965,28297027
2010-09-16,13.79337,13.9712,13.72509,13.76638,185800,706,16236548
2010-09-17,13.8156,13.92834,13.63459,13.63459,152700,833,13252271
2010-09-20,13.75367,13.86641,13.67111,13.67111,731200,1004,63561010
2010-09-21,13.7505,13.81242,13.49963,13.53773,280500,1028,24008451
2010-09-22,13.56377,13.90711,13.54628,13.59873,249400,1433,21492403
2010-09-23,13.5733,13.88486,13.50972,13.67027,353600,2164,30541317
2010-09-24,13.67821,13.8483,13.56377,13.67027,1244700,1390,106985146
2010-09-27,13.68775,13.7116,13.61781,13.63848,148000,649,12714386
2010-09-28,13.73385,13.7418,13.5129,13.5129,241500,1402,20662375
2010-09-29,13.5288,13.57489,13.44137,13.51131,310600,1585,26410585
2010-09-30,13.60033,13.71318,13.44137,13.44137,444000,1038,37905521
2010-10-01,13.55581,13.79584,13.46998,13.67027,274200,1341,23488730
2010-10-04,13.73226,13.9087,13.70365,13.9087,150300,832,13066886
2010-10-05,13.93095,14.27907,13.83717,14.22661,415400,2064,37039169
2010-10-06,14.16462,14.59221,14.01679,14.59221,310500,1359,28018247
2010-10-07,14.57473,14.59221,14.36491,14.36649,295000,1156,26814547
2010-10-08,14.43326,14.43326,14.25364,14.32993,295400,1316,26644150
2010-10-11,14.40147,14.41895,14.21072,14.21072,146900,573,13203068
2010-10-13,14.29338,14.30609,13.95798,13.98818,459200,2595,40715714
2010-10-14,13.99136,14.0915,13.66391,13.82922,411600,1756,35887497
2010-10-15,14.01838,14.03269,13.67821,13.67821,236900,1155,20597129
2010-10-18,13.71796,13.91983,13.68298,13.86101,251800,1369,21937846
2010-10-19,13.86896,13.97705,13.72431,13.72431,294000,1760,25621525
2010-10-20,13.78313,13.84512,13.67821,13.67821,183400,824,15917287
2010-10-21,13.67027,13.9246,13.56059,13.68616,316800,1799,27565272
2010-10-22,13.79743,13.87532,13.68616,13.86101,419800,1423,36477539
2010-10-25,13.88327,14.12647,13.74975,13.74975,324700,1387,28563815
2010-10-26,13.74975,13.91665,13.60668,13.82922,171000,791,14856765
2010-10-27,13.77994,13.8642,13.62417,13.86101,211200,812,18327322
2010-10-28,13.9389,14.01838,13.76564,13.76564,128200,582,11203415
2010-10-29,13.86896,14.16462,13.76564,13.89439,250700,1111,22037027
2010-11-01,13.8785,14.09786,13.8785,13.89122,155600,795,13689817
2010-11-03,13.99931,14.01202,13.66709,13.66709,355900,1200,30859038
2010-11-04,13.78313,13.89916,13.74975,13.74975,337600,1608,29337037
2010-11-05,13.81333,13.82922,13.6496,13.6496,509500,1111,44081582
2010-11-08,13.65119,13.87532,13.64801,13.82922,302800,987,26245341
2010-11-09,13.87373,13.87373,13.6957,13.74975,217400,646,18846785
2010-11-10,13.78154,13.8022,13.50336,13.5892,202300,937,17428050
2010-11-11,13.5892,13.64483,13.32851,13.3301,179800,948,15183757
2010-11-12,13.20929,13.51131,13.20929,13.51131,193600,843,16378440
2010-11-16,13.559,13.559,13.22042,13.22519,261600,1409,21907473
2010-11-17,13.22519,13.51131,13.15048,13.51131,82600,410,6962755
2010-11-18,13.55105,13.91983,13.55105,13.82922,324800,1014,28202765
2010-11-19,13.82922,13.85783,13.71477,13.83081,172500,649,14975740
2010-11-22,13.77359,13.97705,13.69888,13.9246,239100,1386,20854352
2010-11-23,13.84512,14.00407,13.70842,13.81015,187500,1089,16336189
2010-11-24,13.83558,14.02315,13.71954,14.01679,228600,1191,20019176
2010-11-25,13.98659,14.13442,13.98659,13.99613,98600,489,8719280
2010-11-26,13.9548,13.97228,13.73067,13.73067,89300,568,7764213
2010-11-29,13.71796,13.84512,13.48111,13.71954,128100,795,10989819
2010-11-30,13.71954,14.09945,13.56059,13.69093,361900,1891,31538727
2010-12-01,13.9087,14.14713,13.72272,14.14713,207500,1354,18271959
2010-12-02,14.2298,14.29655,14.07242,14.21708,180100,1067,16064990
2010-12-03,14.14713,14.57473,14.11217,14.24569,152900,846,13788250
2010-12-06,14.3045,14.38239,14.13283,14.15508,128100,660,11488514
2010-12-07,14.34424,14.38557,14.18052,14.22661,121300,793,10903065
2010-12-08,14.24251,14.37286,14.14713,14.15032,200900,989,17977702
2010-12-09,14.15032,14.28702,13.99136,14.05176,143800,731,12776916
2010-12-10,14.19164,14.22661,13.98977,14.22661,116900,631,10367601
2010-12-13,14.22502,14.34265,14.11535,14.29814,146900,708,13206177
2010-12-14,14.26,14.29019,14.1074,14.16144,279900,1161,24940935
2010-12-15,14.16144,14.30609,14.08832,14.18687,298100,1488,26707177
2010-12-16,14.16303,14.41736,14.11693,14.20595,252600,1355,22640748
2010-12-17,14.17098,14.33311,13.98818,13.98818,211400,1086,18838982
2010-12-20,14.00567,14.21072,13.86261,14.12012,172700,1008,15222085
2010-12-21,14.15985,14.38239,14.06766,14.30609,145900,823,13110971
2010-12-22,14.18022,14.41414,14.17067,14.37117,261900,838,23565952
2010-12-23,14.33776,14.48098,14.25501,14.48098,79200,354,7148347
2010-12-27,14.36959,14.46347,14.25501,14.25501,88800,407,8009983
2010-12-28,14.29479,14.39505,14.16908,14.16908,52400,323,4686185
2010-12-29,14.16271,14.40141,14.16271,14.32184,144600,705,13016850
2010-12-30,14.38709,14.44916,14.28047,14.38391,221800,664,20052977
2011-01-03,14.51121,14.70217,14.43324,14.67194,160700,811,14740668
2011-01-04,14.64011,14.78333,14.60192,14.60192,251500,795,23169465
2011-01-05,14.61783,14.74832,14.54463,14.64011,181500,1048,16715793
2011-01-06,14.64011,14.70376,14.45074,14.53668,253400,1284,23130395
2011-01-07,14.4587,14.70376,14.33776,14.33776,201900,888,18423879
2011-01-10,14.36162,14.55577,14.17863,14.25024,238100,1125,21451992
2011-01-11,14.27888,14.41733,13.92402,13.92402,462500,1805,41050359
2011-01-12,14.06087,14.11179,13.75216,13.78239,366400,1954,31908686
2011-01-13,13.8731,14.18022,13.80467,14.18022,231100,1279,20324741
2011-01-14,14.16112,14.3855,13.97653,14.21841,264000,1554,23703822
2011-01-17,14.24387,14.36322,14.07042,14.36322,103900,558,9287948
2011-01-18,14.39982,14.39982,13.95266,14.08633,344400,1423,30575862
2011-01-19,14.04336,14.29638,13.89378,13.92402,178300,934,15660773
2011-01-20,13.88264,14.19454,13.71078,13.88423,321000,1430,28083984
2011-01-21,13.88742,13.93357,13.55961,13.63758,158300,918,13675357
2011-01-24,13.74579,13.78876,13.61371,13.68373,104500,690,8985574
2011-01-26,13.68691,13.84127,13.58984,13.68532,402000,1847,34610425
2011-01-27,13.68532,13.70601,13.26521,13.26521,250800,1360,21177685
2011-01-28,13.31772,13.41639,12.85465,12.88648,271900,1504,22314334
2011-01-31,13.01378,13.09813,12.64778,12.67006,606100,2310,48737139
2011-02-01,12.71621,12.92149,12.6812,12.8101,415000,1802,33371971
2011-02-02,12.8101,12.86579,12.41227,12.41227,295500,1299,23426939
2011-02-03,12.41068,12.46,12.09719,12.25313,275600,1449,21210546
2011-02-04,12.25473,12.56662,12.094,12.094,337600,1763,25985323
2011-02-07,12.2054,12.54276,12.0956,12.41386,192600,1101,14979400
2011-02-08,12.41227,12.50774,12.28496,12.39635,216400,1368,16828787
2011-02-09,12.4982,12.4982,12.14175,12.17516,214200,1698,16611083
2011-02-10,12.17516,12.3327,12.094,12.094,122000,620,9357103
2011-02-11,12.0956,12.44887,12.0956,12.32793,376100,1578,29179853
2011-02-14,12.30087,12.4791,12.23723,12.41227,118200,727,9177422
2011-02-15,12.32633,12.66051,12.31679,12.50774,196200,737,15448956
2011-02-16,12.54435,12.98196,12.45842,12.94695,245900,1388,19668706
2011-02-17,12.85784,13.12836,12.81169,13.12836,229700,1350,18752372
2011-02-18,13.04879,13.31454,12.89921,13.09813,207700,727,17196426
2011-02-21,13.09494,13.16178,12.96923,13.13631,91000,383,7487388
2011-02-22,13.08221,13.35114,12.92308,13.04879,262000,1362,21741672
2011-02-23,13.1761,13.27158,12.85147,13.01697,162600,1112,13321907
2011-02-24,13.03447,13.04561,12.74008,12.74008,174900,717,14120745
2011-02-25,12.95331,12.95331,12.6446,12.80851,262200,1144,20954891
2011-02-28,12.88966,12.91194,12.58731,12.6987,407500,1276,32617244
2011-03-01,12.72735,12.88966,12.65892,12.65892,241800,1340,19363400
2011-03-02,12.73053,12.84192,12.66688,12.84192,273500,926,21961823
2011-03-03,12.88966,12.9374,12.69075,12.8101,183100,914,14726928
2011-03-04,12.77827,13.03606,12.7544,13.01538,97400,611,7891526
2011-03-09,13.01538,13.16814,12.8101,13.14746,183300,1091,15049020
2011-03-10,13.11245,13.33523,13.09972,13.28749,183900,1151,15299601
2011-03-11,13.36865,13.79035,13.36865,13.70919,302300,1734,25931930
2011-03-14,13.68532,13.91765,13.52937,13.80467,273700,1435,23734611
2011-03-15,13.74738,14.15317,13.58984,14.14044,272800,1689,23866478
2011-03-16,14.18022,14.18022,13.54688,13.671,296700,1694,25822648
2011-03-17,13.85081,13.92402,13.51027,13.68373,163600,888,14055468
2011-03-18,13.75534,14.1468,13.68373,14.00676,360400,1591,31848317
2011-03-21,14.16869,14.25059,13.72643,13.751,606200,2129,10257133
2011-03-22,13.8329,14.17688,13.79196,14.04584,977900,2988,16675629
2011-03-23,14.05404,14.15231,13.89023,13.923,579900,1830,9888595
2011-03-24,14.02128,14.0868,13.9148,13.96394,729700,2117,12462671
2011-03-25,14.06272,14.12832,13.93972,14.07912,711100,2164,12176143
2011-03-28,14.06272,14.09552,13.43953,13.56253,1166800,3442,19455551
2011-03-29,13.62813,13.76752,13.43133,13.61173,1450100,5427,24060775
2011-03-30,13.57893,13.84132,13.48873,13.76752,1037400,3800,17299344
2011-03-31,13.77573,14.02172,13.61993,13.93972,1600500,2881,27093636
2011-04-01,13.95612,14.02172,13.81672,13.89052,1159000,3346,19628343
2011-04-04,13.93152,13.98892,13.84132,13.89872,1116200,3433,18928272
2011-04-05,13.85772,13.93152,13.83312,13.89872,1272700,2938,21559172
2011-04-06,13.91512,13.91512,13.68552,13.89872,657900,1748,11084641
2011-04-07,13.80852,13.81672,13.57893,13.81672,975800,2943,16319832
2011-04-08,13.73472,13.75933,13.52973,13.69373,1526100,2186,25312063
2011-04-11,13.70193,13.87412,13.57073,13.71833,868700,1814,14541364
2011-04-12,13.58713,13.73472,13.52973,13.69373,635600,2415,10563328
2011-04-13,13.76752,13.82492,13.54613,13.82492,796700,2917,13330693
2011-04-14,13.77573,14.01352,13.65273,13.80032,1084000,2444,18354366
2011-04-15,13.84952,13.89872,13.65273,13.89872,615300,2211,10354298
2011-04-18,13.93152,13.93972,13.72653,13.89872,1881700,2133,31858247
2011-04-19,13.89052,14.18572,13.89052,14.17752,1974600,1779,33657781
2011-04-20,14.23491,14.32511,13.93972,14.26772,769800,1799,13284355
2011-04-25,14.17752,14.51371,14.13652,14.25952,432100,1681,7562522
2011-04-26,14.21852,14.51371,14.16932,14.51371,612700,2032,10686122
2011-04-27,14.48091,14.51371,14.17752,14.34971,672400,3160,11740255
2011-04-28,14.20212,14.63671,14.07912,14.63671,1225800,3464,21533031
2011-04-29,14.62031,14.7023,14.40711,14.50551,1101100,3281,19532465
2011-05-02,14.57111,14.9893,14.50551,14.8827,1119500,3475,20193825
2011-05-03,14.8089,14.8663,14.53011,14.58751,586600,1571,10478437
2011-05-04,14.67771,14.7515,14.17752,14.17752,571200,1854,10075721
2011-05-05,14.22672,14.62851,14.18572,14.59571,726600,2556,12749446
2011-05-06,14.63671,15.0549,14.63671,15.0549,671900,1772,12199121
2011-05-09,15.0057,15.48949,14.9975,15.35009,797300,2098,14909466
2011-05-10,15.51409,15.51409,14.9565,15.1041,811000,3086,14984161
2011-05-11,15.0877,15.0877,14.52191,14.59571,718500,1992,12852507
2011-05-12,14.48091,15.0795,14.47271,15.0221,746600,1856,13620741
2011-05-13,15.0795,15.2517,14.9401,15.1369,581200,2132,10735174
2011-05-16,15.0795,15.31729,14.9483,15.16969,490200,1882,9067165
2011-05-17,15.16969,15.3337,15.0467,15.1779,498100,2174,9217898
2011-05-18,15.1779,15.3665,14.9647,15.16969,562000,1754,10413879
2011-05-19,15.2353,15.39109,14.92371,14.92371,578400,2402,10676334
2011-05-20,14.9647,15.1287,14.9073,14.92371,553600,1368,10123292
2011-05-23,14.91551,14.91551,14.67771,14.78431,595200,1975,10734030
2011-05-24,14.8827,15.0877,14.71871,14.91551,820400,2797,14890651
2011-05-25,14.8827,15.1369,14.7925,14.8991,641300,1776,11755569
2011-05-26,14.9647,15.1779,14.8499,15.1287,580100,1914,10657339
2011-05-27,15.1369,15.72728,15.1369,15.57969,966200,1793,18293687
2011-05-30,15.62889,15.72728,15.4321,15.57969,338200,1131,6431580
2011-05-31,15.63709,16.24388,15.58789,16.24388,1366800,3092,26495163
2011-06-01,16.07168,16.14548,15.69448,15.69448,994500,3555,19342520
2011-06-02,15.78469,16.23568,15.72728,16.11268,602100,2609,11706830
2011-06-03,15.99788,16.23568,15.86669,15.93228,663500,1953,13008151
2011-06-06,16.04708,16.12908,15.59609,15.64529,687400,2736,13185733
2011-06-07,15.74369,15.85848,15.54689,15.57969,858200,2570,16391058
2011-06-08,15.57969,15.77648,15.57149,15.66168,610300,1556,11654509
2011-06-09,15.66989,15.89948,15.30909,15.57969,952400,2198,18071569
2011-06-10,15.65349,15.67809,15.22709,15.29269,753100,2377,14112011
2011-06-13,15.35829,15.51409,15.2025,15.2107,543000,1594,10166868
2011-06-14,15.37469,15.57149,15.29269,15.51409,736300,1846,13909050
2011-06-15,15.4321,15.89128,15.35009,15.52229,1557500,5544,29726695
2011-06-16,15.61249,15.62889,14.9729,15.0549,1147200,2541,21333344
2011-06-17,15.1533,15.30089,14.89091,15.30089,1167000,2807,21531358
2011-06-20,15.1943,15.78469,15.1943,15.66989,1479100,3721,27985935
2011-06-21,15.73548,16.19468,15.72728,16.07168,1387300,2724,27163377
2011-06-22,16.03888,16.39147,15.98148,16.36687,1269800,2812,25223034
2011-06-24,16.27668,16.52267,15.90768,15.93228,1846900,3526,36795796
2011-06-27,15.93228,16.38327,15.93228,16.36687,848900,1465,16858437
2011-06-28,16.40787,16.76866,16.31767,16.76866,885300,2135,17897837
2011-06-29,16.86753,16.99065,16.41609,16.41609,789600,3360,16053991
2011-06-30,16.58025,16.58025,16.1206,16.30118,1195900,2355,23724038
2011-07-01,16.38325,16.81828,16.03852,16.62128,1370800,4225,27613310
2011-07-04,16.62128,16.99065,16.60487,16.86753,535700,932,11011080
2011-07-05,16.74441,17.28614,16.71158,16.90857,856100,2948,17729124
2011-07-06,16.95782,16.96603,16.67054,16.75262,479900,1540,9844420
2011-07-07,16.96603,17.12197,16.39967,16.4243,702900,2295,14270650
2011-07-08,16.41609,16.56384,16.15343,16.26014,848800,2440,16863787
2011-07-11,16.09597,16.37505,16.04673,16.27655,636500,1768,12556457
2011-07-12,16.29297,16.35043,16.15343,16.16984,772100,2512,15297219
2011-07-13,16.3258,16.64592,16.17806,16.49817,830900,2464,16652103
2011-07-14,16.55562,16.80187,16.36684,16.6295,1486800,3132,30137122
2011-07-15,16.7362,16.78546,16.30118,16.30118,594200,1586,11926783
2011-07-18,16.26014,16.45713,16.15343,16.17806,550500,2251,10912121
2011-07-19,16.03031,16.59667,16.03031,16.35043,942600,2367,18745347
2011-07-20,16.55562,16.79366,16.35043,16.37505,1147200,3315,23237256
2011-07-21,16.44892,16.61309,16.39967,16.45713,2173000,2896,43620567
2011-07-22,16.46534,16.57204,16.27655,16.41609,759400,2252,15185331
2011-07-25,16.27655,16.36684,16.20268,16.24372,1008500,1699,20001670
2011-07-26,16.29297,16.37505,16.16984,16.37505,1392300,2490,27596367
2011-07-27,16.33401,16.33401,15.39008,15.39008,2436600,5540,46754984
2011-07-28,15.43112,15.96464,15.43112,15.84153,2225200,5953,42614551
2011-07-29,15.63276,15.96968,15.58223,15.58223,2086600,3187,38977733
2011-08-01,15.7928,15.90229,15.37166,15.37166,1088300,4212,20184802
2011-08-02,15.37166,15.73384,14.78206,14.9421,1197000,4890,21878174
2011-08-03,14.98421,15.32955,14.65572,15.00947,2761500,7243,48995340
2011-08-04,14.69783,15.23689,14.26827,14.41988,2247300,7105,39353131
2011-08-05,14.40303,14.95052,14.31038,14.57149,1837700,4589,32039527
2011-08-08,14.3188,14.52095,13.60287,13.81344,2517700,6050,42453906
2011-08-09,14.06612,14.48726,13.89767,14.19247,1719300,5202,28968499
2011-08-10,13.89767,14.47041,13.89767,14.00716,1445500,4279,24221370
2011-08-11,14.15877,14.89156,14.00716,14.76522,1920700,4226,33259660
2011-08-12,14.95052,14.98421,14.15877,14.15877,1718700,4226,29459238
2011-08-15,14.39461,14.65572,14.26827,14.65572,939800,3944,16230162
2011-08-16,14.40303,14.92525,14.32723,14.92525,1248200,4798,21825887
2011-08-17,14.91682,15.27058,14.56307,14.95052,1815200,6980,32331296
2011-08-18,14.48726,15.32955,14.45357,15.32955,1017300,3231,18017542
2011-08-19,15.2032,15.41377,14.99263,15.3885,2504700,4358,45456502
2011-08-22,15.58223,15.58223,15.2032,15.41377,1934400,2262,35339368
2011-08-23,15.32955,15.91072,14.95894,15.88545,1361500,3923,25035969
2011-08-24,15.75068,16.18025,15.46431,15.84334,948100,3243,17830734
2011-08-25,15.87703,16.17183,15.25374,15.75068,876100,2786,16236300
2011-08-26,15.73384,16.12129,15.46431,15.50642,1261600,2700,23711300
2011-08-29,15.66646,15.96968,15.63276,15.91072,763200,2927,14347912
2011-08-30,15.83491,16.15498,15.6833,16.0876,646400,2690,12236447
2011-08-31,16.21394,16.74458,16.01179,16.74458,1193400,3317,23343926
2011-09-01,16.70247,17.2331,16.46663,16.46663,1532900,5155,30759703
2011-09-02,16.4582,16.76985,16.07917,16.60981,1504800,4684,29542385
2011-09-05,16.40767,16.40767,16.02022,16.12129,663600,2600,12759199
2011-09-06,16.00337,16.48347,15.78437,16.37398,1422600,4604,27380452
2011-09-08,16.50874,16.84565,16.47504,16.64351,926600,3314,18365959
2011-09-09,16.42451,16.55085,15.92756,16.03707,968600,3411,18543404
2011-09-12,15.99495,16.28975,15.81807,16.02864,815700,3706,15521091
2011-09-13,16.05391,16.2729,15.91072,16.02864,592800,2370,11329113
2011-09-14,16.05391,16.3824,15.87703,16.12129,593700,2858,11380733
2011-09-15,16.18867,16.37398,15.98652,16.04548,444000,1865,8501920
2011-09-16,16.03707,16.5677,16.03707,16.39924,644800,2289,12540600
2011-09-19,16.15498,16.74458,16.05391,16.59297,882300,3435,17303511
2011-09-20,16.58455,16.70247,16.34028,16.44135,802500,2541,15729549
2011-09-21,16.44978,16.8625,16.35713,16.42451,645400,2379,12728980
2011-09-22,16.04629,16.35828,15.68371,15.9451,1171800,4936,22259876
2011-09-23,15.9451,16.2065,15.54037,15.54037,957600,3718,17904114
2011-09-26,15.76803,15.98726,15.35486,15.80176,724100,3210,13440193
2011-09-27,15.9957,16.24022,15.79333,15.91138,824700,3650,15725122
2011-09-28,16.02099,16.34142,15.61625,15.72587,635700,2802,12003374
2011-09-29,15.93667,16.14748,15.75117,15.93667,628000,3140,11856815
2011-09-30,15.89451,15.98726,15.68371,15.95354,967500,2857,18230715
2011-10-03,15.92824,16.00413,15.51507,15.51507,979800,3091,18273429
2011-10-04,15.46447,16.00413,14.92482,15.93667,2038900,6755,38060035
2011-10-05,15.70901,16.68713,15.70901,16.44259,1660400,7028,32161615
2011-10-06,16.68713,16.94852,16.55222,16.8389,1437700,4300,28633062
2011-10-07,16.8642,17.11717,16.67027,16.8642,1098400,4784,21967750
2011-10-10,17.03285,17.11717,16.74616,16.99068,747600,3086,15027615
2011-10-11,17.06657,17.06657,16.69556,16.99068,771200,2929,15410439
2011-10-13,17.11717,17.20149,16.74616,17.00755,1602200,6706,32166570
2011-10-14,17.10031,17.11717,16.84734,16.95696,1240300,2015,24911777
2011-10-17,16.81361,17.10031,16.72929,17.10031,910700,1883,18263003
2011-10-18,17.03285,17.82547,16.85577,17.67369,1374100,4036,28234546
2011-10-19,17.77487,18.28923,17.53877,18.28923,1060800,3450,22657267
2011-10-20,18.28923,18.50846,17.3364,17.37857,1477600,3952,31173404
2011-10-21,17.47975,17.94351,17.3111,17.48818,1206600,3615,25082423
2011-10-24,17.70741,18.11216,17.53877,17.58093,951800,3073,20154518
2011-10-25,17.68212,17.8086,17.18463,17.8086,754000,2507,15740884
2011-10-26,17.86762,18.00253,17.58093,17.75801,964000,2708,20378430
2011-10-27,18.06999,18.07843,17.48818,17.67369,2206600,4681,46473298
2011-10-28,17.70741,17.95194,17.48818,17.79173,917800,2521,19375846
2011-10-31,17.63153,18.02783,17.56406,17.75801,1103100,3205,23350992
2011-11-01,17.46288,17.90135,17.44602,17.79173,723900,2784,15185644
2011-11-03,17.88449,18.23864,17.50504,17.50504,1152200,3730,24518186
2011-11-04,17.58093,18.0447,17.55563,17.95194,771200,2204,16383686
2011-11-07,17.97724,18.28923,17.91821,18.12902,538700,2037,11578192
2011-11-08,18.29766,18.29766,17.88449,18.12902,476300,1736,10220803
2011-11-09,18.00253,18.05313,17.80017,18.0447,579800,2713,12333602
2011-11-10,18.0447,18.21334,17.94351,18.02783,359200,1357,7711697
2011-11-11,18.20491,18.35669,18.15432,18.27236,518800,2407,11243790
2011-11-14,18.23864,18.29766,18.01097,18.18804,352300,1399,7571109
2011-11-16,18.38198,18.93007,18.37355,18.71927,1406900,3933,31145338
2011-11-17,18.86261,18.86261,18.13745,18.34825,928900,3267,20344782
2011-11-18,18.38198,18.81202,18.12902,18.66867,792000,2522,17406132
2011-11-21,18.41571,18.97223,18.38198,18.97223,1011700,3422,22513009
2011-11-22,19.01439,19.15773,18.7277,18.75299,932700,3812,20944314
2011-11-23,18.66867,19.02282,18.65181,18.88791,1183800,4197,26530619
2011-11-24,18.84575,19.52874,18.84575,19.30951,1328700,3411,30376406
2011-11-25,19.30108,19.71425,19.14931,19.436,821200,2541,19029266
2011-11-28,19.52874,19.72268,19.36854,19.436,666700,3470,15427614
2011-11-29,19.55404,19.807,19.40227,19.68052,945700,4200,22048994
2011-11-30,19.81544,20.59119,19.34324,19.34324,1772500,5958,41669297
2011-12-01,19.6468,19.95035,19.57934,19.76485,1093000,4412,25641282
2011-12-02,19.97565,20.18645,19.00596,19.1746,1647300,5901,37934653
2011-12-05,19.39384,19.62993,19.24205,19.47816,957200,3472,22126571
2011-12-06,19.46972,19.73112,19.27579,19.56248,1305200,4746,30109944
2011-12-07,19.56248,19.8576,19.39384,19.68052,683400,2586,15944101
2011-12-08,19.76485,19.90819,19.48659,19.56248,971600,3512,22680421
2011-12-09,19.63836,19.79858,19.3601,19.52032,1123800,2798,26013317
2011-12-12,19.6468,19.73112,18.97223,19.6468,866400,3824,20069240
2011-12-13,19.71425,19.84074,19.49502,19.6468,1136700,4056,26545609
2011-12-14,19.6468,19.92506,19.56248,19.58777,2767500,6950,64651918
2011-12-15,19.88289,20.11057,19.58777,19.6468,2544000,4599,59901891
2011-12-16,19.77328,19.86603,19.58777,19.58777,1117600,3025,26074009
2011-12-19,19.58777,19.72268,19.48659,19.60464,1155100,2593,26838661
2011-12-20,19.78171,19.81544,19.37697,19.70582,1255800,3485,29353420
2011-12-21,19.62993,19.77328,19.56248,19.68052,939000,3654,21915647
2011-12-22,19.76577,19.76577,19.61386,19.66449,543600,1642,12678566
2011-12-23,19.70669,19.74045,19.4535,19.5801,614500,1761,14304292
2011-12-26,19.5379,19.65606,19.5379,19.6223,148400,600,3450266
2011-12-27,19.6223,19.6223,19.30159,19.4113,755300,2499,17379317
2011-12-28,19.4957,19.51258,19.23407,19.4113,883000,2609,20271611
2011-12-29,19.25939,19.47882,19.25939,19.33535,1006900,2066,23063020
2012-01-02,19.30159,19.87548,19.25095,19.69825,504200,2035,11761614
2012-01-03,19.75734,19.89237,19.4113,19.5801,1406300,3885,32714034
2012-01-04,19.56322,19.74889,19.4113,19.4957,1509700,3844,34875699
2012-01-05,19.50414,19.63073,19.05684,19.15811,1273500,4677,29000316
2012-01-06,19.32691,19.4113,19.10748,19.15811,1081500,3311,24602554
2012-01-09,19.24251,19.37754,19.02308,19.15811,523200,2124,11882686
2012-01-10,19.26783,19.31847,19.09903,19.17499,1114800,4339,25333399
2012-01-11,19.21719,19.22563,19.05684,19.08215,699400,2578,15840557
2012-01-12,19.20876,19.20876,18.82052,18.94712,679800,2324,15314924
2012-01-13,18.964,19.08215,18.67705,18.81209,641200,2367,14309635
2012-01-16,18.73612,18.82896,18.50826,18.52513,665000,1957,14665715
2012-01-17,18.64329,18.97244,18.54202,18.82052,1177700,4547,26217774
2012-01-18,18.74457,19.08215,18.67705,19.02308,1613600,5272,36242833
2012-01-19,19.15811,19.20031,18.76989,18.82896,927400,2811,20837766
2012-01-20,18.82896,18.85428,18.54202,18.66861,1324100,3738,29329172
2012-01-23,18.63486,18.76989,18.39854,18.46606,1167500,4406,25649413
2012-01-24,18.47449,18.86272,18.12847,18.76989,1476800,4519,32403123
2012-01-26,18.93868,18.98088,18.59266,18.98088,1336200,5602,29860467
2012-01-27,18.94712,19.37754,18.88804,19.15811,1223900,5055,27698962
2012-01-30,19.05684,19.4113,18.80364,19.33535,974400,5032,22161980
2012-01-31,19.43662,19.55478,18.84584,19.19187,1984100,7137,44973616
2012-02-01,19.24251,20.14556,19.20876,20.14556,2003400,5867,46867753
2012-02-02,20.01052,20.16244,19.88392,20.04428,1640300,6910,38949618
2012-02-03,19.96832,20.22995,19.76577,20.03584,1639300,5381,38975066
2012-02-06,19.87548,19.93457,19.58854,19.70669,1561100,2962,36499643
2012-02-07,19.5801,20.06116,19.5801,19.9008,715400,3424,16878373
2012-02-08,19.9008,20.05272,19.4113,19.6223,1349200,3683,31364074
2012-02-09,19.5379,19.79109,19.50414,19.5379,855600,3960,19877458
2012-02-10,19.46194,19.8586,19.46194,19.55478,1359500,4910,31670241
2012-02-13,19.63917,19.99365,19.5379,19.64762,1016100,4440,23779104
2012-02-14,19.68137,19.943,19.27627,19.28471,1200400,4441,27668085
2012-02-15,19.47882,19.52946,19.32691,19.44506,1494900,5180,34443962
2012-02-16,19.3691,19.81641,18.99776,19.78265,1924000,5689,44634555
2012-02-17,19.9852,20.00208,19.79109,19.96832,995200,3625,23500618
2012-02-22,19.96832,20.70258,19.96832,20.6435,1495800,5510,36116454
2012-02-23,20.63506,20.87138,20.44095,20.80385,1556000,4600,38212805
2012-02-24,20.85449,21.26804,20.80385,20.84605,1621000,4729,40539112
2012-02-27,20.71945,21.09925,20.48314,21.04861,1034200,2927,25709474
2012-02-28,21.05704,21.47903,21.03173,21.36087,1469400,6129,37145048
2012-02-29,21.36087,21.86726,21.344,21.69846,1830300,4817,46962589
2012-03-01,21.64783,22.29768,21.60562,22.17108,1136100,4236,29659817
2012-03-02,22.09513,22.9391,22.09513,22.83782,1611700,5011,43283726
2012-03-05,22.90534,23.43704,22.50023,23.40328,2189100,5738,59950761
2012-03-06,23.11634,23.42016,22.71966,22.95597,1601800,4971,43678041
2012-03-07,22.91378,23.12477,22.75343,22.9391,1533600,3832,41632463
2012-03-08,23.07413,23.37797,23.01505,23.20917,1052000,3572,28919125
2012-03-09,23.28513,23.70711,22.94754,23.67335,1100000,3634,30733300
2012-03-12,23.58895,24.11221,23.58895,24.11221,1566000,4970,44315161
2012-03-13,24.21349,24.41605,23.82527,24.13753,2144900,6727,61394009
2012-03-14,23.79995,24.13753,23.71555,24.13753,1548100,5324,43946853
2012-03-15,23.96874,24.12909,23.46236,23.63115,1306600,4039,36876676
2012-03-16,23.63115,24.07845,23.28513,23.28513,1325400,3183,37070336
2012-03-19,23.42016,23.71555,23.12477,23.4708,751100,2568,20875742
2012-03-20,23.47937,23.6339,23.239,23.42787,842700,2848,22996634
2012-03-21,23.52229,23.56522,23.05013,23.09306,841400,2385,22831155
2012-03-22,22.99755,23.49582,22.81714,23.31541,1218300,3452,32813791
2012-03-23,23.34978,23.47864,23.08347,23.21233,726500,2988,19644375
2012-03-26,23.21233,24.05422,23.20373,24.05422,1054700,3032,29076166
2012-03-27,24.06281,24.51812,23.93395,24.02845,1161100,3205,32632352
2012-03-28,24.0714,24.38926,23.53877,23.88241,1674100,4132,46608991
2012-03-29,23.74495,23.89959,23.30682,23.6075,1711500,4156,46942971
2012-03-30,23.88241,24.14013,23.39273,24.05422,1636100,4325,45353643
2012-04-02,24.03704,24.42363,23.89099,24.05422,1044300,4176,29312971
2012-04-03,24.13154,24.13154,23.73636,23.92536,776800,3183,21616519
2012-04-04,23.86522,24.22603,23.65904,23.96832,1319700,4097,36975857
2012-04-05,24.00268,24.04564,23.71918,23.83086,523200,2134,14520901
2012-04-09,23.56454,23.83086,23.47005,23.53877,764900,1573,21004052
2012-04-10,23.46145,23.62469,23.22092,23.30682,1087800,4728,29653806
2012-04-11,23.36696,23.40132,22.94601,23.17796,1302900,2864,35140172
2012-04-12,23.17796,23.4271,23.12642,23.36696,1245500,3637,33755007
2012-04-13,23.26387,23.71059,23.21233,23.50441,1362200,6150,37274739
2012-04-16,23.71059,23.77072,23.26387,23.62469,811600,4164,22264718
2012-04-17,23.62469,24.51812,23.38414,24.50953,1551600,5962,43634224
2012-04-18,24.50094,25.03357,23.85663,24.44081,2191400,7975,62464070
2012-04-19,24.56108,24.9133,24.269,24.9133,1638000,4795,47019388
2012-04-20,25.0078,25.32566,24.93048,25.17103,984200,3413,28875637
2012-04-23,24.88753,25.14525,24.5353,24.9133,725000,3514,21036472
2012-04-24,24.90471,25.42015,24.74148,25.39439,801700,3354,23452605
2012-04-25,25.57479,25.65211,25.21398,25.21398,968700,3189,28621257
2012-04-26,25.1023,25.91842,25.02498,25.64352,1497000,4875,44647270
2012-04-27,25.90124,25.97856,25.49747,25.49747,694700,2493,20773221
2012-04-30,25.49747,25.72943,25.39439,25.50607,1254900,5108,37375495
2012-05-02,25.50607,25.64352,25.17103,25.17103,1315700,4344,38815255
2012-05-03,25.18821,25.32566,24.65558,24.74148,1547900,4264,44858272
2012-05-04,24.73289,24.9133,24.25181,24.5439,3500900,7361,100477068
2012-05-07,24.40644,24.5439,23.98549,24.31195,1314300,3725,37110809
2012-05-08,24.5439,24.78444,23.83945,23.97691,1346700,4698,37945734
2012-05-09,23.89099,24.21745,23.12642,23.28105,2125500,5719,58440388
2012-05-10,23.38414,23.62469,23.19514,23.36696,1768500,6244,48207769
2012-05-11,23.36696,23.77072,23.30682,23.77072,2037300,3865,55662043
2012-05-14,23.74495,24.00268,23.38414,23.77932,938100,3572,25930253
2012-05-15,23.74495,23.81367,23.28964,23.45286,1061100,3689,29042686
2012-05-16,23.54737,23.75355,23.28964,23.53019,1124900,3820,30820387
2012-05-17,23.58173,23.75355,23.29823,23.43569,1270000,3605,34722924
2012-05-18,23.43569,24.00268,23.43569,23.6075,1215200,4951,33572950
2012-05-21,23.7965,23.85663,23.324,23.46145,1060100,4516,29009400
2012-05-22,23.35837,23.513,23.06628,23.31541,1299400,5117,35188390
2012-05-23,23.22092,23.45286,22.26734,22.61097,2136600,7307,56337157
2012-05-24,22.4907,22.49929,22.05257,22.2072,1950800,7544,50620423
2012-05-25,22.16425,22.59379,22.07834,22.50788,1186500,3922,30899852
2012-05-28,22.51647,23.28105,22.51647,23.21233,787300,3084,21190578
2012-05-29,23.38414,23.61609,23.03192,23.15219,662600,2651,17888761
2012-05-30,22.93742,23.00615,22.6711,22.7656,1265800,3518,33712137
2012-05-31,22.78278,23.69341,22.68828,23.19514,2089900,6072,56225051
2012-06-01,23.16937,23.40991,22.89446,23.2381,1256500,5942,33936288
2012-06-04,23.38414,23.40132,22.86869,23.19514,898700,3560,24226731
2012-06-05,23.19514,23.37555,22.41338,22.43916,896500,3490,23741075
2012-06-06,22.59379,23.53877,22.50788,23.53877,1275800,5278,34532834
2012-06-08,23.33259,23.92536,22.91165,22.91165,1763000,6963,47876794
2012-06-11,23.10924,23.27246,22.93742,23.11782,1188500,4322,32031539
2012-06-12,23.20373,23.26387,22.89446,23.02332,1326500,4547,35630505
2012-06-13,22.98037,23.26387,22.47352,22.47352,1986200,8068,52561982
2012-06-14,22.6711,22.93742,22.55083,22.62815,1594600,6904,42135580
2012-06-15,22.82574,23.06628,21.11617,22.06116,7568300,11941,193137954
2012-06-18,22.06975,23.26387,21.76907,22.98037,1719800,6824,45466538
2012-06-19,22.98896,23.5216,22.83433,23.36696,1073700,5215,29162203
2012-06-20,23.35837,24.20885,23.02332,24.05422,1150900,4242,31716263
2012-06-21,24.269,24.269,23.71918,23.88241,1014300,5638,28254818
2012-06-22,23.59201,23.88434,23.48024,23.58341,625000,3455,17157237
2012-06-25,23.55762,24.06488,23.30829,23.88434,555400,1776,15340880
2012-06-26,24.07348,24.49477,23.6178,24.29702,1186400,5070,33342336
2012-06-27,24.3658,24.92465,24.34861,24.69251,1460400,6879,41997301
2012-06-28,24.7527,25.08801,24.42599,25.08801,1501400,5952,43489690
2012-06-29,25.19118,25.93057,24.97623,25.34594,1689600,5632,50196777
2012-07-02,25.21697,25.34594,24.50337,24.50337,877300,3140,25248142
2012-07-03,24.55495,24.93325,24.49477,24.64093,1008800,5355,28856771
2012-07-04,24.59794,25.03642,24.58934,24.83008,522600,1656,15128818
2012-07-05,24.3916,25.04502,24.3916,24.54635,1608100,3178,46020078
2012-07-06,24.53776,24.92465,24.34001,24.44318,699800,2765,19942178
2012-07-10,24.47757,24.77849,24.24544,24.33141,1033900,3839,29424655
2012-07-11,24.46038,25.19978,24.17666,25.19978,1088600,4351,31562195
2012-07-12,25.22557,25.22557,24.7527,24.93325,697200,2789,20202175
2012-07-13,25.17398,25.17398,24.64953,24.64953,512700,1972,14775130
2012-07-16,24.77849,25.1052,24.64953,24.85587,686400,3197,19844080
2012-07-17,25.01922,25.57808,24.77849,25.38033,991500,3956,29061329
2012-07-18,25.36313,25.66405,25.02782,25.39752,637900,2820,18907647
2012-07-19,25.44911,25.77582,25.16538,25.16538,1182100,4249,35036970
2012-07-20,25.07941,25.27715,24.90746,24.98484,1106000,3282,32143579
2012-07-23,24.54635,25.33734,24.54635,25.22557,1300100,4978,37814744
2012-07-24,25.32874,25.32874,24.7527,25.08801,1229700,3515,35809939
2012-07-25,25.21697,25.75003,24.97623,25.65545,1015100,2968,30055705
2012-07-26,25.79302,26.60979,25.4835,26.60979,1276800,4065,38671550
2012-07-27,27.03968,27.03968,26.34326,26.65278,1696200,6796,52488185
2012-07-30,25.79302,25.87899,24.95045,25.87899,1954700,7693,58375401
2012-07-31,25.90478,26.22289,24.65812,24.84727,1932800,5783,57002296
2012-08-01,24.93325,25.17398,23.95311,24.41739,2319300,6930,66063601
2012-08-02,24.16805,25.14819,24.16805,25.01922,1375800,5200,39867017
2012-08-03,25.25996,25.62966,24.81288,24.89026,1656200,6824,48416378
2012-08-06,24.93325,25.19118,24.63233,24.63233,1345400,4412,38872658
2012-08-07,24.58934,24.7613,24.07348,24.07348,2583100,6346,72934196
2012-08-08,24.03909,24.04769,23.29969,23.36847,2201800,6799,60194944
2012-08-09,23.38567,23.91872,22.99018,23.29969,1782500,5840,48055854
2012-08-10,23.09335,24.05628,23.05895,24.05628,2276700,7885,62550104
2012-08-13,24.0047,24.50337,23.78116,24.07348,1180900,4616,33140354
2012-08-14,24.18805,24.45001,23.61172,23.71651,1272000,4738,34884106
2012-08-15,23.83876,23.97847,23.29736,23.90861,1670300,6248,45289747
2012-08-16,24.08326,24.14438,23.77763,23.98721,1079200,5078,29569145
2012-08-17,24.08326,24.26664,23.61172,23.80383,1383300,4729,37801671
2012-08-20,23.67285,23.80383,23.0878,23.10526,1209100,4467,32312525
2012-08-21,23.26244,23.50694,22.49401,22.61626,1823100,7837,47925446
2012-08-22,22.69485,23.40215,22.55513,22.92189,1680100,8857,44333776
2012-08-23,23.04414,23.70778,22.8433,23.46328,1744000,7055,46760335
2012-08-24,23.48074,23.94355,23.2799,23.69905,995200,5532,27038934
2012-08-27,23.60299,23.76891,23.23624,23.24498,728100,3410,19490187
2012-08-28,23.09653,23.3061,22.88696,22.88696,1428400,4243,37619389
2012-08-29,22.87823,23.11399,22.56387,22.93062,1355700,5487,35426529
2012-08-30,22.89569,23.5768,22.8171,23.44581,931200,4542,24926829
2012-08-31,23.5768,23.89989,23.13145,23.76017,1689200,6712,45588592
2012-09-03,23.92608,24.0134,23.45454,23.73397,854000,3726,23286406
2012-09-04,23.62045,23.68158,23.26244,23.26244,1159700,5891,31184894
2012-09-05,23.40215,23.61172,23.15765,23.44581,615400,3319,16504490
2012-09-06,23.60299,23.99594,23.39342,23.80383,1233100,3572,33589105
2012-09-10,23.86496,24.19677,23.39342,23.39342,1376500,5463,37443860
2012-09-11,23.50694,23.92608,23.41962,23.91735,1418100,5596,38565539
2012-09-12,23.90861,24.32776,23.48947,23.7951,2493200,4566,68376292
2012-09-13,23.92608,24.16185,23.47201,23.5768,1993100,7832,54220698
2012-09-14,23.5768,24.16185,23.14019,23.48074,2258700,6357,61330881
2012-09-17,23.59426,24.10072,23.53314,23.95228,1285400,4608,35224397
2012-09-18,23.83003,24.0134,23.66412,23.75144,843700,3339,23036270
2012-09-19,23.87369,24.13565,23.48947,23.5768,1324700,4248,36079398
2012-09-20,23.5768,23.83876,23.3323,23.5244,1262000,4661,34111268
2012-09-21,23.5768,24.00467,23.55933,23.97847,946300,2645,25917689
2012-09-24,23.88167,24.10887,23.76807,24.10887,918500,3351,25252033
2012-09-25,24.10887,24.20499,23.78555,23.92537,975200,2439,26767177
2012-09-26,23.66322,23.96032,23.54088,23.69817,816000,2988,22140476
2012-09-27,23.77682,23.94284,23.68069,23.68069,850400,2738,23114447
2012-09-28,23.61079,24.03023,23.55836,24.03023,1383900,3787,37888389
2012-10-01,24.03896,24.29237,23.92537,23.95158,1051500,4267,29032708
2012-10-02,23.99527,24.20499,23.8642,24.10887,512200,1966,14103369
2012-10-03,24.12634,24.22246,23.62827,23.69817,783200,3018,21339625
2012-10-04,23.72439,24.01275,23.56709,23.56709,822800,3558,22367041
2012-10-05,23.68069,24.4584,23.67196,24.44966,1651000,4987,45608456
2012-10-08,24.31859,24.939,24.25742,24.46714,1634600,5658,46167740
2012-10-09,24.59822,24.89531,24.30985,24.77298,1164400,4718,32943730
2012-10-10,24.74676,24.87784,24.30985,24.41471,1070200,2920,30102682
2012-10-11,24.44092,24.77298,24.37976,24.37976,641100,2549,18033139
2012-10-15,24.46714,24.76424,24.10887,24.62443,862900,3117,24233152
2012-10-16,24.63316,24.79046,24.35354,24.40597,654300,2541,18359295
2012-10-17,24.59822,24.85162,24.44966,24.72928,1584300,4280,44831185
2012-10-18,24.6419,24.81667,24.51956,24.73802,935000,3289,26425237
2012-10-19,24.66812,24.89531,24.49335,24.49335,686200,2407,19383044
2012-10-22,24.62443,24.79919,24.52831,24.77298,420700,1546,11896167
2012-10-23,24.6419,24.65064,24.12634,24.26616,1695000,4819,47164246
2012-10-24,24.39723,24.39723,23.79429,23.79429,629900,2557,17320918
2012-10-25,23.83798,23.83798,23.22631,23.44476,1150400,5001,30967608
2012-10-26,23.40981,23.66322,23.07775,23.27873,681100,2805,18164160
2012-10-29,23.10397,23.85546,23.10397,23.76807,542200,1817,14714346
2012-10-30,23.75934,23.82051,23.41855,23.41855,466800,1463,12606973
2012-10-31,23.31368,23.60205,23.1564,23.1564,780600,3583,20853103
2012-11-01,23.16514,23.75934,23.1564,23.1564,633900,1981,16999640
2012-11-05,23.20009,23.81177,23.20009,23.81177,1072600,4027,28918481
2012-11-06,23.80303,24.6419,23.76807,24.6419,1749000,6034,48486610
2012-11-07,24.51083,24.66812,24.11761,24.47587,1288600,3919,36122204
2012-11-08,24.58947,24.79046,24.32733,24.39723,863200,3662,24287449
2012-11-09,24.21372,24.46714,23.77682,23.91663,1043500,5053,28716030
2012-11-12,23.90789,24.72928,23.8642,24.58947,655600,2516,18350500
2012-11-13,24.47587,24.77298,24.30111,24.77298,843500,3148,23718411
2012-11-14,24.65938,24.88657,24.53704,24.69433,886200,3803,25106515
2012-11-16,24.6419,25.33223,24.58947,24.99144,1353200,5563,38807665
2012-11-19,24.77298,25.38465,24.7555,25.38465,415300,2209,11973804
2012-11-21,25.42835,25.77788,25.1662,25.77788,869600,3921,25449284
2012-11-22,25.73418,25.89147,25.42835,25.61185,295800,1169,8692593
2012-11-23,25.61185,26.11866,25.41087,26.0575,717100,3104,21285185
2012-11-26,25.81283,26.12741,25.51573,26.0575,1514100,3280,44831671
2012-11-27,26.0575,26.52063,25.91769,26.04003,2140300,4852,64196683
2012-11-28,26.12741,26.73909,25.70797,26.5818,1350500,5000,40729552
2012-11-29,26.61675,26.73909,26.31091,26.73909,527700,2679,16064081
2012-11-30,26.73909,27.26338,26.43325,27.14979,1670700,5058,51556893
2012-12-03,27.11483,28.03235,26.77404,28.03235,1031400,4657,32654684
2012-12-04,27.89254,27.94497,27.3595,27.43815,965900,3889,30601384
2012-12-05,27.46436,27.68282,26.98376,27.08862,711700,2092,22173607
2012-12-06,27.08862,27.27212,26.84394,27.09735,749900,2969,23259814
2012-12-07,27.00997,27.53427,27.00997,27.19348,591700,2880,18440719
2012-12-10,27.48184,27.66534,27.14979,27.55175,490600,2039,15426531
2012-12-11,27.66534,28.55665,27.48184,28.19838,1004700,3481,32322253
2012-12-12,28.26828,28.52169,28.15468,28.24207,867500,4578,28110817
2012-12-13,28.22459,28.3644,27.80516,27.92749,790900,4777,25332576
2012-12-14,28.07604,28.65277,27.72651,28.08478,1080600,3907,34884876
2012-12-17,28.19838,29.12463,27.85759,28.90617,1699500,5048,55811499
2012-12-18,28.82753,28.99355,28.11099,28.18091,1104900,4336,35927371
2012-12-19,28.22459,28.24207,27.21969,27.21969,2023500,5781,63845366
2012-12-20,27.35077,27.43815,26.86142,27.10609,3016900,5425,93524085
2012-12-21,26.90511,27.30707,26.61675,26.91385,1289600,4155,39956467
2012-12-26,26.91252,27.36718,26.86006,27.19231,880300,3113,27459948
2012-12-27,27.29724,27.33221,26.41414,26.41414,869500,2599,26750748
2012-12-28,26.41414,27.34096,26.41414,26.93875,1814500,4039,56065229
2013-01-02,27.3497,27.84808,26.68519,27.63823,1341000,4611,42246092
2013-01-03,27.612,27.87431,27.30598,27.36718,1979200,3493,62353664
2013-01-04,27.36718,28.00546,27.36718,27.84808,1266800,4738,40341059
2013-01-07,27.84808,28.11913,27.68195,27.8131,714700,3774,22806278
2013-01-08,27.90054,28.14536,27.56829,27.76064,652200,2951,20734928
2013-01-09,27.73441,28.19782,27.57703,27.83059,448700,2306,14324187
2013-01-10,27.86557,28.22405,27.66446,28.07541,574900,2804,18450195
2013-01-11,28.11913,28.13661,27.37593,27.45462,641600,2641,20258497
2013-01-14,27.50708,27.97923,27.25352,27.41965,517000,2872,16251273
2013-01-15,27.41965,27.73441,27.31472,27.40216,504900,2572,15878046
2013-01-16,27.4109,28.0142,27.33221,27.96174,480100,1810,15274432
2013-01-17,27.97923,28.31149,27.80436,28.0142,639600,2772,20585277
2013-01-18,28.12787,28.40766,27.80436,28.28525,621100,2661,20066079
2013-01-21,28.22405,28.50384,28.04044,28.14536,300800,1253,9724830
2013-01-22,28.03169,28.44264,28.03169,28.4164,760400,1866,24587175
2013-01-23,28.4164,28.4951,28.26777,28.4164,781000,2537,25371412
2013-01-24,28.40766,28.53881,27.83059,28.24154,803100,3482,25969015
2013-01-28,28.32022,28.34646,27.84808,27.98797,912200,2855,29228968
2013-01-29,27.98797,28.8186,27.91802,28.79238,1037100,3721,33888252
2013-01-30,28.98474,28.98474,27.97923,28.59127,1182600,4549,38576146
2013-01-31,28.73117,29.02845,28.50384,28.80986,1174600,4830,38753067
2013-02-01,28.84484,29.02845,28.26777,28.26777,1053700,5109,34257014
2013-02-04,28.24154,28.80986,28.23279,28.46012,795200,3512,25906755
2013-02-05,28.45138,28.56504,28.24154,28.4164,774300,3322,25142664
2013-02-06,28.40766,28.51258,28.16284,28.42515,771100,3218,24993367
2013-02-07,28.294,28.46887,28.26777,28.38143,1255500,2716,40770799
2013-02-08,28.294,28.294,27.90928,28.03169,927900,3825,29764585
2013-02-13,28.06667,28.64373,28.06667,28.18907,645300,3693,20932698
2013-02-14,28.32897,28.32897,28.0142,28.10164,626200,2476,20134282
2013-02-15,28.06667,28.08415,27.40216,27.40216,1151100,5194,36459888
2013-02-18,27.45462,27.64698,26.89503,26.97373,882600,3253,27488736
2013-02-19,27.14859,27.74315,26.98247,27.14859,1165800,4961,36418419
2013-02-20,27.19231,27.53331,27.01744,27.10488,1117700,6053,34878792
2013-02-21,26.93001,27.40216,26.53655,26.66771,1147600,5594,35163191
2013-02-22,26.75513,27.05242,26.67645,27.05242,1825900,5374,56188098
2013-02-25,27.10488,27.91802,26.96499,27.84808,1759100,6766,55685169
2013-02-26,27.91802,27.91802,27.45462,27.54206,1103900,5045,34957713
2013-02-27,27.54206,27.67321,27.25352,27.45462,780700,3566,24485693
2013-02-28,27.45462,27.87431,27.34096,27.62074,961500,3392,30385077
2013-03-01,27.5508,27.7519,27.12236,27.51583,714700,3837,22478446
2013-03-04,27.5508,27.8918,27.28849,27.67321,960000,3805,30335000
2013-03-05,27.84808,27.92677,27.30598,27.30598,1059900,4836,33389958
2013-03-06,27.42839,28.02295,27.42839,27.80436,757100,3477,24108264
2013-03-07,28.04044,28.27651,27.48085,27.60326,757900,3605,24005445
2013-03-08,27.5508,28.02295,27.4109,27.68195,626000,3041,19901548
2013-03-11,27.92677,28.0142,27.58577,27.58577,585500,2320,18600712
2013-03-12,27.63823,27.84808,27.32347,27.32347,695400,3622,21874377
2013-03-13,27.27975,27.33221,26.79011,26.79011,1323400,5561,40905001
2013-03-14,26.89503,27.40216,26.75513,26.76388,972200,4846,30030643
2013-03-15,26.88629,27.26227,26.84258,26.88629,1230800,4799,37991617
2013-03-18,26.95856,27.14546,26.64706,26.66485,818300,3133,24653218
2013-03-19,26.48685,26.63815,26.34445,26.43345,2415500,6422,71766855
2013-03-20,26.40675,26.52246,26.06854,26.17535,1918000,5541,56695468
2013-03-21,26.36225,26.36225,25.63244,25.64134,2163900,5598,62780192
2013-03-22,25.48117,26.09571,25.2407,25.61477,4126200,6025,118862282
2013-03-25,25.82852,26.02446,25.49008,25.49008,734000,3379,21183403
2013-03-26,25.57914,25.70383,25.41883,25.53461,938100,3957,26916706
2013-03-27,25.53461,25.95321,25.24961,25.88196,782500,3872,22566561
2013-03-28,25.74836,26.53213,25.74836,26.30947,1185300,4394,34831496
2013-04-01,26.30056,26.30056,25.97102,26.05118,519600,2233,15221429
2013-04-02,26.00665,26.82604,25.92649,26.82604,1109200,5088,33124342
2013-04-03,26.80823,27.32479,26.38962,27.11995,1241700,5463,37411192
2013-04-04,27.24463,27.24463,26.76369,26.89729,1059300,4213,31973510
2013-04-05,26.86166,27.92152,26.54994,27.80574,1747300,7014,54029710
2013-04-08,27.79683,27.82355,27.39604,27.73449,917900,4785,28509723
2013-04-09,27.94824,28.07293,27.71668,28.01949,1011100,4514,31734944
2013-04-10,28.20652,28.50043,27.78793,27.78793,998000,4852,31506145
2013-04-11,27.69886,28.0284,27.53855,27.6187,1024000,4243,31906132
2013-04-12,27.52964,28.32231,27.52964,27.69886,987000,3976,30754848
2013-04-15,27.52074,27.84136,27.16448,27.16448,1089700,4620,33594044
2013-04-16,27.26245,27.6187,27.0487,27.20901,882100,4006,27146438
2013-04-17,26.71916,27.42276,26.71916,27.16448,1775500,5508,53904469
2013-04-18,27.14666,27.43167,27.03089,27.16448,751500,2519,22962772
2013-04-19,27.21791,27.87699,26.98635,27.16448,2174900,5233,66840851
2013-04-22,27.07541,27.28916,26.6301,26.67463,832100,3990,25085992
2013-04-23,26.639,27.11104,26.54994,26.95964,960800,4502,28966909
2013-04-24,26.95073,27.10213,26.79041,26.79041,738900,2651,22280529
2013-04-25,26.79041,27.0576,26.55885,26.55885,540200,2968,16211905
2013-04-26,26.43416,26.67463,26.09571,26.28275,722100,3223,21367478
2013-04-29,26.10462,26.70135,26.10462,26.18478,762900,4198,22648212
2013-04-30,26.01555,27.48511,26.01555,27.16448,2409600,9677,73280003
2013-05-02,26.89729,27.41386,26.54103,26.54103,1685500,7806,50737190
2013-05-03,26.9151,27.07541,26.71025,26.82604,2120100,5031,64003461
2013-05-06,26.81713,27.10213,26.46087,26.46978,1412800,4602,42249727
2013-05-07,26.58557,26.86166,26.45197,26.54994,756700,2721,22624775
2013-05-08,26.72807,26.84385,26.46087,26.48759,762500,2523,22799856
2013-05-09,26.54103,26.71025,26.46978,26.54994,1141300,2734,34089885
2013-05-10,26.52322,26.62119,26.27384,26.38072,1307300,4946,38833809
2013-05-13,26.28275,26.70135,26.28275,26.37181,902400,3057,26833287
2013-05-14,26.53213,26.71025,26.36291,26.61228,990600,4041,29618464
2013-05-15,26.61228,26.87057,26.48759,26.71025,866900,3462,25953380
2013-05-16,26.65682,26.87948,26.55885,26.59447,1017600,4291,30496147
2013-05-17,26.71916,26.93291,26.43416,26.58557,983200,2421,29431931
2013-05-20,26.56775,26.9151,26.41635,26.57666,598400,2125,17886870
2013-05-21,26.80823,26.95073,26.54103,26.68353,794500,2585,23866760
2013-05-22,26.71916,27.20901,26.68353,27.11995,1260700,3219,38224877
2013-05-23,26.89729,27.46729,26.81713,27.11995,1138200,5617,34765965
2013-05-24,26.99526,27.1912,26.639,26.71916,1291500,4825,38904496
2013-05-27,26.54103,27.02197,26.54103,26.71025,326300,1417,9829231
2013-05-28,26.80823,27.0487,26.60338,26.67463,666600,2900,20058435
2013-05-29,26.61228,26.83494,26.37181,26.46978,1209600,2856,36154394
2013-05-31,26.36291,26.47869,25.39211,25.89086,1912900,8050,55499737
2013-06-03,26.02446,26.17587,25.49899,25.49899,996600,4438,28734553
2013-06-04,25.68602,25.72165,25.01804,25.16054,1596400,5738,45312930
2013-06-05,24.9646,25.28523,24.78647,24.9557,2114000,4423,59251145
2013-06-06,25.02695,25.12492,24.78647,24.98241,1239900,4435,34741977
2013-06-07,24.92898,25.27633,24.63506,24.86663,1890900,8094,53041537
2013-06-10,24.79538,24.93788,24.4035,24.4035,1815500,3933,49938386
2013-06-11,24.2699,24.62616,24.07397,24.13631,951800,4235,25920088
2013-06-12,24.36787,24.45694,23.68208,23.85131,1843600,6022,49741740
2013-06-13,23.91365,24.19865,23.60192,23.71771,1142900,4294,30547982
2013-06-14,23.86911,23.9849,23.34364,23.37926,1148500,4850,30453958
2013-06-17,23.42379,23.62864,23.11207,23.47724,1838500,5945,48352185
2013-06-18,23.50395,23.72661,23.21004,23.33473,1225900,4785,32254601
2013-06-19,23.37926,23.53067,22.84488,23.07645,1689300,5773,43947624
2013-06-20,22.90722,23.45942,22.37284,23.23676,2792300,11020,72415670
2013-06-21,23.12988,23.69989,22.96957,23.37926,2256800,8014,59069618
2013-06-24,23.19956,23.97496,23.03022,23.68976,1864400,7989,49515481
2013-06-25,23.79671,23.92149,23.34217,23.61846,1282900,5509,34032309
2013-06-26,23.79671,23.91257,23.57389,23.72541,1708700,6043,45538097
2013-06-27,23.88584,24.22452,23.77888,23.98387,1412100,4945,38058696
2013-06-28,23.98387,24.8484,23.80562,24.41168,2625300,7117,72025493
2013-07-01,24.23343,24.96426,24.20669,24.96426,1389600,4856,38435320
2013-07-02,24.79492,25.03556,24.52754,24.52754,2368400,5409,65881250
2013-07-03,24.37603,24.83057,24.24234,24.26908,1540500,6025,42389369
2013-07-04,24.50972,24.92861,24.33147,24.49189,729600,2144,20026766
2013-07-05,24.4295,24.73253,24.27799,24.46516,883300,4011,24255765
2013-07-08,24.4206,24.95535,24.29582,24.37603,741800,3662,20452458
2013-07-10,24.25126,24.82166,24.15322,24.5008,1037700,4852,28488043
2013-07-11,24.69688,25.11578,24.43842,24.91079,1182100,3600,32863398
2013-07-12,24.91079,25.1336,24.69688,24.69688,730800,4062,20345532
2013-07-15,24.87514,24.93753,24.50972,24.50972,580200,2636,16037704
2013-07-16,24.64341,24.82166,24.36712,24.68797,646800,3246,17836231
2013-07-17,24.82166,25.0623,24.24234,24.39386,976400,4726,27038150
2013-07-18,24.26016,24.75927,24.23343,24.38494,930600,4151,25490506
2013-07-19,24.29582,24.53646,24.25126,24.41168,474500,1678,13007433
2013-07-22,24.46516,25.56141,24.46516,25.32968,1378500,6087,38984574
2013-07-23,25.44555,25.56141,25.11578,25.22273,941700,4385,26718081
2013-07-24,25.22273,25.31186,24.64341,24.82166,847100,4274,23683762
2013-07-25,24.82166,25.07121,24.73253,24.73253,836600,3606,23373820
2013-07-26,24.85731,25.32077,24.69688,25.15142,700800,2554,19619695
2013-07-29,25.16034,25.25838,24.89296,25.08904,476700,2009,13426767
2013-07-30,25.16925,25.16925,23.88584,23.88584,2815900,8023,76750706
2013-07-31,23.87692,24.58102,23.79671,24.49189,1717100,7282,46811021
2013-08-01,24.48298,24.58102,23.89475,23.93931,1469700,5991,39889433
2013-08-02,23.99278,24.01953,23.17282,23.18174,1935900,7671,50767102
2013-08-05,23.0124,23.35108,22.90545,23.18174,1080700,3793,28014834
2013-08-06,23.35108,23.35108,22.50438,22.54003,2445700,5736,62149950
2013-08-07,22.51329,23.0124,22.46873,22.7272,1022500,3868,26111583
2013-08-08,22.7985,23.04805,22.28156,22.81632,2769200,4394,69789751
2013-08-09,22.88762,23.42238,22.55786,23.03022,1566800,5465,40508492
2013-08-12,23.21739,23.72541,23.10152,23.39564,1373000,6674,36150178
2013-08-13,23.26195,23.86802,23.23521,23.63629,1061400,5638,28128694
2013-08-14,23.63629,23.84127,23.28869,23.38673,2082700,9051,54897197
2013-08-15,23.21739,23.72541,22.90545,23.0124,1350700,5581,35139096
2013-08-16,22.9411,23.79671,22.9411,23.62737,974600,4552,25741160
2013-08-19,23.63629,23.94823,23.35999,23.55607,848200,4460,22488869
2013-08-20,23.75214,23.96605,23.19065,23.35108,916800,3811,24194596
2013-08-21,23.18174,23.68976,23.03022,23.44912,992000,3645,25954196
2013-08-22,23.56498,23.75214,23.12827,23.19065,994900,4306,26012459
2013-08-23,23.30651,23.77888,22.98566,23.72541,1267900,3681,33347298
2013-08-26,23.60954,23.9304,23.32434,23.57389,764300,2883,20277152
2013-08-27,23.3689,23.52933,22.90545,22.95893,1114400,5101,28875196
2013-08-28,23.03022,23.27087,22.78067,22.8698,766400,3347,19759406
2013-08-29,23.00348,23.11044,22.62024,22.62024,1131400,3354,28915322
2013-08-30,22.70937,22.90545,22.14787,22.28156,4034800,6496,100992282
2013-09-02,22.4509,23.155,22.4509,22.99457,1399400,4418,35952525
2013-09-03,22.98566,22.99457,22.15679,22.19244,1627000,5200,40822529
2013-09-04,22.1657,22.45981,21.69333,21.85376,2112000,6750,51990870
2013-09-05,21.76463,21.9518,21.65768,21.77354,1772400,5522,43285299
2013-09-06,22.0231,22.45981,21.79137,22.45981,4089200,9324,101365984
2013-09-09,22.33504,23.32434,22.33504,23.32434,2437400,8988,63057569
2013-09-10,23.5026,23.74323,23.32434,23.66302,3001200,8725,79321327
2013-09-11,23.66302,24.19778,23.61846,24.19778,3824400,7300,102776364
2013-09-12,24.073,24.17995,23.98387,24.1443,4182900,5902,112877099
2013-09-13,24.073,24.17104,23.93931,24.17104,2986600,5848,80683865
2013-09-16,24.24234,24.30473,24.06409,24.19778,924300,3930,25096308
2013-09-17,24.20669,24.40277,24.11757,24.40277,1248800,4092,34055425
2013-09-18,24.30473,24.94644,24.2156,24.94644,1229800,4999,33925714
2013-09-19,24.82166,25.2049,24.7058,25.12469,1964300,4571,54910010
2013-09-20,24.991,25.07121,24.10865,24.10865,1281300,4758,34956518
2013-09-23,24.13893,24.50178,23.63093,23.83957,1465400,5579,38610901
2013-09-24,23.87682,24.05839,23.62262,23.78603,1122400,4093,29406492
2013-09-25,23.87682,24.08563,23.62262,24.07655,1080800,3648,28520626
2013-09-26,24.05839,24.29443,23.98576,24.10378,672000,2469,17854277
2013-09-27,24.05839,24.38522,23.78603,24.11286,895300,3445,23781633
2013-09-30,23.9676,24.11286,23.78603,24.01299,1676500,6471,44264709
2013-10-01,23.97668,24.04023,23.46828,23.60445,1324200,4760,34610853
2013-10-02,23.60445,23.80419,23.18684,23.18684,1256700,4818,32314988
2013-10-03,23.30486,23.39565,22.89632,23.15053,1170700,4813,29769200
2013-10-04,23.14145,23.45012,22.86909,22.88725,1364900,5470,34673894
2013-10-07,22.9054,23.04158,22.60581,22.71475,1023900,4631,25728603
2013-10-08,22.75107,23.17776,22.71475,23.05974,833300,4128,21026146
2013-10-09,23.05974,23.45012,22.91448,23.26855,1672700,5304,42703778
2013-10-10,23.44104,23.54998,22.99619,23.0779,712700,3551,18257280
2013-10-11,23.19592,23.2867,22.95079,23.12329,482200,2247,12260905
2013-10-14,23.12329,23.67708,22.99619,23.67708,694700,3657,17979278
2013-10-15,23.63169,23.67708,23.05974,23.18684,1273000,5549,32611482
2013-10-16,23.31394,23.69524,23.17776,23.3321,1177300,6162,30323993
2013-10-17,23.22315,23.51367,23.06882,23.36841,529400,2349,13594859
2013-10-18,23.30486,23.61354,23.25039,23.37749,620400,3344,15979502
2013-10-21,23.4592,23.64985,23.30486,23.46828,609300,3178,15742610
2013-10-22,22.92356,23.16868,22.92356,23.01435,1541600,7223,39103293
2013-10-23,23.09605,23.09605,22.25174,22.25174,1989700,8268,49541841
2013-10-24,22.36976,22.86909,22.24266,22.49686,1468100,6241,36273191
2013-10-25,22.38792,22.78738,22.17003,22.74198,1049800,5121,26052872
2013-10-28,22.67844,22.86909,22.59673,22.80554,1137100,3758,28463062
2013-10-29,22.83278,22.85093,22.15187,22.30621,1430500,6402,35138359
2013-10-30,22.35161,22.48778,21.87952,22.03385,1175600,4446,28572035
2013-10-31,21.80689,22.2245,21.79781,21.99754,1352100,4904,32727660
2013-11-01,22.00662,22.0974,21.42558,21.68886,1941800,4360,46092630
2013-11-04,21.72518,22.24266,21.50729,22.17911,802700,2945,19375523
2013-11-05,22.33345,22.33345,21.99754,22.10648,1128200,4724,27515956
2013-11-06,22.10648,22.36976,21.85228,22.0157,1243700,5408,30232729
2013-11-07,21.93399,22.10648,21.73426,21.87952,1530200,5100,36925409
2013-11-08,21.79781,21.86136,21.15322,21.55268,1310800,5628,31185976
2013-11-11,21.54361,21.55268,21.10783,21.26217,945000,3502,22153059
2013-11-12,21.21677,21.37111,21.05336,21.37111,1581100,5870,37000746
2013-11-13,21.21677,21.54361,21.21677,21.3348,1317800,5685,30985448
2013-11-14,21.3348,21.82504,21.32572,21.77057,1294300,4516,30851637
2013-11-18,21.73426,22.21542,21.66163,22.19727,955300,5195,23209098
2013-11-19,22.0974,22.2699,21.47098,21.56176,1511800,5544,36418529
2013-11-21,21.51637,21.59808,21.29848,21.59808,1408600,5587,33265563
2013-11-22,21.45282,22.05201,21.45282,22.05201,1177600,3758,28242714
2013-11-25,21.98846,22.07925,21.65255,21.82504,1120800,4858,26936739
2013-11-26,21.83412,21.9703,21.60716,21.69794,1371500,4589,32876720
2013-11-27,21.69794,21.96122,21.19862,21.38019,1129600,4640,26807032
2013-11-28,21.47098,21.56176,21.19862,21.24401,515300,2567,12117310
2013-11-29,21.23493,21.42558,21.08967,21.3348,1220700,3248,28627556
2013-12-02,20.96258,21.27125,20.6539,20.93534,1732200,6164,39864603
2013-12-03,20.80824,21.04428,20.38154,20.49048,1566600,6627,35641963
2013-12-04,20.62666,20.67206,20.15457,20.15457,1202700,3899,26942393
2013-12-05,20.19997,20.29076,19.95485,20.10918,1214300,5647,26940701
2013-12-06,20.23629,20.24536,19.83682,19.83682,899400,3718,19773413
2013-12-09,19.91853,19.91853,19.57354,19.65525,825000,2991,17873749
2013-12-10,19.58262,20.07287,19.42828,20.07287,1570300,6189,34191892
2013-12-11,20.06379,20.36339,20.05471,20.15457,1406500,4440,31344271
2013-12-12,20.06379,20.59035,20.06379,20.51772,2074000,7481,46800443
2013-12-13,20.55403,20.74469,20.13642,20.1455,1344200,4749,30033391
2013-12-16,20.2726,20.40878,19.80051,20.01839,955300,4017,21105531
2013-12-17,19.973,20.32707,19.90945,20.24536,748500,3185,16642037
2013-12-18,20.38154,20.38154,20.11826,20.24536,1238400,4461,27659517
2013-12-19,20.16365,20.60851,20.16365,20.60851,894200,4350,20176454
2013-12-20,20.49957,21.3348,20.37246,21.3348,1879400,5569,43434954
2013-12-23,21.3348,21.67979,21.13507,21.48913,971900,4824,22970516
2013-12-26,21.52666,21.59936,21.14502,21.46306,803500,3861,18931282
2013-12-27,21.45397,21.67206,21.3631,21.67206,386900,1827,9171600
2013-12-30,21.62662,21.90831,21.4358,21.90831,855800,4667,20497347
2014-01-02,21.89923,21.89923,21.12685,21.32675,1215300,6785,28483849
2014-01-03,21.18137,21.59936,21.03598,21.35402,2129900,4166,50122183
2014-01-06,21.29041,21.47214,20.92694,21.08141,1438800,4765,33365311
2014-01-07,21.08141,21.23589,20.93602,21.08141,1843400,4556,42701494
2014-01-08,20.95419,21.21771,20.95419,21.08141,1058700,3016,24535707
2014-01-09,21.03598,21.03598,20.79972,20.95419,1940000,4477,44629676
2014-01-10,20.89968,21.4358,20.62707,20.64524,1289900,4517,29675991
2014-01-13,20.6089,20.86333,20.59981,20.79063,1226500,2677,28020474
2014-01-14,20.64524,21.09958,20.63616,21.09958,985900,2857,22675824
2014-01-15,21.21771,21.32675,20.83607,21.17228,1465800,4132,33973252
2014-01-16,21.29949,21.32675,20.99963,21.26315,1031800,3059,24044390
2014-01-17,21.26315,21.31767,20.64524,20.64524,2261700,5882,51931651
2014-01-20,20.62707,20.70885,20.3999,20.58164,400000,1346,9025269
2014-01-21,20.6089,20.76337,20.37264,20.67251,1719300,3583,39060074
2014-01-22,20.69977,20.85424,20.40899,20.43625,1358100,4453,30729638
2014-01-23,20.38173,20.56346,20.15455,20.15455,1224500,4790,27456670
2014-01-24,20.04552,20.36355,20.03643,20.23634,2335900,4430,51998120
2014-01-27,20.23634,20.42716,20.00008,20.01825,1229600,5589,27249788
2014-01-28,20.29995,20.31812,19.82743,19.82743,1865600,3370,41171348
2014-01-29,19.80925,19.90012,19.69113,19.69113,1649100,4553,35948374
2014-01-30,19.63661,19.87287,19.573,19.62752,1284700,3984,27835537
2014-01-31,19.573,19.60026,19.17318,19.20044,1781300,5951,37882666
2014-02-03,19.18227,19.38218,18.50076,18.60071,1526200,6322,31749494
2014-02-04,18.48258,18.97327,18.48258,18.60071,1229400,4639,25290131
2014-02-05,18.4735,18.70066,18.27359,18.62797,1520000,5213,30941271
2014-02-06,18.72793,18.85514,18.42806,18.72793,2652000,7568,54516331
2014-02-07,18.84605,19.00962,18.66432,18.89149,1285900,4626,26712936
2014-02-10,18.70975,18.80062,18.20089,18.20089,1044400,5198,21255126
2014-02-11,18.39171,18.41897,18.08276,18.08276,2295900,8365,46111135
2014-02-12,18.17363,18.30993,18.03733,18.09185,1122800,4398,22401385
2014-02-13,18.04642,18.38263,17.77381,18.38263,1367500,6922,27301404
2014-02-14,18.43715,18.52801,18.07367,18.49167,1331300,4691,26824071
2014-02-17,18.49167,18.51893,18.11911,18.25541,483000,1923,9740743
2014-02-18,18.14637,18.66432,18.09185,18.17363,1254200,6674,25299975
2014-02-19,17.99189,18.63706,17.99189,18.63706,1336300,7943,27009805
2014-02-20,18.45532,18.80062,18.30085,18.56437,939400,5901,19234690
2014-02-21,18.56437,18.65523,17.92829,18.03733,1718400,5633,34454321
2014-02-24,17.85559,18.10093,17.82833,17.82833,1956700,5484,38540171
2014-02-25,17.76472,18.08276,17.61934,17.80107,1289500,5926,25296264
2014-02-26,17.82833,18.07367,17.63751,17.9192,1437700,7375,28319802
2014-02-27,18.02824,18.80971,17.76472,18.80971,1376300,6639,27945569
2014-02-28,18.80971,18.90966,18.38263,18.48258,1376600,6926,28240942
2014-03-05,18.29176,18.80971,18.29176,18.80971,1317700,4935,27097321
2014-03-06,18.80971,18.85514,18.49167,18.79153,1732200,6549,35603193
2014-03-07,18.72793,18.94601,18.53711,18.78245,2315300,6225,47576441
2014-03-10,18.62797,18.76427,18.34628,18.76427,1365300,6651,27937801
2014-03-11,18.76427,19.35492,18.60071,19.35492,1372100,6051,28687028
2014-03-12,19.23679,19.44579,19.00962,19.44579,1536300,7018,32544420
2014-03-13,19.46396,19.46396,18.77336,19.05505,1255700,6113,26379835
2014-03-14,19.10049,19.10049,18.61888,18.9551,2131300,6998,44004667
2014-03-17,18.83697,19.13683,18.76427,19.13683,1126000,5496,23521504
2014-03-18,19.33674,19.47305,18.90966,19.47305,1832200,7670,38652562
2014-03-19,19.28222,19.58209,19.16409,19.45487,1212900,5528,25907818
2014-03-20,19.4924,19.82815,19.31519,19.8095,2379300,7706,49984463
2014-03-21,19.6323,20.09862,19.55768,19.58566,2828600,7427,59620599
2014-03-24,19.69666,19.80867,19.31392,19.61264,1203000,5960,25317264
2014-03-25,19.75266,19.77133,19.16457,19.29525,1035600,4782,21469275
2014-03-26,19.41661,19.62197,19.02454,19.19257,1350800,6141,27918734
2014-03-27,19.37927,19.54729,19.00587,19.32326,2267000,12133,46675223
2014-03-28,19.27658,19.43528,19.09922,19.22991,1708700,7011,35242469
2014-03-31,19.26725,19.39794,19.08989,19.22991,1279000,4286,26332847
2014-04-01,19.30459,19.30459,18.99654,19.22057,1230600,4073,25210903
2014-04-02,19.22057,19.22057,18.96853,19.15523,1645600,7485,33640989
2014-04-03,19.26725,19.41661,19.09922,19.36993,1391600,6722,28736104
2014-04-04,19.50062,19.56596,18.94053,18.94053,1723800,6903,35424439
2014-04-07,19.02454,19.39794,18.79116,18.91252,1799200,6979,36611715
2014-04-08,19.19257,19.22991,18.63247,18.82851,1963900,8003,39703213
2014-04-09,18.80984,19.33259,18.66981,19.33259,2709700,10501,55447212
2014-04-10,19.40727,20.63015,19.33259,20.63015,2987400,10685,64301161
2014-04-11,20.5368,20.94753,20.31276,20.94753,2151400,9865,47563556
2014-04-14,20.79817,20.91019,20.26608,20.5368,1045300,5131,22953695
2014-04-15,20.39677,20.42478,19.86469,20.31276,1184500,6458,25623742
2014-04-16,20.89152,20.89152,20.36876,20.82618,1862000,8936,41029206
2014-04-17,20.81684,21.3676,20.49012,21.3676,1151300,6370,25839925
2014-04-22,21.44228,21.44228,20.77017,20.97553,1311000,5704,29481999
2014-04-23,20.9662,21.05022,20.17273,20.51813,1179600,5064,25880031
2014-04-24,20.50879,20.50879,19.93003,20.30342,1118800,3712,24197807
2014-04-25,20.24741,20.31276,19.86469,20.09805,1009400,4510,21690913
2014-04-28,20.09805,20.43411,19.64998,20.43411,1486800,5431,31990325
2014-04-29,20.43411,20.57414,19.62197,19.62197,1652500,6906,35476804
2014-04-30,19.43528,19.58464,18.8005,18.99654,1722100,6856,35184392
2014-05-02,18.87518,19.75266,18.85651,19.41661,1649600,6728,34334976
2014-05-05,19.75266,19.75266,19.3606,19.74333,949100,4182,19878819
2014-05-06,19.734,20.29409,19.52863,20.29409,1597900,6640,34190104
2014-05-07,20.29409,20.34076,19.75266,20.34076,1105200,3827,23803339
2014-05-08,20.33143,20.41544,20.11673,20.3501,1158700,3815,25196629
2014-05-09,20.26608,20.49012,19.99537,20.31276,552400,2974,12008913
2014-05-12,20.32209,21.13423,20.32209,21.13423,1026400,4162,22893062
2014-05-13,21.01287,21.3396,20.77017,21.28359,1150700,4669,26081892
2014-05-14,21.19958,21.44228,20.92886,21.27426,1675900,5165,38104454
2014-05-15,21.14356,21.22758,20.62081,21.22758,1064400,4185,23913166
2014-05-16,21.24625,21.85302,21.23691,21.77834,1498900,6100,34650741
2014-05-19,21.88102,21.88102,21.31159,21.71299,835600,4101,19305830
2014-05-20,21.71299,21.9557,21.09689,21.20891,1269600,6476,29155869
2014-05-21,21.1249,21.51696,21.07822,21.51696,1386700,5840,31806853
2014-05-22,21.50763,21.89969,21.37694,21.69433,937000,4691,21777092
2014-05-23,21.70366,21.89969,21.51696,21.89969,922200,3072,21520562
2014-05-26,21.93703,22.87052,21.89969,22.87052,1124600,3543,27023091
2014-05-27,22.83318,22.87052,22.25442,22.25442,1581800,7765,38045045
2014-05-28,22.1144,22.43178,21.53563,21.58231,2574300,8517,59985469
2014-05-29,21.69433,22.05838,21.59164,22.05838,1565100,2957,36680821
2014-05-30,21.77834,22.10506,21.38627,21.42361,2257900,4811,52084672
2014-06-02,21.29292,21.67565,20.85418,21.18091,1831800,6058,41753621
2014-06-03,21.05022,21.32093,20.91019,21.20891,2843900,4610,64615300
2014-06-04,21.19958,21.21824,20.91019,21.11556,665800,1950,15026407
2014-06-05,21.22758,21.39561,20.66748,20.91019,1036900,3109,23297865
2014-06-06,21.08755,21.30226,20.9942,21.05022,2022200,6196,45708814
2014-06-09,21.04088,21.93703,20.87285,21.93703,1899300,7993,44235415
2014-06-10,21.93703,22.12373,21.75033,22.12373,1257100,4633,29624436
2014-06-11,22.40378,22.40378,21.46095,21.46095,2057400,7089,48095805
2014-06-13,21.47029,21.86235,21.23691,21.86235,1062000,4513,24666727
2014-06-16,21.9277,21.9277,21.47029,21.51696,757700,3409,17542677
2014-06-17,21.58231,21.63831,21.21824,21.46095,387400,1949,8877162
2014-06-18,21.56364,21.85302,21.39561,21.79701,1626500,5408,37874410
2014-06-20,21.66632,22.07706,21.50763,21.65699,859300,2958,20015955
2014-06-23,21.47962,21.58231,21.09689,21.09689,873800,3363,19836741
2014-06-24,21.09689,21.56364,21.09689,21.56364,822700,2735,18906133
2014-06-25,21.44506,21.76276,21.3703,21.5385,1235300,3886,28489344
2014-06-26,21.58522,21.88424,21.39834,21.79079,1049800,4769,24369709
2014-06-27,21.66932,21.80014,21.42637,21.63194,728200,3203,16863819
2014-06-30,21.51981,21.66932,21.26752,21.27686,1326900,4235,30366594
2014-07-01,21.33293,21.38899,20.71621,20.93112,850200,3717,19133337
2014-07-02,20.97784,20.99653,20.50129,20.82834,1693900,7060,37678610
2014-07-03,20.53867,21.57588,20.51063,21.49178,1149500,3653,26004009
2014-07-04,21.4544,21.5385,21.17407,21.51981,165700,676,3795844
2014-07-07,21.31424,21.49178,21.18342,21.2021,570900,2468,13001322
2014-07-08,21.08063,21.33293,20.92178,21.02456,676600,2576,15250945
2014-07-10,21.15539,21.15539,20.72555,20.87506,1094700,6018,24553380
2014-07-11,20.99653,21.03391,20.83768,20.93112,694000,3226,15552655
2014-07-14,21.0526,21.3049,21.00588,21.23948,1145300,6678,25966273
2014-07-15,21.24883,21.37965,21.04325,21.21145,665600,3062,15117994
2014-07-16,21.29555,21.51047,21.04325,21.16473,1066500,3891,24253384
2014-07-17,21.04325,21.57588,21.04325,21.49178,1370800,6747,31440641
2014-07-18,21.87489,21.94965,21.49178,21.72538,1522900,6969,35413646
2014-07-21,21.80948,21.92162,21.64128,21.86555,798600,4230,18651290
2014-07-22,21.86555,22.23932,21.7067,22.01506,946000,3675,22233796
2014-07-23,21.87489,21.96834,21.4544,21.82817,1147200,3603,26613986
2014-07-24,21.82817,22.0244,21.61325,21.86555,614600,3458,14340320
2014-07-25,21.73473,21.79079,21.60391,21.69735,1239900,3286,28750365
2014-07-28,21.76276,21.82817,21.6226,21.7067,1131800,3185,26308734
2014-07-29,21.76276,21.76276,21.02456,21.02456,522500,2615,11890283
2014-07-30,20.82834,21.00588,20.15555,20.15555,1773700,6976,38779462
2014-07-31,20.00604,20.01539,19.62293,19.67899,1244600,5916,26328621
2014-08-01,19.66031,19.78178,19.16506,19.3426,2407500,6774,49768519
2014-08-04,19.31457,19.52949,19.03424,19.3426,1024000,5534,21155138
2014-08-05,19.3426,19.46408,18.7726,19.00621,1383700,5456,28339848
2014-08-06,19.06227,19.37998,18.86604,19.20244,870500,4542,17868298
2014-08-07,19.32391,19.32391,18.80998,18.80998,1143100,3829,23205391
2014-08-08,18.78195,18.87539,18.56703,18.56703,2478700,4006,49565029
2014-08-11,18.67916,18.8567,18.53899,18.6885,816200,4794,16346942
2014-08-12,18.70719,19.48277,18.66047,19.28653,954500,4427,19645999
2014-08-13,19.40801,19.56686,18.87539,19.40801,1446600,8116,29941202
2014-08-14,19.21178,19.40801,18.9408,19.01555,722000,3115,14754013
2014-08-15,19.13703,19.44539,18.90342,19.44539,578600,3073,11918380
2014-08-18,19.48277,19.64162,19.33326,19.41735,696300,3397,14526339
2014-08-19,19.52014,19.57621,19.13703,19.39867,682700,3838,14153703
2014-08-20,19.40801,19.67899,19.33326,19.48277,997400,4489,20831077
2014-08-21,19.45473,19.94998,19.43604,19.90325,1067900,4022,22619683
2014-08-22,19.85653,19.92194,19.39867,19.53883,716000,2857,15038740
2014-08-25,19.66031,19.84719,19.57621,19.80981,763600,4250,16133564
2014-08-26,19.76309,20.09014,19.76309,20.05276,1089400,6022,23286785
2014-08-27,20.18358,20.31441,19.76309,19.92194,1537100,6500,32964835
2014-08-28,19.80981,20.0808,19.55752,19.67899,906200,5172,19092514
2014-08-29,19.80047,19.92194,19.19309,19.58555,3015900,6708,63178245
2014-09-01,19.61358,19.63227,18.55768,18.66981,1136600,3972,23023243
2014-09-02,18.66981,19.0249,18.66981,18.71654,813100,4630,16375669
2014-09-03,18.71654,18.95014,18.56703,18.87539,1380400,5262,27710217
2014-09-04,18.69785,19.3426,18.69785,19.29588,2999500,3609,61124501
2014-09-05,19.28653,19.46408,18.71654,18.82866,1396400,5472,28445569
2014-09-08,18.90342,19.109,18.35211,18.35211,1155800,6051,23021804
2014-09-09,18.21194,18.34276,18.00637,18.1185,2048900,5893,39789525
2014-09-10,17.99703,18.1185,17.66998,17.77277,3198900,8565,60845756
2014-09-11,17.95031,18.50162,17.83818,18.22129,1746700,5146,34218970
2014-09-12,17.99703,18.34276,17.70736,17.72604,1129100,5171,21659691
2014-09-15,17.8008,18.02506,17.66998,18.02506,748300,4262,14326306
2014-09-16,18.2026,18.7726,17.99703,18.50162,1079700,7038,21387622
2014-09-17,18.53899,18.80998,18.19326,18.29605,1180200,5229,23399202
2014-09-18,18.27736,18.27736,17.77277,17.90359,1386400,6777,26794598
2014-09-19,17.84752,18.07178,17.6326,17.6326,1220600,4978,23151849
2014-09-22,17.42359,17.6628,17.26094,17.46187,1337100,6686,24346679
2014-09-23,17.54798,17.74891,17.08871,17.29921,1423900,5420,25888413
2014-09-24,17.2705,18.07423,17.22266,18.07423,1575500,6213,29305697
2014-09-25,17.83502,18.21775,17.80632,18.21775,1773900,7872,33530899
2014-09-26,18.27516,18.82054,18.09336,18.75357,1349400,7646,26122713
2014-09-29,18.25602,18.82054,18.15077,18.70572,2191600,12259,42729109
2014-09-30,18.45695,19.10759,18.38998,18.84925,1889800,9343,37200640
2014-10-01,18.5622,19.04061,17.94028,18.17948,1998100,10549,38034538
2014-10-02,18.06466,18.60048,17.84459,18.3517,1489600,8133,28296049
2014-10-03,18.46652,19.11716,18.17948,18.94493,987300,6242,19357754
2014-10-06,19.13629,19.94958,19.12673,19.78693,2288700,13647,47108655
2014-10-07,19.66254,20.08354,19.66254,20.0357,1513000,8567,31496221
2014-10-08,20.07397,20.16965,19.71038,19.94002,1299600,6406,27112667
2014-10-09,20.2749,20.52367,19.64341,19.64341,1107800,6593,23238019
2014-10-10,19.6147,20.0357,19.09802,19.27982,729500,3627,14856080
2014-10-13,19.65297,20.08354,19.36593,19.47118,1000200,6014,20614122
2014-10-14,19.57643,19.57643,19.10759,19.20327,1370200,6024,27578299
2014-10-15,18.93536,19.24154,18.47609,18.86838,1683900,9126,33073125
2014-10-16,18.30387,18.93536,18.19861,18.93536,1986000,10712,38540980
2014-10-17,19.05018,19.34679,18.55263,18.55263,4441400,13433,87655071
2014-10-20,18.43782,18.64832,18.1412,18.63875,1691900,8441,32521776
2014-10-21,18.25602,18.41868,17.51928,17.73935,2395000,11573,44674625
2014-10-22,17.76805,18.36127,17.73935,18.16034,980500,4259,18549315
2014-10-23,18.16991,18.33257,17.50971,17.84459,2447100,11433,45714261
2014-10-24,18.06466,18.76313,17.52884,18.04552,1659200,7782,31358447
2014-10-27,17.41403,17.86373,16.44765,17.50014,3475700,20942,62920343
2014-10-28,17.70107,18.37084,17.50971,18.17948,1526400,8040,28827839
2014-10-29,18.06466,18.65789,18.06466,18.27516,1416100,5617,27168475
2014-10-30,18.17948,18.45695,18.09336,18.41868,1139500,5411,21807759
2014-10-31,18.40911,19.15543,17.94028,19.15543,1148300,4772,22204538
2014-11-03,19.13629,19.13629,18.323,18.87795,1243600,5423,24177944
2014-11-04,18.83011,19.15543,18.54307,18.89709,1347900,6782,26667069
2014-11-05,18.78227,19.24154,18.71529,18.84925,882200,4270,17437081
2014-11-06,18.75357,19.20327,18.43782,19.01191,1466000,5500,28975862
2014-11-07,18.90666,19.23197,18.83011,19.04061,794500,3771,15807350
2014-11-10,19.13629,19.51902,19.13629,19.24154,1075000,4901,21718168
2014-11-11,19.10759,19.15543,18.87795,19.02147,854200,3793,16960451
2014-11-12,19.09802,19.46161,18.83011,19.43291,1853700,5179,37386025
2014-11-13,19.31809,19.60513,18.76313,18.76313,1092800,3814,21895575
2014-11-14,18.65789,18.68659,18.26559,18.5048,1514900,5002,29249384
2014-11-17,18.38041,18.64832,18.21775,18.33257,536200,2501,10313657
2014-11-18,18.44739,19.165,18.40911,18.99277,1352500,5707,26631075
2014-11-19,18.99277,19.71995,18.99277,19.59556,1443900,6747,29222411
2014-11-21,19.71995,20.47583,19.48075,20.31317,2053800,11971,43289133
2014-11-24,20.57151,20.9064,19.94002,20.09311,1296600,7435,27645716
2014-11-25,20.21749,20.70547,19.92088,19.94958,1370500,5010,28880379
2014-11-26,20.07397,20.33231,19.92088,19.99743,696700,3542,14600203
2014-11-27,19.76779,20.53324,19.75822,19.94002,826800,3773,17475345
2014-11-28,19.94002,20.18879,19.6147,19.6147,962400,3891,20027023
2014-12-01,19.38506,19.76779,18.92579,18.92579,1754400,8688,35169543
2014-12-02,18.84925,18.9832,18.13164,18.13164,1794600,7888,34720787
2014-12-03,18.19861,18.54307,18.19861,18.27516,810600,3827,15592090
2014-12-04,18.323,18.47609,17.88287,18.16034,888400,4235,16872686
2014-12-05,18.1125,18.17948,17.73935,17.73935,803400,3514,15041094
2014-12-08,17.74891,17.94028,17.15569,17.15569,1053700,5484,19297638
2014-12-09,17.16525,17.481,16.80166,17.09828,1100200,5319,19672238
2014-12-10,17.09828,17.6915,17.09828,17.40446,1741900,6874,31883381
2014-12-11,17.40446,17.8733,17.18439,17.70107,1154700,6002,21299530
2014-12-12,17.46187,17.75848,17.32791,17.41403,1594000,6891,29156566
2014-12-15,17.40446,17.86373,17.22266,17.70107,2322000,9805,42647630
2014-12-16,17.34705,18.07423,17.25137,17.57668,2661800,8236,49029472
2014-12-17,17.57668,18.25602,17.43316,17.94028,2367100,11522,44447471
2014-12-18,17.94028,18.36127,17.88287,17.98811,1119200,4756,21126360
2014-12-19,17.8733,18.38998,17.8733,18.37084,1042400,4328,19929844
2014-12-22,18.41868,18.65789,18.1125,18.65789,986900,3706,18995317
2014-12-23,18.47543,19.09798,18.47543,19.06925,1096200,5314,21669408
2014-12-26,19.06925,19.11714,18.39881,18.49458,371600,1770,7235426
2014-12-29,18.43712,19.01178,18.33176,18.81065,614700,3356,12044476
2014-12-30,18.92558,19.04051,18.40838,18.50416,978100,2851,18982246
2015-01-02,18.38923,18.47543,17.65174,17.76668,1065900,5360,19886521
2015-01-05,17.71879,17.90077,17.52723,17.71879,1015900,5641,18727803
2015-01-06,17.8433,17.93908,17.43146,17.72836,1396400,5180,25704424
2015-01-07,17.72836,18.67656,17.72836,18.29345,1469600,6376,28231055
2015-01-08,18.22641,19.0022,18.22641,18.78192,654200,2724,12815810
2015-01-09,18.56163,18.94474,18.28387,18.34134,789100,3110,15275708
2015-01-12,18.34134,18.85854,18.17852,18.59036,1227500,6200,23846584
2015-01-13,18.51374,19.0884,18.51374,18.82023,1227800,6418,24219984
2015-01-14,18.59036,19.84504,18.57121,19.58644,2115400,8039,43062797
2015-01-15,19.6918,20.33351,19.53856,19.73011,1525300,5426,31738626
2015-01-16,19.63433,20.57295,19.56729,20.54422,1297800,6706,27554522
2015-01-19,20.2473,20.54422,20.1228,20.1228,1353400,4904,28704167
2015-01-20,20.25689,20.66873,20.25689,20.49633,1612600,5118,34500435
2015-01-21,20.61126,21.27213,20.57295,20.97521,1640000,6927,36036859
2015-01-22,21.16677,21.31043,20.7645,20.77408,2495500,5632,54585303
2015-01-23,20.78366,21.20508,20.68788,21.1093,1060500,4829,23266873
2015-01-26,20.97521,21.76059,20.87944,21.55946,954000,3797,21246787
2015-01-27,21.25297,21.81805,20.86986,21.20508,1726100,8725,38341649
2015-01-28,21.18592,22.01919,21.07099,21.93299,1315400,5772,29814811
2015-01-29,21.67439,21.9713,21.47326,21.78932,1593300,6890,36159937
2015-01-30,21.46368,21.70312,21.2817,21.5403,1823600,5418,40937058
2015-02-02,21.32959,21.99045,21.03268,21.64566,1276800,6053,28717410
2015-02-03,21.82763,22.28736,21.7127,21.77974,1460900,6086,33438081
2015-02-04,21.92341,22.11496,21.3679,21.64566,1184900,5078,26864379
2015-02-05,21.38706,22.49807,21.38706,22.3161,1174000,5411,27222623
2015-02-06,22.0575,22.3161,21.8851,22.30652,1311400,6328,30312134
2015-02-09,22.22032,22.68963,22.02876,22.46934,840000,3270,19641102
2015-02-10,22.21074,22.60343,21.77017,21.77017,1026200,4552,23594131
2015-02-11,21.63608,21.86594,21.09015,21.33917,936000,4829,20939271
2015-02-12,21.46368,21.82763,21.34875,21.69354,1200500,4836,27121210
2015-02-13,21.74143,21.93299,21.4541,21.83721,1276700,5079,28940867
2015-02-18,22.12454,22.49807,21.84679,22.23947,1425200,6476,32968960
2015-02-19,21.98088,22.5747,21.9713,22.42145,870900,3027,20373146
2015-02-20,22.35441,22.76625,22.16285,22.65132,500000,2198,11761285
2015-02-23,25.09364,25.36181,24.04009,24.40404,7829300,19245,201868444
2015-02-24,24.42319,24.66264,24.10713,24.42319,2708700,10849,69029859
2015-02-25,24.23164,24.49982,24.15502,24.37531,1013200,4887,25789373
2015-02-26,24.5094,24.55728,24.05924,24.23164,1324000,4773,33555634
2015-02-27,24.27953,24.47108,24.04009,24.28911,1758500,7324,44684429
2015-03-02,24.32742,24.32742,23.95389,24.0784,1430600,6014,35991851
2015-03-03,24.09755,24.60517,24.08798,24.51897,1820100,4490,46440415
2015-03-04,24.28911,24.52855,24.11671,24.337,1910700,6014,48624926
2015-03-05,24.337,24.8063,24.337,24.66264,742500,2655,19073626
2015-03-06,24.5477,24.70095,24.26995,24.40404,1070700,3458,27283067
2015-03-09,24.31784,24.40404,24.14544,24.23164,853700,4185,21638476
2015-03-10,23.95389,24.46151,23.75275,24.23164,943600,5367,23843630
2015-03-11,24.10713,24.45193,24.05924,24.44235,736700,3723,18732439
2015-03-12,24.42319,24.51897,24.08798,24.26995,841600,4188,21270734
2015-03-13,23.85811,24.51897,23.85811,24.44235,1117600,5824,28227615
2015-03-16,24.70095,24.71053,24.08798,24.08798,665600,3133,16839829
2015-03-17,24.09755,24.65306,23.95389,24.41362,1106300,4879,28132290
2015-03-18,24.31784,24.99786,24.2508,24.82546,1029900,5411,26653296
2015-03-19,24.77757,24.8063,24.45193,24.71053,538400,2881,13851096
2015-03-20,24.9875,25.33114,24.6635,24.6635,1539300,7055,39124162
2015-03-23,24.74204,24.97768,24.69295,24.88932,551500,3545,13960883
2015-03-24,24.93872,25.08612,24.37864,24.41794,558500,3449,13998291
2015-03-25,24.62429,25.30229,24.54568,24.98786,789900,3975,20040142
2015-03-26,24.77168,24.8896,24.5162,24.5162,817200,3082,20422140
2015-03-27,24.41794,24.86012,24.2902,24.35898,571100,3387,14240394
2015-03-30,24.52603,25.05664,24.49655,25.05664,723600,3019,18327797
2015-03-31,24.87977,25.10577,24.65377,24.95838,1965500,2831,49661416
2015-04-01,24.94855,25.1549,24.86012,25.14507,856200,5096,21854983
2015-04-02,25.1549,25.20403,24.81098,25.1549,1623100,5159,41528898
2015-04-06,25.1549,25.25316,25.06646,25.20403,713500,3492,18307828
2015-04-07,25.1549,25.28264,24.9682,25.10577,432700,2145,11076290
2015-04-08,25.28264,25.63638,25.09594,25.54795,956900,5288,24844006
2015-04-09,25.24334,25.61673,24.9682,25.1549,565200,3122,14597439
2015-04-10,25.33177,25.57742,25.1942,25.54795,426200,2283,11056787
2015-04-13,25.28264,25.54795,25.16473,25.54795,492000,2489,12738186
2015-04-14,25.59707,25.59707,25.25316,25.40055,411300,2679,10652740
2015-04-15,25.54795,25.57742,25.28264,25.30229,558800,3610,14458214
2015-04-16,25.20403,25.57742,25.20403,25.54795,454600,2132,11797529
2015-04-17,25.32194,25.46934,24.95838,24.95838,557300,2199,14246645
2015-04-20,25.00751,25.23351,24.66359,25.00751,608000,2552,15414406
2015-04-22,25.05664,25.33177,24.81098,25.25316,811200,3644,20752597
2015-04-23,24.95838,25.54795,24.95838,25.25316,934900,3981,24101441
2015-04-24,25.52829,25.52829,24.82081,25.05664,1257500,3342,32062517
2015-04-27,25.16473,25.54795,24.95838,25.53812,1124800,3473,28977942
2015-04-28,25.53812,25.57742,25.26299,25.54795,1222000,5140,31659429
2015-04-29,25.74447,26.03925,25.35142,25.54795,1308800,4596,34038411
2015-04-30,25.42021,27.02186,25.35142,27.02186,2902900,3829,75976668
2015-05-04,26.77621,26.91378,26.26525,26.72708,932700,5127,25243764
2015-05-05,26.48143,26.93343,25.54795,25.64621,724500,3999,19179908
2015-05-06,25.44968,25.88203,25.41038,25.84273,860900,3414,22506280
2015-05-07,25.55777,26.04908,25.54795,25.69534,309800,1613,8139548
2015-05-08,25.94099,26.2063,25.61673,25.90169,444200,1943,11738207
2015-05-11,25.54795,25.90169,24.37864,24.5162,1613500,4237,40503288
2015-05-12,24.41794,24.71272,24.36881,24.5555,1544200,4258,38602940
2015-05-13,24.46707,24.7422,24.31968,24.7422,1089400,3345,27131309
2015-05-14,24.85029,25.03699,24.66359,24.7422,670000,3754,16896139
2015-05-15,24.57516,24.77168,24.27055,24.40811,726600,3748,18073253
2015-05-18,24.57516,24.60464,24.22142,24.22142,529800,2205,13094514
2015-05-19,24.25089,24.52603,24.22142,24.22142,442600,2130,10957445
2015-05-20,24.30985,24.4769,24.22142,24.23124,486200,2695,12026644
2015-05-21,24.22142,24.36881,24.07402,24.20176,531400,2733,13057578
2015-05-22,24.31968,24.35898,23.69081,23.8775,1813300,5022,44104672
2015-05-25,23.94629,24.01507,23.77924,23.8775,1056300,1987,25637557
2015-05-26,23.8775,24.09368,23.73011,23.79889,785300,3717,19086920
2015-05-27,23.8775,24.2902,23.78906,24.27055,1072900,4269,26195265
2015-05-28,24.08385,24.12316,23.8775,23.92663,693800,3365,16902331
2015-05-29,23.74976,23.98559,23.69081,23.8775,2335600,5153,56742235
2015-06-01,23.82837,24.05437,23.82837,23.88733,454500,1904,11066228
2015-06-02,23.93646,24.04454,23.84802,23.92663,3298800,3193,80329270
2015-06-03,23.85785,24.35898,23.85785,24.2902,1189200,3121,29099506
2015-06-05,23.93646,24.22142,23.88733,24.07402,640800,2981,15683225
2015-06-08,24.04454,24.34916,23.98559,24.28037,591300,1612,14597988
2015-06-09,24.21159,24.31968,23.98559,24.31968,806800,2523,19894525
2015-06-10,24.30985,24.73238,24.18211,24.73238,1710100,2357,42606384
2015-06-11,24.76185,24.76185,24.08385,24.31968,774000,3726,19172852
2015-06-12,24.21159,24.27055,23.92663,24.27055,1863900,3213,45778653
2015-06-15,24.07402,24.15263,23.90698,23.97576,593100,3822,14494251
2015-06-16,24.09368,24.11333,23.91681,23.97576,719000,1829,17554247
2015-06-17,23.92663,24.34916,23.77924,24.2902,911100,3287,22310202
2015-06-18,24.2902,24.52603,24.08385,24.12316,459600,2455,11371680
2015-06-19,23.95611,24.07402,23.8775,24.01507,848700,2028,20705099
2015-06-22,24.18211,24.19194,23.8382,23.92663,421800,1720,10282578
2015-06-23,24.0638,24.13264,23.79828,23.94579,678800,1687,16520838
2015-06-24,24.04413,24.1523,23.91629,23.94579,676400,2462,16510305
2015-06-25,23.90645,24.00479,23.80811,23.93596,1493300,2470,36340812
2015-06-26,23.86712,24.31948,23.86712,23.99496,730000,3207,17835113
2015-06-29,23.89662,24.04413,23.83762,23.99496,430400,2061,10482223
2015-06-30,23.90645,24.14247,23.90645,24.02446,549700,2661,13435637
2015-07-01,23.95562,24.30965,23.90645,23.97529,544700,2738,13305455
2015-07-02,24.14247,24.23097,23.80811,23.93596,632900,2407,15410477
2015-07-03,23.81795,23.98512,23.76878,23.84745,307200,1449,7444762
2015-07-06,23.68027,24.0933,23.62127,23.89662,511600,2780,12408588
2015-07-07,23.78845,23.93596,23.6311,23.89662,1529800,2843,36910553
2015-07-08,23.77861,23.99496,23.70977,23.72944,379100,1723,9174715
2015-07-10,24.0638,24.0638,23.69994,23.89662,366300,1790,8891429
2015-07-13,23.89662,24.08347,23.70977,23.74911,651700,2031,15778562
2015-07-14,23.84745,24.0933,23.64094,23.94579,633900,3146,15419929
2015-07-15,23.87695,24.31948,23.85728,24.28015,736400,3011,18115327
2015-07-16,24.28015,24.34898,23.94579,24.24081,430200,1964,10557918
2015-07-17,24.42766,24.53583,24.00479,24.0933,388100,2076,9530059
2015-07-20,24.00479,24.28998,23.81795,23.87695,401800,1876,9768734
2015-07-21,23.87695,23.99496,23.85728,23.99496,363600,1435,8852795
2015-07-22,23.83762,23.97529,23.71961,23.85728,406500,2199,9835210
2015-07-23,23.69011,23.83762,23.6016,23.64094,848700,3396,20426545
2015-07-24,23.56226,23.65077,23.20824,23.56226,682400,2800,16263701
2015-07-27,23.43442,23.50326,22.6182,22.6182,1444500,3701,33614646
2015-07-28,22.88372,23.34591,22.76571,23.34591,1176000,4965,27533734
2015-07-29,23.11973,23.80811,22.98206,23.79828,2292200,5176,54302915
2015-07-30,23.64094,23.95562,23.47376,23.76878,671500,4210,16200761
2015-07-31,23.62127,24.0933,23.61143,23.88679,1056100,4255,25628385
2015-08-03,23.71961,24.01463,23.62127,23.69011,1368300,4332,33064353
2015-08-04,23.70977,23.94579,23.68027,23.79828,907700,4100,21983990
2015-08-05,23.94579,23.98512,23.78845,23.94579,338900,1496,8241409
2015-08-06,23.77861,23.99496,23.65077,23.83762,624200,3973,15114928
2015-08-07,23.68027,23.84745,23.41475,23.41475,626700,4411,15001347
2015-08-10,23.58193,23.94579,23.39509,23.94579,311200,1545,7541022
2015-08-11,23.76878,23.78845,23.32625,23.78845,661500,3425,15830520
2015-08-12,23.62127,23.75894,23.19841,23.30658,1027200,4251,24437539
2015-08-13,23.21807,23.43442,23.1099,23.20824,484600,2290,11436486
2015-08-14,23.19841,23.34591,22.92305,23.27708,518700,2479,12224675
2015-08-17,23.11973,23.38525,23.1099,23.1099,272700,1502,6429278
2015-08-18,23.1099,23.18857,22.93289,22.99189,800500,3863,18769378
2015-08-19,22.77554,23.03123,22.6772,23.02139,962100,4863,22379593
2015-08-20,26.15844,26.18794,25.91259,25.98143,4242400,5939,112242304
2015-08-21,25.96176,26.12894,25.96176,25.99126,3015400,3962,79637232
2015-08-24,25.77491,25.98143,25.5684,25.76508,5338500,11012,140036111
2015-08-25,25.86342,26.01093,25.76508,25.96176,3356800,7085,88235817
2015-08-26,25.95193,26.15844,25.68641,26.01093,938400,4869,24828081
2015-08-27,26.15844,26.23711,25.81425,26.06993,1376500,5273,36538559
2015-08-28,25.89292,26.18794,25.89292,26.15844,2195300,4457,58138727
2015-08-31,25.97159,26.09944,25.89292,26.09944,2340700,6152,61921769
2015-09-01,25.82408,26.04043,25.71591,25.96176,2566600,5884,67459222
2015-09-02,25.86342,26.01093,25.86342,25.91259,972500,3804,25640232
2015-09-03,26.04043,26.12894,25.82408,26.09944,2992300,3367,79169293
2015-09-04,25.88309,26.15844,25.88309,26.0601,3845500,6470,101723498
2015-09-08,25.83392,26.35512,25.83392,26.30595,3518300,6554,93484957
2015-09-09,26.34529,26.34529,26.0601,26.25678,2118600,3144,56610784
2015-09-10,25.97159,26.33545,25.97159,26.10927,5239200,5218,139213300
2015-09-11,26.14861,26.24695,26.0306,26.09944,1459000,2416,38734606
2015-09-14,26.0601,26.21744,26.0601,26.10927,4531600,4870,120257010
2015-09-15,26.20761,26.20761,26.01093,26.10927,1340000,2175,35556865
2015-09-16,26.10927,26.23711,26.0306,26.12894,2994400,4524,79543740
2015-09-17,26.09944,26.24695,26.05027,26.10927,4459500,4054,118312470
2015-09-18,26.06993,26.10927,25.82408,26.10927,1787800,4593,47399062
2015-09-21,26.0601,26.13877,25.93226,26.05027,1055100,2748,27914351
2015-09-22,26.06,26.23,25.98,26.16,5635700,4100,147213575
2015-09-23,26.15,26.6,26.1,26.4,1168400,3451,30805930
2015-09-24,26.22,26.77,26.16,26.5,855900,3773,22578262
2015-09-25,26.45,26.69,26.34,26.55,585300,2957,15530263
2015-09-28,26.42,26.56,26.3,26.41,853200,3592,22553663
2015-09-29,26.74,26.74,26.24,26.48,6177400,3657,163365287
2015-09-30,26.7,26.8,26.44,26.8,1561100,6701,41586510
2015-10-01,26.8,26.84,26.46,26.66,1212700,3538,32259472
2015-10-02,26.7,26.78,26.54,26.78,949700,4285,25336097
2015-10-05,26.8,26.87,26.61,26.87,1319100,2424,35351507
2015-10-06,26.76,27.0,26.75,26.9,2408700,2329,64529026
2015-10-07,26.9,26.99,26.76,26.91,91137500,2533,2447080213
2015-10-08,26.9,26.93,26.75,26.85,1592600,3124,42776435
2015-10-09,26.9,26.94,26.66,26.92,1151900,5174,30951128
2015-10-13,26.98,26.98,26.79,26.96,1096300,2173,29456971
2015-10-14,26.9,27.3,26.9,27.16,2996200,7188,81064631
2015-10-15,27.08,27.15,27.06,27.13,1743300,2573,47268917
2015-10-16,27.06,27.14,27.03,27.11,661900,1504,17918315
2015-10-19,27.03,27.08,26.95,27.06,1020800,3078,27566976
2015-10-20,27.08,27.1,27.01,27.1,5317100,2128,143973553
2015-10-21,27.04,27.2,27.04,27.16,3527100,1120,95840465
2015-10-22,27.14,27.26,27.14,27.16,992500,905,26993322
2015-10-23,27.1,27.28,27.09,27.2,675600,278,18327109
2015-10-26,27.13,27.2,27.13,27.2,16500,94,448119
2015-10-27,27.26,27.31,27.26,27.26,5114300,484,139417497
2015-10-28,27.28,27.3,27.28,27.28,643900,200,17565655
2015-10-29,27.29,27.3,27.29,27.29,275900,618,7529390
2015-10-30,27.22,27.31,27.22,27.3,209900,688,5730676
2015-11-03,27.32,27.5,27.32,27.32,525300,1232,14351939
2015-11-04,27.33,27.35,27.33,27.33,118300,472,3233325
2015-11-05,27.35,27.5,27.35,27.41,131900,204,3608396
2015-11-06,27.4,27.4,27.36,27.36,39600,366,1083519
2015-11-09,27.38,27.4,27.38,27.38,101600,40,2781817
2015-11-10,27.39,27.55,27.39,27.39,184500,219,5054422
2015-11-11,27.4,27.52,27.4,27.52,48900,86,1340076
2015-11-12,27.44,27.5,27.42,27.42,81300,81,2229263
2015-11-13,27.43,27.44,27.43,27.43,224600,247,6160836
2015-11-16,27.45,27.46,27.45,27.45,50800,44,1394464
2015-11-17,27.48,27.7,27.48,27.58,5700,47,157215
2015-11-18,27.49,30.0,27.49,30.0,1053100,369,28950450
2015-11-19,29.78,29.79,27.51,27.51,800300,3206,22024190
2015-11-23,27.52,28.2,27.52,27.9,977800,1843,26989026
2015-11-24,27.54,28.2,27.54,27.6,104800,538,2905202
2015-11-25,27.56,28.08,27.55,27.55,1087600,452,29967405
2015-11-26,28.09,28.1,27.89,28.05,2200,14,61673
2015-11-27,27.64,27.75,27.59,27.6,24900,57,687309
2015-11-30,27.67,27.67,27.59,27.59,331400,1000,9146085
