Date,Open,High,Low,Close,Volume,Neg,Fin
2010-01-06,0.89257,0.89257,0.88474,0.88474,400,2,1359
2010-01-07,0.86908,0.90823,0.86647,0.90823,3100,6,10336
2010-01-08,0.88735,0.88735,0.88735,0.88735,700,1,2380
2010-01-11,0.85603,0.88474,0.85342,0.88474,6500,10,21751
2010-01-12,0.86908,0.86908,0.86908,0.86908,1000,1,3330
2010-01-13,0.86125,0.86125,0.86125,0.86125,1000,2,3300
2010-01-14,0.87169,0.87169,0.86125,0.86647,7000,7,23273
2010-01-15,0.85081,0.86647,0.85081,0.86647,2000,2,6580
2010-01-18,0.86386,0.87169,0.86386,0.86647,12700,5,42206
2010-01-19,0.87952,0.87952,0.87952,0.87952,5000,3,16850
2010-01-20,0.86908,0.91084,0.86908,0.91084,3500,3,11833
2010-01-21,0.87952,0.87952,0.87952,0.87952,500,1,1685
2010-01-22,0.88474,0.88474,0.85342,0.85342,2000,2,6744
2010-01-26,0.86386,0.87691,0.86386,0.87691,4700,2,15642
2010-01-28,0.87691,0.87691,0.86386,0.86386,8000,5,26600
2010-01-29,0.86386,0.87952,0.86125,0.86125,13600,8,45193
2010-02-01,0.86125,0.86125,0.86125,0.86125,100,1,330
2010-02-02,0.86125,0.86125,0.85081,0.85081,2800,3,9236
2010-02-04,0.86125,0.86125,0.85081,0.85081,3400,3,11140
2010-02-05,0.85081,0.85081,0.8221,0.8221,11300,3,35738
2010-02-08,0.86386,0.86386,0.86386,0.86386,500,1,1655
2010-02-09,0.86125,0.86125,0.86125,0.86125,1000,1,3300
2010-02-10,0.86125,0.86125,0.86125,0.86125,2000,1,6600
2010-02-11,0.86125,0.86125,0.83515,0.86125,1100,3,3560
2010-02-17,0.86125,0.86125,0.86125,0.86125,2000,1,6600
2010-02-18,0.89779,0.89779,0.89779,0.89779,200,1,688
2010-02-23,0.86125,0.86125,0.86125,0.86125,600,1,1980
2010-02-25,0.86125,0.86125,0.85864,0.85864,12700,3,41803
2010-02-26,0.8743,0.8743,0.8743,0.8743,4900,5,16415
2010-03-01,0.88474,0.88474,0.88213,0.88213,3600,2,12194
2010-03-02,0.88213,0.88735,0.87691,0.88735,20100,11,68028
2010-03-03,0.88213,0.88213,0.88213,0.88213,1000,1,3380
2010-03-04,0.88735,0.88735,0.88735,0.88735,1200,2,4080
2010-03-05,0.89257,0.9004,0.89257,0.9004,4000,4,13702
2010-03-08,0.88735,0.88735,0.88474,0.88474,4100,2,13901
2010-03-10,0.87691,0.87691,0.87691,0.87691,2000,1,6720
2010-03-15,0.87691,0.91345,0.86647,0.91345,11100,9,37487
2010-03-18,0.9004,0.9004,0.9004,0.9004,300,1,1035
2010-03-30,0.9004,0.9004,0.9004,0.9004,1600,1,5520
2010-04-01,0.88213,0.88213,0.81166,0.81688,50100,46,159184
2010-04-05,0.84559,0.84559,0.84559,0.84559,900,1,2916
2010-04-06,0.83254,0.83254,0.81427,0.81427,2100,3,6559
2010-04-07,0.81427,0.83515,0.81427,0.83515,5000,2,15992
2010-04-13,0.78556,0.78556,0.75947,0.77773,22100,19,65203
2010-04-14,0.78295,0.78295,0.77512,0.77512,6300,7,18826
2010-04-15,0.78295,0.78295,0.77773,0.78295,3500,4,10494
2010-04-16,0.77773,0.78295,0.77773,0.78295,1700,2,5086
2010-04-19,0.78295,0.78295,0.78295,0.78295,300,1,900
2010-04-20,0.78034,0.79339,0.78034,0.79339,1500,2,4535
2010-04-26,0.78295,0.78295,0.78295,0.78295,200,1,600
2010-04-27,0.77251,0.78556,0.7699,0.78556,2200,4,6516
2010-04-28,0.78034,0.78034,0.77773,0.78034,9800,4,29250
2010-04-29,0.77512,0.77512,0.75686,0.75686,4200,5,12257
2010-05-04,0.73818,0.73818,0.73551,0.73551,3600,4,9929
2010-05-05,0.73551,0.73551,0.73551,0.73551,2800,3,7700
2010-05-06,0.73551,0.73551,0.72213,0.72213,2900,4,7896
2010-05-07,0.72213,0.72213,0.69539,0.69539,6500,6,17234
2010-05-10,0.72213,0.72213,0.69806,0.69806,600,2,1611
2010-05-12,0.70074,0.70074,0.70074,0.70074,100,1,262
2010-05-17,0.74888,0.74888,0.74888,0.74888,200,2,560
2010-05-18,0.73551,0.73551,0.73551,0.73551,1000,1,2750
2010-05-19,0.70074,0.71946,0.69539,0.71946,1700,3,4458
2010-05-21,0.69539,0.69539,0.69539,0.69539,600,1,1560
2010-05-26,0.69539,0.69539,0.69539,0.69539,900,1,2340
2010-05-28,0.69004,0.69004,0.67132,0.67132,4000,3,10130
2010-05-31,0.72213,0.72213,0.72213,0.72213,800,4,2160
2010-06-01,0.73551,0.74621,0.73551,0.74621,2600,2,7190
2010-06-02,0.75155,0.76225,0.74888,0.76225,2200,3,6241
2010-06-18,0.74086,0.74086,0.73551,0.73551,600,4,1652
2010-06-21,0.73551,0.73551,0.73016,0.73016,300,2,823
2010-06-22,0.73551,0.73551,0.73551,0.73551,1000,1,2750
2010-06-23,0.72748,0.72748,0.72481,0.72481,400,2,1085
2010-06-28,0.72213,0.72213,0.72213,0.72213,200,1,540
2010-06-29,0.69539,0.69539,0.67132,0.67132,1400,4,3610
2010-06-30,0.70074,0.73283,0.68469,0.73283,1000,4,2592
2010-07-02,0.73283,0.73283,0.73283,0.73283,100,1,274
2010-07-07,0.68469,0.71946,0.68202,0.71946,23600,12,60515
2010-07-08,0.71679,0.71679,0.71679,0.71679,200,2,536
2010-07-13,0.71411,0.71411,0.69806,0.69806,3500,6,9242
2010-07-14,0.69004,0.69004,0.68469,0.68469,2200,3,5635
2010-07-15,0.72748,0.72748,0.72748,0.72748,100,1,272
2010-07-16,0.72213,0.72213,0.72213,0.72213,1100,1,2970
2010-07-20,0.71144,0.71144,0.71144,0.71144,1200,3,3192
2010-07-21,0.70876,0.70876,0.70876,0.70876,300,2,795
2010-07-22,0.70876,0.71144,0.69539,0.69539,18700,11,48870
2010-07-23,0.71411,0.71411,0.70876,0.70876,1900,4,5037
2010-07-27,0.71411,0.71411,0.71411,0.71411,3100,3,8277
2010-07-28,0.69539,0.75958,0.69539,0.7569,2600,4,6863
2010-07-29,0.7569,0.7569,0.7569,0.7569,100,1,283
2010-07-30,0.7569,0.76225,0.72748,0.76225,1600,4,4475
2010-08-02,0.76225,0.76225,0.76225,0.76225,500,1,1425
2010-08-04,0.74888,0.77563,0.74888,0.77563,1300,4,3690
2010-08-09,0.78098,0.78098,0.78098,0.78098,300,1,876
2010-08-10,0.7997,0.7997,0.7997,0.7997,100,1,299
2010-08-11,0.79702,0.7997,0.79702,0.7997,2300,9,6865
2010-08-12,0.74888,0.7997,0.74888,0.7997,500,2,1419
2010-08-13,0.79167,0.83447,0.79167,0.80237,6800,10,20649
2010-08-16,0.81574,0.82912,0.789,0.789,9600,14,29075
2010-08-17,0.82109,0.82109,0.82109,0.82109,700,2,2149
2010-08-18,0.80772,0.82109,0.80505,0.82109,2400,4,7260
2010-08-19,0.80772,0.80772,0.80772,0.80772,900,3,2718
2010-08-20,0.80505,0.80505,0.80505,0.80505,1400,2,4214
2010-08-23,0.80505,0.80505,0.80237,0.80505,4500,4,13525
2010-08-24,0.79702,0.79702,0.79167,0.79167,2000,2,5940
2010-08-27,0.77563,0.77563,0.77563,0.77563,1000,1,2900
2010-08-30,0.77028,0.77028,0.77028,0.77028,1000,1,2880
2010-08-31,0.77295,0.77295,0.77295,0.77295,800,1,2312
2010-09-01,0.77295,0.82377,0.75423,0.82377,900,4,2603
2010-09-06,0.80237,0.80237,0.80237,0.80237,100,1,300
2010-09-08,0.81307,0.81307,0.81307,0.81307,2500,3,7600
2010-09-09,0.82109,0.82109,0.82109,0.82109,1000,1,3070
2010-09-16,0.80772,0.80772,0.80772,0.80772,300,1,906
2010-09-27,0.77563,0.77563,0.74888,0.74888,2200,4,6280
2010-09-28,0.77563,0.77563,0.77563,0.77563,100,1,290
2010-09-30,0.77563,0.8104,0.77563,0.8104,5300,4,15916
2010-10-05,0.82644,0.82912,0.82644,0.82912,1000,2,3098
2010-10-06,0.82644,0.82644,0.82644,0.82644,700,1,2163
2010-10-11,0.82912,0.82912,0.76493,0.76493,1000,5,2928
2010-10-14,0.7676,0.7676,0.7676,0.7676,100,1,287
2010-10-15,0.81842,0.82912,0.81842,0.82912,11200,7,34658
2010-10-18,0.77563,0.83179,0.77563,0.83179,1400,2,4270
2010-10-20,0.83179,0.84249,0.83179,0.84249,400,3,1250
2010-10-22,0.76225,0.76225,0.76225,0.76225,600,1,1710
2010-10-25,0.82644,0.84249,0.82644,0.84249,300,3,934
2010-11-01,0.76225,0.76225,0.76225,0.76225,500,1,1425
2010-11-05,0.76493,0.77563,0.76225,0.76225,2500,4,7161
2010-11-12,0.75423,0.77563,0.75423,0.77563,1800,5,5172
2010-11-17,0.74888,0.74888,0.74888,0.74888,2900,5,8120
2010-11-18,0.74888,0.74888,0.74888,0.74888,1000,1,2800
2010-12-01,0.74888,0.74888,0.74888,0.74888,1300,1,3640
2010-12-03,0.71946,0.71946,0.71946,0.71946,3000,5,8070
2010-12-08,0.70857,0.70857,0.70857,0.70857,200,2,520
2010-12-13,0.71947,0.71947,0.71129,0.71129,1900,3,4998
2010-12-15,0.72219,0.72219,0.71402,0.71402,500,2,1313
2010-12-16,0.71947,0.71947,0.71129,0.71129,500,3,1311
2010-12-23,0.71129,0.71129,0.71129,0.71129,100,1,261
2010-12-27,0.72219,0.72219,0.72219,0.72219,100,1,265
2010-12-29,0.72219,0.72219,0.72219,0.72219,400,1,1060
2011-01-03,0.76035,0.85028,0.76035,0.81213,2300,10,6901
2011-01-04,0.76307,0.80123,0.76307,0.80123,1300,4,3654
2011-01-05,0.73855,0.80123,0.73855,0.80123,1900,7,5309
2011-01-06,0.78488,0.78488,0.75762,0.76307,1500,6,4217
2011-01-11,0.75217,0.75217,0.75217,0.75217,1000,1,2760
2011-01-24,0.71674,0.71947,0.71674,0.71674,3500,9,9211
2011-01-26,0.71402,0.72219,0.71129,0.72219,4600,8,12048
2011-01-28,0.68132,0.68132,0.68132,0.68132,500,2,1250
2011-02-01,0.73582,0.74127,0.73582,0.74127,2000,3,5438
2011-02-16,0.68132,0.68132,0.68132,0.68132,1600,4,4000
2011-02-17,0.68404,0.68677,0.68404,0.68404,6000,5,15062
2011-02-21,0.68404,0.68404,0.68404,0.68404,1200,3,3012
2011-03-01,0.65951,0.65951,0.65951,0.65951,300,2,726
2011-03-02,0.65951,0.65951,0.65679,0.65951,600,3,1450
2011-03-04,0.67314,0.67314,0.66769,0.66769,800,3,1962
2011-03-15,0.65406,0.65951,0.65406,0.65951,1700,2,4104
2011-03-16,0.70857,0.70857,0.70857,0.70857,3000,1,7800
2011-03-31,0.7658,0.7658,0.76307,0.7658,2600,5,7303
2011-04-01,0.77397,0.81213,0.73582,0.73582,20300,23,58417
2011-04-04,0.80668,0.82303,0.80668,0.82303,3000,5,9048
2011-04-05,0.8094,0.8094,0.8094,0.8094,900,1,2673
2011-04-06,0.7767,0.7767,0.7767,0.7767,2800,1,7980
2011-04-07,0.77943,0.77943,0.76307,0.76307,500,3,1411
2011-04-15,0.79033,0.80123,0.7876,0.80123,4300,9,12537
2011-04-27,0.7876,0.7876,0.7876,0.7876,1000,2,2890
2011-04-29,0.79578,0.79578,0.79578,0.79578,3000,1,8760
2011-05-05,0.83242,0.83242,0.83242,0.83242,2000,2,5900
2011-05-09,0.82113,0.8296,0.81831,0.8296,4200,4,12258
2011-05-10,0.82113,0.82113,0.82113,0.82113,100,1,291
2011-05-17,0.82113,0.91707,0.82113,0.84653,15300,11,45591
2011-05-18,0.84371,0.84371,0.84371,0.84371,20700,7,61893
2011-05-19,0.85782,0.85782,0.85782,0.85782,1000,1,3040
2011-05-20,0.85217,0.85217,0.85217,0.85217,1000,1,3020
2011-05-23,0.87475,0.87475,0.87475,0.87475,1800,1,5580
2011-05-24,0.87475,1.05816,0.87475,0.98762,19400,22,63837
2011-05-25,0.9199,0.9594,0.91707,0.9594,1200,5,3918
2011-05-26,0.91707,0.93118,0.91707,0.93118,2700,3,8850
2011-05-27,0.91707,0.91707,0.91707,0.91707,18600,4,60450
2011-05-31,0.91707,0.93118,0.91707,0.9199,6100,5,19876
2011-06-01,0.91707,0.93118,0.90297,0.90297,5800,5,18855
2011-06-02,0.90579,0.90861,0.90579,0.90861,200,2,643
2011-06-03,0.91707,0.91707,0.90297,0.90297,1700,4,5472
2011-06-07,0.90297,0.90297,0.90297,0.90297,500,1,1600
2011-06-08,0.87475,0.87757,0.87475,0.87475,6000,3,18601
2011-06-09,0.87475,0.87475,0.87475,0.87475,1000,1,3100
2011-06-10,0.90297,0.90297,0.87475,0.87475,9700,9,30281
2011-06-13,0.87475,0.87475,0.87475,0.87475,2500,3,7750
2011-06-14,0.93118,0.93118,0.91707,0.93118,12000,9,39278
2011-06-15,0.93118,0.93683,0.93118,0.93118,2800,5,9243
2011-06-16,0.96787,0.96787,0.96787,0.96787,100,1,343
2011-06-17,0.9594,0.9594,0.94811,0.94811,200,2,676
2011-06-20,0.94811,0.95094,0.94811,0.94811,2900,3,9745
2011-06-28,0.94529,0.94529,0.94529,0.94529,100,1,335
2011-06-29,0.93683,0.93683,0.93683,0.93683,1500,2,4980
2011-06-30,0.88039,0.90297,0.88039,0.90297,1300,2,4080
2011-07-05,0.91707,0.91707,0.91707,0.91707,400,3,1300
2011-07-08,0.91707,0.97351,0.91707,0.97351,1600,3,5460
2011-07-13,1.01301,1.01301,1.01301,1.01301,1000,1,3590
2011-07-15,0.9594,0.9594,0.9594,0.9594,100,1,340
2011-07-19,1.00173,1.00173,1.00173,1.00173,1400,2,4970
2011-07-21,1.01301,1.01301,1.01301,1.01301,400,1,1436
2011-07-27,1.01301,1.01301,1.01301,1.01301,200,2,718
2011-07-29,1.02712,1.02712,1.02712,1.02712,100,1,364
2011-08-03,0.94529,0.94529,0.94529,0.94529,1500,1,5025
2011-08-04,0.89168,0.89168,0.88039,0.88039,5400,2,16984
2011-08-05,0.87475,0.87475,0.87475,0.87475,5900,5,18290
2011-08-08,0.84653,0.84653,0.77599,0.79009,5100,14,14535
2011-08-09,0.83806,0.84653,0.83806,0.84653,400,2,1197
2011-08-10,0.84653,0.84653,0.84653,0.84653,400,2,1200
2011-08-11,0.83242,0.84653,0.83242,0.84653,8100,3,24270
2011-08-17,0.82113,0.82113,0.81549,0.81549,2400,5,6958
2011-08-18,0.79856,0.79856,0.79856,0.79856,100,1,283
2011-08-22,0.81831,0.81831,0.79009,0.79009,2200,4,6180
2011-08-23,0.78445,0.78445,0.77599,0.77599,18300,10,50328
2011-08-24,0.77599,0.77599,0.77599,0.77599,200,2,550
2011-08-25,0.77599,0.77599,0.77599,0.77599,8800,6,24200
2011-08-26,0.79009,0.79009,0.79009,0.79009,100,1,280
2011-08-29,0.79009,0.80703,0.79009,0.80703,3000,3,8426
2011-08-31,0.81267,0.83242,0.81267,0.83242,400,4,1170
2011-09-01,0.84653,0.84653,0.84653,0.84653,2000,2,6000
2011-09-02,0.83242,0.83242,0.8296,0.8296,300,3,883
2011-09-05,0.8296,0.84371,0.8296,0.84371,2300,6,6867
2011-09-06,0.84089,0.86628,0.82678,0.86628,7100,6,21338
2011-09-16,0.83242,0.83242,0.82396,0.82396,200,2,587
2011-09-20,0.83524,0.83524,0.82396,0.82396,1700,4,4975
2011-09-21,0.83524,0.83806,0.83524,0.83806,7500,4,22274
2011-09-22,0.82396,0.82396,0.77034,0.82113,2600,6,7173
2011-09-27,0.83806,0.88321,0.83806,0.87475,2500,5,7780
2011-09-28,0.87193,0.87193,0.87193,0.87193,2400,1,7416
2011-09-30,0.83524,0.83524,0.83524,0.83524,100,1,296
2011-10-03,0.82396,0.82396,0.82396,0.82396,100,1,292
2011-10-05,0.80985,0.80985,0.80985,0.80985,2500,1,7175
2011-10-06,0.81831,0.81831,0.81831,0.81831,2500,4,7250
2011-10-07,0.81831,0.81831,0.81831,0.81831,100,1,290
2011-10-13,0.82678,0.82678,0.82678,0.82678,100,1,293
2011-10-14,0.85782,0.87475,0.85782,0.87475,1000,4,3089
2011-10-18,0.87475,0.87475,0.77599,0.855,2400,7,7308
2011-10-19,0.87475,0.87475,0.87475,0.87475,100,1,310
2011-10-21,0.87475,0.87475,0.87475,0.87475,500,1,1550
2011-10-25,0.87475,0.87475,0.87475,0.87475,500,1,1550
2011-11-03,0.88321,0.88321,0.88321,0.88321,400,2,1252
2011-11-04,0.90297,0.90297,0.90297,0.90297,100,1,320
2011-11-08,0.78445,0.84089,0.78445,0.84089,6000,11,17123
2011-11-09,0.91707,0.91707,0.91707,0.91707,200,1,650
2011-11-14,0.91425,0.91707,0.91425,0.91707,300,2,974
2011-11-16,0.93118,0.93118,0.90297,0.90297,2600,6,8466
2011-11-17,0.94529,0.94529,0.91707,0.91707,5000,6,16265
2011-11-21,0.93118,0.93118,0.93118,0.93118,100,1,330
2011-11-22,0.93118,0.93118,0.93118,0.93118,200,1,660
2011-11-23,0.93118,0.93118,0.93118,0.93118,600,1,1980
2011-11-24,0.91707,0.91707,0.91707,0.91707,200,1,650
2011-11-30,0.8945,0.90297,0.87475,0.90297,400,4,1266
2011-12-01,0.88886,0.8945,0.80703,0.80703,2700,12,8314
2011-12-02,0.89168,0.89168,0.89168,0.89168,1000,1,3160
2011-12-05,0.88886,0.88886,0.88886,0.88886,200,1,630
2011-12-06,0.88886,0.88886,0.88886,0.88886,300,1,945
2011-12-09,0.88315,0.88315,0.87454,0.87454,1500,4,4599
2011-12-12,0.89462,0.91755,0.89462,0.91755,1500,3,4735
2011-12-14,0.91755,0.91755,0.91755,0.91755,500,2,1600
2011-12-15,0.93189,0.93189,0.92902,0.92902,2300,3,7455
2011-12-23,0.93189,0.93189,0.93189,0.93189,100,1,325
2011-12-29,0.94049,0.94049,0.94049,0.94049,200,1,656
2012-01-04,0.92042,0.92042,0.92042,0.92042,400,2,1284
2012-01-06,0.9577,0.9577,0.9577,0.9577,500,1,1670
2012-01-09,0.94049,0.94049,0.94049,0.94049,600,1,1968
2012-01-10,0.96056,0.96056,0.94049,0.94623,1300,3,4298
2012-01-11,0.94623,0.94623,0.94336,0.94336,2100,4,6919
2012-01-12,0.94336,0.94336,0.94049,0.94049,1000,3,3281
2012-01-13,0.94336,0.94336,0.94336,0.94336,2000,1,6580
2012-01-17,0.96343,0.96917,0.96343,0.96917,1200,3,4044
2012-01-18,0.9749,0.9749,0.9749,0.9749,300,2,1020
2012-01-19,0.99784,0.99784,0.98637,0.99784,700,3,2424
2012-01-20,0.99784,1.00358,0.99784,1.00358,11300,6,39532
2012-01-23,0.99784,0.99784,0.99784,0.99784,900,2,3132
2012-01-24,0.99784,0.99784,0.98637,0.98637,2300,6,7984
2012-01-26,0.99784,0.99784,0.99784,0.99784,1000,2,3480
2012-01-27,1.00071,1.00071,0.99784,0.99784,3000,12,10441
2012-01-30,0.99784,0.99784,0.99784,0.99784,2900,1,10092
2012-02-03,0.97203,0.97203,0.96917,0.96917,400,2,1353
2012-02-06,1.00071,1.00071,1.00071,1.00071,100,1,349
2012-02-07,1.00071,1.00071,1.00071,1.00071,300,2,1047
2012-02-09,1.00071,1.00071,0.9749,0.9749,3800,5,12929
2012-02-14,0.9749,0.9749,0.9749,0.9749,500,1,1700
2012-02-24,1.01791,1.01791,1.01791,1.01791,1600,2,5680
2012-03-01,0.9749,1.01791,0.9749,1.01791,5800,2,19735
2012-03-06,1.00931,1.00931,0.9749,0.9749,2300,3,7940
2012-03-07,0.9749,0.97777,0.9749,0.9749,3100,4,10561
2012-03-09,0.9749,0.9749,0.96056,0.9749,2700,5,9155
2012-03-13,0.9749,0.9749,0.97203,0.97203,300,2,1019
2012-03-14,1.00931,1.00931,1.00931,1.00931,1200,1,4224
2012-03-29,1.00931,1.00931,1.00931,1.00931,300,1,1056
2012-03-30,0.9835,0.9835,0.9835,0.9835,100,1,343
2012-04-04,1.00931,1.00931,1.00931,1.00931,100,1,352
2012-04-05,0.98064,1.01791,0.98064,1.01791,1000,4,3511
2012-04-16,1.01218,1.01218,1.00931,1.00931,5100,2,17953
2012-04-17,0.98637,0.98637,0.98637,0.98637,400,1,1376
2012-04-20,0.98637,0.98637,0.98637,0.98637,100,1,344
2012-04-25,0.94623,0.94623,0.94623,0.94623,600,2,1980
2012-04-27,0.97203,0.97203,0.97203,0.97203,300,1,1017
2012-05-07,0.97493,0.97493,0.97493,0.97493,100,1,326
2012-05-09,0.98689,0.98689,0.98689,0.98689,1500,1,4950
2012-05-10,1.00184,1.00184,1.00184,1.00184,1300,1,4355
2012-05-11,1.06464,1.06464,1.06464,1.06464,100,1,356
2012-05-15,1.18127,1.18127,1.18127,1.18127,200,2,790
2012-05-16,1.0766,1.0766,1.0766,1.0766,10700,3,38520
2012-05-18,1.0467,1.0467,1.0467,1.0467,500,2,1750
2012-05-21,1.10352,1.10352,1.10352,1.10352,100,1,369
2012-05-22,1.0467,1.10352,1.0467,1.10352,400,3,1419
2012-05-23,1.09754,1.10651,1.09754,1.10651,2200,3,8100
2012-05-31,1.09156,1.09156,1.09156,1.09156,700,3,2555
2012-06-05,1.08857,1.08857,1.08857,1.08857,1000,1,3640
2012-06-22,0.98689,1.02277,0.98689,1.02277,5300,7,17502
2012-06-25,1.03175,1.0467,1.02277,1.0467,2400,3,8334
2012-06-27,1.0467,1.0467,1.0467,1.0467,800,1,2800
2012-07-10,1.03175,1.03175,1.03175,1.03175,300,1,1035
2012-07-19,1.10053,1.10053,1.10053,1.10053,500,1,1840
2012-07-20,1.0766,1.0766,1.0766,1.0766,100,1,360
2012-07-25,1.0467,1.0467,1.0467,1.0467,100,1,350
2012-07-30,1.10352,1.10352,1.01978,1.01978,1200,2,4372
2012-08-01,1.10352,1.10352,1.10352,1.10352,500,1,1845
2012-08-03,1.09156,1.09156,1.09156,1.09156,500,1,1825
2012-08-07,1.10352,1.10352,1.10352,1.10352,1000,1,3690
2012-08-09,1.11249,1.11249,1.11249,1.11249,9000,2,33480
2012-08-10,1.19623,1.19623,1.19623,1.19623,200,1,800
2012-08-16,1.13642,1.13642,1.13642,1.13642,3000,1,11400
2012-08-24,1.08259,1.12146,0.98988,1.12146,3900,5,14020
2012-08-27,1.12146,1.12146,1.07361,1.07361,600,2,2170
2012-08-28,1.07361,1.07361,1.07361,1.07361,900,1,3231
2012-08-29,1.07361,1.07361,1.07361,1.07361,300,1,1077
2012-09-03,1.07361,1.07361,1.01679,1.07361,1500,3,5290
2012-09-05,1.08558,1.13343,1.08558,1.13343,1000,2,3662
2012-09-06,1.19623,1.25604,1.19623,1.25604,1300,3,5420
2012-09-10,1.25604,1.25604,1.25604,1.25604,9400,2,39480
2012-09-13,1.3308,1.3308,1.3308,1.3308,100,1,445
2012-09-17,1.22613,1.31585,1.22613,1.31585,200,2,850
2012-10-01,1.34277,1.34277,1.19922,1.31585,5800,12,25487
2012-10-04,1.3308,1.3308,1.3308,1.3308,100,1,445
2012-10-16,1.3308,1.3308,1.3308,1.3308,2000,1,8900
2012-10-18,1.34576,1.34576,1.34576,1.34576,300,1,1350
2012-10-19,1.3308,1.3308,1.3308,1.3308,2000,1,8900
2012-10-22,1.3308,1.3308,1.3308,1.3308,1700,2,7565
2012-10-23,1.3308,1.3308,1.3308,1.3308,100,1,445
2012-10-26,1.3308,1.3308,1.3308,1.3308,100,1,445
2012-10-31,1.39061,1.39061,1.39061,1.39061,200,1,930
2012-11-01,1.39959,1.39959,1.39959,1.39959,4000,1,18720
2012-11-06,1.38762,1.38762,1.38762,1.38762,1800,1,8352
2012-11-12,1.25604,1.34875,1.25604,1.34875,2000,5,8705
2012-11-19,1.49229,1.49229,1.49229,1.49229,4000,3,19960
2012-11-21,1.40557,1.40557,1.40557,1.40557,2000,3,9400
2012-11-23,1.585,1.585,1.49229,1.49229,1300,2,6580
2012-11-26,1.49229,1.49528,1.49229,1.49528,3000,2,14985
2012-11-27,1.48631,1.48631,1.47435,1.48033,4800,6,23758
2012-11-30,1.55211,1.55211,1.55211,1.55211,300,1,1557
2012-12-05,1.51024,1.52519,1.51024,1.52519,500,2,2535
2012-12-06,1.48033,1.48033,1.48033,1.48033,1000,1,4950
2012-12-10,1.49528,1.49528,1.49528,1.49528,1000,1,5000
2012-12-11,1.53715,1.54014,1.53715,1.54014,3900,2,20084
2012-12-13,1.49528,1.49528,1.48033,1.48033,3000,2,14865
2012-12-14,1.49528,1.49528,1.49528,1.49528,3700,2,18500
2012-12-17,1.48033,1.48033,1.48033,1.48033,100,1,495
2012-12-19,1.48033,1.52519,1.37267,1.52519,7900,10,36855
2012-12-26,1.55853,1.60393,1.45261,1.45261,6500,8,32920
2012-12-28,1.46775,1.57367,1.46775,1.57367,1700,2,8280
2013-01-02,1.55853,1.55853,1.40722,1.40722,1200,4,5905
2013-01-08,1.66445,1.66445,1.63116,1.63116,900,4,4928
2013-01-14,1.48893,1.5888,1.48893,1.5888,500,2,2493
2013-01-22,1.57972,1.57972,1.57972,1.57972,700,1,3654
2013-01-24,1.52827,1.52827,1.52827,1.52827,100,1,505
2013-02-07,1.52827,1.52827,1.52827,1.52827,200,1,1010
2013-02-18,1.5434,1.5434,1.5434,1.5434,2500,1,12750
2013-02-22,1.51314,1.51314,1.51314,1.51314,400,2,2000
2013-02-25,1.51314,1.51314,1.51314,1.51314,3900,6,19500
2013-02-26,1.57064,1.57064,1.56761,1.56761,3800,2,19685
2013-02-27,1.5434,1.5434,1.5434,1.5434,300,1,1530
2013-03-01,1.52524,1.52524,1.51314,1.51314,700,4,3504
2013-03-06,1.51314,1.51314,1.51314,1.51314,100,1,500
2013-03-07,1.52827,1.56761,1.52827,1.56761,2600,3,13402
2013-03-12,1.57064,1.57064,1.57064,1.57064,100,1,519
2013-03-14,1.56761,1.56761,1.56761,1.56761,4800,1,24864
2013-03-20,1.57367,1.66445,1.57367,1.66445,6300,6,33400
2013-03-25,1.66143,1.66143,1.66143,1.66143,200,2,1098
2013-03-28,1.61906,1.61906,1.61906,1.61906,300,1,1605
2013-04-03,1.66143,1.66143,1.66143,1.66143,300,3,1647
2013-04-08,1.66445,1.66445,1.66445,1.66445,500,1,2750
2013-04-09,1.51314,1.66143,1.51314,1.66143,3400,3,17931
2013-04-12,1.75524,1.75524,1.75524,1.75524,1000,1,5800
2013-04-15,1.69472,1.69472,1.69472,1.69472,100,1,560
2013-04-22,1.72498,1.72498,1.72498,1.72498,200,2,1140
2013-04-23,1.67958,1.77037,1.67958,1.77037,200,2,1140
2013-04-24,1.843,1.843,1.843,1.843,1000,1,6090
2013-05-10,1.84295,1.84295,1.84295,1.84295,3700,3,21978
2013-05-13,1.81502,1.81502,1.76848,1.76848,500,3,2880
2013-05-14,1.86156,1.86156,1.86156,1.86156,2500,3,15000
2013-05-15,1.84605,1.84605,1.84605,1.84605,4600,5,27370
2013-05-16,1.84605,1.84605,1.84605,1.84605,2700,3,16065
2013-05-17,1.86156,1.86156,1.86156,1.86156,3000,3,18000
2013-05-20,1.85846,1.85846,1.85846,1.85846,2000,1,11980
2013-05-21,1.86156,1.87707,1.85846,1.87707,6800,7,41005
2013-05-22,1.86156,1.86156,1.86156,1.86156,2800,1,16800
2013-06-07,1.83054,1.83054,1.83054,1.83054,100,1,590
2013-06-12,1.83054,1.83054,1.83054,1.83054,1200,2,7080
2013-06-20,1.81502,1.81502,1.81502,1.81502,100,1,585
2013-06-21,1.81502,1.81502,1.81502,1.81502,300,3,1755
2013-06-27,1.81502,1.81502,1.81502,1.81502,200,2,1170
2013-07-01,1.81502,1.81502,1.81502,1.81502,200,2,1170
2013-07-02,1.784,1.784,1.784,1.784,100,1,575
2013-07-03,1.784,1.784,1.784,1.784,100,1,575
2013-07-05,1.784,1.784,1.784,1.784,100,1,575
2013-07-10,1.85536,1.85536,1.85225,1.85225,3800,2,22687
2013-07-12,1.75297,1.75297,1.75297,1.75297,1900,3,10735
2013-07-16,1.74056,1.74056,1.74056,1.74056,100,1,561
2013-07-19,1.73746,1.73746,1.73746,1.73746,2500,3,14000
2013-07-22,1.84295,1.84605,1.84295,1.84605,900,2,5354
2013-07-23,1.77159,1.784,1.77159,1.784,200,2,1146
2013-07-25,1.7933,1.7933,1.7933,1.7933,100,1,578
2013-08-02,1.75297,1.75297,1.75297,1.75297,100,1,565
2013-08-07,1.7933,1.7933,1.7902,1.7902,2600,2,15003
2013-08-14,1.7902,1.7902,1.7871,1.7902,4000,4,23050
2013-08-19,1.73746,1.76848,1.73746,1.73746,2200,5,12340
2013-08-20,1.7902,1.7902,1.76848,1.76848,1400,2,8064
2013-08-21,1.7902,1.79641,1.7902,1.79641,4200,2,24304
2013-08-22,1.85225,1.85536,1.85225,1.85225,300,3,1792
2013-08-28,1.85536,1.85536,1.85536,1.85536,100,1,598
2013-09-04,1.76848,1.76848,1.73746,1.73746,1100,5,6260
2013-09-05,1.76848,1.76848,1.76848,1.76848,100,1,570
2013-09-09,1.76848,1.76848,1.75607,1.75607,600,2,3400
2013-09-13,1.73746,1.73746,1.73746,1.73746,100,1,560
2013-09-16,1.78089,1.79951,1.75297,1.79951,1200,7,6881
2013-09-18,1.73746,1.75607,1.73746,1.74056,2200,3,12346
2013-09-19,1.74056,1.74056,1.73746,1.73746,2000,3,11204
2013-09-20,1.73746,1.73746,1.73746,1.73746,100,1,560
2013-09-23,1.70643,1.70643,1.70643,1.70643,3500,3,19250
2013-09-25,1.72505,1.72505,1.72194,1.72194,2100,2,11656
2013-09-26,1.7902,1.7902,1.7902,1.7902,3900,3,22503
2013-10-02,1.7933,1.84915,1.7933,1.84915,2000,2,11866
2013-10-03,1.7902,1.85536,1.7902,1.85536,3100,6,18227
2013-10-08,1.84605,1.84605,1.84295,1.84605,3500,4,20800
2013-10-09,1.84295,1.84295,1.84295,1.84295,800,2,4752
2013-10-10,1.84295,1.84295,1.84295,1.84295,900,2,5346
2013-10-11,1.84295,1.84295,1.80571,1.80571,900,3,5287
2013-10-14,1.80882,1.80882,1.80882,1.80882,900,2,5247
2013-10-17,1.70953,1.71264,1.70953,1.71264,300,3,1654
2013-10-18,1.71264,1.71264,1.71264,1.71264,500,3,2760
2013-10-21,1.7871,1.7902,1.7871,1.7902,1000,2,5761
2013-10-22,1.75297,1.7902,1.75297,1.7902,1400,3,8018
2013-10-23,1.75297,1.75297,1.75297,1.75297,1500,1,8475
2013-10-28,1.75297,1.75297,1.75297,1.75297,400,3,2260
2013-10-30,1.70953,1.70953,1.70953,1.70953,700,3,3857
2013-10-31,1.70953,1.84605,1.70953,1.84605,1600,4,8904
2013-11-01,1.70953,1.70953,1.67541,1.67541,1800,6,9896
2013-11-04,1.82743,1.82743,1.82743,1.82743,100,1,589
2013-11-05,1.75297,1.75297,1.75297,1.75297,300,1,1695
2013-11-06,1.70643,1.70643,1.70643,1.70643,100,1,550
2013-11-08,1.7902,1.79951,1.7902,1.79951,1100,4,6361
2013-11-11,1.86156,1.86156,1.71264,1.71264,4100,6,24174
2013-11-12,1.71264,1.71264,1.71264,1.71264,200,1,1104
2013-11-13,1.58233,1.69092,1.56061,1.64438,1300,7,6720
2013-11-14,1.67541,1.67541,1.67541,1.67541,100,1,540
2013-11-18,1.67541,1.67541,1.67541,1.67541,300,3,1620
2013-11-26,1.67541,1.67541,1.67541,1.67541,200,2,1080
2013-11-27,1.67541,1.67541,1.67541,1.67541,100,1,540
2013-11-28,1.69092,1.69092,1.67541,1.67541,200,2,1085
2013-11-29,1.67541,1.67541,1.67541,1.67541,100,1,540
2013-12-02,1.61335,1.61335,1.61025,1.61335,13000,13,67598
2013-12-03,1.64438,1.64438,1.64438,1.64438,100,1,530
2013-12-04,1.67541,1.71884,1.57922,1.57922,7300,10,39354
2013-12-05,1.64128,1.64438,1.64128,1.64438,300,3,1589
2013-12-06,1.64438,1.64438,1.64438,1.64438,200,2,1060
2013-12-18,1.6538,1.6538,1.6538,1.6538,100,1,526
2013-12-19,1.66638,1.66638,1.66638,1.66638,200,1,1060
2013-12-20,1.66638,1.66638,1.66638,1.66638,200,2,1060
2013-12-26,1.66952,1.66952,1.66638,1.66638,5000,4,26501
2013-12-30,1.66638,1.66638,1.66638,1.66638,100,1,530
2014-01-02,1.66638,1.66638,1.66638,1.66638,100,1,530
2014-01-03,1.65066,1.66638,1.65066,1.66638,300,3,1580
2014-01-08,1.71354,1.71354,1.71354,1.71354,100,1,545
2014-01-09,1.61293,1.61293,1.60978,1.60978,700,3,3588
2014-01-10,1.6821,1.6821,1.66638,1.66638,1100,2,5880
2014-01-13,1.66638,1.66638,1.66638,1.66638,1300,5,6890
2014-01-21,1.69782,1.69782,1.69782,1.69782,2800,3,15120
2014-01-24,1.69467,1.69467,1.63493,1.65066,6600,10,35182
2014-01-30,1.63493,1.63493,1.60978,1.61921,3500,8,18079
2014-01-31,1.61921,1.61921,1.58777,1.58777,1100,4,5615
2014-02-06,1.57205,1.57205,1.57205,1.57205,300,2,1500
2014-02-07,1.60349,1.60349,1.60349,1.60349,100,1,510
2014-02-10,1.87703,1.87703,1.87703,1.87703,100,1,597
2014-02-13,1.87703,1.87703,1.87703,1.87703,100,1,597
2014-02-17,1.87703,1.87703,1.87703,1.87703,4000,2,23880
2014-02-28,1.8676,1.8676,1.86445,1.86445,3600,2,21349
2014-03-10,1.84559,1.84559,1.84559,1.84559,300,1,1761
2014-03-28,1.60349,1.60349,1.60349,1.60349,2200,4,11220
2014-03-31,1.66638,1.66952,1.66323,1.66323,300,3,1590
2014-04-03,1.65694,1.65694,1.65694,1.65694,400,4,2108
2014-04-04,1.82044,1.82044,1.63493,1.63493,9500,4,54946
2014-04-07,1.63493,1.63493,1.63493,1.63493,800,2,4160
2014-04-09,1.63493,1.63493,1.63493,1.63493,800,8,4160
2014-04-11,1.60349,1.60349,1.60349,1.60349,100,1,510
2014-04-15,1.61921,1.61921,1.61921,1.61921,700,2,3605
2014-04-17,1.61921,1.61921,1.61921,1.61921,1000,3,5150
2014-04-24,1.60349,1.60349,1.60349,1.60349,300,2,1530
2014-04-30,1.61921,1.61921,1.61921,1.61921,100,1,515
2014-05-02,1.69774,1.69774,1.69774,1.69774,100,1,518
2014-05-05,1.69774,1.69774,1.69774,1.69774,300,3,1554
2014-05-06,1.65514,1.65514,1.60597,1.60597,600,5,2980
2014-05-08,1.67152,1.67152,1.60597,1.67152,1000,7,5030
2014-05-09,1.63875,1.63875,1.48143,1.48143,900,4,4212
2014-05-12,1.61253,1.61253,1.60597,1.60597,200,2,982
2014-05-13,1.60597,1.60597,1.60597,1.60597,300,3,1470
2014-05-14,1.71085,1.73707,1.71085,1.73707,4100,3,21683
2014-05-16,1.63875,1.63875,1.63875,1.63875,600,1,3000
2014-05-21,1.71741,1.71741,1.71413,1.71413,3700,3,19352
2014-05-27,1.60925,1.60925,1.60925,1.60925,100,1,491
2014-06-06,1.60925,1.60925,1.60925,1.60925,500,4,2455
2014-06-09,1.60925,1.60925,1.60925,1.60925,100,1,491
2014-06-10,1.62236,1.62236,1.60925,1.61908,300,3,1480
2014-06-17,1.7043,1.73052,1.7043,1.7043,9900,6,52232
2014-06-25,1.50109,1.73707,1.50109,1.73707,200,2,988
2014-07-03,1.71413,1.71413,1.71413,1.71413,200,1,1046
2014-07-07,1.71413,1.71413,1.71413,1.71413,400,2,2092
2014-07-17,1.50765,1.50765,1.50765,1.50765,300,3,1380
2014-07-22,1.62236,1.62236,1.62236,1.62236,300,2,1485
2014-07-24,1.62564,1.62564,1.62564,1.62564,300,1,1488
2014-08-04,1.68791,1.68791,1.68791,1.68791,300,1,1545
2014-08-08,1.62236,1.62236,1.62236,1.62236,100,1,495
2014-08-11,1.49454,1.49454,1.49454,1.49454,300,3,1368
2014-08-12,1.65514,1.65514,1.65514,1.65514,4000,2,20200
2014-08-13,1.36672,1.36672,1.36672,1.36672,300,3,1251
2014-08-14,1.36672,1.36672,1.36672,1.36672,100,1,417
2014-08-15,1.311,1.31428,1.311,1.311,2000,10,8003
2014-08-18,1.31428,1.34377,1.31428,1.34377,1700,6,6925
2014-08-19,1.3831,1.71413,1.3831,1.67152,4200,6,21678
2014-08-21,1.71741,1.76657,1.71741,1.76657,10000,2,53870
2014-09-17,1.75346,1.75346,1.75346,1.75346,300,1,1605
2014-10-01,1.69774,1.69774,1.69774,1.69774,500,2,2590
2014-10-20,1.311,1.311,1.311,1.311,100,1,400
2014-10-22,1.06519,1.0783,1.06519,1.07502,800,7,2622
2014-10-23,1.10124,1.311,1.10124,1.311,1200,3,4160
2014-10-24,1.21267,1.21267,1.21267,1.21267,100,1,370
2014-11-05,1.24545,1.47487,1.24545,1.47487,300,3,1280
2014-11-06,1.47487,1.47487,1.47487,1.47487,400,2,1800
2014-11-07,1.63875,1.63875,1.63875,1.63875,100,1,500
2014-11-21,1.19629,1.19629,1.19629,1.19629,100,1,365
2014-11-24,1.47487,1.47487,1.47487,1.47487,100,1,450
2014-12-17,1.11107,1.11107,1.11107,1.11107,300,2,1017
2015-01-05,1.00947,1.0783,1.00947,1.0783,900,3,2793
2015-01-08,1.0783,1.0783,1.01602,1.01602,200,2,639
2015-01-09,1.0783,1.0783,1.01602,1.0783,300,3,968
2015-02-05,1.0783,1.0783,0.97342,0.97342,5300,11,16534
2015-02-06,1.14712,1.14712,1.14712,1.14712,100,1,350
2015-02-12,0.99964,0.99964,0.99964,0.99964,700,3,2135
2015-02-18,0.99964,0.99964,0.99964,0.99964,2300,2,7015
2015-02-19,0.99964,0.99964,0.99964,0.99964,500,2,1525
2015-02-20,0.99964,0.99964,0.99964,0.99964,100,1,305
2015-02-25,0.97669,0.97669,0.97669,0.97669,200,2,596
2015-02-26,0.97669,0.97669,0.97669,0.97669,200,2,596
2015-03-03,0.99964,0.99964,0.99964,0.99964,2200,3,6710
2015-03-10,1.29789,1.29789,1.29789,1.29789,100,1,396
2015-03-11,1.29789,1.29789,1.29789,1.29789,11000,1,43560
2015-03-25,1.21595,1.21595,1.21595,1.21595,100,1,371
2015-03-26,1.21595,1.21595,1.08157,1.08157,2500,6,8386
2015-03-27,1.01602,1.01602,1.01602,1.01602,2000,1,6200
2015-03-30,1.11435,1.11435,1.11435,1.11435,100,1,340
2015-03-31,1.11107,1.11107,1.01602,1.01602,4100,2,12739
2015-04-02,1.01602,1.01602,1.01602,1.01602,100,1,310
2015-04-08,1.01602,1.01602,1.01602,1.01602,400,4,1240
2015-04-10,1.10779,1.10779,1.10779,1.10779,200,2,676
2015-04-14,1.10779,1.10779,1.10779,1.10779,300,1,1014
2015-04-15,1.10779,1.10779,1.10779,1.10779,300,1,1014
2015-04-16,1.11107,1.11107,1.11107,1.11107,200,1,678
2015-04-17,1.09796,1.11435,1.09796,1.11435,2000,2,6750
2015-04-22,1.13074,1.13074,1.13074,1.13074,2000,1,6900
2015-04-23,1.16351,1.16351,1.16351,1.16351,1000,1,3550
2015-05-04,0.94009,1.01569,0.9368,0.94009,2400,9,6885
2015-05-08,0.97954,0.97954,0.97954,0.97954,100,1,298
2015-05-15,0.85463,0.85463,0.84148,0.84148,900,4,2336
2015-05-18,0.85463,0.85463,0.85463,0.85463,100,1,260
2015-05-20,0.83162,0.83162,0.79546,0.82176,2900,8,7149
2015-05-22,0.82176,0.82176,0.82176,0.82176,500,2,1250
2015-05-25,0.75602,0.81518,0.73958,0.73958,2700,11,6248
2015-05-26,0.81847,0.81847,0.81847,0.81847,1000,2,2490
2015-05-28,0.75602,0.77574,0.75602,0.77245,1700,4,3951
2015-05-29,0.77245,0.77245,0.77245,0.77245,400,1,940
2015-06-16,0.86778,0.86778,0.86778,0.86778,100,1,264
2015-06-17,0.86778,0.86778,0.86778,0.86778,100,1,264
2015-07-23,0.71329,0.71329,0.71329,0.71329,400,4,868
2015-07-29,0.71329,0.71329,0.69028,0.69028,200,2,427
2015-08-19,0.67713,0.67713,0.67713,0.67713,500,2,1030
2015-08-24,0.67713,0.67713,0.67713,0.67713,100,1,206
2015-09-08,0.68699,0.68699,0.68699,0.68699,1000,2,2090
2015-10-13,0.59824,0.59824,0.59824,0.59824,100,1,182
2015-10-19,0.69028,0.69028,0.69028,0.69028,5500,3,11550
2015-11-03,0.72315,0.72315,0.72315,0.72315,100,1,220
2015-11-18,0.5818,0.5818,0.5818,0.5818,1100,6,1947
2015-11-27,0.58838,0.58838,0.58838,0.58838,200,1,358
2015-12-10,0.55222,0.55222,0.55222,0.55222,100,1,168
2015-12-17,0.54893,0.54893,0.54893,0.54893,200,1,334
2015-12-28,0.65741,0.65741,0.65741,0.65741,200,1,400
2015-12-29,0.70671,0.73958,0.70671,0.73958,600,3,1330
2015-12-30,0.7363,0.7363,0.65741,0.65741,300,2,624
2016-02-05,0.54236,0.70342,0.54236,0.70342,300,3,544
2016-02-23,0.65741,0.65741,0.65741,0.65741,100,1,200
2016-02-25,0.65741,0.65741,0.65741,0.65741,200,1,400
2016-02-26,0.65741,0.65741,0.65741,0.65741,100,1,200
2016-02-29,0.65741,0.65741,0.65741,0.65741,100,1,200
2016-03-01,0.65741,0.65741,0.65741,0.65741,62000,5,124000
2016-03-07,0.65741,0.65741,0.65741,0.65741,100,1,200
2016-03-09,0.75602,0.75602,0.65741,0.65741,300,3,630
2016-03-10,0.65741,0.65741,0.65741,0.65741,100,1,200
2016-03-11,0.65741,0.65741,0.65741,0.65741,200,2,400
2016-04-01,0.65741,0.65741,0.65741,0.65741,400,1,800
2016-04-04,0.65741,0.65741,0.65741,0.65741,400,3,800
2016-04-05,0.65741,0.65741,0.65741,0.65741,200,1,400
2016-04-06,0.65741,0.65741,0.65741,0.65741,100,1,200
2016-04-07,0.65741,0.65741,0.65741,0.65741,500,1,1000
2016-04-08,0.65741,0.65741,0.65741,0.65741,100,1,200
2016-04-12,0.65741,0.65741,0.65741,0.65741,100,1,200
2016-04-13,0.65741,0.65741,0.65741,0.65741,100,1,200
2016-04-14,0.65741,0.65741,0.65741,0.65741,200,2,400
2016-04-15,0.65412,0.65412,0.65412,0.65412,100,1,199
2016-04-18,0.65412,0.65412,0.65412,0.65412,100,1,199
2016-04-20,0.65412,0.65412,0.65412,0.65412,100,1,199
2016-04-22,0.65412,0.65412,0.65412,0.65412,100,1,199
2016-04-25,0.65741,0.65741,0.65741,0.65741,200,2,400
2016-04-27,0.65741,0.65741,0.65741,0.65741,100,1,200
2016-04-28,0.65741,0.65741,0.65741,0.65741,100,1,200
2016-04-29,0.65741,0.65741,0.65741,0.65741,100,1,200
2016-05-11,0.65083,0.65083,0.65083,0.65083,100,1,198
2016-05-12,0.65412,0.65412,0.65412,0.65412,100,1,199
2016-05-16,0.65412,0.65412,0.65412,0.65412,100,1,199
2016-05-17,0.65412,0.65412,0.65412,0.65412,100,1,199
2016-05-18,0.6081,0.6081,0.54565,0.54893,800,5,1349
2016-05-20,0.65083,0.65741,0.65083,0.65741,51100,13,101198
2016-05-23,0.64755,0.64755,0.64755,0.64755,1000,3,1970
2016-05-24,0.64755,0.64755,0.64755,0.64755,800,2,1576
2016-05-25,0.64755,0.65083,0.64097,0.65083,51100,7,100666
2016-05-27,0.64755,0.64755,0.64755,0.64755,1000,1,1970
2016-05-30,0.64755,0.64755,0.64755,0.64755,11100,3,21867
2016-05-31,0.64426,0.64426,0.64097,0.64097,12800,3,25068
2016-06-01,0.62454,0.62454,0.62454,0.62454,100,1,190
2016-06-02,0.62454,0.62454,0.62454,0.62454,100,1,190
2016-06-09,0.59495,0.59824,0.59495,0.59495,600,4,1087
2016-06-10,0.6081,0.6081,0.5325,0.53907,3200,8,5228
2016-06-13,0.55222,0.55222,0.54236,0.54236,600,3,1005
2016-06-14,0.5325,0.5325,0.5325,0.5325,700,2,1134
2016-06-16,0.5325,0.5325,0.5325,0.5325,1600,4,2592
2016-06-17,0.5325,0.5325,0.5325,0.5325,4700,2,7614
2016-06-22,0.5325,0.5325,0.5325,0.5325,1000,2,1620
2016-06-30,0.59167,0.59167,0.50292,0.50292,500,4,819
2016-07-15,0.58509,0.58509,0.58509,0.58509,100,1,178
2016-07-18,0.57523,0.57523,0.5588,0.5588,900,4,1540
2016-07-19,0.58509,0.58838,0.58509,0.58838,200,2,357
2016-07-20,0.55551,0.55551,0.55551,0.55551,100,1,169
2016-07-21,0.55551,0.55551,0.55551,0.55551,800,4,1352
2016-07-22,0.55551,0.55551,0.55551,0.55551,2200,3,3718
2016-07-29,0.64097,0.64097,0.64097,0.64097,2000,2,3900
2016-08-01,0.65083,0.65741,0.64755,0.65412,4700,8,9328
2016-08-03,0.64755,0.64755,0.57523,0.57523,900,7,1612
2016-08-04,0.58509,0.6081,0.58509,0.6081,300,3,548
2016-08-05,0.6081,0.6081,0.58838,0.59167,2000,11,3644
2016-08-08,0.59167,0.65083,0.59167,0.65083,2100,9,3798
2016-08-09,0.65083,0.65741,0.65083,0.65083,3700,5,7356
2016-08-11,0.65741,0.65741,0.65741,0.65741,100,1,200
2016-08-15,0.65741,0.65741,0.65741,0.65741,10000,2,20000
2016-08-16,0.65741,0.65741,0.65741,0.65741,1100,4,2200
2016-08-18,0.70671,0.70671,0.70671,0.70671,1000,1,2150
2016-08-25,0.67384,0.67384,0.64426,0.64426,200,2,401
2016-08-26,0.58838,0.59167,0.58838,0.58838,10200,16,18309
2016-08-29,0.59167,0.59167,0.59167,0.59167,100,1,180
2016-08-31,0.63768,0.63768,0.63768,0.63768,100,1,194
2016-09-02,0.62454,0.62454,0.62454,0.62454,100,1,190
2016-09-08,0.62782,0.62782,0.62782,0.62782,200,2,382
2016-09-09,0.62454,0.62454,0.62454,0.62454,100,1,190
2016-09-12,0.6081,0.6081,0.6081,0.6081,200,2,370
2016-09-13,0.60481,0.6081,0.60481,0.6081,200,2,369
2016-09-20,0.6081,0.6081,0.56866,0.56866,4500,13,7914
2016-09-22,0.59167,0.59167,0.59167,0.59167,100,1,180
2016-09-23,0.6081,0.6081,0.6081,0.6081,100,1,185
2016-09-27,0.57523,0.57523,0.56537,0.56537,900,3,1551
2016-10-05,0.56537,0.56537,0.56537,0.56537,100,1,172
2016-10-11,0.5588,0.5588,0.5588,0.5588,2000,2,3400
2016-10-14,0.53907,0.53907,0.51935,0.51935,200,2,322
2016-10-18,0.54565,0.57852,0.54565,0.57523,2100,8,3661
2016-10-25,0.5818,0.5818,0.5818,0.5818,100,1,177
2016-10-26,0.5818,0.5818,0.5818,0.5818,500,1,885
2016-10-28,0.6081,0.6081,0.6081,0.6081,100,1,185
2016-11-11,0.62125,0.62125,0.62125,0.62125,100,1,189
2016-11-16,0.62454,0.62454,0.62454,0.62454,100,1,190
2016-11-18,0.62125,0.62125,0.59824,0.59824,500,2,917
2016-11-21,0.62454,0.62454,0.62454,0.62454,3100,4,5890
2016-11-22,0.62454,0.62454,0.62454,0.62454,100,1,190
2016-12-02,0.54565,0.60153,0.54565,0.5588,600,6,1033
2016-12-15,0.59167,0.59167,0.59167,0.59167,400,1,720
2016-12-19,0.59167,0.59167,0.59167,0.59167,49000,4,88200
2016-12-26,0.59167,0.59167,0.59167,0.59167,600,4,1080
2016-12-27,0.59167,0.59167,0.59167,0.59167,300,2,540
2016-12-28,0.59167,0.59167,0.59167,0.59167,400,3,720
2017-01-12,0.62454,0.62454,0.62454,0.62454,1000,2,1900
2017-01-13,0.59167,0.59167,0.5588,0.56537,15600,23,26849
2017-01-16,0.60481,0.70014,0.60481,0.69685,6100,14,11648
2017-01-17,0.69685,0.72315,0.59824,0.6081,8500,20,16723
2017-01-18,0.65412,0.65412,0.65083,0.65083,1000,5,1982
2017-01-20,0.59167,0.61467,0.59167,0.61467,900,3,1676
2017-01-23,0.70014,0.85463,0.69685,0.82176,10500,16,23140
2017-01-24,0.91708,1.31481,0.91708,0.95324,61700,131,201686
2017-01-26,1.0387,1.1669,0.95653,1.08472,23200,59,74480
2017-01-27,1.18333,1.18333,1.01898,1.09129,10900,29,37920
2017-01-30,0.95324,0.95324,0.77574,0.84805,3800,15,9740
2017-01-31,0.95324,0.95324,0.94995,0.94995,900,5,2602
2017-02-01,0.96967,0.96967,0.79546,0.8119,6000,21,15164
2017-02-02,0.79546,0.79546,0.79546,0.79546,600,5,1452
2017-02-03,0.79875,0.79875,0.79217,0.79217,300,3,725
2017-02-06,0.7856,0.7856,0.7856,0.7856,400,3,956
2017-02-07,0.78889,0.78889,0.78889,0.78889,300,2,720
2017-02-08,0.81847,0.81847,0.79217,0.79217,200,2,490
2017-02-10,0.80204,0.80204,0.80204,0.80204,1300,4,3172
2017-02-13,0.7593,0.7593,0.74616,0.74616,1900,8,4366
2017-02-14,0.70014,0.70014,0.69028,0.70014,4400,14,9281
2017-02-15,0.71,0.72315,0.70014,0.72315,2700,7,5802
2017-02-16,0.69685,0.76259,0.69685,0.76259,1300,8,2802
2017-02-21,0.76259,0.76259,0.76259,0.76259,800,3,1856
2017-02-22,0.7856,0.78889,0.7856,0.78889,200,2,479
2017-02-23,0.7856,0.7856,0.7856,0.7856,100,1,239
2017-03-02,0.70671,0.70671,0.70671,0.70671,300,2,645
2017-03-03,0.72972,0.72972,0.72972,0.72972,1000,1,2220
2017-03-06,0.75602,0.75602,0.75602,0.75602,100,1,230
2017-03-07,0.90393,0.90393,0.90393,0.90393,200,2,550
2017-03-08,0.8875,0.8875,0.8875,0.8875,200,1,540
2017-03-10,0.75602,0.75602,0.75602,0.75602,200,1,460
2017-03-13,0.75602,0.75602,0.75602,0.75602,100,1,230
2017-03-15,0.82176,0.82176,0.82176,0.82176,300,3,750
2017-03-17,0.75602,0.75602,0.70342,0.75273,400,4,887
2017-03-20,0.75602,0.75602,0.75602,0.75602,200,2,460
2017-03-24,0.75602,0.75602,0.75602,0.75602,100,1,230
2017-03-27,0.75602,0.75602,0.75602,0.75602,100,1,230
2017-03-28,0.75602,0.75602,0.75602,0.75602,600,2,1380
2017-03-29,0.7593,0.7593,0.7593,0.7593,600,3,1386
2017-03-31,0.8119,0.8119,0.80532,0.80532,200,2,492
2017-04-04,0.77245,0.77245,0.69356,0.70014,1800,7,4092
2017-04-05,0.72643,0.72643,0.72643,0.72643,200,2,442
2017-04-06,0.72972,0.72972,0.72972,0.72972,5000,5,11100
2017-04-07,0.72643,0.72643,0.72643,0.72643,300,2,663
2017-04-10,0.73301,0.75602,0.73301,0.75602,300,3,682
2017-04-19,0.70014,0.70014,0.70014,0.70014,500,3,1065
2017-04-20,0.69356,0.70014,0.69028,0.69028,2700,17,5713
2017-04-24,0.70342,0.70671,0.70342,0.70342,400,4,857
2017-04-28,0.70671,0.70671,0.70671,0.70671,200,1,430
2017-05-02,0.71329,0.72315,0.71329,0.72315,500,4,1088
2017-05-04,0.74944,0.74944,0.72315,0.72315,200,2,448
2017-05-05,0.72315,0.72315,0.69685,0.69685,2900,11,6200
2017-05-08,0.70671,0.71657,0.70671,0.71657,1200,3,2613
2017-05-09,0.75602,0.80532,0.75602,0.80532,1400,11,3280
2017-05-10,0.80532,0.82833,0.80532,0.82833,2200,7,5425
2017-05-11,0.85463,0.85463,0.82833,0.82833,200,2,512
2017-05-16,0.88092,0.88092,0.88092,0.88092,500,3,1340
2017-05-19,0.77245,0.78889,0.77245,0.78889,1600,7,3790
2017-05-23,0.75602,0.7593,0.75602,0.7593,1100,3,2531
2017-05-26,0.7593,0.7593,0.7593,0.7593,400,2,924
2017-05-30,0.73958,0.73958,0.73958,0.73958,1000,2,2250
2017-06-01,0.73301,0.73301,0.72643,0.72643,600,2,1330
2017-06-05,0.72972,0.72972,0.72643,0.72643,300,2,665
2017-06-07,0.73301,0.73301,0.72972,0.72972,1000,2,2225
2017-06-09,0.72972,0.72972,0.72972,0.72972,500,1,1110
2017-06-16,0.73958,0.75602,0.73958,0.75602,700,3,1605
2017-06-19,0.72643,0.7856,0.72643,0.7856,3800,4,8433
2017-07-03,0.78231,0.78231,0.78231,0.78231,200,2,476
2017-07-06,0.78231,0.78231,0.78231,0.78231,100,1,238
2017-07-07,0.73301,0.73958,0.70342,0.72315,3200,15,7012
2017-07-10,0.73958,0.73958,0.73958,0.73958,100,1,225
2017-07-11,0.73301,0.73301,0.73301,0.73301,1000,3,2230
2017-07-13,0.71329,0.71329,0.71329,0.71329,200,2,434
2017-07-18,0.69685,0.69685,0.69685,0.69685,1600,1,3392
2017-07-20,0.81847,0.8875,0.78889,0.78889,7300,17,18144
2017-07-21,0.84805,0.84805,0.75602,0.75602,2200,6,5116
2017-07-26,0.84477,0.84477,0.84477,0.84477,100,1,257
2017-07-27,0.82176,0.82176,0.80532,0.80532,1400,4,3480
2017-07-28,0.84805,0.84805,0.81518,0.81518,900,3,2282
2017-07-31,0.82504,0.82504,0.82504,0.82504,100,1,251
2017-08-02,0.7593,0.7593,0.75602,0.7593,3000,7,6912
2017-08-04,0.85134,0.85134,0.85134,0.85134,100,1,259
2017-08-07,0.85134,0.85134,0.85134,0.85134,200,2,518
2017-08-08,0.85463,0.98282,0.85463,0.9631,5800,15,16304
2017-08-09,0.85134,0.88092,0.85134,0.8612,3500,13,9263
2017-08-10,0.93023,0.93023,0.87106,0.87106,1400,7,3848
2017-08-16,0.84805,0.94667,0.84805,0.94667,4000,11,11214
2017-08-18,0.94667,0.97625,0.94667,0.94995,2300,6,6670
2017-08-21,0.92037,0.92037,0.91379,0.91379,2000,3,5570
2017-08-22,0.9368,0.9631,0.93023,0.93023,2300,7,6553
2017-08-23,0.96639,1.02884,0.96639,1.01898,7500,14,22756
2017-08-25,1.01898,1.01898,1.01898,1.01898,100,1,310
2017-08-29,0.98611,0.98611,0.87435,0.87435,1200,4,3566
2017-08-30,0.98611,0.98611,0.98611,0.98611,1100,3,3300
2017-09-01,1.04528,1.04528,1.04528,1.04528,1600,4,5088
2017-09-13,0.92366,0.98611,0.92037,0.98611,3500,7,9890
2017-09-15,0.97954,0.97954,0.97954,0.97954,100,1,298
2017-09-19,0.93023,0.93023,0.93023,0.93023,600,2,1698
2017-09-20,0.92694,0.92694,0.92694,0.92694,500,2,1410
2017-09-27,0.90393,0.90393,0.90393,0.90393,2400,8,6600
2017-09-28,0.97954,0.97954,0.97954,0.97954,200,2,596
2017-10-02,0.96967,0.96967,0.96967,0.96967,100,1,295
2017-10-03,0.9368,0.9368,0.92366,0.92694,1700,5,4816
2017-10-04,0.91379,0.91379,0.91379,0.91379,100,1,278
2017-10-05,0.92694,0.92694,0.92694,0.92694,1000,2,2820
2017-10-06,0.91379,0.91379,0.91379,0.91379,100,1,278
2017-10-13,0.91379,0.91708,0.91379,0.91708,400,2,1114
2017-10-16,0.91051,0.91708,0.91051,0.91708,1200,3,3327
2017-10-17,0.98282,0.98611,0.98282,0.98611,900,3,2699
2017-10-18,0.98611,0.98611,0.98611,0.98611,600,2,1800
2017-10-20,0.96967,0.97296,0.96967,0.97296,400,3,1181
2017-10-23,0.98611,0.9894,0.98611,0.98611,1100,3,3301
2017-10-24,0.96967,0.96967,0.96967,0.96967,200,2,590
2017-10-30,0.96967,0.96967,0.96967,0.96967,100,1,295
2017-11-06,0.96967,0.96967,0.96967,0.96967,200,1,590
2017-11-17,1.05185,1.20963,1.05185,1.20963,500,3,1648
2017-11-22,1.11759,1.11759,1.11759,1.11759,1300,1,4420
2017-11-23,1.11759,1.11759,1.11759,1.11759,600,1,2040
2017-12-06,1.11759,1.11759,1.11759,1.11759,200,1,680
2017-12-18,1.10773,1.10773,1.10773,1.10773,1000,1,3370
2017-12-20,1.11102,1.11102,1.11102,1.11102,200,1,676
2017-12-22,1.11759,1.11759,1.11759,1.11759,7000,4,23800
2017-12-27,1.11759,1.11759,1.11759,1.11759,200,2,680
2017-12-28,1.47916,1.47916,1.11759,1.11759,800,5,2940
2018-01-04,1.14389,1.14389,1.12088,1.12088,600,4,2074
2018-01-05,1.14389,1.14389,1.14389,1.14389,1000,2,3480
2018-01-09,1.14389,1.14389,1.14389,1.14389,200,2,696
2018-01-12,1.14389,1.14389,1.14389,1.14389,1000,2,3480
2018-01-17,1.2162,1.24907,1.2162,1.24907,2200,3,8345
2018-01-23,1.24907,1.24907,1.24907,1.24907,200,1,760
2018-01-26,1.24907,1.24907,1.24907,1.24907,500,1,1900
2018-01-30,1.28194,1.36741,1.26551,1.26551,1900,9,7603
2018-02-01,1.26222,1.26222,1.26222,1.26222,200,1,768
2018-02-09,1.31481,1.31481,1.31481,1.31481,600,2,2400
2018-02-15,1.31481,1.31481,1.31481,1.31481,300,1,1200
2018-02-16,1.31481,1.31481,1.31481,1.31481,100,1,400
2018-02-19,1.33125,1.33125,1.33125,1.33125,400,2,1620
2018-02-21,1.31481,1.32467,1.31481,1.32467,1900,2,7606
2018-03-05,1.41342,1.47588,1.41342,1.47588,1800,6,7816
2018-03-06,1.47588,1.47588,1.47588,1.47588,200,2,898
2018-03-08,1.26222,1.26222,1.26222,1.26222,100,1,384
2018-04-10,1.26551,1.26551,1.26551,1.26551,100,1,385
2018-04-17,1.26222,1.26222,1.24907,1.24907,1400,6,5333
2018-04-23,1.23264,1.23264,1.23264,1.23264,200,1,750
2018-04-26,1.24907,1.24907,1.24907,1.24907,100,1,380
2018-04-27,1.24907,1.24907,1.24907,1.24907,700,1,2660
2018-05-03,1.44629,1.44629,1.44629,1.44629,100,1,440
2018-05-04,1.44629,1.44629,1.44629,1.44629,500,2,2200
2018-05-07,1.44629,1.44629,1.44629,1.44629,100,1,440
2018-05-09,1.44629,1.44629,1.44629,1.44629,500,1,2200
2018-05-10,1.44629,1.44629,1.44629,1.44629,1000,3,4400
2018-05-11,1.44629,1.44629,1.44629,1.44629,400,3,1760
2018-05-14,1.44629,1.44629,1.44629,1.44629,200,1,880
2018-05-15,1.44629,1.44629,1.44629,1.44629,800,1,3520
2018-05-16,2.30421,2.485,2.25819,2.41926,46400,97,335165
2018-05-17,2.69537,3.78009,2.69537,3.61573,90800,250,950047
2018-05-18,3.63546,3.78009,3.15555,3.17527,24200,102,248840
2018-05-21,2.34365,2.59676,2.26148,2.35351,5600,23,40337
2018-05-22,1.97222,1.97222,1.71254,1.96564,5100,18,30512
2018-05-23,1.94592,1.97222,1.94592,1.97222,14100,13,84553
2018-05-24,1.96893,1.96893,1.74213,1.74213,500,3,2926
2018-05-28,1.64352,1.64352,1.64352,1.64352,100,1,500
2018-05-29,1.64352,1.64352,1.64352,1.64352,500,3,2500
2018-05-30,1.61065,1.61722,1.61065,1.61722,800,4,3926
2018-06-05,1.46273,1.61065,1.46273,1.61065,700,6,3205
2018-06-15,1.31481,1.36412,1.31481,1.36412,600,3,2415
2018-06-18,1.36412,1.36412,1.36412,1.36412,200,2,830
2018-06-19,1.31481,1.31481,1.31481,1.31481,200,1,800
2018-07-06,1.31481,1.31481,1.31481,1.31481,300,2,1200
2018-07-10,1.90319,1.90319,1.89004,1.89004,500,4,2888
2018-07-16,1.89004,1.89004,1.89004,1.89004,100,1,575
2018-07-17,1.64352,1.64352,1.64352,1.64352,500,2,2500
2018-07-18,1.72569,1.74213,1.72569,1.72569,500,5,2630
2018-07-19,1.64352,1.72569,1.64352,1.72569,4100,6,20636
2018-07-20,1.80787,1.80787,1.72569,1.72569,2500,4,13625
2018-07-23,1.47916,1.47916,1.47916,1.47916,1800,4,8100
2018-07-25,1.47916,1.47916,1.38384,1.38384,1100,3,4921
2018-07-26,1.57449,1.57449,1.5712,1.5712,600,5,2871
2018-07-30,1.88347,1.88347,1.86703,1.86703,400,3,2286
2018-07-31,1.83745,1.84074,1.80787,1.80787,800,6,4447
2018-08-01,1.81115,1.81115,1.81115,1.81115,100,1,551
2018-08-03,1.72898,1.72898,1.72898,1.72898,800,2,4208
2018-08-06,1.87361,1.87361,1.87361,1.87361,1000,3,5700
2018-08-07,1.87032,1.87032,1.87032,1.87032,500,4,2845
2018-08-08,1.96893,1.97222,1.96893,1.97222,1000,5,5996
2018-08-10,1.97222,1.97222,1.97222,1.97222,100,1,600
2018-08-13,1.96893,1.96893,1.7487,1.7487,1600,9,8736
2018-08-14,1.74213,1.74213,1.74213,1.74213,500,4,2650
2018-08-16,1.80787,1.97222,1.80787,1.97222,2100,13,12398
2018-08-20,1.97222,1.97222,1.97222,1.97222,1000,2,6000
2018-08-21,1.92291,1.97222,1.64352,1.72569,2100,10,10905
2018-08-22,1.96893,1.97222,1.87361,1.87361,1100,9,6500
2018-08-23,1.74541,1.87361,1.74541,1.80787,1300,7,7170
2018-08-24,1.87032,1.87361,1.87032,1.87361,1700,10,9682
2018-08-28,1.87361,1.87361,1.87361,1.87361,200,2,1140
2018-08-29,1.87361,1.93935,1.87361,1.93935,900,5,5150
2018-08-30,1.93935,1.93935,1.93935,1.93935,100,1,590
2018-08-31,1.96893,1.97222,1.80787,1.97222,1000,6,5942
2018-09-03,1.96893,1.96893,1.96893,1.96893,100,1,599
2018-09-05,1.96893,1.96893,1.96893,1.96893,600,5,3594
2018-09-06,1.96893,1.97222,1.96893,1.97222,1000,4,5991
2018-09-12,1.96893,1.96893,1.96893,1.96893,200,1,1198
2018-09-13,1.96893,1.96893,1.87361,1.87361,700,7,4028
2018-09-14,1.87361,1.87361,1.80787,1.80787,1900,5,10550
2018-09-17,1.85717,1.87361,1.85717,1.85717,1500,3,8480
2018-09-18,1.84074,1.84074,1.83745,1.83745,1800,5,10069
2018-09-19,1.83745,1.83745,1.83745,1.83745,600,2,3354
2018-09-21,1.8243,1.8243,1.8243,1.8243,400,1,2220
2018-09-24,1.83745,1.93935,1.83745,1.89004,500,4,2858
2018-09-26,1.84074,1.84074,1.79143,1.84074,600,3,3345
2018-09-27,1.82102,1.82102,1.775,1.775,1800,5,9871
2018-09-28,1.82102,1.83745,1.64352,1.67967,7400,23,38206
2018-10-01,1.775,1.83745,1.775,1.83745,1600,8,8700
2018-10-02,1.83416,1.83745,1.83416,1.83745,400,3,2233
2018-10-03,1.80787,1.92291,1.80787,1.90648,800,5,4535
2018-10-04,1.8999,1.97222,1.8999,1.97222,2600,13,15070
2018-10-09,1.95578,1.95578,1.95578,1.95578,2000,2,11900
2018-10-10,1.95578,1.97222,1.95578,1.97222,1600,5,9525
2018-10-15,1.81115,1.96564,1.81115,1.93935,2600,13,14693
2018-10-16,1.95578,1.95578,1.80787,1.90648,2900,10,16444
2018-10-17,1.89004,1.96893,1.84074,1.86046,1800,11,10387
2018-10-18,1.93277,1.93277,1.80458,1.80458,2400,14,13454
2018-10-19,1.80458,1.97222,1.80458,1.93935,5100,19,29304
2018-10-22,1.97222,1.97222,1.84074,1.89004,2400,11,13614
2018-10-23,1.89004,1.97222,1.86703,1.86703,1100,10,6364
2018-10-24,1.93935,1.93935,1.93935,1.93935,100,1,590
2018-10-25,1.97222,1.97222,1.87361,1.93277,1000,6,5768
2018-10-26,1.93277,1.93606,1.92949,1.92949,800,5,4705
2018-10-29,1.97222,1.97222,1.84402,1.84402,3200,7,18280
2018-10-30,1.97222,1.97222,1.89004,1.92291,6000,16,34741
2018-10-31,1.96893,1.96893,1.89004,1.9262,2700,9,15783
2018-11-01,1.94921,1.97222,1.9262,1.97222,2500,11,14917
2018-11-05,1.95578,1.97222,1.80787,1.80787,2400,9,14199
2018-11-06,1.82759,1.97222,1.82759,1.97222,2800,9,16415
2018-11-07,1.90648,1.97222,1.8769,1.93277,2300,12,13310
2018-11-08,1.97222,1.97222,1.87361,1.87361,1800,7,10604
2018-11-09,1.9525,1.9525,1.81444,1.90648,2500,11,14544
2018-11-12,1.90977,1.90977,1.85717,1.90319,600,5,3450
2018-11-13,1.84074,1.8999,1.84074,1.8999,300,2,1698
2018-11-14,1.8999,1.92291,1.8999,1.92291,2500,6,14468
2018-11-16,1.92291,1.97222,1.91963,1.97222,2700,8,15844
2018-11-19,1.95578,1.95578,1.9262,1.93935,1000,6,5900
2018-11-21,1.97222,1.97222,1.84731,1.94592,1800,8,10636
2018-11-22,1.87361,1.94592,1.8506,1.8506,1500,7,8643
2018-11-23,1.94592,1.97222,1.84731,1.97222,4900,14,29139
2018-11-26,1.97222,1.97222,1.87361,1.95578,1000,6,5798
2018-11-27,1.85717,1.9525,1.84402,1.94264,1400,7,7963
2018-11-28,1.93935,1.94264,1.93935,1.93935,1900,5,11211
2018-11-29,1.93935,1.93935,1.93935,1.93935,200,2,1180
2018-11-30,1.87361,1.90648,1.84402,1.8506,4800,14,27108
2018-12-03,1.95578,1.95578,1.85717,1.85717,1800,9,10554
2018-12-04,1.93935,1.95578,1.8506,1.9525,4900,16,28232
2018-12-05,1.8769,1.91963,1.87361,1.91963,1200,7,6966
2018-12-06,1.97222,1.97222,1.95578,1.95578,1200,5,7150
2018-12-07,1.95578,1.97222,1.95578,1.95578,1300,4,7740
2018-12-10,1.95578,1.95578,1.85389,1.9525,5100,25,29266
2018-12-11,1.87361,1.95578,1.87361,1.94921,1500,9,8706
2018-12-12,1.94921,1.97222,1.85717,1.86046,4800,22,27537
2018-12-13,1.97222,1.97222,1.85717,1.92291,2900,10,16565
2018-12-14,1.95907,1.95907,1.90648,1.94264,2400,11,14156
2018-12-17,1.93552,1.93552,1.88589,1.91898,3200,12,18286
2018-12-18,1.95207,2.0811,1.95207,2.07448,2100,11,12617
2018-12-19,2.08441,2.08441,1.98515,1.98515,500,5,3030
2018-12-20,2.08441,2.08441,1.91898,2.07448,1900,10,11315
2018-12-21,2.08441,2.31601,2.08441,2.27962,4000,23,27150
2018-12-26,2.27962,2.28292,2.27962,2.27962,1000,4,6893
2018-12-27,2.23329,2.28292,2.23329,2.28292,900,5,6175
2018-12-28,2.10095,2.26638,2.10095,2.26638,1000,6,6700
2019-01-02,2.32924,2.48144,2.12742,2.24984,7900,32,54412
2019-01-03,2.38218,2.38218,2.3491,2.38218,2200,9,15713
2019-01-04,2.38218,2.38218,2.37887,2.37887,1000,5,7199
2019-01-07,2.37556,2.44835,2.37556,2.44835,2200,6,15864
2019-01-08,2.44835,2.44835,2.41527,2.44835,1000,5,7370
2019-01-09,2.44835,2.44835,2.43512,2.44835,600,6,4434
2019-01-10,2.31932,2.44835,2.24984,2.24984,900,4,6322
2019-01-11,2.25315,2.44835,2.25315,2.41527,2300,12,16170
2019-01-14,2.38218,2.44835,2.38218,2.44835,2000,11,14573
2019-01-15,2.44835,2.69981,2.44835,2.66672,2300,12,17504
2019-01-16,2.5807,2.64356,2.5807,2.64356,300,2,2359
2019-01-17,2.64356,2.64356,2.31601,2.35902,13000,72,93536
2019-01-18,2.47151,2.47482,2.3127,2.3127,4800,24,34482
2019-01-21,2.44835,2.44835,2.28292,2.34248,600,6,4251
2019-01-22,2.30939,2.38218,2.30939,2.3127,2400,7,16791
2019-01-23,2.38218,2.38218,2.31601,2.31601,1400,10,9881
2019-01-24,2.41527,2.41527,2.41527,2.41527,500,3,3650
2019-01-28,2.41527,2.41527,2.31601,2.31601,500,4,3570
2019-01-29,2.28623,2.34248,2.28623,2.29947,600,5,4202
2019-01-30,2.3491,2.3491,2.29947,2.31601,400,4,2814
2019-01-31,2.29947,2.31601,2.26638,2.31601,1600,5,11140
2019-02-04,2.21675,2.31601,2.15058,2.31601,1800,15,12275
2019-02-05,2.24984,2.31601,2.24984,2.26638,1800,14,12374
2019-02-06,2.26638,2.30939,2.11749,2.17705,8200,35,53818
2019-02-07,2.29947,2.31601,2.15058,2.15058,2200,16,14547
2019-02-08,2.27962,2.31601,2.1572,2.16712,800,4,5316
2019-02-11,2.31601,2.31601,2.0414,2.21675,3400,10,23023
2019-02-12,2.24653,2.24653,2.15058,2.24322,700,5,4607
2019-02-13,2.15058,2.16712,2.11749,2.15058,4100,20,26619
2019-02-14,2.15058,2.15058,2.1208,2.1208,2300,12,14792
2019-02-15,2.08772,2.08772,2.05794,2.06787,2700,13,16905
2019-02-18,2.13404,2.13404,2.05132,2.05132,2600,9,16290
2019-02-19,2.06787,2.06787,1.98846,2.00831,700,6,4328
2019-02-20,2.08441,2.08441,2.01824,2.01824,800,8,4999
2019-02-22,1.98846,2.01824,1.98846,2.01824,400,4,2413
2019-02-25,1.99177,2.01824,1.98846,2.01824,300,3,1813
2019-02-26,1.99177,2.01824,1.99177,2.01824,800,4,4856
2019-02-28,1.98846,2.01824,1.98515,1.99177,1000,6,6039
2019-03-06,1.98515,2.08441,1.98515,2.08441,400,3,2455
2019-03-07,1.98846,2.07448,1.89251,2.07448,2300,9,13646
2019-03-08,2.03478,2.07117,2.03478,2.07117,1100,2,6776
2019-03-11,2.07117,2.07117,1.99177,2.06125,700,5,4311
2019-03-12,2.00831,2.07117,2.00831,2.07117,1200,5,7303
2019-03-13,2.06787,2.06787,2.06787,2.06787,100,1,625
2019-03-14,2.00169,2.00169,2.00169,2.00169,700,1,4235
2019-03-15,1.93883,1.9653,1.92891,1.9653,1900,12,11196
2019-03-18,1.96861,1.97192,1.96861,1.96861,1200,7,7143
2019-03-19,1.96861,1.98515,1.91898,1.95207,3000,12,17654
2019-03-20,2.01824,2.01824,2.01493,2.01493,400,2,2439
2019-03-22,2.00169,2.00169,1.98515,1.98515,200,2,1205
2019-03-25,1.98515,1.98515,1.98515,1.98515,300,1,1800
2019-03-26,1.97192,1.97192,1.97192,1.97192,600,1,3576
2019-03-27,1.98515,1.98515,1.90905,1.90905,500,4,2977
2019-03-29,1.92229,1.92229,1.92229,1.92229,500,2,2905
2019-04-01,1.9256,1.9256,1.92229,1.92229,800,2,4653
2019-04-03,1.92229,1.92229,1.92229,1.92229,400,3,2324
2019-04-04,1.92229,1.92229,1.92229,1.92229,600,1,3486
2019-04-05,1.91898,1.92229,1.91567,1.91567,2400,6,13924
2019-04-08,1.89582,1.89582,1.89251,1.89251,400,2,2289
2019-04-09,1.8892,1.8892,1.88589,1.88589,600,2,3421
2019-04-11,1.89582,1.89582,1.89582,1.89582,100,1,573
2019-04-12,1.97192,1.98184,1.97192,1.98184,1000,2,5987
2019-04-16,2.00169,2.07117,2.00169,2.07117,600,4,3693
2019-04-17,2.13404,2.13404,1.95537,1.98184,4800,10,28621
2019-04-18,2.02816,2.11749,2.02816,2.11749,300,3,1893
2019-04-22,1.98846,1.98846,1.95207,1.95207,900,3,5393
2019-04-26,1.95207,1.95868,1.95207,1.95868,300,3,1773
2019-04-30,1.95207,2.01824,1.95207,1.98515,700,4,4192
2019-05-02,1.98515,1.98515,1.98515,1.98515,1100,3,6600
2019-05-03,1.98515,1.98515,1.98515,1.98515,100,1,600
2019-05-06,2.00831,2.14396,2.00831,2.02155,1400,5,8760
2019-05-07,2.13404,2.13404,2.11419,2.11419,800,3,5124
2019-05-08,2.11088,2.11088,1.98846,2.01824,1400,7,8562
2019-05-09,1.98515,1.98515,1.98515,1.98515,200,1,1200
2019-05-10,2.02072,2.02072,2.02072,2.02072,300,1,1725
2019-05-13,2.02423,2.02423,2.02072,2.02072,200,2,1151
2019-05-14,2.16481,2.21401,2.14372,2.16832,1300,5,8015
2019-05-15,2.10858,2.10858,2.10858,2.10858,100,1,600
2019-05-16,2.07343,2.07343,2.07343,2.07343,500,2,2950
2019-05-17,2.05586,2.05586,2.05586,2.05586,300,1,1755
2019-05-21,1.96801,1.97855,1.93286,1.93286,2400,13,13330
2019-05-31,1.93286,1.93286,1.93286,1.93286,2600,2,14300
2019-06-04,1.96801,1.96801,1.96801,1.96801,100,1,560
2019-06-06,1.89772,1.89772,1.89772,1.89772,200,2,1080
2019-06-07,1.86609,1.86609,1.80986,1.85906,1900,8,9991
2019-06-10,1.90826,1.90826,1.83446,1.83446,600,4,3234
2019-06-11,1.83446,1.83446,1.76418,1.76418,1200,6,6137
2019-06-12,1.92583,1.92583,1.86258,1.91178,900,5,4867
2019-06-14,1.91529,1.91529,1.89421,1.91529,600,4,3264
2019-06-17,1.77472,1.77472,1.77472,1.77472,100,1,505
2019-06-19,1.92935,1.93286,1.92232,1.92232,1200,4,6591
2019-06-24,1.83446,1.83446,1.83446,1.83446,600,4,3132
2019-06-25,1.92232,1.92232,1.91529,1.91881,1100,5,6007
2019-06-26,1.91881,1.93286,1.91881,1.93286,800,6,4378
2019-06-27,1.85906,1.93286,1.83798,1.93286,500,4,2682
2019-06-28,1.85906,1.93286,1.85906,1.93286,1600,5,8777
2019-07-02,1.93286,2.10155,1.93286,2.10155,3000,10,16827
2019-07-03,2.10506,2.10506,1.96801,2.06289,2600,13,14931
2019-07-04,1.90123,1.91881,1.90123,1.91529,1200,7,6513
2019-07-05,1.90826,1.90826,1.90826,1.90826,600,2,3258
2019-07-08,2.06641,2.07343,2.06289,2.07343,600,5,3533
2019-07-10,2.07343,2.07343,2.03829,2.03829,3800,11,22355
2019-07-11,2.03829,2.07343,2.03829,2.07343,600,2,3530
2019-07-12,1.93989,1.98206,1.93989,1.98206,200,2,1116
2019-07-15,2.07343,2.07343,2.06992,2.06992,900,4,5307
2019-07-16,2.06992,2.06992,2.06992,2.06992,100,1,589
2019-07-17,2.06641,2.06992,1.93989,1.98558,600,6,3472
2019-07-18,2.03829,2.03829,2.03829,2.03829,100,1,580
2019-07-19,2.03829,2.06641,2.03829,2.06641,500,4,2916
2019-07-23,1.98206,1.98206,1.98206,1.98206,200,1,1128
2019-07-24,2.03829,2.03829,2.03829,2.03829,1700,4,9860
2019-07-25,2.01721,2.01721,2.01721,2.01721,200,1,1148
2019-07-26,2.02072,2.02423,2.00315,2.02423,800,5,4600
2019-07-29,2.08749,2.08749,2.08749,2.08749,600,1,3564
2019-07-31,2.08749,2.08749,2.08749,2.08749,300,3,1782
2019-08-01,1.98909,2.17886,1.98909,2.16832,2800,14,17184
2019-08-02,2.10858,2.10858,2.10858,2.10858,200,2,1200
2019-08-05,2.00315,2.00315,2.00315,2.00315,100,1,570
2019-08-06,1.98558,1.98558,1.98558,1.98558,100,1,565
2019-08-07,1.98909,1.99261,1.80283,1.80283,1700,12,9317
2019-08-09,1.93286,1.93286,1.93286,1.93286,100,1,550
2019-08-12,1.98558,1.98558,1.86609,1.88015,1900,5,10671
2019-08-13,1.88366,1.88366,1.88366,1.88366,100,1,536
2019-08-14,1.83095,1.83095,1.83095,1.83095,100,1,521
2019-08-15,1.80986,1.80986,1.80986,1.80986,1700,5,8755
2019-08-16,1.79229,1.79229,1.79229,1.79229,300,2,1530
2019-08-22,1.79932,1.79932,1.79581,1.79932,300,3,1535
2019-08-23,1.80283,1.80283,1.80283,1.80283,200,2,1026
2019-08-26,1.82743,1.82743,1.82743,1.82743,1200,2,6240
2019-08-28,1.92935,1.92935,1.92935,1.92935,200,1,1098
2019-08-29,1.92935,1.92935,1.92935,1.92935,100,1,549
2019-08-30,1.80283,1.86258,1.80283,1.86258,400,2,2086
2019-09-02,1.86258,1.96801,1.86258,1.96801,300,2,1620
2019-09-03,1.96098,1.96098,1.86258,1.86258,300,2,1618
2019-09-05,1.92583,1.92583,1.92583,1.92583,100,1,548
2019-09-06,1.80283,1.82743,1.80283,1.82743,400,3,2073
2019-09-09,1.83095,1.84852,1.83095,1.84501,1500,6,7844
2019-09-10,1.84852,1.84852,1.84852,1.84852,100,1,526
2019-09-11,1.84852,1.84852,1.84852,1.84852,100,1,526
2019-09-16,1.88015,1.88015,1.86258,1.86258,500,2,2660
2019-09-17,1.97855,1.99261,1.97855,1.99261,200,2,1130
2019-09-19,1.99261,1.99261,1.98558,1.98558,300,2,1699
2019-09-20,1.93286,1.97152,1.88015,1.97152,400,4,2183
2019-09-23,1.97503,1.97503,1.97503,1.97503,100,1,562
2019-09-24,1.99261,2.07343,1.99261,2.07343,3000,14,17409
2019-09-25,2.10858,3.14529,2.10858,2.42486,79700,417,607298
2019-09-26,2.42486,2.46352,2.10858,2.20698,14600,81,94270
2019-09-27,2.21401,2.21401,1.96801,1.97855,4800,30,27981
2019-09-30,2.02423,2.02775,1.93286,2.01721,5900,19,33472
2019-10-01,2.01721,2.01721,2.00315,2.00315,500,4,2854
2019-10-02,1.90123,1.92583,1.90123,1.92583,900,6,4896
2019-10-03,1.92232,1.93286,1.92232,1.93286,1700,12,9344
2019-10-04,1.93638,1.93638,1.89772,1.92232,1300,5,7114
2019-10-07,1.86258,1.99612,1.80635,1.81338,4400,21,22899
2019-10-08,1.85203,1.87663,1.82743,1.82743,1400,9,7370
2019-10-09,1.83446,1.83446,1.83095,1.83095,200,2,1043
2019-10-11,1.83446,1.86258,1.83446,1.86258,500,3,2642
2019-10-14,1.90826,1.90826,1.89069,1.89069,300,3,1619
2019-10-15,1.83798,1.83798,1.83446,1.83446,4600,15,24053
2019-10-16,1.90826,1.90826,1.90826,1.90826,100,1,543
2019-10-17,1.83446,1.83446,1.83446,1.83446,500,2,2610
2019-10-18,1.86961,1.86961,1.83446,1.86258,700,6,3690
2019-10-21,1.86609,1.86961,1.86609,1.86961,400,2,2126
2019-10-22,1.87663,1.89421,1.87663,1.88366,1700,7,9092
2019-10-23,1.88718,1.96449,1.86961,1.95746,2500,13,13523
2019-10-24,1.96801,1.96801,1.90123,1.95746,1700,13,9386
2019-10-25,2.01018,2.14372,2.01018,2.06641,600,6,3524
2019-10-28,2.06641,2.06641,2.03829,2.03829,600,5,3488
2019-10-29,2.00315,2.00315,1.93286,1.93286,800,5,4442
2019-10-30,1.93286,1.96801,1.93286,1.96801,200,2,1110
2019-10-31,1.93286,1.93286,1.93286,1.93286,100,1,550
2019-11-01,1.95043,2.04181,1.95043,2.03829,1000,9,5664
2019-11-04,2.20698,2.20698,1.90475,1.93286,1600,12,8908
2019-11-05,1.93286,2.10858,1.88015,2.10858,2400,11,13370
2019-11-06,2.06992,2.06992,1.96801,1.97152,500,4,2850
2019-11-07,1.96801,2.03478,1.96801,2.03478,500,5,2862
2019-11-08,1.98558,1.98558,1.98558,1.98558,100,1,565
2019-11-11,1.90475,1.98558,1.90475,1.91529,400,3,2217
2019-11-12,1.91881,2.01369,1.91881,2.01369,400,4,2212
2019-11-13,2.09452,2.09452,1.97503,2.00315,1200,11,6984
2019-11-14,1.99963,2.03829,1.96801,2.03829,1100,5,6199
2019-11-18,1.98558,1.98558,1.96098,1.96098,700,4,3933
2019-11-19,2.03829,2.03829,1.95746,1.95746,400,2,2251
2019-11-21,2.02072,2.02072,2.02072,2.02072,100,1,575
2019-11-22,1.91881,1.92583,1.91529,1.92232,1000,6,5457
2019-11-25,1.92935,1.95395,1.91529,1.91881,900,7,4937
2019-11-26,1.91881,1.91881,1.89772,1.89772,900,3,4871
2019-11-27,1.89772,1.89772,1.89772,1.89772,100,1,540
2019-11-28,1.91881,1.91881,1.84501,1.89772,3900,12,20707
2019-11-29,1.91529,1.91529,1.84501,1.84501,2700,8,14650
2019-12-02,1.98558,1.98558,1.98558,1.98558,100,1,565
2019-12-03,1.96801,1.96801,1.96801,1.96801,100,1,560
2019-12-04,1.87663,1.99963,1.87312,1.99963,500,5,2706
2019-12-05,1.91881,1.98558,1.91529,1.98558,400,4,2202
2019-12-06,1.95395,2.00315,1.95043,2.00315,2500,8,14032
2019-12-09,1.92232,2.00315,1.92232,2.00315,400,2,2211
2019-12-10,1.93638,2.00315,1.93286,2.00315,600,3,3324
2019-12-11,1.93286,2.02423,1.93286,2.02423,1100,8,6224
2019-12-12,1.95395,2.01018,1.93286,1.98558,2100,8,11689
2019-12-13,2.03478,2.03478,2.01018,2.03126,700,4,4024
2019-12-16,1.96801,2.06641,1.95043,2.06289,2100,7,11839
2019-12-17,2.06992,2.06992,2.02072,2.02072,3500,11,20331
2019-12-18,2.06992,2.10858,2.06992,2.10506,3300,16,19714
2019-12-19,2.04181,2.18238,2.04181,2.18238,10300,37,62134
2019-12-20,2.19643,2.46001,2.19643,2.32998,14400,51,93756
2019-12-23,2.42486,2.51975,2.34052,2.47055,6600,24,45511
2019-12-26,2.44946,2.52326,2.38972,2.52326,5500,19,38976
2019-12-27,2.23509,2.52326,2.23509,2.52326,1300,9,8873
2019-12-30,2.70601,2.70601,2.46704,2.46704,1700,12,12521
2020-01-02,2.46001,2.46352,2.44244,2.44946,700,7,4890
2020-01-03,2.49164,2.49164,2.42486,2.42486,1900,10,13320
2020-01-06,2.42486,2.42486,2.31241,2.38972,3300,14,21918
2020-01-07,2.28429,2.28429,2.28429,2.28429,1300,4,8450
2020-01-08,2.45649,2.45649,2.21752,2.21752,1300,5,8988
2020-01-09,2.21401,2.40729,2.21401,2.40729,1200,6,7619
2020-01-10,2.30889,2.41784,2.30889,2.41081,1000,6,6777
2020-01-13,2.44595,2.44595,2.44595,2.44595,300,2,2088
2020-01-14,2.42838,2.44595,2.42486,2.44595,700,7,4850
2020-01-16,2.44244,2.44244,2.31592,2.32646,1200,8,8034
2020-01-17,2.34052,2.41784,2.34052,2.40729,8500,11,58198
2020-01-20,2.32998,2.44244,2.32998,2.43892,2100,11,14244
2020-01-21,2.44595,2.44595,2.44244,2.44595,2100,8,14613
2020-01-22,2.44244,2.44946,2.44244,2.44946,800,5,5569
2020-01-23,2.42486,2.54786,2.42486,2.49515,1300,6,9212
2020-01-24,2.56544,2.67086,2.55841,2.63572,14700,43,109603
2020-01-27,2.63572,2.81144,2.63572,2.81144,2400,16,18657
2020-01-28,2.92389,2.96958,2.81144,2.93092,1200,11,9878
2020-01-29,2.93092,2.94849,2.81144,2.94849,2800,16,23118
2020-01-30,2.94849,2.94849,2.81144,2.81144,1100,8,8849
2020-01-31,2.80089,2.81144,2.55841,2.55841,600,5,4663
2020-02-03,2.80792,2.92741,2.56895,2.70952,2700,24,21464
2020-02-04,2.68844,2.94849,2.68844,2.93092,700,5,5577
2020-02-05,2.94849,2.94849,2.72709,2.75872,600,5,4780
2020-02-07,2.75872,2.75872,2.74115,2.74115,200,2,1565
2020-02-10,2.61464,2.61464,2.60058,2.60058,400,4,2968
2020-02-11,2.60409,2.61815,2.60409,2.61815,600,2,4450
2020-02-13,2.60058,2.60058,2.60058,2.60058,100,1,740
2020-02-14,2.75521,2.75521,2.75521,2.75521,200,1,1568
2020-02-17,2.76927,2.76927,2.76927,2.76927,100,1,788
2020-02-18,2.76927,2.80441,2.55138,2.55138,1400,12,10514
2020-02-19,2.60058,2.60058,2.60058,2.60058,100,1,740
2020-02-20,2.70249,2.70249,2.70249,2.70249,100,1,769
2020-02-21,2.56544,2.56544,2.53029,2.53029,2200,9,15876
2020-02-27,2.18589,2.40729,2.18589,2.20346,1300,11,8221
2020-02-28,2.16481,2.17886,2.11561,2.17886,1000,5,6166
2020-03-02,2.42486,2.42486,2.42486,2.42486,200,2,1380
2020-03-03,2.49515,2.49866,2.49515,2.49866,1000,3,7101
2020-03-04,2.53029,2.58301,2.46001,2.46001,300,3,2155
2020-03-06,2.45298,2.45298,2.45298,2.45298,500,1,3490
2020-03-09,2.11561,2.11561,1.97152,1.97152,1400,5,8344
2020-03-13,2.10858,2.10858,2.10858,2.10858,300,2,1800
2020-03-16,2.03829,2.03829,2.03126,2.03126,300,3,1737
2020-03-19,1.89772,1.89772,1.89772,1.89772,200,2,1080
2020-03-24,1.75715,1.75715,1.75715,1.75715,100,1,500
2020-03-25,1.55683,1.75012,1.55683,1.75012,2000,11,9415
2020-03-26,1.5252,1.93286,1.5252,1.77472,1300,9,6550
2020-03-27,1.75715,1.75715,1.73606,1.75715,800,7,3983
2020-03-30,1.93286,1.93286,1.67632,1.67632,400,4,2047
2020-03-31,1.67632,1.67632,1.67632,1.67632,400,1,1908
2020-04-01,1.73958,1.73958,1.73958,1.73958,100,1,495
2020-04-02,1.63766,1.63766,1.58143,1.58143,1300,4,5882
2020-04-03,1.53926,1.53926,1.53926,1.53926,100,1,438
2020-04-07,1.53926,1.53926,1.53926,1.53926,400,1,1752
2020-04-13,1.476,1.51115,1.46898,1.50763,1300,4,5463
2020-04-14,1.50763,1.51115,1.47952,1.47952,2000,9,8569
2020-04-15,1.41275,1.57792,1.41275,1.57792,200,2,851
2020-04-16,1.5744,1.5744,1.56035,1.56035,1100,4,4888
2020-04-17,1.54278,1.54278,1.4268,1.54278,1500,9,6295
2020-04-20,1.47952,1.47952,1.47952,1.47952,2100,6,8841
2020-04-22,1.51818,1.71849,1.51818,1.58495,3100,13,13807
2020-04-23,1.58495,1.66929,1.58143,1.66929,1800,7,8251
2020-04-24,1.4268,1.4268,1.41275,1.41978,1500,6,6044
2020-04-28,1.58143,1.65172,1.58143,1.65172,200,2,920
2020-04-29,1.66578,1.68335,1.599,1.599,2400,9,11432
2020-04-30,1.6974,1.75715,1.6974,1.75715,600,5,2983
2020-05-05,1.76066,1.79229,1.76066,1.79229,200,2,1011
2020-05-06,1.53926,1.61658,1.53223,1.53223,2000,12,8815
2020-05-07,1.43735,1.43735,1.43735,1.43735,100,1,409
2020-05-08,1.43032,1.43032,1.43032,1.43032,100,1,407
2020-05-11,1.52872,1.53926,1.5252,1.53575,1200,9,5230
2020-05-12,1.43383,1.75012,1.43383,1.68686,800,8,3825
2020-05-13,1.66929,1.66929,1.66929,1.66929,100,1,475
2020-05-15,1.54629,1.54629,1.54629,1.54629,100,1,440
2020-05-18,1.43383,1.476,1.43383,1.476,400,3,1654
2020-05-19,1.45843,1.61658,1.45843,1.61658,300,3,1295
2020-05-20,1.58143,1.58143,1.58143,1.58143,100,1,450
2020-05-21,1.599,1.93286,1.599,1.87312,3000,13,14549
2020-05-26,1.75715,1.87312,1.72201,1.72903,3500,21,17460
2020-05-27,1.74309,1.74309,1.72201,1.72201,300,3,1480
2020-05-28,1.599,1.82041,1.599,1.6482,500,5,2379
2020-05-29,1.82041,1.82041,1.65172,1.76769,800,7,4003
2020-06-01,1.76769,1.77472,1.68686,1.6974,1200,6,5857
2020-06-02,1.70443,1.70443,1.6974,1.70443,1200,8,5818
2020-06-03,1.68686,1.68686,1.68686,1.68686,100,1,480
2020-06-04,1.69038,1.69038,1.68686,1.68686,400,3,1923
2020-06-05,1.62009,1.6482,1.61658,1.6482,400,4,1850
2020-06-08,1.65172,1.70443,1.65172,1.70443,600,3,2875
2020-06-09,1.70443,1.86258,1.70443,1.86258,2000,12,10263
2020-06-10,1.77121,1.82743,1.77121,1.82743,300,2,1544
2020-06-12,1.60603,1.81689,1.60603,1.81689,1300,6,6387
2020-06-15,1.80986,1.80986,1.69038,1.69038,300,3,1477
2020-06-16,1.78175,1.78175,1.77472,1.78175,1400,3,7078
2020-06-17,1.75715,1.78175,1.75715,1.76066,1600,9,8012
2020-06-18,1.69038,2.41081,1.69038,2.12615,6400,44,37993
2020-06-19,2.50921,2.94498,2.39324,2.39324,21800,124,159519
2020-06-22,2.81144,2.81144,2.46352,2.56895,20000,75,154908
2020-06-23,2.46001,2.46001,2.29132,2.29132,300,3,2004
2020-06-24,2.63221,2.63221,2.24915,2.25266,6100,27,41522
2020-06-25,2.25266,2.25266,2.25266,2.25266,600,6,3846
2020-06-26,2.49515,2.56544,2.42486,2.49515,4000,22,28268
2020-06-29,2.49515,2.63572,2.49515,2.63572,400,3,2880
2020-06-30,2.63572,2.63572,2.63572,2.63572,2900,10,21750
2020-07-01,2.77629,2.81144,2.49515,2.49515,8400,34,65634
2020-07-02,3.2,4.05,2.81,3.61,370800,980,1380649
2020-07-03,3.74,3.75,3.2,3.44,251600,583,873286
2020-07-06,3.62,3.69,3.33,3.4,88800,294,305123
2020-07-07,3.39,3.39,3.25,3.3,46600,151,153427
2020-07-08,3.3,3.33,3.14,3.17,82100,255,262034
2020-07-09,3.14,3.18,2.97,3.12,64100,182,196887
2020-07-10,3.11,3.18,3.05,3.13,23700,71,74281
2020-07-13,3.1,3.19,3.08,3.11,49100,114,153731
2020-07-14,3.07,3.15,3.01,3.04,39600,102,122164
2020-07-15,3.15,3.15,2.98,3.05,41900,133,126124
2020-07-16,3.02,3.03,2.94,2.99,32300,100,96412
2020-07-17,2.99,3.05,2.97,2.98,17800,65,53471
2020-07-20,2.96,2.98,2.91,2.94,16300,80,47885
2020-07-21,2.9,2.93,2.8,2.88,47900,142,136866
2020-07-22,2.88,2.88,2.72,2.8,47000,106,131261
2020-07-23,2.75,2.75,2.65,2.72,33300,82,90434
2020-07-24,2.66,2.71,2.53,2.67,16600,51,43983
2020-07-27,2.59,2.72,2.59,2.67,23400,45,62951
2020-07-28,2.67,2.67,2.59,2.59,9200,29,24029
2020-07-29,2.7,2.7,2.51,2.53,14500,49,37627
2020-07-30,2.54,2.54,2.49,2.5,20000,41,50023
2020-07-31,2.51,2.72,2.4,2.52,27500,99,70120
2020-08-03,2.52,2.52,2.44,2.5,10900,41,27132
2020-08-04,2.46,2.46,2.39,2.42,4800,27,11647
2020-08-05,2.45,2.45,2.34,2.38,13500,60,31981
2020-08-06,2.38,2.41,2.34,2.35,6600,24,15682
2020-08-07,2.38,2.4,2.3,2.34,11700,47,27621
2020-08-10,2.34,2.44,2.31,2.37,20300,57,47753
2020-08-11,2.37,2.44,2.37,2.39,10000,37,23949
2020-08-12,2.45,2.48,2.42,2.42,10900,24,26542
2020-08-13,2.43,2.45,2.42,2.42,19700,20,47909
2020-08-14,2.42,2.42,2.38,2.42,17000,29,40810
2020-08-17,2.38,2.38,2.3,2.34,4500,26,10490
2020-08-18,2.32,2.38,2.3,2.33,18800,45,43675
2020-08-19,2.33,2.35,2.2,2.31,8900,40,20108
2020-08-20,2.31,2.32,2.27,2.32,3400,18,7807
2020-08-21,2.31,2.31,2.28,2.3,1600,12,3670
2020-08-24,2.3,2.36,2.25,2.36,4200,18,9792
2020-08-25,2.39,2.59,2.37,2.49,31200,101,77723
2020-08-26,2.5,2.51,2.41,2.45,7500,22,18464
2020-08-27,2.34,2.44,2.34,2.35,11700,14,27520
2020-08-28,2.4,2.41,2.34,2.39,5300,24,12618
2020-08-31,2.4,2.4,2.33,2.35,6500,23,15329
2020-09-01,2.3,2.45,2.3,2.35,11100,29,26273
2020-09-02,2.35,2.39,2.31,2.37,9600,26,22308
2020-09-03,2.37,2.37,2.3,2.34,12800,33,29913
2020-09-04,2.35,2.35,2.21,2.32,8700,19,20039
2020-09-08,2.3,2.3,2.23,2.3,7300,29,16591
2020-09-09,2.26,2.3,2.24,2.25,4400,19,9920
2020-09-10,2.26,2.3,2.12,2.26,14500,46,31866
2020-09-11,2.2,2.2,2.18,2.18,2200,8,4820
2020-09-14,2.3,2.3,2.18,2.29,10000,32,22316
2020-09-15,2.22,2.26,2.22,2.25,9900,29,22171
2020-09-16,2.25,2.25,2.22,2.25,7500,23,16784
2020-09-17,2.25,2.25,2.21,2.22,9200,13,20425
2020-09-18,2.22,2.22,2.15,2.2,2800,15,6116
2020-09-21,2.23,2.23,2.11,2.16,8700,35,18720
2020-09-22,2.12,2.19,2.12,2.15,1400,11,3007
2020-09-23,2.15,2.15,2.11,2.11,6500,20,13737
2020-09-24,2.23,2.23,2.04,2.04,7900,21,16794
2020-09-25,2.1,2.16,2.05,2.11,2500,13,5264
2020-09-28,2.14,2.33,2.06,2.14,14800,50,32245
2020-09-29,2.08,2.13,2.02,2.1,5700,24,11976
2020-09-30,2.04,2.1,1.9,2.03,40800,58,82264
2020-10-01,2.04,2.09,2.03,2.08,6100,27,12516
2020-10-02,2.03,2.17,2.01,2.03,7700,47,15750
2020-10-05,2.0,2.06,2.0,2.0,2700,16,5456
2020-10-06,2.01,2.02,1.98,1.98,3500,24,6997
2020-10-07,1.97,2.01,1.95,2.01,2300,15,4524
2020-10-08,2.01,2.05,2.01,2.02,1300,4,2628
2020-10-09,2.0,2.07,2.0,2.02,2500,12,5035
2020-10-13,2.02,2.06,1.99,2.0,6100,32,12245
2020-10-14,1.99,2.03,1.99,2.03,6100,23,12249
2020-10-15,1.99,2.07,1.99,2.04,4300,10,8781
2020-10-16,2.03,2.28,2.02,2.19,74400,136,160487
2020-10-19,2.13,2.4,2.08,2.22,256800,201,575216
2020-10-20,2.29,2.31,2.13,2.16,29300,69,64234
2020-10-21,2.16,2.18,2.15,2.15,9500,23,20566
2020-10-22,2.13,2.15,2.12,2.15,4700,19,10016
2020-10-23,2.15,2.19,2.15,2.19,4200,16,9072
2020-10-26,2.2,2.2,2.15,2.2,9400,25,20316
2020-10-27,2.16,2.34,2.16,2.2,20500,84,46372
2020-10-28,2.16,2.24,2.05,2.06,486300,216,1038203
2020-10-29,2.05,2.17,1.94,2.04,1160300,314,2394432
2020-10-30,2.04,2.04,1.95,1.99,5300,27,10580
2020-11-03,1.99,2.16,1.95,1.96,333300,226,672903
2020-11-04,1.99,2.15,1.99,2.04,337200,136,701813
2020-11-05,2.05,2.14,2.03,2.08,5300,13,10996
2020-11-06,2.04,2.1,1.96,2.1,5900,12,11806
2020-11-09,2.09,2.1,2.04,2.05,13200,19,27445
2020-11-10,2.05,2.05,2.0,2.04,7300,12,14863
2020-11-11,2.01,2.01,1.95,2.01,15600,22,31003
2020-11-12,2.0,2.15,1.96,1.96,12300,27,24936
2020-11-13,1.98,2.02,1.98,2.0,7100,17,14196
2020-11-16,2.02,2.02,1.97,2.0,15100,27,29981
2020-11-17,2.0,2.0,1.96,2.0,7100,12,14180
2020-11-18,1.98,2.0,1.97,2.0,8500,12,16989
2020-11-19,1.96,2.0,1.96,1.99,2100,9,4158
2020-11-20,1.96,2.0,1.96,2.0,24900,16,49784
2020-11-23,2.0,2.02,1.96,2.0,7300,25,14441
2020-11-24,1.98,2.01,1.98,2.01,3100,9,6186
2020-11-25,2.03,2.03,2.0,2.02,2700,11,5450
2020-11-26,1.99,2.05,1.99,2.03,13200,19,26688
2020-11-27,2.0,2.04,2.0,2.0,4400,10,8830
2020-11-30,2.03,2.06,1.99,1.99,11900,25,24163
2020-12-01,2.0,2.06,2.0,2.0,19200,16,38432
2020-12-02,2.02,2.02,1.99,2.01,9700,23,19456
2020-12-03,1.98,2.05,1.96,2.0,39300,82,78581
2020-12-04,2.01,2.03,1.99,2.0,17600,31,35279
2020-12-07,2.05,2.05,1.95,2.01,57100,83,113175
2020-12-08,2.0,2.05,1.99,2.05,15500,38,31365
2020-12-09,2.05,2.14,2.0,2.0,66300,118,136892
2020-12-10,1.98,2.01,1.98,2.01,6600,23,13188
2020-12-11,2.0,2.04,2.0,2.03,8300,24,16628
2020-12-14,2.05,2.06,1.99,2.0,30200,49,60424
2020-12-15,1.99,2.03,1.99,2.01,7700,28,15435
2020-12-16,2.0,2.05,1.99,2.0,10000,24,20180
2020-12-17,2.01,2.08,2.0,2.02,20600,28,41844
2020-12-18,1.97,2.0,1.97,2.0,7900,14,15669
2020-12-21,1.99,2.01,1.97,2.0,19000,34,38055
2020-12-22,2.05,2.08,1.98,2.05,13600,27,27657
2020-12-23,2.0,2.09,2.0,2.06,11700,24,24177
2020-12-28,2.0,2.08,1.97,2.05,39900,55,81144
2020-12-29,2.0,2.05,2.0,2.05,5200,13,10523
2020-12-30,2.06,2.06,2.01,2.04,5600,15,11289
2021-01-04,2.01,2.04,1.81,1.91,131000,479,252259
2021-01-05,2.0,2.0,1.95,1.98,13500,43,26752
2021-01-06,1.98,1.98,1.96,1.97,2500,7,4934
2021-01-07,1.96,1.98,1.95,1.97,8000,21,15661
2021-01-08,2.0,2.0,1.88,1.97,26600,33,51574
2021-01-11,1.95,1.97,1.92,1.94,13200,15,25595
2021-01-12,1.93,1.98,1.93,1.98,3700,8,7181
2021-01-13,1.9,1.99,1.9,1.98,4300,20,8462
2021-01-14,2.0,2.01,1.97,1.97,20800,35,41666
2021-01-15,1.97,1.98,1.97,1.98,400,4,790
2021-01-18,1.98,1.98,1.96,1.96,5200,28,10222
2021-01-19,1.98,1.98,1.91,1.93,8500,19,16455
2021-01-20,1.93,1.98,1.92,1.93,6800,19,13250
2021-01-21,1.97,1.98,1.89,1.9,15400,41,29646
2021-01-22,1.92,1.94,1.88,1.88,10900,34,20634
2021-01-26,1.92,1.92,1.89,1.9,13900,18,26565
2021-01-27,1.92,1.92,1.88,1.89,3900,12,7407
2021-01-28,1.89,1.93,1.89,1.91,3900,15,7445
2021-01-29,1.89,1.92,1.89,1.91,3200,12,6109
2021-02-01,1.89,1.94,1.88,1.93,13700,27,26287
2021-02-02,1.92,1.92,1.91,1.92,11900,15,22836
2021-02-03,1.91,1.93,1.89,1.93,12800,32,24520
2021-02-04,1.91,1.93,1.91,1.93,4100,10,7847
2021-02-05,1.92,1.92,1.89,1.92,19900,40,37833
2021-02-08,1.91,1.91,1.89,1.91,6200,18,11764
2021-02-09,1.9,1.92,1.9,1.91,3200,11,6100
2021-02-10,1.9,2.02,1.89,1.92,55100,41,107682
2021-02-11,1.9,1.93,1.9,1.9,4900,17,9363
2021-02-12,1.9,1.94,1.9,1.93,7900,19,15187
2021-02-17,1.9,1.93,1.89,1.9,10600,14,20167
2021-02-18,1.9,1.97,1.9,1.92,20200,45,39182
2021-02-19,1.95,2.43,1.95,2.2,681300,1193,1497285
2021-02-22,2.21,2.21,1.96,1.97,159500,289,321982
2021-02-23,2.02,2.1,1.94,1.97,93900,149,187908
2021-02-24,1.96,2.15,1.93,1.98,155900,276,316570
2021-02-25,1.98,2.02,1.92,1.93,39400,83,77106
2021-02-26,1.94,2.0,1.88,1.88,40100,90,76748
2021-03-01,1.9,1.95,1.85,1.85,119900,69,225859
2021-03-02,1.87,1.88,1.7,1.8,43900,104,78625
2021-03-03,1.79,1.84,1.7,1.79,26500,58,46620
2021-03-04,1.81,1.83,1.77,1.83,9600,22,17366
2021-03-05,1.81,1.83,1.74,1.81,14500,26,26092
2021-03-08,1.82,1.82,1.79,1.8,6200,21,11168
2021-03-09,1.79,1.84,1.79,1.8,15400,15,27609
2021-03-10,1.8,1.8,1.79,1.8,16500,16,29638
2021-03-11,1.8,1.85,1.8,1.85,12000,14,21902
2021-03-12,1.84,1.84,1.82,1.82,5400,13,9884
2021-03-15,1.82,1.82,1.81,1.82,2000,11,3633
2021-03-16,1.8,2.2,1.8,1.92,245100,528,503480
2021-03-17,1.93,2.13,1.93,1.95,109500,245,220606
2021-03-18,1.96,2.1,1.96,1.97,49600,143,100680
2021-03-19,1.97,2.0,1.9,1.95,53100,78,103577
2021-03-22,1.99,1.99,1.89,1.89,19000,45,36286
2021-03-23,1.94,1.97,1.88,1.88,29000,67,55609
2021-03-24,1.97,1.97,1.87,1.89,23400,48,44827
2021-03-25,1.91,1.94,1.88,1.94,12300,30,23387
2021-03-26,1.93,1.93,1.9,1.91,3500,18,6664
2021-03-29,1.85,1.92,1.84,1.9,8500,25,15988
2021-03-30,1.9,1.9,1.83,1.9,10400,37,19537
2021-03-31,1.86,1.91,1.85,1.91,18100,55,34145
2021-04-01,1.91,1.92,1.84,1.92,71700,131,134048
2021-04-05,1.87,1.94,1.86,1.89,19700,58,37343
2021-04-06,1.9,1.9,1.86,1.89,15700,39,29381
2021-04-07,1.89,2.05,1.88,1.9,140000,246,274275
2021-04-08,1.91,1.97,1.89,1.91,11200,36,21418
2021-04-09,1.91,1.92,1.88,1.88,3800,20,7191
2021-04-12,1.91,1.91,1.88,1.9,5900,22,11219
2021-04-13,1.9,1.92,1.88,1.89,7200,38,13680
2021-04-14,1.86,1.92,1.86,1.89,18800,55,35554
2021-04-15,1.9,1.91,1.89,1.89,3600,13,6833
2021-04-16,1.91,1.95,1.87,1.89,10800,57,20622
2021-04-19,1.9,1.93,1.88,1.89,15000,78,28422
2021-04-20,1.9,1.94,1.86,1.94,13200,52,25175
2021-04-22,1.93,1.93,1.87,1.9,7800,46,14766
2021-04-23,1.9,1.93,1.89,1.9,9500,39,18157
2021-04-26,1.92,1.96,1.88,1.93,28100,94,54206
2021-04-27,1.92,1.95,1.88,1.91,42900,91,82640
2021-04-28,1.92,1.99,1.92,1.98,37300,85,73072
2021-04-29,1.95,2.0,1.91,2.0,29300,56,57115
2021-04-30,2.0,2.0,1.95,1.96,8300,42,16373
2021-05-03,1.96,2.15,1.92,1.98,123200,300,247585
2021-05-04,2.02,2.1,2.0,2.01,48200,174,98793
2021-05-05,2.0,2.06,1.98,2.0,58100,103,116468
2021-05-06,1.99,2.1,1.99,2.1,26500,76,54026
2021-05-07,2.1,2.15,2.04,2.1,44800,125,93894
2021-05-10,2.16,2.16,2.04,2.07,49900,112,104467
2021-05-11,2.09,2.4,2.08,2.34,311100,638,713322
2021-05-12,2.38,2.4,2.19,2.2,125400,332,283560
2021-05-13,2.21,2.23,2.05,2.09,93300,154,200525
2021-05-14,2.1,2.15,2.05,2.09,25000,82,52408
2021-05-17,2.08,2.14,2.02,2.06,47500,128,98948
2021-05-18,2.06,2.13,2.05,2.1,21500,74,44818
2021-05-19,2.07,2.22,2.07,2.15,59000,112,127353
2021-05-20,2.18,2.18,2.1,2.12,24300,66,52076
2021-05-21,2.13,2.2,2.01,2.1,42700,138,89896
2021-05-24,2.08,2.14,2.04,2.09,21100,79,43907
2021-05-25,2.08,2.11,2.04,2.07,48500,71,100393
2021-05-26,2.08,2.09,2.04,2.05,7300,32,15008
2021-05-27,2.06,2.08,2.02,2.05,16100,63,32920
2021-05-28,2.05,2.05,2.0,2.01,60500,132,121928
2021-05-31,2.02,2.02,1.98,2.0,32300,75,64938
2021-06-01,2.0,2.09,2.0,2.06,110600,184,226851
2021-06-02,2.07,3.08,2.07,2.86,1429400,2760,3919130
2021-06-04,2.82,2.88,2.63,2.69,442600,689,1203000
2021-06-07,2.81,3.44,2.75,3.3,1267000,1964,4087404
2021-06-08,3.25,3.4,3.1,3.15,546400,895,1798017
2021-06-09,3.31,4.02,3.31,3.8,2005600,2959,7542535
2021-06-10,3.7,3.97,3.12,3.37,1066400,1959,3779261
2021-06-11,3.41,3.65,3.07,3.3,431300,996,1418548
2021-06-14,3.35,3.4,3.09,3.15,232900,588,744231
2021-06-15,3.19,3.2,2.88,3.04,232500,440,705317
2021-06-16,3.05,3.34,3.04,3.13,301200,711,959303
2021-06-17,3.12,3.12,2.94,2.99,131300,314,397590
2021-06-18,3.03,3.05,2.82,2.91,152300,426,440812
2021-06-21,2.96,3.02,2.84,2.88,81700,230,236357
2021-06-22,2.87,2.94,2.82,2.89,80600,237,232381
2021-06-23,2.9,3.49,2.9,3.2,792900,1656,2594784
2021-06-24,3.2,3.49,3.05,3.11,337700,756,1092983
2021-06-25,3.13,3.14,2.9,2.94,203500,373,610828
2021-06-28,3.0,3.05,2.92,2.93,104800,213,312738
2021-06-29,2.96,3.14,2.93,2.97,220500,387,668204
2021-06-30,2.98,3.09,2.95,2.97,93900,237,280851
2021-07-01,2.99,3.09,2.96,2.97,73700,167,220660
2021-07-02,2.99,3.02,2.97,2.98,45500,122,135875
2021-07-05,3.0,3.0,2.9,2.94,73800,163,217216
2021-07-06,2.95,3.0,2.9,2.92,56500,164,165835
2021-07-07,2.91,2.95,2.87,2.89,82700,185,240309
2021-07-08,2.87,2.98,2.61,2.94,141300,342,407348
2021-07-12,2.94,2.96,2.88,2.91,63200,127,184967
2021-07-13,2.88,2.93,2.87,2.9,37100,101,107703
2021-07-14,2.92,2.93,2.85,2.89,27400,46,79346
2021-07-15,2.92,2.95,2.89,2.89,31700,93,92663
2021-07-16,2.86,3.0,2.81,2.81,86800,172,252700
2021-07-19,2.83,2.93,2.75,2.8,49000,139,138012
2021-07-20,2.8,2.84,2.75,2.77,40400,104,112646
2021-07-21,2.77,3.17,2.66,3.15,1045700,1428,3061965
2021-07-22,3.16,3.32,2.96,2.99,547700,1104,1716767
2021-07-23,3.04,3.09,2.89,3.0,148700,307,441630
2021-07-26,2.99,3.04,2.9,2.91,78200,187,230623
2021-07-27,2.93,3.1,2.93,2.97,210100,499,632206
2021-07-28,2.97,3.04,2.94,2.96,90300,152,269332
2021-07-29,2.96,2.96,2.71,2.85,77000,173,219788
2021-07-30,2.85,2.87,2.74,2.8,71000,170,197168
2021-08-02,2.83,2.83,2.7,2.74,64900,160,178067
2021-08-03,2.75,2.75,2.65,2.71,35500,117,95328
2021-08-04,2.71,2.77,2.65,2.65,31900,90,86245
2021-08-05,2.73,2.75,2.6,2.6,28100,85,74365
2021-08-06,2.65,2.69,2.52,2.65,29500,86,76394
2021-08-09,2.7,2.76,2.61,2.69,24800,86,66274
2021-08-10,2.64,2.69,2.62,2.65,18200,53,48193
2021-08-11,2.63,2.65,2.54,2.55,20100,65,51844
2021-08-12,2.55,2.55,2.45,2.48,23900,68,59738
2021-08-13,2.48,2.48,2.3,2.32,72500,156,169915
2021-08-16,2.37,2.37,2.13,2.18,53600,128,117805
2021-08-17,2.2,2.36,2.1,2.19,91100,162,201445
2021-08-18,2.23,2.36,2.2,2.23,61100,103,138730
2021-08-19,2.2,2.29,2.13,2.26,33700,70,75628
2021-08-20,2.25,2.29,2.17,2.25,32300,95,72405
2021-08-23,2.26,2.38,2.23,2.27,46700,90,107932
2021-08-24,2.27,2.34,2.24,2.34,66400,129,153557
2021-08-25,2.27,2.37,2.27,2.33,42000,105,97733
2021-08-26,2.34,2.37,2.22,2.3,37200,94,86001
2021-08-27,2.27,2.34,2.22,2.29,35400,101,80195
2021-08-30,2.34,2.34,2.18,2.24,48200,110,108918
2021-08-31,2.24,2.29,2.15,2.16,73400,164,160392
2021-09-01,2.18,2.19,2.01,2.06,49900,110,105757
2021-09-02,2.06,2.16,2.03,2.05,80200,126,167919
2021-09-03,2.05,2.07,1.98,2.03,36500,76,74195
2021-09-06,2.08,2.17,2.05,2.11,72800,142,153987
2021-09-08,2.07,2.1,2.0,2.04,78300,112,159938
2021-09-09,2.01,2.05,1.98,2.03,68700,120,138249
2021-09-10,2.07,2.11,2.04,2.09,41700,74,86837
2021-09-13,2.06,2.11,2.04,2.06,27300,70,56564
2021-09-14,2.1,2.1,2.02,2.04,34100,57,69790
2021-09-15,2.05,2.05,1.98,2.02,51900,68,104607
2021-09-16,2.0,2.05,1.99,2.01,20800,71,41885
2021-09-17,2.0,2.02,1.98,1.98,44400,57,88595
2021-09-20,1.97,2.0,1.89,1.92,51200,92,98766
2021-09-21,1.93,1.98,1.91,1.95,15500,42,30102
2021-09-22,1.95,1.97,1.94,1.95,7900,27,15412
2021-09-23,1.93,2.01,1.93,1.97,14900,45,29297
2021-09-24,1.95,1.97,1.9,1.91,45200,95,86606
2021-09-27,1.93,1.93,1.9,1.91,22900,57,43913
2021-09-28,1.91,1.92,1.85,1.85,43100,55,80422
2021-09-29,1.88,1.91,1.85,1.88,19200,42,36093
2021-09-30,1.87,1.88,1.82,1.83,25900,63,47733
2021-10-01,1.85,1.85,1.67,1.8,170700,298,301337
2021-10-04,1.82,1.84,1.73,1.76,58400,111,102227
2021-10-05,1.75,1.78,1.74,1.74,33900,41,59141
2021-10-06,1.73,1.75,1.7,1.74,47700,26,81770
2021-10-07,1.72,1.79,1.7,1.73,10400,23,18174
2021-10-08,1.78,1.8,1.73,1.79,74900,70,133531
2021-10-11,1.8,1.85,1.77,1.79,26200,47,47367
2021-10-13,1.79,1.81,1.75,1.81,26400,71,46854
2021-10-14,1.8,1.81,1.77,1.81,25800,41,46218
2021-10-15,1.82,1.84,1.79,1.82,97000,66,175329
2021-10-18,1.82,1.84,1.78,1.81,74000,111,133279
2021-10-19,1.81,1.82,1.77,1.78,47300,60,84792
2021-10-20,1.8,1.8,1.77,1.77,14400,35,25633
2021-10-21,1.77,1.77,1.68,1.72,59500,81,102488
2021-10-22,1.65,1.65,1.51,1.63,101700,125,164211
2021-10-25,1.64,1.72,1.63,1.64,55300,50,91152
2021-10-26,1.64,1.65,1.58,1.6,37400,40,60652
2021-10-27,1.58,1.59,1.55,1.56,18200,44,28532
2021-10-28,1.58,1.58,1.5,1.5,17700,40,26859
2021-10-29,1.5,1.53,1.43,1.48,38700,59,56631
2021-11-01,1.49,1.54,1.45,1.53,17900,48,26990
2021-11-03,1.5,1.57,1.49,1.56,8300,24,12638
2021-11-04,1.56,1.56,1.5,1.54,4100,19,6291
2021-11-05,1.54,1.56,1.5,1.52,22500,45,34084
2021-11-08,1.51,1.56,1.5,1.52,14900,33,22493
2021-11-09,1.5,1.55,1.5,1.53,18100,43,27528
2021-11-10,1.52,1.58,1.51,1.56,23200,50,35998
2021-11-11,1.55,1.59,1.55,1.57,26500,62,41563
2021-11-12,1.55,1.57,1.54,1.54,30800,36,47679
2021-11-16,1.57,1.57,1.5,1.54,35100,61,53761
2021-11-17,1.56,1.56,1.51,1.51,33300,65,50536
2021-11-18,1.5,1.53,1.48,1.49,11100,39,16586
2021-11-19,1.49,1.52,1.47,1.48,11300,35,16783
2021-11-22,1.46,1.48,1.44,1.46,39100,38,56768
2021-11-23,1.46,1.46,1.42,1.43,18800,38,27139
2021-11-24,1.42,1.44,1.41,1.42,27900,33,39609
2021-11-25,1.42,1.44,1.4,1.43,50800,48,71728
2021-11-26,1.41,1.44,1.38,1.41,34800,47,49051
2021-11-29,1.44,1.44,1.38,1.41,17800,30,24925
2021-11-30,1.43,1.43,1.39,1.39,23400,43,32883
2021-12-01,1.4,1.41,1.39,1.39,23700,36,33295
2021-12-02,1.39,1.41,1.38,1.38,13300,28,18595
2021-12-03,1.38,1.41,1.38,1.39,11200,20,15669
2021-12-06,1.41,1.41,1.39,1.4,39200,41,54904
2021-12-07,1.42,1.42,1.38,1.41,34900,49,48775
2021-12-08,1.41,1.43,1.4,1.41,23900,43,33702
2021-12-09,1.41,1.57,1.41,1.51,561200,622,857691
2021-12-10,1.53,1.59,1.5,1.51,352400,323,541408
2021-12-13,1.51,1.51,1.46,1.47,171800,190,254486
2021-12-14,1.47,1.47,1.4,1.42,64900,92,93141
2021-12-15,1.45,1.45,1.42,1.43,27700,59,39694
2021-12-16,1.44,1.45,1.41,1.41,38500,47,54872
2021-12-17,1.42,1.42,1.4,1.41,37500,66,52901
2021-12-20,1.4,1.41,1.4,1.41,14900,37,20950
2021-12-21,1.4,1.41,1.4,1.4,13000,32,18241
2021-12-22,1.4,1.4,1.38,1.38,28500,59,39722
2021-12-23,1.38,1.4,1.36,1.39,37900,34,52312
2021-12-27,1.39,1.39,1.37,1.37,9600,23,13251
2021-12-28,1.39,1.39,1.36,1.38,23100,34,31713
2021-12-29,1.38,1.38,1.37,1.37,30700,49,42183
2021-12-30,1.37,1.39,1.36,1.38,36300,57,49896
