Date,Open,High,Low,Close,Volume,Neg,Fin
2010-01-04,6.17419,6.24356,6.11743,6.24356,261100,90,2549461
2010-01-05,6.30663,6.43276,6.25617,6.27509,169400,47,1686016
2010-01-06,6.28771,6.33816,6.28771,6.33816,922400,80,9226956
2010-01-07,6.36969,6.36969,6.30663,6.30663,291500,591,2928964
2010-01-08,6.33816,6.35708,6.30663,6.35077,410100,172,4117352
2010-01-11,6.36339,6.43276,6.36339,6.40753,192900,126,1955023
2010-01-12,6.40123,6.40123,6.32555,6.39492,144200,52,1456088
2010-01-13,6.43276,6.43276,6.36969,6.376,192500,56,1952839
2010-01-14,6.43276,6.48321,6.40123,6.40123,473000,130,4824668
2010-01-15,6.44537,6.46429,6.33816,6.36969,166700,97,1688573
2010-01-18,6.45799,6.48952,6.31293,6.42014,71900,88,733839
2010-01-19,6.48952,6.48952,6.38231,6.45799,117500,55,1197624
2010-01-20,6.45799,6.45799,6.31924,6.43276,258800,87,2621139
2010-01-21,6.49583,6.52105,6.32555,6.40753,272000,155,2771508
2010-01-22,6.30663,6.43276,6.30032,6.42645,547700,32,5550358
2010-01-26,6.42645,6.42645,6.30663,6.31293,620300,54,6240672
2010-01-27,6.43276,6.43276,5.9976,6.16788,32100,53,313417
2010-01-28,6.16788,6.23725,5.96607,5.96607,446700,50,4307015
2010-01-29,6.00391,6.05436,5.8084,5.86516,150200,87,1409044
2010-02-01,5.92192,6.22464,5.92192,5.97868,41300,51,393222
2010-02-02,6.02283,6.05436,5.88408,5.95976,48900,82,462122
2010-02-03,6.11743,6.11743,5.96607,6.04175,26900,42,257132
2010-02-04,6.02283,6.02914,5.72642,5.76426,42900,59,400088
2010-02-05,5.77056,5.77056,5.58136,5.60659,16800,33,149577
2010-02-08,5.73272,5.82101,5.69488,5.7138,22100,38,201061
2010-02-09,5.67596,5.97238,5.67596,5.86516,230100,53,2153703
2010-02-10,5.86516,6.07959,5.86516,6.04805,208400,163,1996941
2010-02-11,6.21833,6.25617,5.9913,6.0922,238900,75,2323792
2010-02-12,6.23095,6.24356,6.12373,6.17419,56400,25,552710
2010-02-17,6.21203,6.21833,6.14896,6.18049,36400,58,356714
2010-02-18,6.24987,6.26879,6.18049,6.26879,14600,30,144610
2010-02-19,6.26879,6.26879,6.18049,6.18049,11100,21,108857
2010-02-22,6.13004,6.26879,6.11743,6.12373,32100,62,316292
2010-02-23,6.13635,6.24356,6.13004,6.21203,117300,164,1159527
2010-02-24,6.18049,6.27509,6.18049,6.27509,6200,9,61053
2010-02-25,6.21203,6.26248,6.19941,6.26248,6000,12,59340
2010-02-26,6.26248,6.33816,6.24356,6.30032,172400,130,1721290
2010-03-01,6.18049,6.32555,6.18049,6.30663,126600,18,1264824
2010-03-02,6.30663,6.36969,6.30663,6.35077,143600,35,1449089
2010-03-03,6.31924,6.33816,6.24356,6.24356,199600,117,1992625
2010-03-04,6.1868,6.35077,6.18049,6.18049,33000,36,327918
2010-03-05,6.36339,6.36339,6.27509,6.30663,40400,11,402130
2010-03-08,6.30663,6.30663,6.18049,6.24356,39900,25,393434
2010-03-09,6.0859,6.28771,6.0859,6.11743,52800,26,521555
2010-03-10,6.16788,6.24356,6.12373,6.23095,9900,23,97350
2010-03-11,6.27509,6.31924,6.27509,6.30032,13500,23,134774
2010-03-12,6.24356,6.33816,6.21833,6.30663,442100,19,4410204
2010-03-15,6.30032,6.33816,6.15527,6.27509,131400,104,1318231
2010-03-16,6.25617,6.33816,6.25617,6.30663,184400,27,1847125
2010-03-17,6.29401,6.35077,6.25617,6.35077,140600,18,1410879
2010-03-18,6.30663,6.33816,6.30663,6.31924,21000,19,210515
2010-03-19,6.35077,6.35708,6.33185,6.33816,310100,16,3122071
2010-03-22,6.15527,6.35077,6.15527,6.31293,206200,16,2070532
2010-03-23,6.33816,6.33816,6.30663,6.33816,206900,5,2079055
2010-03-24,6.33816,6.36969,6.30663,6.36969,26400,29,264967
2010-03-25,6.36969,6.36969,6.31924,6.31924,224900,35,2270073
2010-03-26,6.36969,6.36969,6.32555,6.32555,107900,8,1088392
2010-03-29,6.32555,6.33816,6.32555,6.32555,58500,6,586781
2010-03-30,6.32555,6.40123,6.32555,6.40123,213800,14,2169904
2010-03-31,6.38193,6.45852,6.38193,6.45852,295500,29,2981714
2010-04-01,6.45852,6.47766,6.44575,6.47766,124500,14,1261318
2010-04-05,6.48404,6.48404,6.44575,6.45213,103700,25,1052195
2010-04-06,6.47766,6.52872,6.43299,6.51595,19000,95,193379
2010-04-07,6.52234,6.52234,6.47766,6.52234,67000,6,684721
2010-04-08,6.43299,6.52234,6.41384,6.52234,23700,21,240418
2010-04-09,6.52234,6.54148,6.50957,6.54148,304400,41,3105054
2010-04-12,6.56701,6.56701,6.47766,6.47766,2600,8,26598
2010-04-13,6.47766,6.49681,6.23515,6.43937,59400,82,596169
2010-04-14,6.47766,6.47766,6.45852,6.45852,600,4,6084
2010-04-15,6.38193,6.54148,6.3245,6.54148,184700,332,1846679
2010-04-16,6.38832,6.49681,6.31811,6.43937,8600,18,85913
2010-04-19,6.38193,6.42023,6.38193,6.41384,11000,25,110428
2010-04-20,6.3245,6.38193,6.31811,6.31811,6400,17,63578
2010-04-22,6.41384,6.49043,6.41384,6.49043,120900,15,1215304
2010-04-23,6.38193,6.50957,6.38193,6.47766,17400,19,177040
2010-04-26,6.3245,6.45852,6.3245,6.44575,31200,24,314695
2010-04-27,6.38193,6.41384,6.24153,6.31811,76700,17,761705
2010-04-28,6.44575,6.44575,6.23515,6.31811,96600,13,947880
2010-04-29,6.2543,6.31811,6.19047,6.29897,149500,18,1474635
2010-04-30,6.30535,6.41384,6.2543,6.27344,96100,89,955239
2010-05-03,6.2543,6.41384,6.2543,6.41384,164900,11,1656768
2010-05-04,6.31811,6.3947,6.31811,6.36917,204800,11,2043116
2010-05-05,6.38193,6.38193,6.22239,6.31811,19300,21,192301
2010-05-06,6.45823,6.45823,6.27753,6.45823,312100,36,2959295
2010-05-07,6.32438,6.42477,6.31099,6.42477,187800,18,1785313
2010-05-10,6.41138,6.42477,6.32438,6.35784,11100,16,106088
2010-05-11,6.23068,6.35784,6.15707,6.35115,154800,48,1445887
2010-05-12,6.42477,6.42477,6.20391,6.2173,166400,24,1579618
2010-05-13,6.25745,6.29092,6.19722,6.19722,102700,19,964937
2010-05-14,6.15707,6.29092,6.15707,6.29092,97300,10,909785
2010-05-17,6.15707,6.25745,6.09684,6.09684,1500,6,13752
2010-05-18,6.09684,6.19053,6.02322,6.02322,72800,13,663612
2010-05-19,5.89606,6.02322,5.66183,5.66183,108100,17,940025
2010-05-20,5.63506,5.63506,5.35397,5.44097,202100,29,1633223
2010-05-21,5.60159,5.60159,5.48782,5.60159,11200,11,91927
2010-05-24,5.40751,5.48782,5.40751,5.48782,1400,10,11412
2010-05-25,5.35397,5.46105,5.35397,5.35397,33200,13,265723
2010-05-26,5.48782,5.58821,5.28705,5.28705,176900,25,1432625
2010-05-27,5.4209,5.45436,5.35397,5.44767,24400,8,196140
2010-05-28,5.48782,5.48782,5.44767,5.44767,68200,11,556591
2010-05-31,5.57482,5.62167,5.48782,5.48782,25400,6,208464
2010-06-01,5.64844,5.65513,5.56144,5.56144,3800,6,31807
2010-06-02,5.58821,5.58821,5.48782,5.54136,21200,11,175078
2010-06-04,5.62167,5.62167,5.55474,5.55474,55600,4,461499
2010-06-07,5.58821,5.58821,5.42759,5.44097,106400,16,865558
2010-06-08,5.45436,5.62167,5.35397,5.45436,277000,28,2258805
2010-06-09,5.48782,5.48782,5.48782,5.48782,10300,8,84460
2010-06-10,5.53467,5.55474,5.45436,5.55474,41100,10,335234
2010-06-11,5.46105,5.62167,5.4209,5.55474,57400,15,466138
2010-06-14,5.55474,5.55474,5.42759,5.45436,13600,18,111681
2010-06-15,5.45436,5.55474,5.45436,5.55474,2600,7,21399
2010-06-16,5.52128,5.55474,5.48782,5.52128,207800,7,1709602
2010-06-17,5.52128,5.52128,5.49451,5.52128,196600,7,1617184
2010-06-18,5.52128,5.52128,5.5012,5.5012,40700,13,334993
2010-06-21,5.55474,5.65513,5.55474,5.65513,25300,18,210074
2010-06-22,5.64844,5.71536,5.45436,5.64844,404500,33,3309256
2010-06-23,5.65513,5.65513,5.5012,5.5012,93200,51,786190
2010-06-24,5.62167,5.75552,5.62167,5.75552,115200,31,972801
2010-06-25,5.85591,5.85591,5.83583,5.83583,700,4,6119
2010-06-28,5.83583,5.83583,5.83583,5.83583,200,2,1744
2010-06-29,5.78898,5.85591,5.78898,5.84921,6200,15,54143
2010-06-30,5.72672,5.96392,5.72672,5.96392,104700,17,913430
2010-07-01,5.82837,5.9978,5.7606,5.9978,16800,21,147011
2010-07-02,6.59419,6.59419,5.75382,5.92325,1000,9,9037
2010-07-05,5.89615,6.09268,5.89615,6.03169,600,5,5289
2010-07-07,6.09946,6.09946,5.96392,6.06557,26000,33,233073
2010-07-08,6.06557,6.06557,5.89615,6.02491,11500,22,101279
2010-07-12,5.89615,6.06557,5.89615,6.03169,100200,16,891789
2010-07-13,5.9707,6.20112,5.95036,6.00458,15500,29,136749
2010-07-14,5.96392,5.98425,5.92325,5.96392,445200,32,3918044
2010-07-15,5.89615,6.02491,5.85548,5.89615,192500,27,1687265
2010-07-16,5.86226,5.89615,5.45563,5.62506,149600,57,1288216
2010-07-19,5.79449,5.79449,5.79449,5.79449,1700,6,14535
2010-07-20,5.86226,5.89615,5.7606,5.88937,9000,21,76569
2010-07-21,5.80127,5.82837,5.7606,5.7606,43300,37,369802
2010-07-22,5.82837,5.82837,5.8216,5.82837,8900,9,76511
2010-07-23,5.7606,5.82837,5.7606,5.82837,2800,14,23933
2010-07-26,5.79449,5.82837,5.77416,5.82837,25100,56,215505
2010-07-27,5.81482,5.82837,5.80127,5.82837,3700,9,31765
2010-07-28,5.95036,5.95036,5.78771,5.79449,18100,15,155276
2010-07-29,5.82837,6.08591,5.79449,5.82837,644800,111,5545883
2010-07-30,5.82837,6.07913,5.82837,5.86226,102600,41,885635
2010-08-02,6.02491,6.09946,5.97747,6.09946,61600,45,553788
2010-08-03,6.22145,6.37733,6.09946,6.37055,751600,83,6850676
2010-08-04,6.37055,6.43154,6.35022,6.40443,18800,45,176886
2010-08-05,6.43832,6.49254,6.41799,6.41799,64700,59,614738
2010-08-06,6.30278,6.56031,6.24178,6.56031,28100,23,266891
2010-08-09,6.56031,6.56031,6.37055,6.37055,80800,36,770183
2010-08-10,6.33666,6.49254,6.33666,6.37055,227100,39,2137214
2010-08-11,6.37055,6.54676,6.34344,6.53998,115400,44,1084799
2010-08-12,6.32311,6.53998,6.32311,6.47221,10400,11,100200
2010-08-13,6.47221,6.47221,6.43832,6.43832,8600,13,81836
2010-08-16,6.47221,6.47221,6.43832,6.47221,24600,8,234848
2010-08-17,6.47221,6.50609,6.47221,6.49254,41300,27,394468
2010-08-18,6.50609,6.51965,6.47221,6.51287,44900,116,431112
2010-08-19,6.50609,6.53998,6.40443,6.47221,22800,61,218354
2010-08-20,6.47898,6.50609,6.45865,6.50609,84300,37,805068
2010-08-23,6.47898,6.62808,6.46543,6.50609,30300,18,290546
2010-08-24,6.60775,6.60775,6.53998,6.53998,15100,6,145726
2010-08-25,6.47221,6.52642,6.47221,6.50609,11600,10,111352
2010-08-26,6.57386,6.57386,6.50609,6.50609,26700,13,258129
2010-08-27,6.50609,6.74329,6.50609,6.70941,25100,34,243133
2010-08-30,6.64841,6.69585,6.64841,6.64841,8100,9,79475
2010-08-31,6.64841,6.6823,6.37055,6.57386,160400,97,1547856
2010-09-01,6.57386,6.61452,6.57386,6.61452,460700,11,4488629
2010-09-02,6.61452,6.7704,6.61452,6.6213,16100,5,157219
2010-09-03,6.70941,6.81107,6.70263,6.81107,12600,10,125274
2010-09-06,6.67552,6.77718,6.67552,6.77718,11900,4,118950
2010-09-08,6.67552,6.84495,6.67552,6.84495,13400,9,134030
2010-09-09,6.88561,6.90594,6.81107,6.90594,1800,6,18291
2010-09-10,6.78396,6.87883,6.77718,6.78396,3600,8,36144
2010-09-13,6.77718,6.79073,6.77718,6.79073,900,5,9018
2010-09-14,6.77718,6.91272,6.77718,6.91272,12700,13,128807
2010-09-15,6.82462,6.95339,6.82462,6.95339,4400,17,44897
2010-09-16,6.90594,6.98049,6.87883,6.91272,42400,163,431555
2010-09-17,6.97372,7.02793,6.91272,6.96016,115900,19,1183553
2010-09-20,6.9195,7.00083,6.9195,6.98049,8000,54,82269
2010-09-21,6.98049,7.01438,6.96694,7.01438,46700,74,481061
2010-09-22,6.92628,7.02793,6.89239,7.02793,110700,13,1140023
2010-09-23,7.04826,7.18381,7.04826,7.18381,13700,26,143889
2010-09-24,7.18381,7.40068,7.18381,7.40068,533300,24,5812348
2010-09-27,7.37357,7.42101,7.35324,7.42101,168600,35,1838111
2010-09-28,7.42101,7.48878,7.36002,7.48878,42300,76,463118
2010-09-29,7.4549,7.52267,7.4549,7.52267,126300,57,1395674
2010-09-30,7.67253,7.67253,7.56978,7.63143,110900,16,1225651
2010-10-01,7.57663,7.58348,7.56978,7.56978,18300,15,202048
2010-10-04,7.46702,7.70679,7.46702,7.70679,46500,22,516597
2010-10-05,7.80954,7.80954,7.60403,7.60403,15400,15,173834
2010-10-06,7.56978,7.70679,7.53553,7.53553,14100,76,156727
2010-10-07,7.74104,7.80269,7.74104,7.80269,14600,19,166194
2010-10-08,7.80954,7.80954,7.80269,7.80954,9100,4,103725
2010-10-11,7.80954,7.8438,7.67939,7.80954,311100,22,3546594
2010-10-13,7.77529,8.32333,7.77529,8.01506,6400,21,74889
2010-10-14,7.94655,8.06986,7.82325,8.01506,1244700,30,14438495
2010-10-15,7.94655,8.05616,7.82325,8.05616,1465900,82,17029318
2010-10-18,8.05616,8.22057,8.05616,8.22057,61600,9,738906
2010-10-19,8.01506,8.21372,8.00136,8.15207,35800,69,419118
2010-10-20,8.04931,8.07671,7.98081,7.98081,4500,13,52712
2010-10-21,8.04931,8.06301,7.94655,7.94655,61400,15,720658
2010-10-22,7.94655,8.01506,7.9123,7.9123,2500,6,28960
2010-10-25,8.01506,8.01506,7.94655,7.96025,14100,33,164413
2010-10-26,7.9534,8.22057,7.9534,8.22057,118900,8,1391215
2010-10-27,8.22742,8.22742,8.15207,8.15207,5300,10,63261
2010-10-28,8.15207,8.35758,8.15207,8.15207,24300,17,289828
2010-10-29,8.22057,8.39183,8.22057,8.39183,13500,6,163900
2010-11-01,8.16577,8.35073,8.16577,8.22057,86000,14,1033589
2010-11-03,8.18632,8.18632,8.15892,8.15892,361900,12,4324637
2010-11-04,8.21372,8.48774,8.17947,8.48774,539900,16,6453951
2010-11-05,8.39183,8.39183,8.39183,8.39183,3000,4,36750
2010-11-08,8.39183,8.48089,8.28908,8.42609,29600,24,361252
2010-11-09,8.49459,8.52884,8.42609,8.49459,56800,209,706209
2010-11-10,8.33018,8.42609,8.08356,8.24113,420700,172,5039382
2010-11-11,8.42609,8.62475,8.08356,8.08356,53900,30,661211
2010-11-12,7.9534,8.26853,7.9534,8.22057,43100,41,514963
2010-11-16,8.22057,8.22057,8.01506,8.18632,152200,111,1811627
2010-11-17,8.15207,8.18632,8.02876,8.04931,29000,29,343641
2010-11-18,8.03561,8.18632,8.03561,8.15207,176100,76,2095277
2010-11-19,8.02191,8.22057,8.02191,8.21372,7500,13,89220
2010-11-22,8.15207,8.15207,8.06986,8.15207,131100,61,1560030
2010-11-23,8.04931,8.22057,8.04931,8.15207,14700,25,174942
2010-11-24,8.17947,8.17947,8.15207,8.15207,65400,6,780140
2010-11-25,8.22057,8.22057,8.21372,8.21372,2700,3,32394
2010-11-26,8.13837,8.13837,8.01506,8.01506,1600,4,18763
2010-11-29,8.01506,8.02191,7.96025,7.96025,105900,24,1238985
2010-11-30,7.98081,8.51515,7.98081,8.49459,50000,29,614725
2010-12-01,8.42609,8.59735,8.24113,8.52884,125100,166,1541727
2010-12-02,8.59735,8.59735,8.37128,8.42609,31100,40,385009
2010-12-03,8.42609,8.55625,8.28908,8.39869,351500,52,4309087
2010-12-06,8.39869,8.70011,8.39869,8.69326,193900,32,2441012
2010-12-07,8.66585,8.80287,8.6453,8.80287,191100,69,2436298
2010-12-08,8.66585,8.80287,8.66585,8.80287,47200,18,602800
2010-12-09,8.81657,8.87137,8.74806,8.87137,30700,34,397389
2010-12-10,8.90562,8.90562,8.76861,8.90562,42300,22,545559
2010-12-13,8.67271,8.79601,8.58365,8.79601,45200,43,575719
2010-12-14,8.6042,8.70011,8.59735,8.67956,50600,41,638062
2010-12-15,8.56995,8.80287,8.56995,8.80287,14200,8,182164
2010-12-16,8.79601,8.80287,8.79601,8.79601,92500,9,1187927
2010-12-17,8.70011,8.83712,8.5631,8.5631,38000,48,481783
2010-12-20,8.6316,8.83027,8.56995,8.56995,27300,70,347437
2010-12-21,8.72751,8.83712,8.68641,8.83712,119600,32,1533679
2010-12-22,8.87137,8.90562,8.80972,8.90562,150300,21,1948177
2010-12-23,8.80287,8.90562,8.77546,8.87822,28500,48,368653
2010-12-27,8.87137,8.87137,8.87137,8.87137,1600,5,20720
2010-12-28,8.93987,8.93987,8.93987,8.93987,1400,3,18270
2010-12-29,8.87137,8.87137,8.50144,8.50144,72200,26,916045
2010-12-30,8.64006,8.95826,8.64006,8.95826,11300,19,142826
2011-01-03,8.92368,9.1312,8.88909,8.92368,103000,86,1339309
2011-01-04,8.92368,8.92368,8.75765,8.75765,700,4,8866
2011-01-05,8.75074,8.92368,8.75074,8.90984,16600,39,211393
2011-01-06,8.88909,8.88909,8.88909,8.88909,100,1,1285
2011-01-07,8.75074,8.75074,8.74382,8.74382,200,2,2529
2011-01-10,8.74382,8.8545,8.74382,8.84758,87200,20,1112406
2011-01-11,8.84758,8.92368,8.84067,8.91676,48100,289,618461
2011-01-12,8.8545,8.87525,8.70231,8.70231,113300,71,1444004
2011-01-13,8.70231,8.70923,8.5778,8.5778,281700,58,3527957
2011-01-14,8.5778,8.59855,8.53629,8.54321,7100,11,87680
2011-01-17,8.54321,8.54321,8.35643,8.50171,37800,32,465103
2011-01-18,8.49479,8.64697,8.48095,8.5778,651300,31,8139888
2011-01-19,8.48095,8.64697,8.47403,8.53629,24500,18,302817
2011-01-20,8.63314,8.64006,8.47403,8.47403,3900,11,48482
2011-01-21,8.43945,8.61238,8.43945,8.54321,44300,43,542818
2011-01-24,8.63314,8.65389,8.63314,8.65389,24100,18,301171
2011-01-26,8.64697,8.92368,8.64697,8.88909,43400,43,552617
2011-01-27,8.88909,8.95826,8.64697,8.95826,9300,31,118875
2011-01-28,8.66081,8.66081,8.55705,8.62622,5600,21,69968
2011-01-31,8.64697,8.64697,8.46712,8.47403,7900,31,97580
2011-02-01,8.47403,8.61238,8.3011,8.3011,30000,64,364549
2011-02-02,8.47403,8.58472,8.47403,8.50862,16900,29,207902
2011-02-03,8.51554,8.90292,8.51554,8.90292,8200,11,103940
2011-02-04,8.45328,8.45328,8.30801,8.30801,900,4,10851
2011-02-07,8.3011,8.3011,8.02439,8.05898,77100,53,900220
2011-02-08,8.05898,8.29418,8.02439,8.225,291400,14,3380961
2011-02-09,8.21808,8.21808,8.12815,8.12815,34200,27,401987
2011-02-10,7.95522,8.11432,7.95522,8.10049,61400,46,718339
2011-02-11,8.09357,8.09357,7.89987,8.09357,10300,61,120384
2011-02-14,8.09357,8.09357,7.96905,7.96905,6000,2,70182
2011-02-15,8.02439,8.02439,7.64393,7.67851,332500,157,3722406
2011-02-16,7.74769,8.01747,7.64393,7.65776,211000,70,2342487
2011-02-17,7.65776,7.65776,7.65776,7.65776,900,1,9963
2011-02-18,7.85837,8.02439,7.85145,7.95522,74900,35,862402
2011-02-21,7.79611,8.01056,7.79611,7.80303,18000,30,203694
2011-02-22,7.88604,7.97597,7.65776,7.65776,19100,53,215442
2011-02-23,7.78228,7.88604,7.78228,7.88604,20600,18,234661
2011-02-24,7.87912,7.89296,7.73385,7.74769,32000,55,361767
2011-02-25,7.81687,7.98981,7.81687,7.98981,1200,6,13720
2011-02-28,8.03131,8.28726,8.02439,8.26651,198300,156,2346452
2011-03-01,8.26651,8.29418,8.19733,8.29418,39500,20,469622
2011-03-02,8.29418,8.37027,8.23192,8.31493,137200,142,1655692
2011-03-03,8.3011,8.40486,8.23192,8.3011,80200,46,969328
2011-03-04,8.16274,8.16274,8.16274,8.16274,14100,6,166380
2011-03-09,8.16274,8.23192,8.05898,8.05898,55500,25,650408
2011-03-10,7.95522,8.07973,7.95522,8.07282,40300,33,466582
2011-03-11,8.02439,8.02439,8.01747,8.02439,38500,5,446599
2011-03-15,8.16274,8.16274,7.96213,8.09357,8600,10,100405
2011-03-16,8.16274,8.16274,8.16274,8.16274,300,2,3540
2011-03-17,8.16274,8.23884,8.16274,8.20425,112400,10,1334098
2011-03-18,8.8545,8.8545,8.30801,8.30801,4000,6,50489
2011-03-21,8.30801,8.30801,8.13507,8.29418,61500,14,725854
2011-03-22,8.3011,8.43945,8.3011,8.43945,107200,9,1297661
2011-03-23,8.43945,8.43945,8.42561,8.42561,51800,3,630958
2011-03-24,8.42561,8.42561,8.42561,8.42561,200,2,2436
2011-03-25,8.36335,8.37027,8.3011,8.36335,1800,7,21719
2011-03-28,8.20425,8.33568,7.96213,8.05898,146200,217,1719352
2011-03-29,8.05898,8.12815,7.97597,8.09357,98200,175,1144421
2011-03-30,8.09357,8.17658,8.02439,8.12815,145000,35,1701728
2011-03-31,8.24686,8.59631,8.04418,8.52642,139600,105,1645931
2011-04-01,8.54738,8.66619,8.38664,8.66619,112300,61,1383560
2011-04-04,8.63125,8.65222,8.49147,8.65222,12800,28,157539
2011-04-05,8.63125,8.63125,8.45653,8.45653,25700,40,316577
2011-04-06,8.42158,8.42158,8.42158,8.42158,1100,1,13255
2011-04-07,8.52642,8.59631,8.44954,8.45653,145300,73,1762455
2011-04-08,8.70813,8.70813,8.24686,8.25385,42400,61,513458
2011-04-11,8.25385,8.67318,8.25385,8.49147,11400,20,138658
2011-04-12,8.45653,8.65921,8.45653,8.49147,395800,59,4833434
2011-04-13,8.44954,8.52642,8.30277,8.49147,30800,68,373051
2011-04-14,8.49147,8.63125,8.24686,8.63125,414400,34,5089718
2011-04-15,8.53341,8.53341,8.39363,8.49147,15700,49,190968
2011-04-18,8.53341,8.53341,8.38664,8.45653,225300,15,2736920
2011-04-19,8.43556,8.52642,8.43556,8.52642,64800,26,784116
2011-04-20,8.66619,8.66619,8.49147,8.59631,30000,52,370827
2011-04-25,8.52642,8.53341,8.51943,8.52642,43600,29,531927
2011-04-26,8.30277,8.66619,8.30277,8.66619,123200,23,1513819
2011-04-27,8.59631,8.66619,8.59631,8.66619,111200,4,1368040
2011-04-28,8.70114,8.70114,8.52642,8.55437,223600,56,2728981
2011-04-29,8.55437,8.55437,8.49147,8.52642,151900,18,1852763
2011-05-02,8.66619,8.66619,8.38664,8.38664,10900,11,130982
2011-05-03,8.38664,8.38664,8.14902,8.16299,8000,15,93750
2011-05-04,8.18396,8.31675,7.99526,7.99526,30100,153,353062
2011-05-05,7.82753,8.03719,7.68775,7.89742,45600,104,511811
2011-05-06,7.91838,8.03719,7.70173,7.86247,59900,142,675856
2011-05-09,7.89742,8.36567,7.47809,8.33771,157900,157,1785404
2011-05-10,8.10708,8.14203,8.06515,8.06515,21500,37,249477
2011-05-11,7.7227,8.07214,7.7227,7.96731,95500,63,1090406
2011-05-12,7.96731,8.12106,7.82753,7.82753,122400,76,1410080
2011-05-13,8.10009,8.26084,7.84151,7.86946,83800,130,962579
2011-05-16,8.10708,8.10708,7.79957,7.79957,67000,28,763714
2011-05-17,7.80656,7.80656,7.70173,7.70173,2700,6,29937
2011-05-18,7.79258,7.85548,7.68775,7.68775,21300,20,235333
2011-05-19,7.70173,7.73667,7.32433,7.32433,42800,42,469983
2011-05-20,7.3453,7.58292,7.3453,7.42217,11500,49,122369
2011-05-23,7.29637,7.62485,7.20552,7.33831,27800,55,292316
2011-05-24,7.32433,7.47809,7.32433,7.36626,51000,27,537756
2011-05-25,7.33132,7.52701,7.33132,7.47809,3900,12,41674
2011-05-26,7.47809,7.57593,7.33132,7.4082,84900,55,906024
2011-05-27,7.44314,7.67377,7.44314,7.61786,34900,25,379466
2011-05-30,7.7227,7.96731,7.7227,7.96731,31000,15,352455
2011-05-31,7.68775,7.9114,7.68775,7.82753,35700,102,400405
2011-06-01,7.64582,7.68775,7.4082,7.4082,56500,33,613074
2011-06-02,7.49905,7.61786,7.26842,7.26842,55600,59,591448
2011-06-03,7.33831,7.4082,7.26842,7.26842,112700,46,1180219
2011-06-06,7.20552,7.28939,7.19853,7.19853,111500,39,1148639
2011-06-07,7.37325,7.37325,7.23348,7.26143,12600,89,131397
2011-06-08,7.23348,7.25444,7.2195,7.2195,67900,62,702730
2011-06-09,7.23348,7.30336,7.23348,7.23348,73400,60,759716
2011-06-10,7.32504,7.36043,7.26134,7.2755,121800,47,1254187
2011-06-13,7.1198,7.32504,7.1198,7.20472,7000,57,71142
2011-06-14,7.34627,7.36043,7.14103,7.14103,119000,52,1225576
2011-06-15,7.32504,7.32504,7.07733,7.13395,26400,14,266922
2011-06-16,7.04195,7.11272,6.93579,6.94286,56500,61,555847
2011-06-17,6.86501,6.93579,6.80132,6.85793,58600,55,572538
2011-06-20,6.75885,6.92871,6.75885,6.92163,19400,88,188850
2011-06-21,6.78009,6.93579,6.78009,6.93579,14000,31,136696
2011-06-22,6.86501,6.92163,6.75885,6.77301,70900,20,691124
2011-06-24,6.77301,6.77301,6.65977,6.72346,80900,63,764518
2011-06-27,6.72346,6.86501,6.72346,6.86501,36100,39,347945
2011-06-28,6.82963,6.82963,6.68808,6.79424,326700,31,3152545
2011-06-29,6.93579,6.93579,6.86501,6.93579,40000,10,389840
2011-06-30,6.92163,6.93579,6.82963,6.93579,125000,21,1224902
2011-07-01,6.92871,6.92871,6.73054,6.9004,36700,87,352721
2011-07-04,6.9004,7.15518,6.70223,6.70223,21800,26,214114
2011-07-05,6.84378,6.92163,6.84378,6.86501,624300,29,6057777
2011-07-06,6.82255,6.86501,6.82255,6.86501,11500,14,110991
2011-07-07,6.85086,6.86501,6.82963,6.85086,39500,34,382110
2011-07-08,6.87209,6.88624,6.79424,6.79424,5000,18,48498
2011-07-11,6.58192,6.79424,6.40499,6.40499,110900,58,1046586
2011-07-12,6.58192,6.58192,6.37668,6.37668,36900,89,334298
2011-07-13,6.39083,6.39083,6.29175,6.3696,165400,104,1488301
2011-07-14,6.32006,6.33421,6.26344,6.26344,59800,92,533434
2011-07-15,6.3696,6.3696,6.27052,6.29883,19600,128,174512
2011-07-18,6.07943,6.22098,6.07943,6.22098,9400,6,80861
2011-07-19,6.10774,6.11482,6.02989,6.02989,60400,183,516121
2011-07-20,6.05112,6.05112,5.73264,5.82464,204900,177,1693328
2011-07-21,5.9025,6.05112,5.80341,5.90957,697900,90,5727854
2011-07-22,5.92373,6.01573,5.82464,5.82464,52300,82,439560
2011-07-25,5.94496,6.08651,5.76803,5.94496,678500,191,5541443
2011-07-26,5.95204,5.95204,5.88834,5.9025,72300,29,603558
2011-07-27,5.90957,6.10066,5.9025,6.01573,438600,128,3701847
2011-07-28,5.88126,6.08651,5.88126,6.08651,64100,64,549206
2011-07-29,6.0582,6.48991,6.05112,6.48991,115400,31,995706
2011-08-01,6.47576,6.47576,6.11482,6.29883,46400,223,408558
2011-08-02,6.29883,6.29883,6.00158,6.00158,75600,29,657875
2011-08-03,6.00158,6.15728,5.7751,6.12189,73500,57,615892
2011-08-04,5.8388,6.04404,5.73264,5.97327,140700,171,1171061
2011-08-05,5.98034,6.05112,5.66187,6.05112,36400,67,308787
2011-08-08,5.71141,6.01573,5.31508,5.83172,57200,72,453953
2011-08-09,5.80341,5.90957,5.66187,5.90957,90400,86,741072
2011-08-10,5.90957,5.90957,5.7751,5.8388,4800,10,39701
2011-08-11,5.9025,5.90957,5.70433,5.8388,67200,87,554535
2011-08-12,5.8388,5.86711,5.80341,5.82464,40000,23,330218
2011-08-15,5.72556,5.8388,5.72556,5.80341,69800,59,572772
2011-08-16,5.80341,5.81757,5.64771,5.80341,40800,24,331689
2011-08-17,5.80341,5.87419,5.69725,5.76803,56100,46,456789
2011-08-18,5.67602,5.67602,5.59109,5.62648,250500,50,1993816
2011-08-19,5.59109,5.67602,5.59109,5.59109,303300,61,2402957
2011-08-22,5.73264,5.73264,5.6194,5.73264,16800,13,134775
2011-08-23,5.59817,5.73264,5.59817,5.72556,11800,13,94940
2011-08-24,5.72556,5.72556,5.66187,5.66894,132800,12,1068803
2011-08-25,5.66894,5.94496,5.65479,5.69018,51800,16,416826
2011-08-26,6.01573,6.01573,5.66187,5.8388,4000,36,33169
2011-08-29,5.97327,6.04404,5.80341,5.93788,53400,25,438602
2011-08-30,6.08651,6.08651,5.82464,5.82464,27000,21,228115
2011-08-31,6.07943,6.15728,5.98034,6.15728,26300,22,223870
2011-09-01,6.01573,6.36252,6.01573,6.26344,88900,65,767617
2011-09-02,6.28467,6.39083,6.16436,6.29175,22400,13,196036
2011-09-05,6.09358,6.12897,6.09358,6.12897,4800,6,41409
2011-09-06,6.29883,6.29883,6.25636,6.25636,1100,3,9734
2011-09-08,6.17851,6.29883,6.09358,6.15728,19100,54,166284
2011-09-09,5.97327,6.25636,5.97327,6.25636,3700,6,32664
2011-09-12,5.84588,6.2139,5.84588,6.19267,1100,3,9579
2011-09-13,6.15728,6.20682,6.15728,6.20682,2200,5,19287
2011-09-14,6.02281,6.10774,5.87419,5.87419,8300,53,69929
2011-09-15,5.9308,5.95204,5.7751,5.91665,213300,89,1759825
2011-09-16,5.81049,5.98034,5.81049,5.98034,65400,58,547320
2011-09-19,6.01573,6.01573,5.76803,5.76803,17200,38,142374
2011-09-20,5.7751,5.85295,5.76803,5.76803,34600,39,282755
2011-09-21,5.7751,5.94496,5.76803,5.94496,303000,23,2470129
2011-09-22,5.80341,5.94496,5.66187,5.94496,7200,22,59718
2011-09-23,5.87419,5.93788,5.7751,5.80341,6800,17,55945
2011-09-26,5.80341,5.87419,5.74679,5.80341,422600,70,3466185
2011-09-27,5.81049,5.94496,5.81049,5.85295,13900,31,115508
2011-09-28,5.85295,5.91665,5.80341,5.82464,83000,39,682073
2011-09-29,5.87419,5.98034,5.87419,5.97327,17700,70,148705
2011-09-30,5.95911,6.01573,5.81757,6.01573,77100,39,649237
2011-10-03,5.95811,5.95811,5.92191,5.93639,6200,36,50828
2011-10-04,5.87847,5.88571,5.71196,5.7554,31800,107,255663
2011-10-06,5.86399,5.93639,5.7916,5.82779,115100,59,938660
2011-10-07,5.86399,5.93639,5.86399,5.93639,1200,3,9818
2011-10-10,5.93639,5.93639,5.93639,5.93639,13300,12,109060
2011-10-11,5.86399,5.92915,5.82056,5.82779,12300,27,99228
2011-10-13,5.7916,6.29836,5.7916,6.08118,32900,26,266928
2011-10-14,6.08118,6.1029,6.08118,6.1029,700,4,5892
2011-10-18,6.11737,6.33456,6.11737,6.33456,87400,4,764710
2011-10-19,6.44315,6.82685,6.19701,6.80512,81200,255,741103
2011-10-21,6.79065,6.94992,6.79065,6.94992,7400,28,70050
2011-10-24,6.94268,6.94992,6.94268,6.94992,4600,10,44159
2011-10-25,6.9282,7.15986,6.9282,7.15986,1600,10,15504
2011-10-26,7.14538,7.2033,7.09471,7.2033,3200,10,31676
2011-10-27,7.18882,7.2395,7.18882,7.2395,75000,18,749827
2011-10-28,7.1309,7.1309,6.60242,6.80512,152100,216,1420974
2011-10-31,6.98611,7.01507,6.73997,6.73997,86300,20,820114
2011-11-01,6.5807,6.87028,6.57346,6.87028,65300,62,604789
2011-11-03,6.88476,6.88476,6.68206,6.80512,4600,13,43233
2011-11-04,6.79065,6.82685,6.37076,6.37076,85300,82,774675
2011-11-07,6.73273,6.73273,6.55174,6.55174,2500,9,22868
2011-11-08,6.57346,6.62414,6.2694,6.55174,8700,22,78185
2011-11-09,6.51555,6.66758,6.51555,6.58794,41500,30,378577
2011-11-10,6.53003,6.66034,6.51555,6.59518,39900,32,363312
2011-11-11,6.66758,6.83409,6.66758,6.80512,6300,9,59195
2011-11-14,6.80512,6.87752,6.60242,6.87028,56600,25,537326
2011-11-16,6.87028,6.87028,6.66758,6.67482,3100,7,29207
2011-11-17,6.73273,6.80512,6.73273,6.73273,1104000,23,10267435
2011-11-18,6.73273,6.87752,6.67482,6.67482,395700,11,3680172
2011-11-21,6.52279,6.86304,6.51555,6.54451,35300,22,318885
2011-11-22,6.378,6.62414,6.378,6.47935,23600,110,212725
2011-11-23,6.49383,6.51555,6.44315,6.44315,61900,15,554919
2011-11-24,6.49383,6.52279,6.44315,6.44315,3000,5,26728
2011-11-25,6.51555,6.51555,6.51555,6.51555,22500,1,202500
2011-11-28,6.55174,6.6531,6.55174,6.6531,1600,5,14683
2011-11-29,6.66034,6.84857,6.47935,6.55174,19500,30,176083
2011-11-30,6.80512,6.80512,6.22597,6.22597,52100,81,464538
2011-12-01,6.3056,6.63862,6.08842,6.63862,78100,71,673498
2011-12-02,6.44315,6.62414,6.33456,6.56622,23200,25,210929
2011-12-05,6.56622,6.56622,6.56622,6.56622,7000,2,63490
2011-12-06,6.56622,6.56622,6.51555,6.51555,2800,8,25340
2011-12-07,6.53003,6.53003,6.53003,6.53003,11100,12,100122
2011-12-08,6.51555,6.51555,6.37076,6.43591,436900,22,3890686
2011-12-09,6.42143,6.55174,6.4142,6.55174,7300,10,65576
2011-12-12,6.54451,6.54451,6.37076,6.378,22900,10,201585
2011-12-13,6.42867,6.47935,6.39248,6.39248,27200,8,241245
2011-12-14,6.44315,6.50831,6.22597,6.50831,9300,8,83301
2011-12-15,6.40695,6.40695,6.378,6.378,1500,8,13242
2011-12-16,6.44315,6.62414,6.37076,6.51555,523600,31,4737677
2011-12-19,6.32732,6.47935,6.2694,6.2694,4300,17,37427
2011-12-20,6.63138,6.63138,6.25493,6.51555,144600,63,1300730
2011-12-21,6.5807,6.66034,6.57346,6.64586,172600,21,1570780
2011-12-22,6.64586,6.73273,6.64586,6.72549,275300,43,2533484
2011-12-23,6.66034,6.83409,6.62414,6.76893,66400,204,622375
2011-12-26,6.60242,6.84132,6.60242,6.84132,600,4,5635
2011-12-27,6.76893,6.82685,6.76893,6.82685,200,2,1878
2011-12-28,6.82685,6.87752,6.80512,6.87028,54100,13,513797
2011-12-29,6.93662,6.94401,6.93662,6.94401,32400,20,304559
2012-01-02,6.85536,6.85536,6.55987,6.55987,10600,15,96563
2012-01-03,6.84797,6.86275,6.58203,6.58203,11300,16,102917
2012-01-04,6.68545,6.72239,6.68545,6.72239,2400,7,21755
2012-01-05,6.74455,6.79626,6.68545,6.79626,3045600,14,27572725
2012-01-06,6.94401,6.94401,6.94401,6.94401,796400,3,7486160
2012-01-09,6.95878,6.98094,6.87013,6.98094,281500,55,2649838
2012-01-10,6.98094,6.98094,6.94401,6.9514,11000,15,103674
2012-01-11,6.9514,6.9514,6.68545,6.68545,112200,15,1019786
2012-01-12,6.68545,6.89968,6.57464,6.57464,767900,45,6942368
2012-01-13,6.64852,6.74455,6.64852,6.715,48100,11,435855
2012-01-16,7.01049,7.01049,6.82581,6.82581,800,3,7417
2012-01-17,6.79626,6.87013,6.74455,6.80365,54600,29,504567
2012-01-18,6.69284,6.90707,6.69284,6.88491,17300,15,160282
2012-01-19,6.8332,6.98094,6.73716,6.98094,321600,80,2992017
2012-01-20,6.88491,6.88491,6.87752,6.87752,200,2,1863
2012-01-23,6.87752,6.87752,6.75933,6.75933,18800,29,172931
2012-01-24,6.72978,6.90707,6.715,6.87013,69700,49,641214
2012-01-26,6.90707,6.90707,6.72239,6.72239,3059100,54,27990921
2012-01-27,6.72239,6.8923,6.72239,6.78887,155200,41,1440802
2012-01-30,6.87013,7.05482,6.8332,7.05482,4762000,63,44296823
2012-01-31,7.16563,7.23211,7.16563,7.19517,3000,5,29185
2012-02-01,7.08436,7.18779,7.01788,7.1804,4700,18,45535
2012-02-02,7.38724,7.38724,6.84797,7.06959,97900,81,948343
2012-02-03,7.01788,7.34292,7.01788,7.27643,74800,119,739645
2012-02-06,7.45373,7.7566,7.38724,7.46111,56700,71,579347
2012-02-07,7.95606,7.95606,7.47589,7.65318,43700,35,451192
2012-02-08,7.49805,7.79354,7.49805,7.72705,549800,16,5750864
2012-02-09,7.60886,7.74922,7.51282,7.54976,6100,16,62522
2012-02-10,7.97822,7.97822,7.7566,7.89696,89900,13,950364
2012-02-13,8.03732,8.03732,7.71967,7.9339,56000,9,593702
2012-02-14,7.77877,7.95606,7.77877,7.86741,50200,87,537309
2012-02-15,7.93417,8.01658,7.73188,8.01658,2200,16,23209
2012-02-16,8.01658,8.0915,7.94166,7.9941,99300,41,1062367
2012-02-17,8.56351,8.56351,8.07652,8.07652,113200,24,1228404
2012-02-22,8.20388,8.53354,8.20388,8.53354,31500,4,344999
2012-02-23,8.46611,8.46611,8.23385,8.23385,40800,71,449322
2012-02-24,8.45862,8.45862,7.97912,7.97912,857000,48,9258419
2012-02-27,7.87423,8.08401,7.87423,8.08401,36600,32,391899
2012-02-28,8.24135,8.42115,7.9042,7.93417,569900,41,6014683
2012-02-29,7.93417,8.0016,7.91169,7.9941,48800,43,519929
2012-03-01,7.88921,8.01658,7.88921,7.9042,232100,167,2457219
2012-03-02,7.9042,7.93417,7.8068,7.9042,164500,90,1734359
2012-03-05,7.9042,7.9042,7.86674,7.86674,7400,9,77990
2012-03-06,7.72439,7.85924,7.60452,7.85175,13700,28,140674
2012-03-07,7.94166,8.06154,7.61201,7.75436,66000,73,682507
2012-03-08,7.94915,7.94915,7.64197,7.64197,138300,67,1424165
2012-03-09,7.64947,7.78433,7.61201,7.64197,596500,61,6084547
2012-03-12,7.64197,7.64197,7.41721,7.50712,45700,107,459445
2012-03-13,7.60452,7.7094,7.56705,7.67943,167600,54,1693642
2012-03-14,7.67943,7.75436,7.64947,7.74686,14600,16,150004
2012-03-15,7.74686,8.15144,7.65696,8.15144,107800,115,1118588
2012-03-16,7.92667,8.01658,7.77683,8.00909,26800,85,282989
2012-03-19,8.36871,8.36871,8.15144,8.15144,6800,5,74019
2012-03-20,8.14395,8.16642,8.01658,8.14395,75700,54,822034
2012-03-21,8.44363,8.44363,7.94166,8.01658,13200,32,142026
2012-03-22,8.01658,8.01658,7.94915,7.97912,16100,29,171473
2012-03-23,7.93417,7.94166,7.83677,7.83677,65400,37,688018
2012-03-26,7.83677,7.83677,7.7094,7.73188,51300,28,533952
2012-03-27,7.79182,7.86674,7.79182,7.83677,717600,48,7505254
2012-03-28,7.83677,7.83677,7.48464,7.50712,70300,127,709494
2012-03-29,7.49962,7.53709,7.4247,7.45467,58000,246,578559
2012-03-30,7.3865,7.4017,7.15092,7.3941,420800,283,4068872
2012-04-02,7.51569,7.73607,7.51569,7.67528,22300,138,223432
2012-04-03,7.66768,7.67528,7.35611,7.4093,236900,65,2310489
2012-04-04,7.4473,7.50809,7.3713,7.4473,80900,14,792760
2012-04-05,7.28771,7.29531,7.13572,7.13572,29800,67,282571
2012-04-09,7.22692,7.22692,6.84695,6.87735,118900,282,1079313
2012-04-10,6.87735,6.90015,6.80136,6.82415,250700,47,2259725
2012-04-11,6.87735,6.91535,6.82415,6.82415,739400,46,6658353
2012-04-12,7.02174,7.14332,6.91535,7.14332,40200,45,368977
2012-04-13,7.14332,7.14332,6.99894,7.02934,7400,12,68536
2012-04-16,7.04453,7.04453,6.96094,7.00654,45800,22,422329
2012-04-17,7.14332,7.21932,6.99134,7.13572,840100,169,7849291
2012-04-18,6.99894,7.06733,6.84695,6.98374,38600,90,354226
2012-04-19,6.83935,6.83935,6.76336,6.76336,163700,49,1468749
2012-04-20,6.83935,7.15852,6.77856,6.77856,579700,211,5186682
2012-04-23,6.73296,6.85455,6.73296,6.85455,4400,5,39353
2012-04-24,6.85455,6.87735,6.74816,6.80896,768500,20,6916070
2012-04-25,6.87735,6.87735,6.74816,6.74816,10000,19,89452
2012-04-26,6.76336,6.83935,6.76336,6.83935,25100,25,225388
2012-04-27,6.83935,7.01414,6.83935,6.99134,34900,49,318695
2012-04-30,6.99894,7.13572,6.95334,7.13572,5500,9,51574
2012-05-02,6.96094,7.09773,6.95334,7.04453,606200,12,5619472
2012-05-03,6.96094,7.04453,6.84695,6.91535,32700,52,299264
2012-05-04,6.84695,6.85455,6.80896,6.80896,33600,26,302161
2012-05-07,6.87735,6.91535,6.80136,6.85455,136600,100,1235078
2012-05-08,6.83935,6.87735,6.75576,6.75576,919900,137,8222193
2012-05-09,6.82415,6.82415,6.72537,6.72537,33600,31,299510
2012-05-10,6.76336,6.91535,6.72537,6.91535,940700,33,8389183
2012-05-11,6.90775,7.15852,6.90775,7.14332,15100,29,139707
2012-05-14,7.01414,7.02934,6.82415,6.84695,64300,71,580491
2012-05-15,6.84695,6.91535,6.68737,6.68737,151000,74,1352302
2012-05-16,6.83935,6.83935,6.45939,6.61897,193200,71,1703795
2012-05-17,6.72537,6.72537,6.19341,6.45179,39700,86,340110
2012-05-18,6.26181,6.68737,6.16302,6.68737,51300,26,446096
2012-05-21,6.74056,6.91535,6.64937,6.91535,44000,58,392979
2012-05-22,6.91535,6.91535,6.70257,6.83935,77300,99,694932
2012-05-23,6.83935,6.86975,6.79376,6.82415,10600,22,94986
2012-05-24,6.90775,6.90775,6.57338,6.83935,16200,69,144194
2012-05-25,6.83175,6.83935,6.76336,6.76336,11200,45,100649
2012-05-28,6.83935,7.06733,6.83175,7.06733,1152200,29,10645173
2012-05-29,7.14332,7.14332,6.84695,6.84695,2400,11,21744
2012-05-30,6.82415,6.82415,6.82415,6.82415,600,2,5388
2012-05-31,6.93054,7.48529,6.93054,7.48529,63800,49,617173
2012-06-01,6.93054,7.4321,6.93054,7.29531,56700,14,538585
2012-06-04,7.30291,7.47009,7.15852,7.21932,43400,14,412485
2012-06-05,7.3713,7.3713,7.14332,7.32571,600,5,5722
2012-06-06,7.17372,7.33331,6.91535,7.33331,15500,32,145538
2012-06-08,7.21932,7.33331,6.99134,7.33331,13600,23,128295
2012-06-11,7.33331,7.33331,6.96854,6.96854,116000,48,1116548
2012-06-12,6.96854,6.96854,6.64937,6.90775,83800,90,747493
2012-06-13,6.94574,7.10533,6.83935,6.83935,600500,15,5404660
2012-06-14,6.83175,7.01414,6.80136,7.01414,88100,41,793325
2012-06-15,7.16612,7.16612,6.90015,6.91535,7000,21,63944
2012-06-18,7.02174,7.02174,6.91535,6.97614,135100,63,1233450
2012-06-19,6.97614,7.17372,6.97614,7.15092,31200,19,287623
2012-06-20,7.3485,7.3485,7.06733,7.11293,58400,76,551306
2012-06-21,7.27251,7.27251,6.92295,6.97614,12700,22,116616
2012-06-22,7.14332,7.14332,6.71017,6.71017,10800,22,96287
2012-06-25,6.69497,6.74056,6.59618,6.59618,45200,19,399185
2012-06-26,6.84695,6.84695,6.46699,6.46699,34500,21,296800
2012-06-27,6.51258,6.51258,6.3758,6.45939,41500,26,352786
2012-06-28,6.64937,6.76336,6.3758,6.76336,32900,48,286197
2012-06-29,7.19652,7.19652,6.99894,7.15852,99000,82,929623
2012-07-02,7.33065,7.36197,7.0487,7.20534,14700,30,135199
2012-07-03,7.12702,7.33848,7.12702,7.31498,10600,42,98271
2012-07-04,7.54994,7.54994,7.26016,7.40897,14600,10,139579
2012-07-05,7.4168,7.4168,7.0722,7.21317,11600,60,107478
2012-07-06,7.17401,7.17401,7.11135,7.13485,2600,12,23710
2012-07-10,7.32282,7.32282,6.93905,6.95472,763600,35,6781795
2012-07-11,7.12702,7.12702,6.96255,7.0722,370600,21,3344890
2012-07-12,7.18967,7.18967,6.94688,7.03304,19400,31,173247
2012-07-13,7.05653,7.28366,7.0487,7.14268,19300,29,178006
2012-07-16,7.29932,7.29932,7.12702,7.14268,5800,8,52978
2012-07-17,7.14268,7.15835,7.0487,7.12702,7300,16,66235
2012-07-18,7.15835,7.15835,7.12702,7.15051,1900,10,17328
2012-07-19,7.12702,7.15051,7.12702,7.15051,700,4,6382
2012-07-20,7.15051,7.19751,7.00171,7.15835,13900,43,126121
2012-07-23,7.00171,7.18967,6.81374,7.18967,5600,34,50221
2012-07-24,7.11135,7.21317,7.11135,7.18184,45400,35,416372
2012-07-25,7.32282,7.32282,7.04087,7.30715,3000,23,27644
2012-07-26,7.20534,7.27582,7.20534,7.27582,10700,8,99376
2012-07-27,7.28366,7.66742,7.28366,7.43246,6500,27,61514
2012-07-30,7.55777,7.55777,7.49512,7.49512,55400,6,530212
2012-07-31,7.44813,7.48729,7.44813,7.47945,7200,8,68740
2012-08-01,7.40114,7.65959,7.40114,7.63609,4000,10,38832
2012-08-02,7.57344,8.34096,7.57344,8.16083,28300,99,281243
2012-08-03,8.26264,8.26264,7.98852,8.18432,8100,22,84349
2012-08-06,8.18432,8.18432,7.83972,8.16866,83100,285,854878
2012-08-07,8.16866,8.26264,7.98852,8.23131,25400,129,262499
2012-08-08,8.23131,8.23131,7.79273,7.82406,71100,86,714592
2012-08-09,7.98852,7.98852,7.79273,7.83189,12300,18,123087
2012-08-10,7.98852,7.98852,7.81622,7.83189,75400,51,754752
2012-08-13,7.79273,8.09034,7.72224,7.74574,16500,122,164286
2012-08-14,7.87105,7.91021,7.67525,7.75357,36700,43,364731
2012-08-15,7.81622,7.81622,7.73791,7.75357,320700,16,3175021
2012-08-16,7.79273,7.91021,7.75357,7.87105,28100,26,279392
2012-08-17,7.87105,8.24698,7.79273,8.24698,14300,29,144840
2012-08-20,8.22348,8.22348,8.106,8.13733,30600,39,317131
2012-08-21,8.05118,8.18432,8.02769,8.02769,13400,60,138912
2012-08-22,7.98069,8.11384,7.98069,8.106,6600,37,67834
2012-08-23,8.07468,8.09817,7.98852,8.06684,3800,17,38971
2012-08-24,8.09817,8.09817,7.98069,8.04335,21300,114,218245
2012-08-27,8.03552,8.09817,8.02769,8.09817,3000,18,30953
2012-08-28,8.153,8.153,7.94154,8.09817,971000,60,10035718
2012-08-29,8.1295,8.1295,7.85538,7.91021,39400,48,400106
2012-08-30,7.94154,7.98852,7.9337,7.97286,1100,7,11183
2012-08-31,8.05901,8.14516,7.91021,8.14516,17900,23,184502
2012-09-03,8.14516,8.52893,8.07468,8.38012,52400,333,556139
2012-09-04,8.34096,8.38012,8.26264,8.26264,11400,30,120795
2012-09-05,8.3018,8.36446,8.09817,8.22348,93100,74,981749
2012-09-06,8.28614,8.28614,8.14516,8.19999,26600,24,277450
2012-09-10,8.19216,8.19216,8.02769,8.1295,64500,133,668812
2012-09-11,8.14516,8.14516,7.97286,7.97286,448000,287,4564505
2012-09-12,8.05901,8.14516,7.92587,8.14516,83500,146,847407
2012-09-13,8.153,8.61508,8.06684,8.52893,275300,556,2976096
2012-09-14,8.53676,8.61508,8.53676,8.57592,65100,176,712066
2012-09-17,8.61508,8.70906,8.46627,8.56809,86000,126,943761
2012-09-18,8.57592,8.61508,8.56809,8.57592,110800,25,1213276
2012-09-19,8.61508,8.61508,8.4976,8.4976,76300,65,833847
2012-09-20,8.4976,8.53676,8.45061,8.53676,52500,18,568874
2012-09-21,8.41928,8.57592,8.41928,8.54459,55800,222,607701
2012-09-24,8.53676,8.57592,8.52893,8.54459,47600,109,518985
2012-09-25,8.58375,8.58375,8.45844,8.45844,110400,272,1196299
2012-09-26,8.4976,8.53676,8.41928,8.45844,7100,19,76745
2012-09-27,8.45844,8.52893,8.36446,8.36446,4500,25,48484
2012-09-28,8.38012,8.61508,8.36446,8.53676,244900,171,2665433
2012-10-01,8.54431,8.93523,8.53633,8.93523,57900,84,632435
2012-10-02,8.92725,8.93523,8.81556,8.93523,73500,166,813959
2012-10-03,8.87938,8.97512,8.81556,8.81556,68200,154,761717
2012-10-04,8.75972,8.87938,8.70387,8.70387,29900,141,328430
2012-10-05,8.80758,8.85545,8.656,8.73578,41300,46,455042
2012-10-08,8.77567,8.77567,8.68791,8.68791,8800,10,95895
2012-10-09,8.63207,8.73578,8.5842,8.5842,1600,12,17320
2012-10-10,8.656,8.69589,8.57623,8.57623,7200,45,78198
2012-10-11,8.66398,9.23041,8.64803,8.89534,93700,176,1050709
2012-10-15,8.89534,8.89534,8.71983,8.85545,2600,19,28725
2012-10-16,8.81556,9.0549,8.73578,8.75972,42600,92,472637
2012-10-17,8.81556,9.15861,8.67994,8.67994,91600,167,1016578
2012-10-18,8.71983,8.85545,8.68791,8.80758,9800,32,107768
2012-10-19,8.74376,8.81556,8.656,8.77567,14000,35,152645
2012-10-22,8.73578,8.73578,8.45656,8.45656,61600,61,659606
2012-10-23,8.49644,8.49644,8.06564,8.08958,77900,422,796326
2012-10-24,8.08958,8.21722,8.08958,8.13744,20800,22,212718
2012-10-25,8.20924,8.49644,8.11351,8.24913,96900,217,1008119
2012-10-26,8.21722,8.297,7.8981,8.14542,61900,207,628532
2012-10-29,8.297,8.42465,8.14542,8.42465,4500,25,46866
2012-10-30,8.42465,8.49644,8.13744,8.19329,31400,66,324237
2012-10-31,8.21722,8.44858,7.99384,8.44858,50100,203,511860
2012-11-01,8.36082,8.36082,8.08958,8.08958,60500,203,618761
2012-11-05,8.18531,8.18531,7.64281,7.7545,91600,289,901095
2012-11-06,7.83428,8.37678,7.6827,8.08958,121400,471,1209310
2012-11-07,8.09755,8.28902,8.05766,8.23318,10000,65,102139
2012-11-08,8.28902,8.28902,7.98586,8.05766,31600,187,319493
2012-11-09,8.13744,8.13744,7.6109,7.69068,101700,307,987950
2012-11-12,7.76248,7.81833,7.73855,7.73855,28700,206,279084
2012-11-13,7.73855,8.14542,7.73855,8.00182,47500,205,471287
2012-11-14,8.05766,8.05766,7.69866,7.73855,27800,70,271521
2012-11-16,7.81833,7.81833,7.49921,7.49921,51100,182,487335
2012-11-19,7.57899,7.69866,7.5391,7.60292,120600,524,1149714
2012-11-21,7.65877,7.72259,7.50719,7.50719,134800,193,1272757
2012-11-22,7.5391,7.69866,7.49921,7.49921,69900,236,660358
2012-11-23,7.57899,7.57899,7.52314,7.52314,9200,29,87142
2012-11-26,7.56303,7.72259,7.49921,7.50719,48800,253,463407
2012-11-27,7.57899,7.62686,7.56303,7.57899,23600,35,225255
2012-11-28,7.57899,7.71461,7.49921,7.49921,87600,291,826904
2012-11-29,7.50719,7.58697,7.37954,7.45932,41200,126,385685
2012-11-30,7.57899,7.64281,7.49921,7.57899,188400,168,1779715
2012-12-03,7.57899,7.73855,7.53112,7.6827,281400,296,2686162
2012-12-04,7.73855,7.85024,7.61888,7.65877,32600,124,313282
2012-12-05,7.7545,7.76248,7.65877,7.73855,32600,62,315291
2012-12-06,7.67473,7.77844,7.67473,7.73855,5100,21,49517
2012-12-07,7.81035,7.81035,7.69866,7.7545,42700,225,412737
2012-12-10,7.7545,7.79439,7.71461,7.73855,59200,59,574297
2012-12-11,7.79439,7.81833,7.6827,7.81035,25500,172,248163
2012-12-12,7.79439,7.81833,7.70663,7.81833,1027400,277,10065853
2012-12-13,7.85024,7.85024,7.69866,7.71461,56900,295,550621
2012-12-14,7.77046,7.81833,7.7545,7.78642,724900,22,7075285
2012-12-17,7.80237,7.89013,7.74652,7.81833,68900,148,674974
2012-12-18,7.7545,7.97788,7.7545,7.90608,98400,134,976743
2012-12-19,7.84226,7.93799,7.84226,7.93799,46100,31,458575
2012-12-20,7.8981,7.97788,7.86619,7.93799,40300,85,400302
2012-12-21,7.8981,7.90608,7.85822,7.8981,71100,65,703843
2012-12-26,7.92204,8.30498,7.92204,8.01777,201700,126,2048112
2012-12-27,7.99384,8.16137,7.99384,8.05766,34200,53,347798
2012-12-28,8.08929,8.2669,8.08929,8.19424,50000,62,507363
2013-01-02,8.28305,8.75937,8.17002,8.55754,143100,274,1523779
2013-01-03,8.52524,8.70285,8.42029,8.54946,28600,208,302394
2013-01-04,8.63827,8.70285,8.45259,8.4768,45500,156,484315
2013-01-07,8.52524,8.58176,8.33149,8.39607,14800,68,154882
2013-01-08,8.44451,8.44451,8.18617,8.21039,12500,68,128871
2013-01-09,8.18617,8.67863,8.1781,8.22653,78500,168,821436
2013-01-10,8.28305,8.4768,8.28305,8.28305,79600,67,828961
2013-01-11,8.28305,8.45259,8.28305,8.31534,102000,57,1058433
2013-01-14,8.39607,8.4768,8.33149,8.35571,67500,121,706985
2013-01-15,8.29112,8.39607,8.29112,8.35571,28500,133,295294
2013-01-16,8.34764,8.388,8.29112,8.31534,19600,67,202292
2013-01-17,8.29112,8.55754,8.23461,8.34764,285100,270,2932383
2013-01-18,8.28305,8.36378,8.2669,8.30727,114300,94,1175912
2013-01-21,8.31534,8.49295,8.31534,8.43644,24800,63,258795
2013-01-22,8.388,8.4768,8.388,8.4768,3624300,38,38054582
2013-01-23,8.5091,8.51717,8.43644,8.4768,14300,24,150144
2013-01-24,8.46066,8.5979,8.27497,8.27497,2353600,105,24138619
2013-01-28,8.31534,8.34764,8.2669,8.2992,225400,90,2320882
2013-01-29,8.2992,8.37993,8.2992,8.31534,7400,40,76198
2013-01-30,8.31534,8.37993,8.1781,8.27497,649700,150,6658732
2013-01-31,8.24268,8.35571,8.24268,8.2992,216300,339,2228717
2013-02-01,8.25883,8.27497,8.02471,8.02471,249000,314,2497530
2013-02-04,8.04085,8.15388,8.04085,8.11351,16000,35,160206
2013-02-05,8.08929,8.12159,7.9359,7.98434,21600,104,214290
2013-02-06,8.09737,8.42029,8.06507,8.11351,65300,65,659839
2013-02-07,8.11351,8.24268,7.95205,7.95205,17200,22,173598
2013-02-08,8.07315,8.13773,8.03278,8.03278,12500,79,125013
2013-02-13,8.02471,8.06507,7.96012,8.057,13900,72,138281
2013-02-14,8.00049,8.06507,7.80673,7.99241,101100,228,996222
2013-02-15,8.00856,8.20232,7.92783,8.16195,137300,371,1369350
2013-02-18,8.09737,8.37993,8.09737,8.32342,107000,146,1097061
2013-02-19,8.38842,8.74503,8.28306,8.63156,159800,384,1685277
2013-02-20,8.63156,8.92334,8.5181,8.5181,136800,202,1490764
2013-02-21,8.53431,8.83418,8.53431,8.79366,296500,74,3215117
2013-02-22,8.68019,8.80987,8.67209,8.72072,31600,119,341843
2013-02-25,8.76935,9.11785,8.75314,9.11785,3473700,160,39039380
2013-02-26,9.04491,9.17458,8.75314,8.94765,106600,238,1180241
2013-02-27,8.8585,9.11785,8.75314,9.11785,74000,302,813496
2013-02-28,9.23942,9.31236,8.91523,8.91523,167000,180,1871426
2013-03-01,8.91523,9.36099,8.91523,9.32047,328200,408,3703865
2013-03-04,9.35289,9.7095,9.17458,9.70139,192000,151,2257493
2013-03-05,9.7176,9.75812,9.65276,9.72571,306200,677,3673200
2013-03-06,9.72571,10.0499,9.00438,9.8797,1934400,170,22672863
2013-03-07,10.00127,10.00127,9.5474,9.80676,128800,114,1555496
2013-03-08,9.84728,10.13094,9.78244,10.07421,117200,71,1437264
2013-03-11,10.0499,10.06611,9.7176,9.96885,103600,93,1261333
2013-03-12,10.01748,10.01748,9.49877,9.52309,138800,219,1646816
2013-03-13,9.58792,9.87159,9.27184,9.64466,184100,268,2183060
2013-03-14,9.79865,9.96885,9.60413,9.80676,50300,100,609685
2013-03-15,9.70139,9.79865,9.60413,9.7095,52500,55,630956
2013-03-18,9.56361,9.80676,9.5474,9.74192,56100,160,670516
2013-03-19,9.72571,10.00937,9.72571,9.8878,66300,237,808567
2013-03-20,9.79054,9.84728,9.66087,9.72571,101000,104,1222930
2013-03-21,9.79054,9.79054,9.63655,9.74192,924500,93,11104938
2013-03-22,9.83107,9.87159,9.59603,9.59603,37600,24,445814
2013-03-25,9.75002,9.97695,9.63655,9.8878,61200,161,748509
2013-03-26,9.8878,10.08232,9.75812,9.96885,75600,103,931164
2013-03-27,9.81486,10.00937,9.81486,9.8878,58200,53,711146
2013-03-28,10.06751,10.06751,9.8547,9.88744,27600,49,334110
2013-04-01,9.93655,10.31306,9.8547,10.31306,48100,142,589773
2013-04-02,10.31306,10.47676,10.19847,10.31306,87000,319,1100097
2013-04-03,10.20666,10.35398,9.5846,9.69919,321800,350,3880225
2013-04-04,9.70737,9.73193,9.00346,9.00346,8346200,502,91873378
2013-04-05,9.01165,9.35542,8.92162,9.16717,2101800,180,23146098
2013-04-08,9.3145,9.3145,9.00346,9.20809,162000,185,1793992
2013-04-09,9.33086,9.33086,9.18353,9.32268,99300,116,1122370
2013-04-10,9.33086,9.57641,9.17535,9.57641,138600,210,1599844
2013-04-11,9.48638,9.51093,9.19172,9.19172,99800,150,1131364
2013-04-12,9.33086,9.33086,9.18353,9.28994,15200,43,171664
2013-04-15,9.1999,9.20809,8.83976,8.96254,396200,590,4357625
2013-04-16,8.92162,9.08531,8.78247,9.04439,87200,201,951249
2013-04-17,9.0362,9.06894,8.80703,8.95436,133200,156,1445953
2013-04-18,9.02802,9.02802,8.78247,8.78247,57900,245,625208
2013-04-19,8.81521,8.96254,8.63514,8.87251,246300,617,2666645
2013-04-22,8.87251,8.87251,8.65151,8.65151,79100,226,841252
2013-04-23,8.70881,8.80703,8.51237,8.71699,283300,347,2973615
2013-04-24,8.7661,9.0935,8.7661,8.77429,94200,194,1033287
2013-04-25,8.91343,8.91343,8.63514,8.67607,95500,281,1022691
2013-04-26,8.81521,8.81521,8.47963,8.56966,114600,432,1194624
2013-04-29,8.66788,8.80703,8.55329,8.7661,111600,189,1188646
2013-04-30,8.65151,9.00346,8.54511,8.54511,2638500,586,27612708
2013-05-02,8.57785,8.67607,8.47144,8.67607,1803800,629,19109287
2013-05-03,8.77429,8.95436,8.69244,8.83976,3376400,149,36470143
2013-05-06,8.83158,8.83158,8.69244,8.74973,42300,232,452864
2013-05-07,8.79066,8.79066,8.67607,8.75792,1372900,126,14689606
2013-05-08,8.66788,8.81521,8.6597,8.66788,58300,41,620050
2013-05-09,8.70881,8.71699,8.61059,8.67607,7600,30,80542
2013-05-10,8.69244,8.69244,8.47144,8.55329,121200,321,1270444
2013-05-13,8.56966,8.56966,8.03764,8.15223,8066500,501,80665807
2013-05-14,8.16041,8.25863,8.11131,8.15223,314300,343,3150724
2013-05-15,8.18497,8.34048,8.18497,8.18497,164400,101,1654726
2013-05-16,8.20134,8.25045,8.1686,8.1686,266800,260,2670346
2013-05-17,8.24226,8.24226,8.16041,8.21771,162200,441,1624361
2013-05-20,8.25045,8.25045,8.1686,8.21771,248500,107,2485752
2013-05-21,8.17678,8.29137,8.15223,8.18497,123400,152,1237095
2013-05-22,8.24226,8.25045,8.13586,8.15223,354600,179,3553571
2013-05-23,8.12767,8.20952,8.03764,8.12767,69300,122,689214
2013-05-24,8.08675,8.24226,8.08675,8.18497,260900,214,2609181
2013-05-27,8.11131,8.25863,8.11131,8.19315,163300,234,1645696
2013-05-28,8.16041,8.25045,8.16041,8.18497,106300,77,1068246
2013-05-29,8.19315,8.21771,8.15223,8.17678,30300,199,302183
2013-05-31,8.14404,8.26682,7.92305,8.26682,214200,928,2097772
2013-06-03,8.18497,8.18497,7.76753,7.77572,433400,956,4156689
2013-06-04,7.84938,7.84938,7.68568,7.72661,215300,414,2030427
2013-06-05,7.64476,7.77572,7.64476,7.69387,179700,515,1691027
2013-06-06,7.69387,7.98034,7.6775,7.98034,281900,301,2689139
2013-06-07,7.89031,8.02127,7.65295,7.65295,211600,643,2005071
2013-06-10,7.77572,7.77572,7.61202,7.65295,159100,672,1487454
2013-06-11,7.61202,7.61202,7.22733,7.22733,187000,245,1689159
2013-06-12,7.26007,7.36647,7.08,7.12092,146300,324,1287959
2013-06-13,7.23551,7.42377,7.08,7.35828,196800,377,1735450
2013-06-14,7.35828,7.56291,7.35828,7.48925,45900,103,420008
2013-06-17,7.39921,7.45651,7.35828,7.38284,11900,67,107947
2013-06-18,7.35828,7.42377,7.32555,7.36647,20400,97,183609
2013-06-19,7.35828,7.52199,7.1864,7.22733,528700,517,4776090
2013-06-20,7.34192,7.36647,6.89993,7.17003,413500,459,3596698
2013-06-21,7.17003,7.3501,7.07181,7.33373,3232400,149,28985848
2013-06-24,7.33373,7.4074,7.12092,7.19459,236700,199,2095914
2013-06-25,7.22733,7.44832,7.21914,7.36647,75800,57,679738
2013-06-26,7.38284,7.43195,7.28462,7.32555,65400,290,587070
2013-06-27,7.3501,7.52199,7.32555,7.45651,16100,43,145770
2013-06-28,7.56391,7.70506,7.49749,7.59712,700800,315,6405854
2013-07-01,7.61373,7.63864,7.49749,7.63864,337300,168,3086173
2013-07-02,7.59712,7.59712,7.40616,7.40616,790900,202,7225175
2013-07-03,7.47258,7.47258,6.96611,7.12386,197300,519,1684372
2013-07-04,7.14047,7.44767,7.11556,7.14047,28400,33,250527
2013-07-05,7.14047,7.27331,7.03253,7.14047,2174800,255,18478512
2013-07-08,7.09895,7.21519,6.99932,7.13216,110800,155,943742
2013-07-10,7.14047,7.14047,6.86647,6.86647,250000,627,2090969
2013-07-11,7.03253,7.11556,6.77514,7.05744,266000,617,2224353
2013-07-12,7.05744,7.05744,6.80005,6.80005,111900,178,930464
2013-07-15,6.76684,7.11556,6.6672,6.6672,161700,314,1327663
2013-07-16,6.72532,6.92459,6.68381,6.86647,20200,72,164916
2013-07-17,6.9329,7.21519,6.9329,7.12386,1343800,222,11299025
2013-07-18,7.14877,7.31483,7.11556,7.28162,120700,443,1050419
2013-07-19,7.31483,7.33143,7.2235,7.32313,253000,347,2216070
2013-07-22,7.28992,7.59712,7.28992,7.55561,316600,210,2805258
2013-07-23,7.55561,7.77979,7.55561,7.69676,905400,320,8368808
2013-07-24,7.66355,7.66355,7.36464,7.36464,58700,233,529247
2013-07-25,7.27331,7.38125,7.20689,7.32313,83700,445,735282
2013-07-26,7.36464,7.36464,7.2235,7.30652,13800,41,121037
2013-07-29,7.33974,7.33974,7.09065,7.09065,34000,89,292550
2013-07-30,7.06574,7.14877,6.80835,6.9412,2074000,135,17522809
2013-07-31,6.9412,6.97441,6.6589,6.74193,1141900,322,9206069
2013-08-01,6.80835,6.85817,6.74193,6.83326,184100,627,1511680
2013-08-02,6.87477,6.99101,6.80005,6.80835,44600,70,367915
2013-08-05,6.84156,6.84156,6.73363,6.83326,22600,102,184843
2013-08-06,6.89138,6.89138,6.60078,6.64229,70700,96,566245
2013-08-07,6.6672,6.6672,6.55927,6.58417,53700,99,426309
2013-08-08,6.64229,6.76684,6.64229,6.76684,513400,387,4132504
2013-08-09,6.86647,6.86647,6.6506,6.76684,188300,211,1530156
2013-08-12,6.80835,6.80835,6.70872,6.80835,300500,617,2437529
2013-08-13,6.82496,6.89138,6.77514,6.89138,167300,82,1372494
2013-08-14,6.84156,6.89138,6.64229,6.64229,438100,428,3566022
2013-08-15,6.60908,6.6506,6.50945,6.55927,350700,682,2781310
2013-08-16,6.62569,6.62569,6.32679,6.39321,228500,471,1773771
2013-08-19,6.45963,6.48454,6.31018,6.31018,783000,325,5973482
2013-08-20,6.26867,6.31848,6.24376,6.29357,29300,109,221422
2013-08-21,6.26036,6.31848,5.96146,6.04449,1045700,303,7826323
2013-08-22,6.10261,6.12752,5.89504,6.11091,1089300,909,7870497
2013-08-23,6.14412,6.34339,6.11091,6.34339,39200,95,294871
2013-08-26,6.44303,6.61739,6.31018,6.55927,32100,110,251523
2013-08-27,6.46793,6.55927,6.39321,6.48454,568300,131,4433886
2013-08-28,6.39321,6.52605,6.39321,6.45963,79000,351,616483
2013-08-29,6.47624,6.56757,6.25206,6.29357,109900,308,848380
2013-08-30,6.31848,6.58417,6.10261,6.58417,154600,496,1186471
2013-09-02,6.54266,6.54266,6.26867,6.31018,136600,201,1050181
2013-09-03,6.30188,6.33509,6.06109,6.06109,257300,821,1918306
2013-09-04,6.06109,6.13582,5.97807,6.03619,298900,591,2182129
2013-09-05,6.20224,6.55927,6.10261,6.40151,178100,407,1353290
2013-09-06,6.39321,6.55927,6.38491,6.48454,56700,128,443040
2013-09-09,6.45963,6.72532,6.45963,6.64229,201900,117,1609740
2013-09-10,6.73363,6.73363,6.61739,6.70872,47700,133,382877
2013-09-11,6.68381,7.05744,6.6672,7.05744,114100,355,947223
2013-09-12,6.92459,7.26501,6.92459,7.14047,90600,507,778737
2013-09-13,7.05744,7.2235,6.97441,7.03253,31700,160,270469
2013-09-16,7.07404,7.17368,6.97441,7.05744,182600,429,1551209
2013-09-17,7.03253,7.15707,7.00762,7.15707,139600,323,1187897
2013-09-18,7.09065,7.2235,7.05744,7.09065,110600,171,947689
2013-09-19,7.05744,7.26501,7.05744,7.21519,49900,177,430488
2013-09-20,7.21519,7.47258,7.14877,7.2235,445900,441,3897022
2013-09-23,7.18198,7.25671,7.12386,7.16538,134900,304,1167394
2013-09-24,7.09895,7.28162,7.09895,7.19029,37200,115,323509
2013-09-25,7.02423,7.36464,7.02423,7.36464,67800,166,589165
2013-09-26,7.32313,7.33143,7.2401,7.26501,19500,65,170667
2013-09-27,7.25671,7.33974,7.2235,7.28992,24500,71,214654
2013-09-30,7.28162,7.34804,7.15707,7.19029,75100,152,656372
2013-10-01,7.29061,7.46761,7.1979,7.3749,36500,95,319772
2013-10-02,7.3749,7.56875,7.34961,7.45918,69300,350,612136
2013-10-03,7.38333,7.4929,7.38333,7.41704,43200,90,380524
2013-10-04,7.38333,7.65303,7.38333,7.65303,52300,260,465572
2013-10-07,7.58561,7.75418,7.47604,7.75418,334200,614,3002307
2013-10-08,7.64461,7.75418,7.53504,7.59404,216500,450,1959007
2013-10-09,7.63618,7.65303,7.55189,7.61932,93400,227,840539
2013-10-10,7.66989,7.66989,7.56875,7.61089,7600,51,68883
2013-10-11,7.60247,7.66989,7.57718,7.66989,8800,33,79712
2013-10-14,7.51818,7.75418,7.51818,7.65303,34400,118,313595
2013-10-15,7.61932,7.72046,7.58561,7.66989,736800,177,6682471
2013-10-16,7.66989,7.72046,7.63618,7.63618,276400,98,2508305
2013-10-17,7.61089,7.71203,7.61089,7.62775,13600,70,123791
2013-10-18,7.62775,7.83846,7.62775,7.76261,1062400,242,9774041
2013-10-21,7.72046,7.73732,7.60247,7.60247,99700,512,906513
2013-10-22,7.58561,7.73732,7.3749,7.55189,140200,300,1251085
2013-10-23,7.56032,7.62775,7.45075,7.45075,89200,179,798942
2013-10-24,7.38333,7.50132,7.28218,7.50132,173700,256,1528354
2013-10-25,7.45075,7.72046,7.45075,7.64461,46700,85,424207
2013-10-28,7.63618,7.71203,7.62775,7.71203,11600,26,105471
2013-10-29,7.66989,7.66989,7.40861,7.45918,78600,231,700793
2013-10-30,7.46761,7.56875,7.44232,7.45918,38400,117,342527
2013-10-31,7.47604,7.55189,7.41704,7.50132,32000,90,283897
2013-11-01,7.3749,7.8216,7.36647,7.50132,42400,112,378393
2013-11-04,7.50132,7.8216,7.50132,7.66989,110200,232,1001365
2013-11-05,7.66989,7.66989,7.55189,7.58561,31600,98,285247
2013-11-06,7.61089,7.63618,7.50132,7.52661,23900,147,214639
2013-11-07,7.53504,7.67832,7.52661,7.60247,38200,151,342757
2013-11-08,7.60247,7.72889,7.57718,7.64461,29900,123,271001
2013-11-11,7.63618,7.63618,7.48447,7.48447,15200,27,135220
2013-11-12,7.58561,7.72046,7.51818,7.60247,108300,465,986319
2013-11-13,7.60247,7.79632,7.60247,7.79632,22000,99,201019
2013-11-14,7.83003,8.07446,7.83003,7.90589,113400,202,1074395
2013-11-18,7.88903,8.01546,7.88903,7.90589,224700,123,2123965
2013-11-19,7.92275,7.95646,7.83846,7.94803,74600,230,698299
2013-11-21,7.92275,7.92275,7.75418,7.84689,296500,191,2752905
2013-11-22,7.81318,7.83003,7.68675,7.68675,38900,88,358358
2013-11-25,7.72889,7.8216,7.50132,7.54347,494500,451,4549517
2013-11-26,7.55189,7.77946,7.46761,7.63618,53100,124,480517
2013-11-27,7.56032,7.69518,7.56032,7.61932,47300,74,427764
2013-11-28,7.56875,7.77103,7.56875,7.64461,22900,42,208219
2013-11-29,7.59404,7.62775,7.51818,7.54347,109900,85,989537
2013-12-02,7.51818,7.51818,7.20633,7.20633,46800,123,411738
2013-12-03,7.20633,7.30747,7.15576,7.15576,107700,252,924048
2013-12-04,7.24004,7.24004,7.03776,7.12204,40800,108,342626
2013-12-05,7.18104,7.18104,7.0209,7.03776,18600,103,156724
2013-12-06,6.98719,7.10519,6.98719,7.03776,16100,44,134564
2013-12-09,7.08833,7.08833,6.9619,6.97876,28700,62,239319
2013-12-10,6.97033,7.04619,6.94504,6.94504,52900,86,440515
2013-12-11,6.91133,6.92819,6.58262,6.65848,93900,505,747309
2013-12-12,6.77648,6.77648,6.48991,6.53205,127400,472,994692
2013-12-13,6.50676,6.70062,6.50676,6.70062,88600,139,693477
2013-12-16,6.62476,6.73433,6.58262,6.65848,164300,88,1297410
2013-12-17,6.66691,6.70062,6.57419,6.65005,314200,616,2473120
2013-12-18,6.69219,6.88605,6.67533,6.77648,358600,315,2861720
2013-12-19,6.82705,6.93662,6.7849,6.81019,431700,338,3490130
2013-12-20,6.83547,6.83547,6.70062,6.73433,448800,362,3615599
2013-12-23,6.66691,6.74276,6.57419,6.57419,62500,96,492371
2013-12-26,6.70062,6.70062,6.58262,6.69219,56200,146,442102
2013-12-27,6.74276,6.74276,6.66691,6.66691,33300,41,263848
2013-12-30,6.80362,6.86345,6.73524,6.83781,164600,26,1315989
2014-01-02,6.80362,6.80362,6.62413,6.63267,49600,175,389509
2014-01-03,6.65832,7.1797,6.53865,7.1797,100500,184,828787
2014-01-06,7.10277,7.10277,6.74379,6.74379,125400,367,999870
2014-01-07,6.80362,6.88054,6.72669,6.872,87100,362,692474
2014-01-08,6.94037,6.96602,6.68396,6.83781,189000,547,1512116
2014-01-09,6.84636,6.8549,6.59848,6.59848,60300,108,477179
2014-01-10,6.60703,6.65832,6.55575,6.62413,34500,198,265869
2014-01-13,6.66686,6.7096,6.5472,6.5472,91800,162,715380
2014-01-14,6.50446,6.71815,6.50446,6.64977,128300,158,999197
2014-01-15,6.71815,6.74379,6.62413,6.64977,56800,126,442117
2014-01-16,6.64977,6.68396,6.50446,6.50446,45400,102,349512
2014-01-17,6.47027,6.53011,6.33352,6.33352,42700,59,323553
2014-01-20,6.37626,6.45318,6.16257,6.16257,56500,264,417141
2014-01-21,6.29078,6.29078,6.00872,6.0942,152600,798,1098676
2014-01-22,6.15403,6.28224,6.04291,6.28224,246000,567,1768314
2014-01-23,6.31642,6.8549,6.27369,6.51301,235300,199,1779893
2014-01-24,6.50446,6.58139,6.41044,6.58139,83500,161,637809
2014-01-27,6.53865,6.65832,6.53865,6.62413,1688400,92,13084968
2014-01-28,6.61558,6.82926,6.60703,6.76943,38200,40,298895
2014-01-29,6.78652,6.78652,6.62413,6.71815,235400,470,1836375
2014-01-30,6.74379,6.96602,6.65832,6.84636,88800,288,703700
2014-01-31,6.82071,6.82071,6.75234,6.75234,28000,66,221613
2014-02-03,6.76088,6.8549,6.76088,6.8549,154500,112,1228303
2014-02-04,6.8549,7.00875,6.79507,7.00875,100400,94,815525
2014-02-05,7.00875,7.00875,6.51301,6.52156,158600,133,1215307
2014-02-06,6.49592,6.58139,6.32497,6.39335,90000,140,676503
2014-02-07,6.41899,6.58139,6.37626,6.43609,4500,30,33997
2014-02-10,6.44463,6.47882,6.42754,6.47882,13900,27,104856
2014-02-11,6.47882,6.58139,6.47882,6.58139,85900,291,654923
2014-02-12,6.65832,6.93183,6.62413,6.93183,51800,47,405146
2014-02-13,7.00875,7.08568,6.78652,7.08568,48300,252,387712
2014-02-14,7.06858,7.1626,6.79507,6.79507,108600,265,878081
2014-02-17,6.76943,6.93183,6.75234,6.93183,23800,44,189643
2014-02-18,6.93183,6.93183,6.71815,6.872,65800,297,526690
2014-02-19,6.89764,6.94892,6.72669,6.86345,29100,126,232305
2014-02-20,6.79507,6.96602,6.79507,6.96602,95300,227,764747
2014-02-21,6.97456,7.05149,6.88054,6.98311,53700,74,439032
2014-02-24,7.03439,7.06858,6.95747,7.0173,64100,165,523603
2014-02-25,7.09423,7.10277,6.97456,7.00875,114400,302,941550
2014-02-26,7.07713,7.11132,7.00875,7.03439,137800,364,1132403
2014-02-27,7.02585,7.10277,7.00875,7.05149,100200,141,826082
2014-02-28,7.0173,7.11132,6.99166,7.0173,214300,118,1758794
2014-03-05,7.00875,7.15406,7.00875,7.15406,165000,286,1368064
2014-03-06,7.10277,7.38483,7.10277,7.38483,235900,237,2010659
2014-03-07,7.41902,7.47885,7.35064,7.43612,78300,92,677676
2014-03-10,7.3421,7.38483,7.26517,7.30791,59400,110,507836
2014-03-11,7.27372,7.30791,7.26517,7.27372,34000,76,289318
2014-03-12,7.26517,7.35064,7.13696,7.26517,1661600,104,14286722
2014-03-13,7.19679,7.27372,7.17115,7.18824,51100,60,430829
2014-03-14,7.21389,7.30791,7.1797,7.1797,1608100,361,13731781
2014-03-17,7.18824,7.22243,7.15406,7.1797,80400,143,676816
2014-03-18,7.1797,7.29081,7.1797,7.28227,20700,47,175551
2014-03-19,7.28227,7.40193,7.28227,7.35064,50900,191,436739
2014-03-20,7.35064,7.38483,7.28227,7.35064,33200,206,285888
2014-03-21,7.35064,7.45321,7.30791,7.45321,18700,33,162486
2014-03-24,7.42757,7.43612,7.27372,7.35064,83000,119,717723
2014-03-25,7.42757,7.47885,7.26517,7.26517,107400,72,928519
2014-03-26,7.24808,7.3421,7.24808,7.26517,74200,178,630957
2014-03-27,7.26517,7.6498,7.24808,7.6498,42300,62,367566
2014-03-28,7.6498,7.76946,7.59851,7.74382,110700,382,995375
2014-03-31,7.83874,7.8474,7.69149,7.81276,32300,192,290753
2014-04-01,7.76945,7.81276,7.75212,7.75212,13800,82,124342
2014-04-02,7.67417,8.05528,7.67417,7.71748,201900,126,1796830
2014-04-03,7.77811,7.88205,7.68283,7.83008,21300,112,192585
2014-04-04,7.82142,8.06394,7.82142,8.06394,155600,87,1427822
2014-04-07,8.05528,8.49702,8.05528,8.38442,72400,180,690737
2014-04-08,8.35843,8.68758,8.31513,8.40174,2836300,351,28059641
2014-04-09,8.40174,8.40174,8.19387,8.19387,133500,174,1283789
2014-04-10,8.1419,8.22851,7.82142,7.82142,67600,82,630012
2014-04-11,7.81276,7.81276,7.50094,7.50094,72300,174,633279
2014-04-14,7.5096,7.6222,7.50094,7.53558,26500,61,230763
2014-04-15,7.52692,7.67417,7.52692,7.59622,31400,167,274165
2014-04-16,7.65685,8.01198,7.64819,8.01198,12100,57,110064
2014-04-17,7.96867,8.08127,7.79543,8.0726,94200,261,862474
2014-04-22,7.95134,8.16788,7.8474,7.92536,49400,126,455929
2014-04-23,7.89071,7.99465,7.64819,7.85606,307700,121,2789086
2014-04-24,7.89071,8.1419,7.83008,7.85606,90100,61,824329
2014-04-25,7.89937,7.89937,7.72614,7.79543,41200,63,370655
2014-04-28,7.79543,7.79543,7.63952,7.70882,11400,40,101433
2014-04-29,7.68283,7.76079,7.66551,7.70882,33100,16,294588
2014-04-30,7.70016,7.79543,7.63086,7.79543,26700,22,236688
2014-05-02,7.76945,7.99465,7.76945,7.83874,133900,195,1212512
2014-05-05,7.81276,7.99465,7.76079,7.90803,249100,750,2261927
2014-05-06,7.8474,8.05528,7.8474,8.01198,102100,132,937562
2014-05-07,8.05528,8.05528,7.94268,7.99465,250500,447,2302285
2014-05-08,7.98599,7.99465,7.79543,7.79543,2056900,410,18579187
2014-05-09,7.76945,8.02929,7.76945,8.02929,397900,132,3685036
2014-05-12,8.05528,8.10725,7.85606,7.96867,366000,73,3355644
2014-05-13,7.96867,8.05528,7.86473,7.89071,38900,72,360374
2014-05-14,7.8474,8.05528,7.8474,8.02929,14100,41,130443
2014-05-15,8.09859,8.09859,7.89937,7.97733,19600,19,179903
2014-05-16,7.93402,8.01198,7.87339,7.90803,118900,121,1095371
2014-05-19,7.89937,8.15922,7.83874,8.05528,250700,144,2309753
2014-05-20,8.1419,8.1419,8.02064,8.08127,132000,93,1227369
2014-05-21,8.04662,8.05528,7.96867,7.96867,99300,22,921998
2014-05-22,8.02064,8.05528,7.9167,7.93402,34100,67,315927
2014-05-23,8.00331,8.02064,7.9167,7.97733,6400,16,58980
2014-05-26,8.05528,8.06394,7.96867,8.02064,57500,33,533835
2014-05-27,8.05528,8.05528,7.8474,7.8474,16700,19,153936
2014-05-28,7.80409,7.83008,7.71748,7.76945,90000,62,811180
2014-05-29,7.7348,8.01198,7.7348,8.01198,52800,75,481356
2014-05-30,7.86473,7.92536,7.79543,7.89937,79000,124,719914
2014-06-02,7.86473,7.98599,7.83874,7.98599,48800,252,442801
2014-06-03,7.97733,7.99465,7.87339,7.92536,13900,68,127203
2014-06-04,7.92536,8.1419,7.92536,8.02929,746300,247,6875305
2014-06-05,8.03796,8.16788,7.96867,7.96867,15900,79,148539
2014-06-06,8.12457,8.16788,8.02929,8.16788,51400,60,483448
2014-06-09,8.11591,8.31513,8.10725,8.15056,84300,173,798442
2014-06-10,8.15056,8.21985,8.10725,8.17654,21100,98,198933
2014-06-11,8.17654,8.22851,8.09859,8.09859,4200,20,39410
2014-06-13,7.88205,8.19387,7.70016,8.1852,403400,150,3778119
2014-06-16,8.12457,8.28914,8.12457,8.28914,23400,25,222999
2014-06-17,8.23718,8.38442,8.23718,8.28914,18700,38,180073
2014-06-18,8.34977,8.34977,8.22851,8.2545,21100,37,201079
2014-06-20,8.22851,8.32379,8.10725,8.10725,26900,35,252619
2014-06-23,8.11591,8.31513,8.10725,8.15922,125700,204,1182954
2014-06-24,8.15056,8.15922,8.10725,8.10725,90900,67,852975
2014-06-25,8.17654,8.17654,8.06394,8.08127,84700,76,792778
2014-06-26,8.15056,8.15056,7.96867,8.01198,172200,434,1594613
2014-06-27,8.05528,8.30647,8.05528,8.11591,1108200,61,10391271
2014-06-30,8.19387,8.19387,8.10725,8.10725,417600,30,3908848
2014-07-01,8.23031,8.31815,8.21275,8.30937,5300,28,49995
2014-07-02,8.2918,8.36207,8.2918,8.32693,93000,54,880120
2014-07-03,8.3445,8.54653,8.30058,8.35328,679700,32,6491632
2014-07-04,8.44112,8.47626,8.3445,8.3445,10600,9,100776
2014-07-07,8.38842,8.38842,8.21275,8.38842,85600,55,808606
2014-07-08,8.46747,8.46747,8.10734,8.10734,84200,119,788381
2014-07-10,8.2391,8.2391,8.10734,8.10734,9500,39,88092
2014-07-11,8.16883,8.23031,8.05464,8.23031,56000,56,519383
2014-07-14,8.33572,8.40599,8.16004,8.18639,42600,100,400792
2014-07-15,8.26545,8.53774,8.25666,8.3972,1471300,64,14063357
2014-07-16,8.31815,8.49382,8.31815,8.37085,24700,33,236163
2014-07-17,8.37964,8.49382,8.26545,8.37085,174500,79,1666395
2014-07-18,8.47626,8.49382,8.26545,8.37085,86900,268,829147
2014-07-21,8.38842,8.38842,8.38842,8.38842,13900,5,132745
2014-07-22,8.35328,8.54653,8.35328,8.45869,265800,24,2556851
2014-07-23,8.45869,8.56409,8.45869,8.56409,220500,29,2138632
2014-07-24,8.49382,8.52017,8.45869,8.45869,13300,21,128490
2014-07-25,8.44112,8.51139,8.44112,8.45869,29000,36,279377
2014-07-28,8.38842,8.48504,8.38842,8.38842,17300,56,165853
2014-07-29,8.46747,8.46747,8.27423,8.3445,4400,20,41765
2014-07-30,8.30937,8.43234,8.27423,8.37964,54900,95,520592
2014-07-31,8.33572,8.33572,8.13369,8.13369,14600,68,136333
2014-08-01,8.13369,8.3445,8.13369,8.3445,65600,433,621481
2014-08-04,8.36207,8.36207,8.27423,8.33572,3400,17,32113
2014-08-05,8.33572,8.33572,8.2918,8.33572,3900,10,36952
2014-08-06,8.3445,8.3445,8.3445,8.3445,100,1,950
2014-08-07,8.3445,8.3445,8.03707,8.06342,344400,124,3165603
2014-08-08,8.02829,8.07221,7.89653,7.99315,37900,73,344928
2014-08-11,8.02829,8.06342,7.95802,8.06342,7600,24,69104
2014-08-12,8.12491,8.12491,7.9668,8.08099,6800,36,62345
2014-08-13,8.11613,8.12491,7.99315,8.01951,40700,68,372551
2014-08-14,8.05464,8.05464,7.81748,7.95802,36600,64,328193
2014-08-15,8.02829,8.04586,7.90532,8.04586,14200,67,129190
2014-08-18,8.12491,8.12491,8.01072,8.09856,3900,10,35940
2014-08-19,8.11613,8.12491,8.11613,8.11613,400,3,3697
2014-08-20,8.11613,8.11613,8.11613,8.11613,100,1,924
2014-08-21,8.11613,8.12491,8.11613,8.12491,200,2,1849
2014-08-22,8.11613,8.11613,8.02829,8.04586,2900,9,26556
2014-08-25,8.05464,8.05464,7.95802,8.01072,600,4,5453
2014-08-26,8.11613,8.11613,8.01951,8.05464,122900,83,1127152
2014-08-27,8.09856,8.09856,7.79991,7.89653,162300,182,1461966
2014-08-28,7.9141,7.9668,7.77356,7.79991,68100,78,610356
2014-08-29,7.89653,7.97558,7.88775,7.95802,93400,84,841750
2014-09-01,7.9141,7.99315,7.87018,7.97558,210300,61,1899194
2014-09-02,7.9141,8.16883,7.9141,8.16883,117100,330,1070193
2014-09-03,8.10734,8.41477,8.10734,8.22153,145300,380,1368947
2014-09-04,8.24788,8.43234,8.08099,8.18639,92800,185,863420
2014-09-05,8.16004,8.25666,8.08099,8.24788,13700,36,128153
2014-09-08,8.20396,8.3445,8.16883,8.27423,20900,137,196896
2014-09-09,8.16004,8.27423,8.16004,8.16883,137300,44,1276947
2014-09-10,8.16004,8.16004,7.84383,7.8614,37800,61,340563
2014-09-11,7.95802,7.99315,7.88775,7.98437,5200,18,47253
2014-09-12,8.00194,8.2391,7.98437,8.2391,15700,60,145810
2014-09-15,8.19518,8.43234,8.13369,8.16004,33700,136,315324
2014-09-16,8.08099,8.3445,7.67694,7.67694,76700,239,688338
2014-09-17,7.75599,8.37964,7.75599,8.37964,975800,204,9067481
2014-09-18,8.36207,8.43234,7.8614,7.8614,36100,169,333081
2014-09-19,8.03707,8.35328,7.88775,8.16004,92700,283,863653
2014-09-22,8.21275,8.32693,8.08099,8.26545,84700,38,795199
2014-09-23,8.21275,8.30058,8.21275,8.24788,21300,29,200244
2014-09-24,8.22153,8.26545,8.19518,8.19518,45300,4,424910
2014-09-25,8.12491,8.25666,8.08977,8.17761,44000,58,408231
2014-09-26,8.20396,8.35328,8.20396,8.30058,11200,28,106076
2014-09-29,8.19518,8.30937,8.06342,8.2391,50100,32,469965
2014-09-30,8.18639,8.18639,8.03707,8.16883,82900,107,767061
2014-10-01,8.25748,8.41748,8.24859,8.29304,244500,45,2288187
2014-10-02,8.29304,8.38192,8.26637,8.35526,288300,47,2709817
2014-10-03,8.29304,8.38192,8.25748,8.31081,31800,105,297455
2014-10-06,8.53303,8.58636,8.40859,8.44414,25100,52,238494
2014-10-07,8.51525,8.51525,8.39081,8.44414,44700,23,424715
2014-10-08,8.44414,8.53303,8.44414,8.52414,4200,14,40124
2014-10-09,8.4797,8.56858,8.47081,8.47081,1300,6,12401
2014-10-10,8.44414,8.53303,8.3197,8.3197,175700,217,1662073
2014-10-13,8.28415,8.64858,8.28415,8.61302,391300,734,3718288
2014-10-14,8.62191,8.67525,8.44414,8.59525,516000,82,4956741
2014-10-15,8.56858,8.56858,8.28415,8.3197,21500,32,205654
2014-10-16,8.22193,8.30192,8.17748,8.22193,58800,61,544462
2014-10-17,8.18637,8.52414,8.18637,8.52414,20000,36,190531
2014-10-20,8.29304,8.42637,8.29304,8.37303,600,4,5649
2014-10-21,8.20415,8.20415,7.99083,7.99083,14800,44,134908
2014-10-22,8.14193,8.27526,7.96416,8.27526,12500,48,114113
2014-10-23,8.15971,8.16859,7.7775,7.7775,36600,43,328174
2014-10-24,7.98194,8.32859,7.84861,7.95527,59200,98,531439
2014-10-27,7.7775,7.82194,7.47529,7.67084,103800,117,906839
2014-10-28,7.7775,7.89305,7.73306,7.82194,238300,223,2091935
2014-10-29,7.89305,7.89305,7.7775,7.81305,34800,17,306347
2014-10-30,7.86639,7.95527,7.86639,7.95527,700,7,6205
2014-10-31,8.0086,8.0886,7.99083,7.99971,100900,33,911279
2014-11-03,7.95527,8.15082,7.95527,8.12415,43800,163,398385
2014-11-04,8.09749,8.12415,7.99971,8.0086,30300,110,275815
2014-11-05,8.07971,8.27526,8.04416,8.17748,121000,24,1109081
2014-11-06,8.23082,8.28415,8.22193,8.27526,7400,20,68892
2014-11-07,8.23971,8.32859,8.23082,8.32859,4400,17,41103
2014-11-10,8.23082,8.26637,8.17748,8.17748,11300,41,104359
2014-11-11,8.17748,8.23082,8.17748,8.17748,23800,44,219179
2014-11-12,8.18637,8.20415,8.17748,8.17748,2300,16,21167
2014-11-13,8.18637,8.18637,8.17748,8.18637,40400,24,371724
2014-11-14,8.18637,8.23082,8.17748,8.19526,50400,58,463834
2014-11-17,8.26637,8.26637,8.17748,8.17748,12700,105,117044
2014-11-18,8.18637,8.34637,8.17748,8.34637,36200,63,334418
2014-11-19,8.24859,8.41748,8.24859,8.41748,1800,12,16967
2014-11-21,8.29304,8.39081,8.17748,8.17748,21400,24,200940
2014-11-24,8.20415,8.26637,8.20415,8.23971,1300,13,12047
2014-11-25,8.26637,8.26637,8.18637,8.23971,39900,149,369622
2014-11-26,8.26637,8.28415,8.17748,8.27526,45300,19,416838
2014-11-27,8.29304,8.29304,8.22193,8.22193,200,2,1858
2014-11-28,8.29304,8.29304,8.16859,8.17748,47600,29,438618
2014-12-01,8.26637,8.26637,8.15971,8.17748,393400,57,3619319
2014-12-02,8.17748,8.24859,8.16859,8.24859,105100,33,966997
2014-12-03,8.17748,8.17748,8.09749,8.09749,400,4,3653
2014-12-04,8.19526,8.19526,8.12415,8.13304,1900,6,17442
2014-12-05,8.09749,8.24859,8.09749,8.18637,13800,21,127600
2014-12-08,8.27526,8.27526,8.13304,8.13304,27500,15,251655
2014-12-09,8.24859,8.28415,8.13304,8.13304,7500,13,69467
2014-12-10,8.13304,8.15971,8.13304,8.13304,16300,126,149154
2014-12-12,8.14193,8.19526,8.13304,8.17748,35900,27,330186
2014-12-15,8.31081,8.37303,8.22193,8.31081,306000,69,2861294
2014-12-16,8.31081,8.31081,8.18637,8.22193,80700,14,754331
2014-12-17,8.18637,8.32859,8.17748,8.17748,5800,37,53724
2014-12-18,8.28415,8.28415,7.99971,8.03527,388100,173,3567410
2014-12-19,7.99971,8.03527,7.82194,7.82194,95400,216,849775
2014-12-22,7.82194,7.90194,7.6975,7.73306,18700,52,163303
2014-12-23,7.79528,8.07971,7.61751,7.68861,23500,28,204251
2014-12-26,7.91083,7.91083,7.59973,7.59973,39100,31,340494
2014-12-29,7.70639,7.70639,7.42196,7.51084,25400,29,215208
2014-12-30,7.63601,7.63601,7.47393,7.56398,10100,13,84773
2015-01-02,7.56398,7.56398,7.34786,7.39288,23200,10,193592
2015-01-05,7.29383,7.50094,6.75355,7.41089,34900,25,285175
2015-01-06,7.41089,7.53696,7.41089,7.51895,29300,30,243349
2015-01-07,7.59999,7.70805,7.59999,7.64502,30600,10,260083
2015-01-08,7.65402,7.7981,7.54597,7.57298,74200,22,627078
2015-01-09,7.70805,7.70805,7.56398,7.56398,5300,7,45192
2015-01-12,7.57298,7.57298,7.52796,7.56398,1300,8,10916
2015-01-13,7.65402,7.66303,7.57298,7.65402,42300,90,358579
2015-01-14,7.56398,7.69905,7.56398,7.65402,40300,65,341587
2015-01-15,7.65402,7.69905,7.56398,7.69905,160400,130,1357568
2015-01-16,7.618,7.92416,7.618,7.92416,62100,69,528749
2015-01-19,7.69905,7.82511,7.66303,7.66303,22100,54,188139
2015-01-20,7.76208,7.7981,7.68104,7.7981,10800,20,93039
2015-01-21,7.82511,7.82511,7.75307,7.75307,78700,32,682114
2015-01-22,7.74407,7.82511,7.65402,7.78909,54500,29,467181
2015-01-23,7.78909,7.78909,7.74407,7.75307,143400,17,1240135
2015-01-26,7.78009,7.78909,7.57298,7.57298,82700,80,709180
2015-01-27,7.65402,7.78909,7.65402,7.65402,9900,15,84204
2015-01-28,7.56398,7.76208,7.55497,7.56398,5000,14,42388
2015-01-29,7.65402,7.65402,7.56398,7.56398,8300,9,69740
2015-01-30,7.48293,7.53696,7.44691,7.53696,48100,17,400255
2015-02-02,7.48293,7.51895,7.47393,7.51895,10800,10,89713
2015-02-03,7.618,7.65402,7.53696,7.53696,2200,7,18586
2015-02-04,7.66303,7.78909,7.56398,7.74407,12800,12,109516
2015-02-05,7.66303,7.78909,7.65402,7.78909,13200,16,114138
2015-02-06,7.78909,7.78909,7.78909,7.78909,50000,1,432500
2015-02-09,7.78909,7.78909,7.78009,7.78009,45800,2,396169
2015-02-10,7.78909,7.78909,7.73506,7.73506,44500,5,384907
2015-02-11,7.89715,7.9872,7.78909,7.78909,84100,56,733805
2015-02-12,7.78909,7.78909,7.38388,7.38388,61000,40,510507
2015-02-13,7.47393,7.57298,7.29383,7.29383,33000,45,272070
2015-02-18,7.43791,7.65402,7.16777,7.16777,3400,25,27980
2015-02-19,7.2218,7.35687,7.18578,7.35687,7500,32,60226
2015-02-20,7.4289,7.4289,7.15876,7.38388,21000,28,171266
2015-02-23,7.38388,7.38388,7.2218,7.2218,57200,108,461917
2015-02-24,7.20378,7.21279,6.93364,6.93364,123500,118,963493
2015-02-25,6.95165,7.08672,6.8526,7.02369,56200,51,434316
2015-02-26,7.02369,7.06871,6.97867,7.02369,52900,18,411234
2015-02-27,6.93364,7.19478,6.93364,7.13175,59300,75,464943
2015-03-02,7.11374,7.38388,7.11374,7.38388,50200,24,404127
2015-03-03,7.38388,7.8071,7.38388,7.58198,46100,39,387806
2015-03-04,7.8071,7.8071,7.57298,7.8071,15100,49,129087
2015-03-05,7.8071,7.83412,7.78909,7.83412,31000,29,269239
2015-03-06,7.74407,7.78909,7.74407,7.78909,3100,19,26755
2015-03-09,7.609,7.69004,7.609,7.68104,1000,4,8470
2015-03-10,7.67203,7.68104,7.38388,7.38388,87200,6,743709
2015-03-11,7.48293,7.56398,7.47393,7.47393,11400,7,94767
2015-03-13,7.50995,7.50995,7.38388,7.47393,9900,10,82185
2015-03-16,7.51895,7.53696,7.51895,7.51895,600,5,5013
2015-03-17,7.56398,7.65402,7.56398,7.65402,12400,7,104362
2015-03-18,7.65402,7.87914,7.65402,7.8071,80600,48,689051
2015-03-19,7.83412,7.83412,7.74407,7.82511,5300,9,45691
2015-03-20,7.74407,7.83412,7.47393,7.47393,216200,58,1855535
2015-03-23,7.609,7.69905,7.47393,7.609,254100,26,2134913
2015-03-24,7.609,7.69004,7.609,7.69004,19500,8,165156
2015-03-25,7.69905,7.83412,7.62701,7.83412,24200,71,208162
2015-03-26,7.75307,7.75307,7.74407,7.74407,4600,4,39561
2015-03-27,7.74407,7.75307,7.69004,7.69004,230500,6,1981795
2015-03-30,7.73506,7.73506,7.64502,7.65402,168400,58,1431689
2015-03-31,7.67215,7.67215,7.57168,7.65388,218900,66,1838238
2015-04-01,7.58995,7.63562,7.52602,7.58082,17400,63,144403
2015-04-02,7.58995,7.58995,7.58082,7.58082,16200,4,134513
2015-04-06,7.57168,7.61735,7.57168,7.61735,500,4,4165
2015-04-07,7.58995,7.67215,7.58995,7.67215,111100,51,924605
2015-04-08,7.60822,7.61735,7.48948,7.48948,28400,31,234716
2015-04-09,7.48035,7.48948,7.45295,7.47122,1800,9,14713
2015-04-10,7.48035,7.55342,7.46208,7.55342,17800,9,146027
2015-04-13,7.48948,7.48948,7.39815,7.39815,30000,19,244549
2015-04-14,7.39815,7.39815,7.23374,7.30681,48900,47,391675
2015-04-15,7.30681,7.31595,7.23374,7.23374,6900,13,54862
2015-04-16,7.23374,7.23374,7.21548,7.21548,54700,24,432647
2015-04-17,7.22461,7.22461,7.20634,7.21548,14200,6,112176
2015-04-20,7.21548,7.21548,7.21548,7.21548,15200,36,120080
2015-04-22,7.21548,7.21548,7.20634,7.20634,12500,14,98736
2015-04-23,7.18808,7.18808,7.07847,7.16981,12100,17,94452
2015-04-24,7.21548,7.22461,6.93234,6.98714,218300,117,1696948
2015-04-27,6.98714,7.16981,6.9506,7.14241,36700,71,282475
2015-04-28,7.21548,7.48948,7.12414,7.21548,232300,67,1827424
2015-04-29,7.21548,7.21548,7.13327,7.16981,9300,11,73397
2015-04-30,7.21548,7.31595,7.20634,7.31595,16500,28,131192
2015-05-04,7.53515,7.58082,7.48035,7.48948,20500,66,168295
2015-05-05,7.39815,7.39815,7.24288,7.24288,15600,19,125684
2015-05-06,7.38901,7.58082,7.30681,7.35248,52100,40,422222
2015-05-07,7.39815,7.39815,7.30681,7.30681,11300,13,90556
2015-05-08,7.31595,7.31595,7.16981,7.16981,112800,23,893457
2015-05-11,7.26114,7.30681,7.26114,7.26114,21400,6,170200
2015-05-12,7.26114,7.26114,7.26114,7.26114,10000,1,79500
2015-05-13,7.30681,7.30681,7.22461,7.23374,68100,70,542291
2015-05-14,7.23374,7.36161,7.23374,7.36161,19200,37,153527
2015-05-15,7.30681,7.37075,7.30681,7.30681,7100,53,56884
2015-05-18,7.22461,7.29768,7.16981,7.29768,10600,63,84033
2015-05-19,7.30681,7.30681,7.26114,7.26114,18700,56,149241
2015-05-20,7.21548,7.30681,7.21548,7.30681,10000,65,79256
2015-05-21,7.26114,7.27028,7.23374,7.26114,9600,39,76319
2015-05-22,7.26114,7.26114,7.12414,7.21548,42400,129,336002
2015-05-25,7.21548,7.24288,6.94147,6.94147,39200,36,306363
2015-05-26,7.09674,7.11501,7.07847,7.11501,4800,25,37325
2015-05-27,7.04194,7.10587,7.04194,7.06021,5400,25,41753
2015-05-28,7.06021,7.08761,7.03281,7.03281,54100,56,416672
2015-05-29,7.03281,7.04194,6.98714,6.98714,169700,112,1301990
2015-06-01,6.85927,7.16981,6.85014,7.11501,60100,126,454675
2015-06-02,7.01454,7.11501,6.94147,7.00541,95300,724,734993
2015-06-03,7.21548,7.28854,6.94147,7.11501,49700,143,385173
2015-06-05,7.10587,7.15154,6.8958,6.8958,6100,39,46985
2015-06-08,6.95974,7.15154,6.8684,7.15154,13600,31,103790
2015-06-09,6.95974,6.98714,6.85014,6.85014,4600,11,34812
2015-06-10,6.85927,6.85927,6.85014,6.85927,22600,28,169559
2015-06-11,7.03281,7.03281,6.80447,7.02367,24700,15,185727
2015-06-12,6.85927,6.90494,6.85014,6.88667,15100,11,113825
2015-06-15,6.94147,6.94147,6.91407,6.94147,600,4,4554
2015-06-16,6.9506,7.03281,6.9506,7.01454,3300,11,25380
2015-06-17,7.00541,7.02367,6.98714,7.02367,3600,21,27572
2015-06-18,7.02367,7.03281,6.8958,7.03281,19000,48,145434
2015-06-19,6.98714,7.00541,6.8958,6.8958,23500,20,177447
2015-06-22,6.978,6.978,6.978,6.978,2500,2,19100
2015-06-23,6.95974,6.978,6.88667,6.88667,12800,8,97508
2015-06-24,6.98714,6.98714,6.978,6.978,700,4,5353
2015-06-25,8.5033,8.6677,8.32976,8.34803,107900,169,1000674
2015-06-26,8.48503,8.49417,8.3115,8.4485,36300,45,334545
2015-06-29,8.40283,8.4485,8.35717,8.3663,4200,15,38624
2015-06-30,8.3663,8.4485,8.3663,8.4485,23800,15,219092
2015-07-01,8.52214,8.56846,8.52214,8.5592,37300,46,343657
2015-07-02,8.46656,8.49435,8.4573,8.47583,2500,7,22896
2015-07-03,8.47583,8.47583,8.47583,8.47583,2400,4,21960
2015-07-06,8.47583,8.52214,8.47583,8.47583,11900,9,109179
2015-07-07,8.43877,8.44804,8.42951,8.43877,1600,5,14569
2015-07-08,8.39246,8.53141,8.38319,8.53141,17000,17,154422
2015-07-13,8.46656,8.5592,8.42951,8.44804,4900,11,44840
2015-07-14,8.36467,8.51288,8.3554,8.51288,6700,7,60877
2015-07-15,8.39246,8.51288,8.39246,8.51288,700,3,6355
2015-07-17,8.36467,8.37393,8.33688,8.37393,1500,8,13541
2015-07-20,8.36467,8.43877,8.34614,8.34614,16200,8,146192
2015-07-21,8.42025,8.42025,8.33688,8.33688,12400,8,112115
2015-07-22,8.33688,8.38319,8.32762,8.32762,1800,7,16252
2015-07-23,8.29983,8.33688,8.29983,8.33688,2100,5,18893
2015-07-27,8.31835,8.47583,8.30909,8.32762,10000,78,90163
2015-07-28,8.33688,8.51288,8.33688,8.33688,36300,22,326817
2015-07-29,8.33688,8.58699,8.33688,8.58699,29700,17,268250
2015-07-30,8.5592,8.5592,8.33688,8.33688,33000,31,298270
2015-07-31,8.29056,8.38319,8.29056,8.29983,10400,14,93523
2015-08-03,8.39246,8.41098,8.39246,8.41098,1600,3,14512
2015-08-04,8.33688,8.38319,8.33688,8.34614,140300,6,1262708
2015-08-05,8.33688,8.33688,8.32762,8.32762,1600,8,14395
2015-08-06,8.26277,8.29056,8.24425,8.24425,2300,14,20498
2015-08-07,8.21646,8.39246,8.21646,8.39246,66200,28,595822
2015-08-10,8.33688,8.34614,8.29983,8.33688,21200,10,190803
2015-08-11,8.32762,8.41098,8.29983,8.41098,26600,17,239499
2015-08-12,8.37393,8.37393,8.3554,8.36467,2000,13,18056
2015-08-13,8.46656,8.46656,8.19793,8.29056,27700,17,247994
2015-08-14,8.32762,8.32762,8.32762,8.32762,100,1,899
2015-08-17,8.19793,8.38319,8.19793,8.31835,13700,20,123286
2015-08-18,8.32762,8.33688,8.29056,8.33688,17500,29,157347
2015-08-20,8.37393,8.38319,8.25351,8.38319,4400,32,39776
2015-08-21,8.37393,8.38319,8.32762,8.33688,7100,26,63901
2015-08-24,8.06825,8.32762,8.06825,8.27204,12400,36,110587
2015-08-25,8.32762,8.32762,8.16088,8.26277,7300,32,64928
2015-08-26,8.21646,8.31835,8.12383,8.15162,19700,69,173831
2015-08-27,8.19793,8.21646,7.90151,8.1053,113000,269,992429
2015-08-28,8.08677,8.23498,7.96635,8.1053,49300,179,430957
2015-08-31,8.02193,8.09604,7.95709,8.01267,550400,73,4784092
2015-09-01,8.04972,8.04972,7.92003,7.92003,146400,98,1253152
2015-09-02,7.83667,8.15162,7.8274,7.83667,15900,56,136029
2015-09-03,7.88298,8.09604,7.86446,7.86446,16400,70,141255
2015-09-04,7.96635,8.05898,7.96635,7.96635,40700,14,350054
2015-09-08,8.08677,8.08677,7.96635,7.98488,5800,12,50004
2015-09-09,8.02193,8.09604,8.02193,8.07751,15100,8,131478
2015-09-10,8.14235,8.14235,8.1053,8.1053,200,2,1754
2015-09-11,8.15162,8.15162,7.85519,7.95709,56200,260,484234
2015-09-14,7.96635,8.05898,7.83667,7.93856,43500,176,373861
2015-09-15,7.96635,7.96635,7.90151,7.96635,43300,15,372356
2015-09-16,8.1053,8.1053,7.90151,7.9293,8500,63,73068
2015-09-17,7.90151,8.06825,7.78109,7.78109,9800,65,83776
2015-09-18,7.81814,7.87372,7.7533,7.7533,90300,87,756586
2015-09-21,7.86446,7.86446,7.7533,7.79035,14100,20,118101
2015-09-22,7.78109,7.78109,7.72551,7.78109,1700,8,14246
2015-09-23,7.90151,7.90151,7.78109,7.85519,3300,24,27949
2015-09-24,7.86446,7.93856,7.86446,7.86446,22600,14,191890
2015-09-25,7.78109,8.01267,7.78109,7.86446,8200,67,69608
2015-09-28,7.86446,7.90151,7.86446,7.87372,9100,26,77395
2015-09-29,7.88298,7.91077,7.88298,7.90151,7400,58,63111
2015-09-30,7.96635,8.1053,7.96635,8.07751,9300,13,80451
2015-10-01,8.17203,8.17203,8.02139,8.0308,1400,9,11966
2015-10-02,7.9649,8.06846,7.9649,8.06846,8200,55,70150
2015-10-05,8.24734,8.24734,8.09671,8.22851,5200,45,45251
2015-10-06,8.12495,8.26617,8.04963,8.12495,4200,31,36324
2015-10-07,8.19086,8.22851,8.13437,8.1532,1500,13,13029
2015-10-08,8.22851,8.22851,7.9649,7.9649,105200,41,909560
2015-10-09,7.9649,8.17203,7.95549,8.04963,74500,46,638597
2015-10-13,8.04963,8.27559,8.04963,8.27559,100500,21,859395
2015-10-14,8.27559,8.27559,8.27559,8.27559,500,4,4395
2015-10-16,8.25676,8.25676,8.25676,8.25676,800,2,7016
2015-10-19,8.09671,8.09671,8.00256,8.0308,21100,54,179916
2015-10-20,8.01198,8.01198,8.00256,8.00256,2800,8,23807
2015-10-21,8.08729,8.14378,7.97432,8.14378,96900,25,823143
2015-10-22,8.00256,8.00256,7.9649,7.9649,700,6,5936
2015-10-23,8.17203,8.285,8.00256,8.04022,64500,44,548924
2015-10-26,8.04022,8.04022,7.95549,7.95549,119400,31,1014888
2015-10-27,7.97432,7.97432,7.95549,7.95549,28300,12,239145
2015-10-28,8.04963,8.04963,7.94607,7.94607,700,6,5925
2015-10-29,7.99314,8.09671,7.95549,8.09671,1800,10,15348
2015-10-30,8.33208,8.35091,8.01198,8.285,10000,53,87724
2015-11-03,8.31325,8.31325,8.11554,8.285,4500,20,39561
2015-11-04,8.27559,8.27559,8.14378,8.27559,5700,16,50066
2015-11-05,8.285,8.285,8.285,8.285,1500,4,13200
2015-11-06,8.285,8.285,8.04963,8.04963,39500,11,337989
2015-11-09,8.14378,8.14378,8.14378,8.14378,100,1,865
2015-11-12,8.22851,8.23793,8.22851,8.23793,2800,3,24494
2015-11-13,8.23793,8.27559,8.10612,8.25676,60100,52,522813
2015-11-16,8.11554,8.25676,8.11554,8.25676,4600,14,40011
2015-11-17,8.20969,8.20969,8.12495,8.14378,4800,29,41517
2015-11-18,8.14378,8.22851,8.14378,8.14378,51900,25,448953
2015-11-19,8.09671,8.25676,8.09671,8.12495,5600,14,48318
2015-11-23,8.09671,8.19086,8.01198,8.01198,445100,109,3822283
2015-11-24,8.09671,8.19086,8.00256,8.00256,1235200,29,10536312
2015-11-25,8.02139,8.09671,8.00256,8.0308,139200,71,1186838
2015-11-27,8.04022,8.08729,8.00256,8.00256,347800,32,2966462
2015-11-30,7.93666,7.9649,7.63538,7.76719,603600,2206,4969955
2015-12-01,8.00256,8.00256,7.62597,7.97432,130500,76,1075537
2015-12-02,7.97432,8.18144,7.90841,8.14378,112100,40,958036
2015-12-03,8.2191,8.2191,8.01198,8.19086,206200,37,1757992
2015-12-04,8.10612,8.10612,8.10612,8.10612,104200,6,897162
2015-12-07,7.91783,7.93666,7.82368,7.92724,19100,13,160686
2015-12-08,7.80485,8.01198,7.76719,7.86134,19800,157,164712
2015-12-09,8.0308,8.04963,7.87075,7.87075,3900,30,32994
2015-12-10,7.86134,7.86134,7.72012,7.82368,130900,36,1092535
2015-12-11,7.90841,7.90841,7.80485,7.84251,267900,23,2236506
2015-12-14,7.82368,7.93666,7.82368,7.86134,6300,8,53026
2015-12-15,7.94607,8.04963,7.88017,7.91783,10800,14,91595
2015-12-16,7.90841,7.99314,7.82368,7.90841,155100,59,1300533
2015-12-17,7.92724,8.00256,7.87075,7.90841,39100,174,330262
2015-12-18,7.94607,7.94607,7.92724,7.93666,109300,6,922478
2015-12-21,7.93666,8.00256,7.70129,7.899,142800,226,1205785
2015-12-22,7.94607,7.97432,7.899,7.97432,9900,8,83675
2015-12-23,7.99314,8.08729,7.97432,8.08729,4400,8,37751
2015-12-28,8.04963,8.04963,7.9649,8.04963,7100,9,60567
2015-12-29,8.04963,8.30383,7.9649,8.30383,26600,27,227583
2015-12-30,8.41855,8.41855,8.41855,8.41855,1000,1,8780
2016-01-05,8.16925,8.33225,8.15008,8.33225,5000,12,42934
2016-01-06,8.3802,8.43773,8.20761,8.38978,106200,18,929499
2016-01-07,8.38978,8.38978,8.18843,8.38978,1033900,50,9040736
2016-01-08,8.38978,8.38978,8.24596,8.24596,3800,2,33235
2016-01-11,8.3802,8.38978,8.16925,8.33225,65400,194,560203
2016-01-13,8.38978,8.38978,8.34184,8.34184,106900,8,935038
2016-01-15,8.34184,8.43773,8.2939,8.43773,272800,16,2398272
2016-01-19,8.3802,8.3802,8.30349,8.30349,32300,24,281183
2016-01-20,8.34184,8.3802,8.21719,8.34184,225000,44,1938733
2016-01-21,8.34184,8.34184,8.15967,8.15967,305600,6,2613229
2016-01-22,8.24596,8.2939,8.23637,8.2939,7800,5,67084
2016-01-26,8.34184,8.37061,8.17884,8.34184,6400,11,55454
2016-01-27,8.38978,8.38978,8.2939,8.38978,506900,11,4385194
2016-01-29,8.40896,8.40896,8.24596,8.38978,250600,6,2155235
2016-02-01,8.25555,8.34184,8.15008,8.34184,186100,23,1599719
2016-02-02,8.18843,8.38978,8.16925,8.30349,3200,10,27755
2016-02-03,8.3802,8.38978,8.30349,8.38978,5800,12,50660
2016-02-04,8.38978,8.38978,8.38978,8.38978,2900,2,25375
2016-02-05,8.32267,8.38978,8.2939,8.38978,16800,121,146075
2016-02-10,8.28431,8.3802,8.28431,8.3802,300,2,2602
2016-02-11,8.32267,8.38978,8.2939,8.2939,13100,23,114119
2016-02-12,8.34184,8.34184,8.26514,8.34184,5500,13,47688
2016-02-16,8.25555,8.33225,8.24596,8.25555,571200,5,4912340
2016-02-17,8.24596,8.25555,8.15008,8.15008,24400,22,208914
2016-02-18,8.16925,8.20761,8.10213,8.17884,28800,60,245324
2016-02-19,8.18843,8.33225,8.17884,8.21719,19900,47,170353
2016-02-22,8.24596,8.24596,8.19802,8.21719,113400,39,974801
2016-02-25,8.24596,8.24596,8.06378,8.14049,301000,11,2558535
2016-02-26,8.15008,8.24596,8.05419,8.15008,105200,22,893785
2016-02-29,8.23637,8.24596,8.23637,8.24596,7300,6,62776
2016-03-01,8.24596,8.24596,8.23637,8.24596,63300,16,544377
2016-03-02,8.15008,8.19802,8.15008,8.17884,16100,22,137069
2016-03-03,8.21719,8.21719,8.18843,8.21719,2700,8,23113
2016-03-04,8.24596,8.24596,8.05419,8.21719,1400,4,12011
2016-03-07,8.23637,8.23637,8.23637,8.23637,1600,1,13744
2016-03-08,8.24596,8.24596,8.12131,8.24596,77500,18,658971
2016-03-09,8.19802,8.19802,8.11172,8.19802,6900,7,58948
2016-03-10,8.24596,8.24596,8.10213,8.19802,1200,10,10226
2016-03-11,8.08296,8.22678,8.06378,8.22678,600,3,5065
2016-03-14,8.23637,8.23637,8.23637,8.23637,107900,3,926861
2016-03-15,8.05419,8.23637,8.00625,8.22678,5400,30,45794
2016-03-16,8.12131,8.22678,8.12131,8.22678,2800,7,23958
2016-03-17,8.22678,8.22678,8.22678,8.22678,100,1,858
2016-03-18,8.21719,8.21719,8.06378,8.1309,30000,26,254224
2016-03-21,8.09255,8.18843,7.97749,8.15008,48700,17,411571
2016-03-23,8.02543,8.14049,8.02543,8.10213,26900,28,227275
2016-03-24,8.10213,8.10213,8.10213,8.10213,400,1,3380
2016-03-28,8.10213,8.15008,8.10213,8.11172,21700,22,183751
2016-03-29,8.15008,8.15008,8.10213,8.11172,209500,15,1780535
2016-03-30,8.23637,8.23637,8.11172,8.15008,138600,40,1178568
2016-03-31,8.19802,8.43773,8.15967,8.40896,81900,33,702199
2016-04-01,8.40875,8.41854,8.29128,8.41854,41600,42,357406
2016-04-04,8.41854,8.41854,8.34023,8.40875,18100,7,155631
2016-04-05,8.40875,8.40875,8.29128,8.40875,1700,7,14516
2016-04-06,8.32065,8.40875,8.32065,8.40875,193400,9,1643965
2016-04-07,8.3696,8.3696,8.3696,8.3696,800,2,6840
2016-04-08,8.3696,8.40875,8.35981,8.40875,103000,40,880726
2016-04-11,8.3696,8.51643,8.25213,8.3696,146100,25,1249297
2016-04-12,8.41854,8.50664,8.35002,8.3696,217600,76,1861152
2016-04-13,8.39896,8.41854,8.31086,8.3696,202300,41,1722025
2016-04-14,8.37938,8.49685,8.3696,8.3696,384300,36,3286353
2016-04-15,8.37938,8.50664,8.3696,8.38917,14200,43,121961
2016-04-18,8.43812,8.52622,8.40875,8.51643,8300,14,71906
2016-04-19,8.47727,8.722,8.47727,8.64369,5100,20,44694
2016-04-20,8.61432,8.67305,8.5458,8.62411,19300,11,170684
2016-04-22,8.62411,8.64369,8.57516,8.6339,103100,14,907309
2016-04-25,8.61432,8.66327,8.59474,8.62411,54500,8,479616
2016-04-26,8.57516,8.80031,8.57516,8.80031,23600,13,211467
2016-04-29,8.75137,8.75137,8.75137,8.75137,200,1,1788
2016-05-02,8.71221,8.71221,8.71221,8.71221,2000,1,17800
2016-05-03,8.6339,8.69263,8.6339,8.69263,9900,10,87751
2016-05-04,8.67305,8.78073,8.61432,8.69263,6600,9,58489
2016-05-05,8.8101,8.8101,8.8101,8.8101,4100,6,36900
2016-05-10,8.61432,8.76116,8.57516,8.73179,108700,6,970271
2016-05-16,8.55559,8.74158,8.52622,8.61432,36800,148,323656
2016-05-17,8.71221,8.71221,8.51643,8.60453,177100,34,1572864
2016-05-18,8.6339,8.6339,8.56538,8.56538,283800,24,2502877
2016-05-19,8.67305,8.67305,8.52622,8.66327,232800,28,2061473
2016-05-20,8.68284,8.68284,8.5458,8.61432,205700,28,1819967
2016-05-23,8.69263,8.69263,8.62411,8.62411,300,3,2653
2016-05-24,8.57516,8.70242,8.56538,8.70242,9200,18,80685
2016-05-25,8.70242,8.71221,8.57516,8.71221,3300,14,29283
2016-05-30,8.61432,8.71221,8.61432,8.71221,1900,4,16838
2016-05-31,8.69263,8.71221,8.61432,8.71221,5900,5,52384
2016-06-01,8.58495,8.6339,8.48706,8.6339,9600,21,84414
2016-06-03,8.71221,8.75137,8.57516,8.722,8400,12,74743
2016-06-06,8.69263,8.722,8.67305,8.722,3800,10,33739
2016-06-08,8.73179,8.74158,8.71221,8.74158,5500,3,48955
2016-06-10,8.56538,8.56538,8.56538,8.56538,100,1,875
2016-06-13,8.6339,8.81989,8.6339,8.81989,1500,6,13358
2016-06-14,8.76116,8.76116,8.68284,8.75137,18800,13,167401
2016-06-15,8.88841,8.88841,8.67305,8.87862,4100,15,36880
2016-06-16,8.78073,8.85905,8.71221,8.85905,2400,17,21495
2016-06-17,8.81989,8.8982,8.64369,8.85905,5800,18,52137
2016-06-20,8.92757,8.92757,8.66327,8.8101,293300,16,2654011
2016-06-21,8.8982,8.8982,8.722,8.81989,4200,23,37794
2016-06-22,8.81989,8.86883,8.76116,8.85905,14200,25,128457
2016-06-23,8.85905,8.87862,8.81989,8.84926,1333900,48,12072807
2016-06-24,8.87862,8.87862,8.79052,8.82968,102400,17,928678
2016-06-27,8.79052,8.82968,8.79052,8.82968,3000,19,26986
2016-06-28,8.8101,8.85905,8.8101,8.82968,2500,19,22530
2016-06-29,8.84926,8.86883,8.8101,8.85905,26800,28,241567
2016-06-30,8.85905,8.90799,8.76116,8.85905,19800,38,179074
2016-07-01,8.8982,8.8982,8.77094,8.84926,97000,60,877503
2016-07-04,8.8101,8.85905,8.8101,8.8101,835200,35,7558372
2016-07-05,8.83947,8.88841,8.8101,8.8101,77000,45,696739
2016-07-06,8.92,8.95,8.83,8.93,4700,10,41987
2016-07-08,8.9,8.93,8.81,8.93,902400,10,8031335
2016-07-11,8.93,8.93,8.82,8.87,2400,9,21358
2016-07-12,8.93,8.93,8.93,8.93,1000,1,8930
2016-07-13,8.93,8.93,8.93,8.93,500,1,4465
2016-07-14,8.9,8.93,8.9,8.93,27000,9,241073
2016-07-15,8.8,8.93,8.8,8.93,4200,8,37488
2016-07-18,8.96,8.96,8.94,8.96,16700,10,149618
2016-07-19,8.93,8.96,8.93,8.96,21900,5,196211
2016-07-20,8.97,8.97,8.93,8.97,73600,7,660174
2016-07-21,8.97,8.97,8.95,8.96,122500,17,1097805
2016-07-22,8.98,8.98,8.98,8.98,17000,1,152660
2016-07-25,8.99,8.99,8.98,8.98,6200,5,55726
2016-07-26,8.99,8.99,8.96,8.98,62700,16,563624
2016-07-27,8.97,9.04,8.97,8.99,62500,26,562486
2016-07-28,9.0,9.0,9.0,9.0,4100,5,36900
2016-07-29,8.98,9.02,8.98,9.02,500,3,4500
2016-08-01,9.02,9.02,8.99,9.01,1600,5,14408
2016-08-02,9.0,9.02,9.0,9.02,1600,2,14416
2016-08-03,9.02,9.05,9.02,9.02,24800,15,223741
2016-08-04,9.01,9.01,9.0,9.0,7300,5,65704
2016-08-05,9.04,9.04,8.97,8.97,11000,4,98724
2016-08-09,8.85,8.85,8.65,8.65,3300,7,28975
2016-08-10,8.85,8.85,8.85,8.85,1000,2,8850
2016-08-11,9.0,9.05,8.86,8.86,4300,7,38477
2016-08-12,8.85,8.85,8.85,8.85,7400,6,65490
2016-08-15,8.7,8.7,8.7,8.7,1400,2,12180
2016-08-16,8.82,8.85,8.81,8.81,3900,5,34402
2016-08-17,9.01,9.05,9.0,9.05,800,4,7221
2016-08-18,8.85,8.85,8.85,8.85,3600,1,31860
2016-08-19,9.02,9.02,8.99,8.99,1000,2,9005
2016-08-22,8.89,8.9,8.89,8.9,900,3,8006
2016-08-23,8.9,8.9,8.9,8.9,100,1,890
