Date,Open,High,Low,Close,Volume,Neg,Fin
2021-05-31,13.56,15.0,13.2,13.2,2096500,6581,29003754.0
2021-06-01,13.41,13.75,13.05,13.18,599000,1448,7914135.0
2021-06-02,13.2,13.32,13.04,13.32,319700,720,4221247.0
2021-06-04,13.36,13.57,13.1,13.14,182900,899,2406812.0
2021-06-07,13.16,13.26,13.1,13.15,53100,217,698742.0
2021-06-08,13.15,13.5,13.05,13.1,113500,325,1487000.0
2021-06-09,13.1,13.15,12.66,12.82,70200,260,902040.0
2021-06-10,12.82,12.85,12.65,12.83,53800,186,686123.0
2021-06-11,12.75,12.85,12.66,12.75,46400,158,591459.0
2021-06-14,12.75,12.79,12.62,12.75,43800,141,556852.0
2021-06-15,12.75,12.96,12.73,12.91,40200,172,516083.0
2021-06-16,12.97,13.11,12.95,13.04,63100,209,820865.0
2021-06-17,13.04,13.15,12.67,13.12,50700,159,659917.0
2021-06-18,13.01,13.19,13.0,13.15,35000,160,458335.0
2021-06-21,13.19,13.4,13.15,13.2,81800,500,1077834.0
2021-06-22,13.2,13.6,12.67,13.6,112900,305,1493234.0
2021-06-23,13.6,13.6,13.3,13.5,64400,191,865869.0
2021-06-24,13.58,13.58,13.23,13.26,20800,95,277389.0
2021-06-25,13.24,13.8,13.21,13.8,90200,281,1224474.0
2021-06-28,13.73,13.78,13.38,13.6,82200,283,1114966.0
2021-06-29,13.61,13.77,13.45,13.77,23700,85,323847.0
2021-06-30,13.78,14.12,13.58,13.92,106600,394,1489012.0
2021-07-01,14.3,14.3,13.79,14.16,53800,175,758693.0
2021-07-02,14.14,14.19,13.86,14.0,31000,145,436086.0
2021-07-05,14.11,14.23,13.95,13.95,49800,71,699666.0
2021-07-06,13.95,14.0,13.51,13.95,41900,126,580655.0
2021-07-07,14.19,14.19,13.75,14.0,19900,67,276216.0
2021-07-08,13.61,13.96,13.6,13.81,15700,90,216494.0
2021-07-12,14.3,16.0,14.0,16.0,314900,1338,4710966.0
2021-07-13,17.7,18.45,16.8,17.15,621900,2634,10796707.0
2021-07-14,17.3,18.38,16.64,16.69,417400,1604,7203524.0
2021-07-15,16.5,17.79,16.5,16.5,289100,1214,4933993.0
2021-07-16,16.89,17.07,16.03,16.4,103100,363,1698825.0
2021-07-19,16.17,16.7,15.56,16.69,89300,308,1447532.0
2021-07-20,16.64,17.5,16.64,17.0,120700,435,2062926.0
2021-07-21,17.1,17.25,16.07,16.96,92000,279,1536406.0
2021-07-22,16.76,17.09,16.55,16.78,53000,210,886358.0
2021-07-23,16.99,17.01,16.39,16.5,44100,249,734082.0
2021-07-26,16.22,16.29,15.66,16.0,65900,237,1052394.0
2021-07-27,15.8,15.8,14.61,15.55,147200,458,2225680.0
2021-07-28,15.56,15.74,14.45,14.45,67100,284,1025677.0
2021-07-29,14.64,15.55,12.93,12.93,1441800,1232,19062020.0
2021-07-30,13.03,13.09,12.27,12.48,187800,679,2365862.0
2021-08-02,12.48,12.88,12.31,12.59,74600,322,940144.0
2021-08-03,12.74,12.78,12.08,12.69,81100,569,1014967.0
2021-08-04,12.8,12.81,12.17,12.17,55700,243,687781.0
2021-08-05,12.4,12.8,11.76,11.87,69300,302,834247.0
2021-08-06,12.14,12.14,11.1,11.1,173800,711,1982854.0
2021-08-09,10.91,11.1,10.11,10.11,265300,422,2839572.0
2021-08-10,10.18,10.53,9.61,10.15,119200,261,1219745.0
2021-08-11,10.11,10.23,9.68,9.8,78200,234,777105.0
2021-08-12,9.96,10.3,9.7,10.15,55000,177,550467.0
2021-08-13,10.17,10.45,10.0,10.3,41300,180,423428.0
2021-08-16,10.2,10.2,9.45,9.99,45800,221,446278.0
2021-08-17,10.11,10.25,9.2,9.8,45300,171,434752.0
2021-08-18,10.01,10.24,9.57,9.8,43400,146,425260.0
2021-08-19,9.61,9.99,9.41,9.78,47200,145,455745.0
2021-08-20,9.65,9.88,9.45,9.49,116400,279,1114477.0
2021-08-23,9.43,9.53,9.06,9.22,48900,132,454962.0
2021-08-24,9.23,9.59,9.15,9.28,49700,168,462399.0
2021-08-25,9.35,9.5,9.23,9.31,37100,109,347175.0
2021-08-26,9.32,9.39,8.94,9.01,44800,140,408589.0
2021-08-27,9.24,9.39,9.02,9.05,108100,377,987363.0
2021-08-30,9.12,9.5,9.1,9.13,54400,139,503009.0
2021-08-31,9.23,9.3,8.8,9.2,63300,157,573498.0
2021-09-01,9.38,9.99,9.28,9.29,194000,660,1854620.0
2021-09-02,9.42,9.67,8.82,9.1,113900,316,1032668.0
2021-09-03,8.99,9.11,8.92,8.95,50900,107,458991.0
2021-09-06,8.96,9.17,8.8,9.17,51100,95,455546.0
2021-09-08,9.0,9.03,8.51,8.82,66900,154,581891.0
2021-09-09,8.8,8.8,8.35,8.57,126600,322,1077090.0
2021-09-10,8.7,8.93,8.42,8.6,51600,213,446343.0
2021-09-13,8.84,9.0,8.4,8.66,955600,271,8270728.0
2021-09-14,8.62,8.73,8.51,8.63,41000,189,353546.0
2021-09-15,8.63,9.09,8.53,8.77,62000,267,542996.0
2021-09-16,8.53,8.91,8.5,8.5,69600,245,601500.0
2021-09-17,8.47,9.2,8.28,8.97,190200,1131,1662862.0
2021-09-20,8.76,8.91,8.48,8.91,48500,221,422979.0
2021-09-21,8.92,9.1,8.52,8.6,81300,270,704422.0
2021-09-22,8.7,8.7,8.42,8.43,50300,253,427796.0
2021-09-23,8.46,8.71,8.42,8.49,53900,155,458774.0
2021-09-24,8.54,8.54,8.34,8.4,31800,155,267578.0
2021-09-27,8.49,8.5,8.34,8.4,17800,58,150058.0
2021-09-28,8.4,8.4,7.83,8.25,64000,270,518155.0
2021-09-29,8.17,8.27,7.66,7.66,165600,701,1304463.0
2021-09-30,7.7,7.74,7.42,7.51,63300,233,480417.0
2021-10-01,7.63,7.76,7.15,7.49,84200,254,631012.0
2021-10-04,7.42,7.52,6.85,6.91,101800,234,716072.0
2021-10-05,7.15,7.15,6.66,6.66,41200,141,281919.0
2021-10-06,6.63,6.75,6.1,6.13,70500,197,447578.0
2021-10-07,6.35,6.45,5.9,6.29,62000,150,381548.0
2021-10-08,6.4,7.05,6.32,6.88,114800,279,781651.0
2021-10-11,7.04,7.08,6.32,6.32,53900,194,357070.0
2021-10-13,6.57,6.57,5.95,6.19,104900,205,643068.0
2021-10-14,6.29,6.29,6.03,6.15,31300,153,192243.0
2021-10-15,6.16,6.3,6.05,6.26,33100,156,205685.0
2021-10-18,6.33,6.33,6.04,6.19,63500,186,392376.0
2021-10-19,6.68,6.68,5.8,5.99,65600,255,395949.0
2021-10-20,6.25,6.39,5.73,5.73,84600,257,496640.0
2021-10-21,5.65,5.79,5.2,5.2,151400,266,821583.0
2021-10-22,5.23,5.23,4.46,4.62,215900,355,1012472.0
2021-10-25,5.0,5.0,4.2,4.34,177400,259,811850.0
2021-10-26,4.28,4.49,3.93,4.19,131600,318,537759.0
2021-10-27,4.11,4.44,3.99,4.03,39000,139,161103.0
2021-10-28,4.0,4.06,3.89,3.99,34700,163,138260.0
2021-10-29,3.99,4.02,3.66,4.0,42000,172,162940.0
2021-11-01,4.02,4.15,3.95,4.15,30900,142,125500.0
2021-11-03,4.01,4.3,3.91,4.29,68800,217,282751.0
2021-11-04,4.29,4.29,4.01,4.15,67700,274,281310.0
2021-11-05,4.18,4.89,4.18,4.71,182700,386,836612.0
2021-11-08,4.95,5.19,4.8,4.95,132000,282,661552.0
2021-11-09,4.95,5.44,4.95,5.26,100900,183,530160.0
2021-11-10,5.3,5.7,5.03,5.38,75000,188,406124.0
2021-11-11,5.48,5.69,5.03,5.61,48900,177,260857.0
2021-11-12,5.6,5.74,5.01,5.01,109700,249,576524.0
2021-11-16,5.05,5.06,4.4,4.7,1064900,371,4985864.0
2021-11-17,4.7,4.88,4.4,4.4,92900,389,418963.0
2021-11-18,4.5,4.5,4.01,4.01,123700,686,521686.0
2021-11-19,4.05,4.24,3.81,4.2,89000,467,358527.0
2021-11-22,4.22,4.22,3.91,4.1,60600,320,248066.0
2021-11-23,4.13,4.19,3.82,3.94,73100,491,288409.0
2021-11-24,3.96,4.0,3.8,3.8,72600,157,279122.0
2021-11-25,3.82,3.88,3.67,3.67,75300,264,281813.0
2021-11-26,3.75,3.75,3.25,3.54,77700,306,266337.0
2021-11-29,3.64,3.7,3.37,3.5,132800,301,459910.0
2021-11-30,3.5,3.54,3.21,3.43,59900,252,201786.0
2021-12-01,3.48,3.48,2.97,3.22,101000,343,322046.0
2021-12-02,3.36,3.36,3.11,3.24,123300,265,396878.0
2021-12-03,3.25,3.4,3.1,3.2,134100,601,435547.0
2021-12-06,3.25,3.39,3.03,3.15,171100,399,547938.0
2021-12-07,3.21,3.35,3.15,3.15,170700,353,551492.0
2021-12-08,3.25,3.35,3.08,3.29,349200,337,1125014.0
2021-12-09,3.29,3.39,3.18,3.33,101800,401,336686.0
2021-12-10,3.47,3.47,3.25,3.25,103800,370,344321.0
2021-12-13,3.3,3.48,3.22,3.36,65000,209,215963.0
2021-12-14,3.5,3.55,3.0,3.13,105100,363,330908.0
2021-12-15,3.14,3.14,2.97,3.06,164000,433,499761.0
2021-12-16,3.26,3.26,2.98,3.0,89000,272,272555.0
2021-12-17,3.0,3.1,2.89,3.1,104300,381,313352.0
2021-12-20,2.99,3.06,2.96,3.0,75000,279,224937.0
2021-12-21,3.02,3.02,2.88,3.02,46300,182,138166.0
2021-12-22,3.0,3.04,2.95,3.03,41200,204,123807.0
2021-12-23,2.97,3.09,2.91,3.01,73200,352,217425.0
2021-12-27,3.08,3.14,2.92,3.02,92700,295,283051.0
2021-12-28,3.1,3.1,2.87,2.87,149200,330,444420.0
2021-12-29,2.92,2.94,2.57,2.6,375600,1293,1012023.0
2021-12-30,2.65,2.75,2.55,2.68,255200,1197,671018.0
