Date,Open,High,Low,Close,Volume,Neg,Fin
2010-01-04,11.08204,11.08204,11.08204,11.08204,300000,2,4515
2010-01-05,11.04522,11.04522,11.04522,11.04522,200000,2,3000
2010-01-06,11.04522,11.04522,11.04522,11.04522,700000,2,10500
2010-01-07,10.93477,11.04522,10.41932,11.04522,1200000,4,17783
2010-01-11,11.04522,11.04522,11.04522,11.04522,300000,2,4500
2010-01-12,10.97158,11.04522,10.67705,10.96422,4400000,8,64940
2010-01-13,11.04522,11.04522,10.82432,10.82432,1700000,6,25470
2010-01-14,11.04522,11.04522,11.04522,11.04522,100000,1,1500
2010-01-15,11.33976,11.33976,11.11885,11.11885,2600000,7,40010
2010-01-18,11.03786,11.11885,11.03786,11.11885,200000,2,3009
2010-01-19,11.04522,11.04522,11.04522,11.04522,200000,1,3000
2010-01-21,10.75068,10.75068,10.75068,10.75068,100000,1,1460
2010-01-22,10.67705,10.67705,10.67705,10.67705,1200000,3,17400
2010-01-27,11.04522,11.04522,11.04522,11.04522,1300000,2,19500
2010-01-28,11.04522,11.04522,11.04522,11.04522,1200000,5,18000
2010-01-29,11.04522,11.04522,11.04522,11.04522,1200000,4,18000
2010-02-01,10.97158,11.04522,10.97158,11.04522,700000,4,10480
2010-02-02,11.04522,11.04522,11.04522,11.04522,800000,1,12000
2010-02-03,11.0084,11.0084,10.34569,10.95686,2000000,8,29247
2010-02-04,10.38251,10.38251,10.30887,10.30887,400000,4,5611
2010-02-05,10.67705,10.67705,10.67705,10.67705,100000,1,1450
2010-02-08,10.30887,10.30887,10.30887,10.30887,800000,2,11200
2010-02-10,10.30887,10.30887,10.30887,10.30887,100000,1,1400
2010-02-11,9.64616,10.94949,9.64616,10.94949,1100000,7,15871
2010-02-12,10.30887,10.67705,10.30887,10.67705,1100000,6,15799
2010-02-17,10.30887,10.67705,10.30887,10.67705,300000,3,4300
2010-02-18,10.30887,10.97158,10.30887,10.97158,300000,3,4290
2010-02-22,10.19842,10.19842,10.1616,10.1616,400000,3,5535
2010-02-23,10.66968,10.67705,10.30887,10.30887,900000,6,12799
2010-02-24,10.23524,10.23524,10.23524,10.23524,200000,1,2780
2010-02-25,10.01433,10.01433,9.97752,9.97752,400000,3,5435
2010-02-26,10.30887,10.45614,10.30887,10.45614,200000,2,2820
2010-03-02,10.01433,10.01433,10.01433,10.01433,300000,1,4080
2010-03-03,10.30887,10.67705,10.30887,10.67705,500000,3,7150
2010-03-04,10.67705,10.93477,10.67705,10.93477,600000,5,8735
2010-03-05,10.30887,10.30887,10.30887,10.30887,400000,2,5600
2010-03-08,10.31624,10.31624,10.31624,10.31624,300000,3,4203
2010-03-09,10.3236,10.3236,10.3236,10.3236,400000,1,5608
2010-03-10,10.3236,10.97158,10.30151,10.97158,2500000,5,35100
2010-03-11,10.97158,10.97158,10.52978,10.52978,900000,3,13060
2010-03-15,10.52978,10.52978,10.52978,10.52978,1500000,2,21450
2010-03-17,10.52978,10.52978,10.52978,10.52978,2200000,7,31460
2010-03-18,10.30887,10.30887,10.30887,10.30887,100000,1,1400
2010-03-22,10.30887,10.30887,10.1616,10.1616,800000,3,11160
2010-03-25,10.30887,10.30887,10.08797,10.30887,1200000,6,16640
2010-03-26,10.30887,10.30887,10.30887,10.30887,900000,2,12600
2010-03-29,10.30887,10.30887,10.30887,10.30887,100000,1,1400
2010-03-30,10.30887,10.30887,10.1616,10.1616,400000,4,5580
2010-03-31,10.45614,10.66968,10.1616,10.1616,400000,3,5698
2010-04-01,10.09533,10.09533,10.09533,10.09533,100000,1,1371
2010-04-05,10.08797,10.13951,10.08797,10.13951,200000,2,2747
2010-04-06,10.12479,10.12479,9.97752,9.97752,2000000,4,27280
2010-04-07,9.71979,9.75661,9.57252,9.57252,800000,6,10520
2010-04-08,9.57252,9.57252,9.57252,9.57252,200000,2,2600
2010-04-09,9.27798,9.35162,8.87299,9.35162,5000000,15,61281
2010-04-12,9.05708,9.13072,8.83618,9.13072,2400000,12,29157
2010-04-14,8.58582,9.05708,8.58582,8.83618,700000,5,8426
2010-04-15,8.83618,8.83618,8.47536,8.61527,600000,6,7051
2010-04-16,8.2471,8.2471,8.2471,8.2471,400000,3,4480
2010-04-19,8.83618,8.83618,7.75375,7.75375,2400000,9,26813
2010-04-20,8.2471,8.2471,8.09983,8.09983,1400000,2,15660
2010-04-22,7.95256,7.95992,7.87156,7.87892,2300000,7,24761
2010-04-23,7.87892,7.87892,7.87892,7.87892,100000,1,1070
2010-04-26,7.87892,7.87892,7.87892,7.87892,700000,1,7490
2010-04-27,7.82518,8.03957,7.2739,8.03957,1100000,5,11146
2010-04-28,8.03957,8.03957,8.03957,8.03957,200000,1,2100
2010-04-29,8.00129,8.00129,7.46532,7.46532,1200000,4,12470
2010-04-30,7.58016,8.41475,7.51125,7.66439,2600000,6,25666
2010-05-03,7.66439,7.71033,7.35046,7.71033,1100000,5,10753
2010-05-04,7.42703,7.42703,7.42703,7.42703,200000,1,1940
2010-05-05,7.57251,7.58016,7.57251,7.58016,700000,3,6924
2010-05-06,7.61845,7.61845,6.89106,6.96763,2400000,9,22958
2010-05-07,6.96763,7.34281,6.66136,7.34281,2900000,14,25902
2010-05-10,6.99825,7.64907,6.99825,7.64907,200000,2,1913
2010-05-11,8.03191,8.03957,7.65673,7.65673,1600000,6,16249
2010-05-12,7.12076,7.97832,7.12076,7.97832,200000,2,1972
2010-05-14,7.2739,7.35046,7.2739,7.28155,1100000,5,10471
2010-05-17,7.2203,7.2203,7.2203,7.2203,2000000,1,18860
2010-05-18,7.65673,7.65673,7.1667,7.1667,2200000,9,21092
2010-05-19,7.31984,7.31984,7.19733,7.31984,3900000,4,36964
2010-05-20,7.15905,7.64907,7.15905,7.64907,300000,3,2869
2010-05-21,7.53423,7.53423,7.53423,7.53423,1300000,3,12792
2010-05-24,7.58016,7.58016,7.2739,7.2739,200000,2,1940
2010-05-25,7.2739,7.49594,6.96763,7.49594,2700000,6,25239
2010-05-26,7.49594,9.18042,7.49594,9.13448,5100000,23,53844
2010-05-27,8.80524,9.34121,8.42241,9.11151,4000000,17,45761
2010-05-28,9.11151,9.11151,9.11151,9.11151,100000,1,1190
2010-05-31,9.18042,9.18042,9.18042,9.18042,500000,1,5995
2010-06-01,8.99666,8.99666,8.99666,8.99666,800000,1,9400
2010-06-02,8.42241,8.99666,8.42241,8.88181,1800000,6,20655
2010-06-07,8.29224,8.87415,8.29224,8.87415,300000,3,3325
2010-06-08,8.85118,8.95838,8.85118,8.95838,600000,2,6992
2010-06-09,8.78227,8.78227,8.78227,8.78227,100000,1,1147
2010-06-10,8.42241,8.80524,8.42241,8.80524,900000,6,10237
2010-06-11,8.84353,8.95838,8.84353,8.95838,2700000,7,31350
2010-06-14,9.20339,9.20339,9.18808,9.18808,200000,2,2402
2010-06-15,9.18808,9.41778,9.18808,9.41778,200000,2,2430
2010-06-16,9.30293,9.41778,9.30293,9.41778,700000,6,8595
2010-06-17,9.57092,9.57092,9.57092,9.57092,100000,1,1250
2010-06-18,9.41778,9.41778,9.41778,9.41778,200000,2,2460
2010-06-21,9.41778,9.41778,9.41778,9.41778,2400000,6,29520
2010-06-22,9.41778,9.41778,9.41778,9.41778,1000000,2,12300
2010-06-23,9.41778,9.41778,9.41778,9.41778,200000,2,2460
2010-06-24,9.57092,9.57092,8.88181,8.88181,1200000,5,14101
2010-06-25,9.05026,9.05026,9.05026,9.05026,100000,1,1182
2010-06-28,9.41778,9.41778,9.41778,9.41778,1400000,2,17220
2010-06-30,9.57092,9.57092,8.80524,8.80524,700000,5,8467
2010-07-01,8.80524,9.1498,8.80524,9.1498,400000,3,4645
2010-07-05,8.57554,9.07323,8.53726,9.07323,1200000,5,13749
2010-07-06,8.84353,8.84353,8.84353,8.84353,100000,1,1155
2010-07-07,8.53726,8.95838,8.03957,8.03957,15800000,39,170073
2010-07-08,8.25396,8.25396,8.03957,8.2463,8800000,13,94674
2010-07-12,8.41475,8.41475,8.38412,8.38412,200000,2,2194
2010-07-13,8.23099,8.30756,8.23099,8.30756,200000,2,2160
2010-07-14,8.00129,8.03957,7.65673,7.74096,7800000,21,78817
2010-07-15,7.7333,7.92472,7.35046,7.82518,9000000,23,88035
2010-07-19,8.03957,8.26927,7.82518,7.89409,1800000,7,18717
2010-07-20,8.11614,8.15442,8.11614,8.13145,400000,4,4252
2010-07-21,8.11614,8.23099,8.00129,8.03957,2400000,7,25368
2010-07-22,8.03957,8.03957,7.97066,8.03957,6300000,8,66141
2010-07-23,8.03957,8.26161,7.963,8.26161,1700000,8,17841
2010-07-26,7.7333,8.03191,7.70267,8.03191,700000,7,7140
2010-07-27,8.26927,8.49897,8.23099,8.38412,2100000,7,22822
2010-07-28,8.38412,8.57554,8.03957,8.57554,300000,3,3265
2010-07-29,8.80524,8.80524,8.71336,8.71336,400000,2,4588
2010-08-02,8.42241,8.42241,7.84815,8.04723,7000000,20,74868
2010-08-03,8.42241,8.72868,8.20036,8.72868,2800000,9,30907
2010-08-04,8.42241,8.42241,8.42241,8.42241,1100000,2,12100
2010-08-05,8.80524,9.56326,8.80524,8.85884,13800000,31,163675
2010-08-06,9.18042,9.18808,9.03495,9.03495,600000,3,7179
2010-08-09,8.65211,8.65211,8.65211,8.65211,100000,1,1130
2010-08-10,8.80524,9.03495,8.55257,8.55257,700000,6,8017
2010-08-11,8.43006,8.49897,8.42241,8.49897,6200000,9,68394
2010-08-12,8.69039,8.69039,8.69039,8.69039,200000,2,2270
2010-08-13,8.65211,8.65211,8.43006,8.43006,800000,6,8886
2010-08-16,8.3535,8.3535,8.3535,8.3535,400000,3,4364
2010-08-17,8.65211,8.65211,8.65211,8.65211,200000,2,2260
2010-08-18,8.65211,8.65211,8.61382,8.61382,900000,5,10155
2010-08-19,8.65211,8.65211,8.57554,8.57554,6300000,4,70916
2010-08-20,8.65211,8.65211,8.64445,8.64445,300000,3,3389
2010-08-23,8.49897,8.49897,8.36881,8.36881,700000,7,7691
2010-08-24,8.37646,8.37646,8.37646,8.37646,200000,2,2188
2010-08-25,8.37646,8.37646,8.33818,8.36881,1400000,5,15288
2010-08-26,8.37646,8.37646,7.963,8.11614,2900000,15,30777
2010-08-27,8.45303,8.45303,7.85581,8.23099,900000,7,9517
2010-08-30,8.38412,8.38412,8.15442,8.38412,900000,6,9795
2010-08-31,8.42241,8.42241,7.88644,8.34584,1400000,10,15115
2010-09-01,8.38412,8.42241,8.38412,8.42241,1500000,4,16450
2010-09-02,8.49897,8.50663,8.49132,8.50663,2600000,6,28856
2010-09-10,8.26927,8.26927,8.26927,8.26927,600000,2,6480
2010-09-13,8.26927,8.27693,8.26927,8.27693,200000,2,2161
2010-09-14,8.26927,8.26927,8.26927,8.26927,400000,2,4320
2010-09-15,8.26927,8.26927,8.26927,8.26927,200000,2,2160
2010-09-16,8.26927,8.42241,8.26927,8.42241,300000,2,3260
2010-09-17,8.05488,8.05488,8.05488,8.05488,100000,1,1052
2010-09-21,8.08551,8.08551,8.06254,8.06254,500000,3,5273
2010-09-22,8.34584,8.34584,8.08551,8.08551,4700000,6,49734
2010-09-23,8.09317,8.09317,8.09317,8.09317,100000,1,1057
2010-09-27,8.1927,8.1927,7.97066,7.97066,200000,2,2111
2010-09-28,7.97832,7.97832,7.92472,7.92472,1800000,5,18653
2010-09-29,8.03957,8.03957,8.03957,8.03957,2400000,3,25200
2010-10-01,8.16973,8.16973,8.16973,8.16973,1000000,1,10670
2010-10-04,7.92472,8.13911,7.92472,8.13911,200000,2,2098
2010-10-05,7.92472,8.13145,7.92472,8.13145,200000,2,2097
2010-10-06,7.88644,8.03957,7.7333,8.03191,1700000,9,17470
2010-10-07,7.99363,8.00129,7.99363,8.00129,300000,2,3134
2010-10-08,8.03191,8.10848,7.81752,8.10848,1800000,7,18958
2010-10-11,8.33818,8.33818,8.03957,8.03957,200000,2,2139
2010-10-13,8.03191,8.10848,8.0166,8.0166,8300000,12,87748
2010-10-14,7.963,8.0166,7.963,8.0166,500000,2,5228
2010-10-18,7.92472,7.92472,7.92472,7.92472,700000,2,7245
2010-10-19,8.03957,8.03957,8.03957,8.03957,300000,1,3150
2010-10-21,8.2999,8.2999,8.11614,8.11614,200000,2,2144
2010-10-22,7.963,8.2999,7.963,8.2999,200000,2,2124
2010-10-25,7.963,8.30756,7.963,8.30756,200000,2,2125
2010-11-01,7.9863,7.9863,7.90199,7.90199,300000,3,3113
2010-11-05,8.03995,8.04762,7.81768,7.93265,2300000,10,23767
2010-11-09,8.10893,8.10893,7.74104,7.74104,2600000,12,26688
2010-11-10,8.03995,8.08594,8.03995,8.04762,1100000,3,11553
2010-11-11,7.879,7.879,7.81768,7.81768,3300000,6,33683
2010-11-12,7.81768,7.81768,7.80236,7.80236,400000,2,4076
2010-11-16,7.78703,7.78703,7.6644,7.78703,1200000,6,12116
2010-11-18,7.93265,8.04762,7.93265,7.97097,4100000,9,42655
2010-11-19,7.6644,7.6644,7.58775,7.58775,8000000,17,79955
2010-11-22,7.60308,7.60308,7.58775,7.58775,400000,3,3963
2010-11-23,7.51111,7.51111,7.36549,7.36549,500000,3,4836
2010-11-24,7.3195,7.65673,7.28884,7.65673,900000,4,8619
2010-11-25,7.36549,7.64907,7.36549,7.6414,2200000,3,21215
2010-11-26,7.58775,7.6644,7.51111,7.58009,6800000,12,67315
2010-11-29,7.51111,7.51111,7.50344,7.50344,700000,3,6859
2010-11-30,7.51111,7.58775,7.51111,7.58775,1300000,4,12750
2010-12-01,7.58775,7.6644,7.58775,7.58775,4300000,11,42762
2010-12-02,7.58775,7.6644,7.58775,7.58775,1600000,7,15870
2010-12-03,7.58775,7.58775,7.58775,7.58775,400000,3,3960
2010-12-08,7.30417,7.30417,7.30417,7.30417,200000,1,1906
2010-12-10,7.97097,7.97097,7.3195,7.3195,200000,2,1995
2010-12-13,7.35782,7.35782,7.35782,7.35782,400000,2,3840
2010-12-14,7.65673,7.6644,7.65673,7.6644,600000,3,5999
2010-12-16,7.65673,7.65673,7.65673,7.65673,400000,2,3996
2010-12-20,7.58775,7.58775,7.43447,7.43447,700000,4,6870
2010-12-21,7.32716,7.32716,7.3195,7.3195,200000,2,1911
2010-12-22,7.16621,7.28884,7.13555,7.28884,3800000,7,35746
2010-12-27,7.54943,7.54943,7.54943,7.54943,700000,2,6895
2010-12-28,7.6644,7.6644,7.28884,7.29651,600000,4,5774
2010-12-30,7.29651,7.51111,7.28884,7.51111,1600000,3,15246
2011-01-03,7.31183,7.32716,7.31183,7.32716,900000,3,8592
2011-01-04,7.34249,7.34249,7.34249,7.34249,200000,1,1916
2011-01-05,7.48045,7.48045,7.48045,7.48045,1300000,4,12688
2011-01-07,7.36549,7.36549,7.35782,7.35782,1200000,3,11523
2011-01-10,7.35782,7.51111,7.12789,7.51111,3500000,11,32813
2011-01-11,7.29651,7.46512,7.28884,7.46512,1400000,6,13350
2011-01-12,7.46512,7.46512,7.2122,7.43447,1300000,6,12361
2011-01-13,7.43447,7.43447,7.43447,7.43447,300000,2,2910
2011-01-17,7.21986,7.21986,7.21986,7.21986,100000,1,942
2011-01-18,7.20453,7.20453,7.08957,7.16621,1300000,6,12110
2011-01-19,7.27351,7.27351,7.27351,7.27351,100000,1,949
2011-01-20,7.20453,7.20453,7.20453,7.20453,1900000,4,17860
2011-01-21,7.24286,7.24286,7.24286,7.24286,300000,1,2835
2011-01-24,7.24286,7.24286,7.24286,7.24286,2100000,2,19845
2011-01-26,7.14322,7.27351,7.12789,7.27351,800000,5,7507
2011-01-27,7.28118,7.28118,7.28118,7.28118,200000,2,1900
2011-01-28,7.14322,7.14322,7.14322,7.14322,100000,1,932
2011-02-04,7.1049,7.28118,6.91329,7.28118,1100000,4,10071
2011-02-07,6.9746,7.28118,6.96694,7.28118,500000,5,4669
2011-02-11,6.94394,7.23519,6.94394,7.23519,200000,2,1850
2011-02-14,7.02825,7.18154,6.94394,7.18154,700000,5,6424
2011-02-23,6.92095,6.92862,6.92095,6.92095,2100000,11,18965
2011-03-01,6.94394,6.94394,6.89796,6.92862,8800000,16,79585
2011-03-02,6.74467,6.81365,6.70635,6.81365,4200000,10,36990
2011-03-03,6.83664,6.83664,6.61437,6.69102,11300000,19,98610
2011-03-04,6.71401,6.737,6.71401,6.737,300000,3,2634
2011-03-09,6.6297,6.737,6.55306,6.737,2700000,7,23164
2011-03-10,6.59138,6.61437,6.51474,6.51474,1500000,7,12797
2011-03-11,6.74467,6.74467,6.74467,6.74467,300000,1,2640
2011-03-16,6.51474,6.51474,6.20816,6.21583,2000000,8,16286
2011-03-17,6.28481,6.28481,6.28481,6.28481,1100000,3,9020
2011-03-18,6.28481,6.56839,6.13152,6.24648,18200000,31,146810
2011-03-21,6.11619,6.13918,6.11619,6.13152,3900000,10,31193
2011-03-22,6.10086,6.13152,6.10086,6.13152,2200000,10,17589
2011-03-23,6.13152,6.13152,6.09319,6.13152,4400000,5,35140
2011-03-24,6.13152,6.28481,6.05487,6.13152,22800000,25,182226
2011-03-25,6.28481,6.43809,6.13152,6.13152,18900000,28,155451
2011-03-28,6.32313,6.32313,6.1775,6.1775,7300000,17,59710
2011-03-29,6.31546,6.31546,6.27714,6.27714,26200000,4,214628
2011-03-30,6.27714,6.27714,6.27714,6.27714,25000000,25,204750
2011-03-31,6.27714,6.32313,6.27714,6.28481,34500000,12,282742
2011-04-01,6.28481,6.28481,6.28481,6.28481,25300000,3,207460
2011-04-04,6.30013,6.36145,6.29247,6.36145,3200000,6,26364
2011-04-05,6.39977,6.39977,6.39977,6.39977,100000,1,835
2011-04-06,6.43043,6.43809,6.43043,6.43809,1300000,5,10915
2011-04-07,6.44576,6.44576,6.44576,6.44576,100000,1,841
2011-04-08,6.43809,6.43809,6.28481,6.32313,8400000,9,69475
2011-04-11,6.29247,6.29247,6.29247,6.29247,3300000,3,27093
2011-04-14,6.28481,6.28481,6.28481,6.28481,400000,1,3280
2011-04-15,6.89796,6.89796,6.89796,6.89796,100000,1,900
2011-04-19,6.51474,6.51474,6.51474,6.51474,2000000,2,17000
2011-04-20,6.51474,6.60671,6.51474,6.60671,4000000,5,34260
2011-04-25,6.25415,6.6297,6.24648,6.6297,6500000,11,54854
2011-04-26,6.6527,6.88263,6.6527,6.87496,15300000,9,137028
2011-04-27,6.85032,7.00963,6.85032,7.00963,5700000,6,50018
2011-04-28,7.03353,7.12912,6.92998,7.12912,4200000,16,36955
2011-04-29,6.85032,6.85032,6.85032,6.85032,4500000,1,38700
2011-05-02,6.85032,6.92998,6.85032,6.92998,3000000,5,26070
2011-05-03,6.92998,6.92998,6.92998,6.92998,5800000,9,50460
2011-05-04,6.85032,6.92998,6.85032,6.92998,4900000,4,42580
2011-05-05,7.08929,7.08929,6.85032,6.85032,10100000,6,87091
2011-05-06,6.92998,7.08929,6.92998,7.08929,300000,3,2649
2011-05-09,7.13708,7.14505,7.13708,7.14505,10000000,2,89699
2011-05-10,7.08929,7.17691,6.97777,6.97777,6700000,9,60272
2011-05-11,6.98574,7.16894,6.98574,7.16894,5900000,8,53041
2011-05-12,7.16894,7.16894,7.16098,7.16894,5300000,9,47699
2011-05-13,7.16894,7.16894,7.16098,7.16894,5300000,5,47699
2011-05-16,7.16894,7.16894,7.03353,7.16894,6900000,13,61913
2011-05-17,7.16894,7.20877,7.16894,7.20877,9200000,6,83004
2011-05-18,7.16894,7.16894,7.16894,7.16894,5000000,3,45000
2011-05-19,7.04946,7.16894,7.04946,7.16894,22400000,13,201270
2011-05-20,7.16894,7.16894,7.16894,7.16894,5600000,3,50400
2011-05-23,7.16098,7.16894,7.16098,7.16894,5300000,5,47699
2011-05-24,7.16894,7.23267,7.08929,7.16894,28500000,19,256543
2011-05-25,7.16894,7.16894,7.16894,7.16894,2200000,1,19800
2011-05-31,6.89015,6.89015,6.89015,6.89015,100000,1,865
2011-06-01,7.16894,7.16894,7.16894,7.16894,3100000,4,27900
2011-06-03,6.94591,7.16894,6.94591,7.16894,900000,5,7922
2011-06-06,7.16894,7.16894,6.96981,7.16098,1300000,8,11526
2011-06-07,7.16098,7.23267,7.16098,7.23267,1300000,5,11753
2011-06-08,7.27249,7.28843,7.27249,7.28843,300000,3,2742
2011-06-09,7.30436,7.52739,7.30436,7.52739,4000000,8,37394
2011-06-10,7.4796,7.56722,7.4796,7.56722,2300000,6,21693
2011-06-13,7.56722,7.56722,7.56722,7.56722,400000,3,3800
2011-06-14,7.19284,7.19284,7.19284,7.19284,100000,1,903
2011-06-15,7.63094,7.72653,7.60705,7.72653,5200000,7,49932
2011-06-16,7.72653,7.75042,7.72653,7.75042,400000,3,3888
2011-06-17,7.61501,7.61501,7.56722,7.56722,44300000,4,420856
2011-06-20,7.56722,7.56722,7.55925,7.56722,45100000,22,428449
2011-06-21,7.55925,7.56722,7.55925,7.56722,65300000,27,620349
2011-06-22,7.56722,7.56722,7.56722,7.56722,32800000,7,311600
2011-06-24,7.56722,7.72653,7.56722,7.72653,200000,2,1920
2011-06-27,7.56722,7.56722,7.56722,7.56722,2700000,3,25650
2011-06-28,7.56722,7.56722,7.56722,7.56722,300000,1,2850
2011-06-29,7.56722,7.56722,7.56722,7.56722,800000,1,7600
2011-06-30,7.56722,7.56722,7.56722,7.56722,100000,1,950
2011-07-01,7.60705,7.87787,7.60705,7.87787,1800000,4,17444
2011-07-05,7.86991,7.86991,7.60705,7.60705,500000,4,4841
2011-07-07,7.60705,7.60705,7.56722,7.56722,11400000,8,108310
2011-07-08,7.56722,7.56722,7.56722,7.56722,3000000,1,28500
2011-07-11,7.56722,7.58315,7.56722,7.56722,4700000,9,44653
2011-07-13,7.56722,7.56722,7.56722,7.56722,100000,1,950
2011-07-14,7.56722,7.61501,7.56722,7.61501,2200000,4,21007
2011-07-18,7.56722,7.56722,7.56722,7.56722,200000,2,1900
2011-07-19,7.56722,7.56722,7.56722,7.56722,7100000,4,67450
2011-07-20,7.56722,7.56722,7.56722,7.56722,1800000,6,17100
2011-07-22,7.56722,7.56722,7.56722,7.56722,100000,1,950
2011-07-26,7.56722,7.56722,7.56722,7.56722,1200000,2,11400
2011-07-27,7.56722,7.56722,7.56722,7.56722,5600000,5,53200
2011-07-28,7.60705,7.60705,7.60705,7.60705,100000,1,955
2011-08-01,7.60705,7.60705,7.60705,7.60705,900000,1,8595
2011-08-04,7.16894,7.16894,7.16894,7.16894,500000,1,4500
2011-08-08,6.85032,6.85032,6.77067,6.77067,3300000,4,28090
2011-08-09,6.92998,6.92998,6.92998,6.92998,100000,1,870
2011-08-10,6.92998,6.92998,6.92998,6.92998,200000,1,1740
2011-08-12,6.92998,6.92998,6.92998,6.92998,300000,1,2610
2011-08-15,6.92998,7.16894,6.92998,7.16894,500000,2,4470
2011-08-17,7.56722,7.56722,7.56722,7.56722,100000,1,950
2011-08-18,6.93794,6.93794,6.93794,6.93794,500000,1,4355
2011-08-19,7.08929,7.16894,7.08929,7.16894,400000,3,3570
2011-08-22,7.48756,7.56722,7.48756,7.56722,2000000,6,18962
2011-08-30,7.16894,7.16894,7.16894,7.16894,1100000,6,9900
2011-08-31,7.16894,7.16894,7.16894,7.16894,100000,1,900
2011-09-02,7.16894,7.16894,7.16894,7.16894,200000,1,1800
2011-09-13,7.2486,7.2486,7.0176,7.0176,300000,3,2701
2011-09-20,7.04946,7.04946,7.04946,7.04946,500000,1,4425
2011-09-21,7.31232,7.31232,7.04946,7.04946,500000,2,4524
2011-09-22,7.04946,7.04946,7.04946,7.04946,100000,1,885
2011-09-23,7.04946,7.04946,7.04946,7.04946,900000,3,7965
2011-09-26,7.04946,7.04946,7.04946,7.04946,100000,1,885
2011-09-30,7.04946,7.16894,7.04946,7.16894,200000,2,1785
2011-10-03,7.16894,7.16894,7.16894,7.16894,100000,1,900
2011-10-04,7.16894,7.16894,7.16894,7.16894,100000,1,900
2011-10-05,7.16098,7.17691,7.16098,7.16894,2400000,5,21609
2011-10-06,7.24063,7.32029,7.20877,7.32029,2900000,6,26403
2011-10-07,7.32029,7.32825,7.32029,7.32825,1700000,3,15638
2011-10-17,7.2486,7.2486,7.2486,7.2486,500000,1,4550
2011-10-24,7.2486,7.2486,7.2486,7.2486,8600000,7,78260
2011-10-26,7.20877,7.20877,7.20877,7.20877,200000,1,1810
2011-10-27,7.56722,7.56722,7.56722,7.56722,100000,1,950
2011-10-28,7.56722,7.56722,7.56722,7.56722,100000,1,950
2011-11-01,7.09725,7.09725,7.08929,7.08929,400000,3,3563
2011-11-03,7.16894,7.16894,7.16894,7.16894,200000,2,1800
2011-11-07,7.16894,7.17691,7.16894,7.17691,2200000,2,19801
2011-11-08,7.16894,7.16894,7.08929,7.16894,5000000,5,44900
2011-11-09,7.16894,7.16894,7.16894,7.16894,2800000,7,25200
2011-11-17,7.16894,7.16894,7.16894,7.16894,2000000,1,18000
2011-11-18,7.16894,7.16894,7.16894,7.16894,100000,1,900
2011-11-23,6.92998,6.92998,6.92998,6.92998,200000,1,1740
2011-11-24,6.83439,6.83439,6.83439,6.83439,100000,1,858
2011-11-25,7.16098,7.2486,7.16098,7.2486,1200000,4,10809
2011-11-28,7.16894,7.16894,7.16894,7.16894,100000,1,900
2011-11-30,7.16894,7.16894,7.16894,7.16894,700000,2,6300
2011-12-02,7.2486,7.2486,7.2486,7.2486,900000,1,8190
2011-12-05,7.40791,7.40791,7.40791,7.40791,100000,1,930
2011-12-08,7.32825,7.32825,7.32825,7.32825,500000,3,4600
2011-12-13,7.16894,7.16894,7.16894,7.16894,100000,1,900
2011-12-15,6.98574,7.16894,6.92998,7.16894,1800000,8,15886
2011-12-23,7.00963,7.00963,7.00963,7.00963,24700000,11,217360
2011-12-26,6.94591,7.00963,6.92998,6.92998,12500000,11,108815
2011-12-27,6.92998,6.92998,6.92998,6.92998,11000000,6,95700
2011-12-28,6.92998,6.92998,6.92998,6.92998,8000000,2,69600
2011-12-29,7.2486,7.2486,7.2486,7.2486,100000,1,910
2012-01-09,7.16894,7.16894,7.16894,7.16894,200000,1,1800
2012-01-17,7.32825,7.32825,7.32825,7.32825,200000,2,1840
2012-01-19,7.16894,7.16894,7.16894,7.16894,400000,2,3600
2012-01-20,7.16894,7.16894,7.16894,7.16894,2200000,2,19800
2012-01-26,7.0176,7.32029,7.00963,7.32029,1100000,7,9763
2012-01-31,7.32029,7.32029,7.32029,7.32029,100000,1,919
2012-02-02,7.16894,7.40791,7.16894,7.40791,200000,2,1830
2012-02-09,7.16894,7.16894,7.16894,7.16894,100000,1,900
2012-02-10,7.31232,7.32825,7.31232,7.32825,300000,2,2758
2012-02-16,7.40791,7.40791,7.40791,7.40791,100000,1,930
2012-02-22,7.12912,7.12912,7.12912,7.12912,1000000,3,8950
2012-02-23,7.13708,7.13708,7.13708,7.13708,1000000,2,8960
2012-02-24,7.12912,7.19284,7.10522,7.19284,4700000,14,42356
2012-02-27,7.40791,7.40791,7.40791,7.40791,100000,1,930
2012-02-28,7.19284,7.19284,7.19284,7.19284,100000,1,903
2012-02-29,7.17691,7.17691,7.17691,7.17691,800000,4,7208
2012-03-01,7.41587,7.41587,7.40791,7.40791,900000,6,8378
2012-03-02,7.56722,7.56722,7.52739,7.52739,400000,3,3790
2012-03-05,7.37605,7.37605,7.37605,7.37605,100000,1,926
2012-03-06,7.36808,7.36808,7.2486,7.36012,2100000,8,19307
2012-03-08,7.16894,7.32825,7.16098,7.16894,1600000,11,14433
2012-03-09,7.40791,7.40791,7.17691,7.17691,800000,7,7237
2012-03-12,7.13708,7.13708,7.12912,7.12912,2000000,4,17904
2012-03-13,7.32029,7.40791,7.32029,7.40791,400000,3,3699
2012-03-14,7.32825,7.32825,7.32825,7.32825,500000,2,4600
2012-03-16,7.39994,7.40791,7.12912,7.13708,600000,4,5442
2012-03-19,7.32029,7.32029,7.32029,7.32029,1400000,2,12866
2012-03-20,7.31232,7.32825,7.31232,7.32825,9300000,4,85554
2012-03-21,7.20877,7.20877,7.20877,7.20877,1000000,1,9050
2012-03-26,7.31232,7.32825,7.17691,7.17691,12100000,6,111290
2012-03-27,7.32029,7.32029,7.16894,7.16894,500000,2,4519
2012-03-28,7.32029,7.32029,7.31232,7.31232,200000,2,1837
2012-03-29,7.32029,7.32029,7.31232,7.31232,900000,5,8270
2012-03-30,7.32029,7.32029,7.31232,7.31232,600000,2,5513
2012-04-02,7.32029,7.32825,7.32029,7.32825,1900000,4,17470
2012-04-03,7.32029,7.32029,7.32029,7.32029,100000,1,919
2012-04-09,7.31232,7.32825,7.31232,7.32825,600000,3,5517
2012-04-11,7.32029,7.32825,7.32029,7.32825,1000000,2,9199
2012-04-12,7.32029,7.32029,7.32029,7.32029,100000,1,919
2012-04-13,7.31232,7.32029,7.31232,7.32029,300000,2,2755
2012-04-16,7.12912,7.31232,7.12912,7.31232,400000,3,3626
2012-04-17,7.32029,7.32029,7.32029,7.32029,200000,2,1838
2012-04-18,7.32029,7.32029,7.32029,7.32029,100000,1,919
2012-04-19,7.16894,7.32029,7.12912,7.32029,500000,4,4529
2012-04-23,7.16894,7.16894,7.16894,7.16894,100000,1,900
2012-04-24,7.16894,7.29639,7.16894,7.29639,200000,2,1816
2012-04-26,7.36243,7.36243,7.36243,7.36243,1000000,1,8900
2012-04-27,7.36243,7.36243,7.36243,7.36243,14700000,7,130830
2012-05-02,7.36243,7.36243,7.36243,7.36243,3000000,1,26700
2012-05-03,7.29626,7.29626,7.29626,7.29626,100000,1,882
2012-05-04,7.44516,7.44516,7.32107,7.32107,3100000,2,27885
2012-05-07,7.43689,7.43689,7.43689,7.43689,100000,1,899
2012-05-09,7.43689,7.43689,7.43689,7.43689,100000,1,899
2012-05-10,7.29626,7.29626,7.28798,7.28798,400000,2,3525
2012-05-14,7.28798,7.28798,7.28798,7.28798,300000,3,2643
2012-05-16,7.27971,7.27971,7.27971,7.27971,100000,1,880
2012-05-17,7.44516,7.44516,7.44516,7.44516,100000,1,900
2012-05-18,7.44516,7.44516,7.44516,7.44516,1000000,2,9000
2012-05-21,6.78337,7.44516,6.742,7.44516,1900000,5,16280
2012-05-22,6.82473,6.82473,6.82473,6.82473,100000,1,825
2012-05-23,6.833,6.833,6.833,6.833,600000,1,4956
2012-05-25,6.84955,6.84955,6.84955,6.84955,100000,1,828
2012-05-28,6.88264,6.88264,6.84955,6.87436,1100000,5,9131
2012-05-30,6.91573,6.91573,6.91573,6.91573,100000,1,836
2012-05-31,7.03154,7.03154,7.03154,7.03154,500000,1,4250
2012-06-01,6.94881,6.94881,6.94881,6.94881,100000,1,840
2012-06-04,6.95709,6.95709,6.742,6.833,2100000,5,17393
2012-06-05,6.833,6.833,6.833,6.833,200000,1,1652
2012-06-06,6.78337,6.78337,6.78337,6.78337,200000,1,1640
2012-06-08,6.79991,7.03154,6.60965,7.03154,6100000,8,49832
2012-06-12,6.61792,7.02327,6.61792,7.02327,800000,2,6547
2012-06-13,7.03154,7.03154,7.03154,7.03154,900000,1,7650
2012-06-15,6.70892,7.18871,6.70892,7.18871,400000,4,3399
2012-06-18,7.19699,7.42861,7.19699,7.42861,200000,2,1768
2012-06-19,6.90745,7.43689,6.90745,7.43689,600000,3,5074
2012-07-05,7.19699,7.19699,7.19699,7.19699,500000,3,4350
2012-07-06,7.42861,7.44516,7.42861,7.44516,500000,3,4498
2012-07-10,7.52788,7.52788,7.52788,7.52788,100000,1,910
2012-07-11,6.90745,7.19699,6.90745,7.19699,2000000,8,16794
2012-07-17,7.19699,7.19699,6.78337,6.78337,1300000,2,11160
2012-07-19,7.43689,7.43689,7.43689,7.43689,200000,1,1798
2012-07-20,7.43689,7.44516,7.43689,7.44516,300000,2,2698
2012-07-24,7.43689,7.43689,7.43689,7.43689,100000,1,899
2012-07-27,7.42861,7.44516,7.42861,7.44516,300000,3,2698
2012-07-31,7.51961,7.61061,7.51961,7.61061,600000,2,5465
2012-08-01,7.44516,7.61061,7.44516,7.61061,1300000,4,11845
2012-08-02,7.69333,7.69333,7.69333,7.69333,600000,1,5580
2012-08-03,7.77605,7.9415,7.77605,7.90014,2600000,6,24760
2012-08-06,7.9415,7.9415,7.61888,7.92496,3100000,13,29219
2012-08-07,7.52788,7.52788,7.52788,7.52788,100000,1,910
2012-08-09,7.85878,7.85878,7.85878,7.85878,100000,1,950
2012-08-10,7.52788,7.52788,7.52788,7.52788,200000,2,1820
2012-08-14,7.52788,7.85878,7.52788,7.85878,600000,3,5660
2012-08-20,7.92496,7.92496,7.92496,7.92496,1000000,1,9580
2012-08-21,7.9415,7.9415,7.9415,7.9415,200000,1,1920
2012-08-22,7.9415,8.02423,7.9415,8.02423,1100000,2,10660
2012-08-23,7.85878,7.85878,7.85878,7.85878,100000,1,950
2012-08-24,8.10695,8.10695,8.10695,8.10695,2100000,3,20580
2012-08-27,8.2724,8.2724,7.86705,7.86705,600000,3,5951
2012-08-28,8.23104,8.43785,8.23104,8.43785,400000,2,4055
2012-09-03,8.2724,8.2724,8.2724,8.2724,400000,1,4000
2012-09-04,8.26413,8.26413,8.18967,8.18967,1300000,3,12897
2012-09-05,8.1814,8.1814,8.1814,8.1814,400000,1,3956
2012-09-06,7.61061,7.85878,7.61061,7.85878,4500000,5,42450
2012-09-10,7.93323,7.93323,7.93323,7.93323,500000,2,4795
2012-09-11,7.85051,7.85878,7.85051,7.85878,3000000,4,28499
2012-09-12,7.65197,7.65197,7.65197,7.65197,3100000,2,28675
2012-09-13,7.85878,7.85878,7.85878,7.85878,200000,1,1900
2012-09-14,7.85878,7.85878,7.67679,7.85051,1100000,3,10339
2012-09-24,7.84223,7.85051,7.84223,7.85051,200000,2,1897
2012-09-25,7.49479,7.49479,7.48652,7.48652,800000,2,7241
2012-09-27,7.50307,7.50307,7.50307,7.50307,500000,2,4535
2012-09-28,7.48652,7.48652,7.48652,7.48652,200000,2,1810
2012-10-01,7.48652,7.48652,7.48652,7.48652,100000,1,905
2012-10-03,7.48652,7.48652,7.47825,7.47825,3100000,4,28054
2012-10-05,7.48652,7.48652,7.47825,7.48652,8400000,6,76016
2012-10-08,7.48652,7.48652,7.48652,7.48652,200000,1,1810
2012-10-15,7.52788,7.52788,7.52788,7.52788,1400000,3,12740
2012-10-18,7.52788,7.52788,7.52788,7.52788,1000000,3,9100
2012-10-19,7.61061,7.61061,7.61061,7.61061,200000,1,1840
2012-10-22,7.69333,7.69333,7.69333,7.69333,200000,1,1860
2012-10-23,7.76778,7.85051,7.70988,7.85051,700000,6,6588
2012-10-24,7.85051,7.85051,7.56924,7.56924,600000,5,5558
2012-10-25,7.7926,7.7926,7.72642,7.73469,600000,3,5616
2012-10-26,7.77605,7.77605,7.77605,7.77605,700000,3,6580
2012-10-29,7.83396,7.85878,7.83396,7.85878,400000,3,3796
2012-10-31,7.81742,7.81742,7.81742,7.81742,2000000,1,18900
2012-11-05,7.81742,7.81742,7.81742,7.81742,100000,1,945
2012-11-06,7.85878,7.85878,7.85878,7.85878,600000,2,5700
2012-11-07,7.85878,7.85878,7.69333,7.69333,2700000,2,25610
2012-11-08,7.85878,7.85878,7.85878,7.85878,300000,1,2850
2012-11-09,7.9415,7.9415,7.9415,7.9415,500000,2,4800
2012-11-12,7.93323,7.93323,7.93323,7.93323,700000,3,6713
2012-11-13,7.98286,7.98286,7.98286,7.98286,500000,3,4825
2012-11-14,7.97459,7.97459,7.97459,7.97459,300000,1,2892
2012-11-19,8.01595,8.01595,7.61061,7.9415,800000,5,7569
2012-11-21,7.98286,7.98286,7.96632,7.97459,600000,4,5787
2012-11-22,7.99114,7.99114,7.9415,7.98286,1600000,5,15395
2012-11-26,7.99941,7.99941,7.99941,7.99941,500000,3,4835
2012-11-27,7.61888,8.00768,7.61888,8.00768,1000000,4,9632
2012-11-28,8.01595,8.10695,8.00768,8.10695,1700000,6,16488
2012-12-04,8.06559,8.10695,8.06559,8.09868,235900000,13,2300066
2012-12-05,8.18967,8.18967,8.18967,8.18967,900000,2,8910
2012-12-06,8.04077,8.2724,8.04077,8.2724,1600000,4,15860
2012-12-07,8.04077,8.92592,8.0325,8.92592,1800000,9,18108
2012-12-10,9.09137,9.84415,9.09137,9.84415,1300000,4,14389
2012-12-11,9.26509,9.80279,9.26509,9.80279,200000,2,2305
2012-12-14,9.72007,10.3405,9.72007,10.3405,7400000,10,88696
2012-12-28,9.54635,10.33222,9.54635,10.32395,3800000,18,46093
2013-01-02,9.92688,10.33222,9.92688,10.33222,200000,2,2449
2013-01-11,9.91033,9.91033,9.91033,9.91033,15000000,1,179700
2013-01-15,9.76143,9.91861,9.76143,9.91861,500000,4,5938
2013-01-16,9.91861,9.91861,9.91861,9.91861,100000,1,1199
2013-01-18,9.92688,9.92688,9.92688,9.92688,100000,1,1200
2013-01-22,10.74585,10.74585,9.92688,10.05096,300000,3,3714
2013-01-29,10.75412,10.75412,10.75412,10.75412,100000,1,1300
2013-01-31,9.79452,10.5804,9.79452,10.54731,500000,5,6187
2013-02-01,10.54731,10.54731,10.54731,10.54731,200000,1,2550
2013-02-06,9.80279,9.80279,9.80279,9.80279,600000,2,7110
2013-02-07,9.79452,9.79452,9.79452,9.79452,200000,2,2368
2013-02-25,9.79452,10.3405,9.79452,10.3405,700000,5,8684
2013-02-27,10.63003,11.54827,10.3405,10.86993,4600000,20,59475
2013-02-28,10.75412,10.75412,10.75412,10.75412,4300000,15,55900
2013-03-01,11.41591,11.41591,10.3405,10.34877,5700000,14,75058
2013-03-04,10.3405,10.58867,10.3405,10.46458,1100000,5,13810
2013-03-05,11.07674,11.07674,10.1006,10.17505,2900000,18,36322
2013-03-06,10.82857,10.82857,10.82857,10.82857,100000,1,1309
2013-03-14,10.58867,10.58867,10.58867,10.58867,300000,3,3840
2013-03-18,10.75445,10.75445,9.93483,9.95138,2800000,6,33987
2013-03-19,9.93483,9.93483,9.93483,9.93483,100000,1,1200
2013-03-20,9.93483,9.94311,9.93483,9.94311,500000,2,6002
2013-03-21,9.93483,9.93483,9.93483,9.93483,300000,3,3600
2013-03-22,9.93483,9.93483,9.93483,9.93483,100000,1,1200
2013-03-25,10.26599,10.2991,10.26599,10.2991,500000,4,6204
2013-03-26,9.93483,9.93483,9.93483,9.93483,2400000,8,28800
2013-03-27,9.93483,9.93483,9.93483,9.93483,400000,2,4800
2013-03-28,9.93483,9.93483,9.76925,9.93483,1900000,8,22740
2013-04-10,10.01762,10.01762,10.01762,10.01762,500000,4,6050
2013-04-11,10.01762,10.01762,10.01762,10.01762,500000,2,6050
2013-04-12,10.51436,10.51436,10.1832,10.4978,1800000,5,22785
2013-04-16,10.67994,10.76273,10.67994,10.76273,37100000,28,482290
2013-04-18,10.55575,10.55575,10.55575,10.55575,100000,1,1275
2013-04-19,10.34878,10.88691,10.26599,10.88691,300000,3,3805
2013-04-22,10.89519,10.89519,10.89519,10.89519,100000,1,1316
2013-05-02,10.46245,10.46245,10.46245,10.46245,300000,3,3693
2013-05-08,11.0404,11.0404,11.0404,11.0404,100000,1,1299
2013-05-13,10.30947,10.79392,10.30947,10.79392,1000000,5,12253
2013-05-20,10.62394,10.62394,10.62394,10.62394,6900000,2,86250
2013-06-06,9.86751,10.19048,9.86751,10.19048,500000,5,5843
2013-06-07,9.77402,9.77402,9.77402,9.77402,300000,2,3450
2013-06-13,9.37456,9.37456,9.37456,9.37456,300000,3,3309
2013-06-17,9.36606,9.36606,9.36606,9.36606,100000,1,1102
2013-06-18,9.36606,9.36606,9.36606,9.36606,200000,1,2204
2013-06-21,8.75412,9.34906,7.61524,9.34906,2500000,7,22872
2013-07-01,8.75412,8.75412,8.75412,8.75412,100000,1,1030
2013-07-02,8.58414,8.58414,8.58414,8.58414,100000,1,1010
2013-07-04,8.49915,8.49915,8.49915,8.49915,100000,1,1000
2013-07-05,7.78522,8.08269,7.64923,8.08269,2600000,9,24640
2013-07-10,8.91561,8.91561,8.41416,8.49915,3600000,16,36276
2013-07-11,8.66913,8.75412,8.49915,8.49915,2400000,14,24340
2013-07-12,8.49065,8.49915,8.49065,8.49915,4000000,3,39998
2013-07-15,8.59264,8.59264,8.49065,8.49065,400000,4,4010
2013-07-17,8.30367,8.30367,8.30367,8.30367,100000,1,977
2013-07-22,8.49915,8.49915,8.49915,8.49915,400000,3,4000
2013-07-23,8.49915,8.49915,7.64923,8.22718,7100000,20,65203
2013-07-24,8.12519,8.12519,8.12519,8.12519,100000,1,956
2013-07-25,7.79372,7.79372,7.79372,7.79372,100000,1,917
2013-07-30,7.90421,7.90421,7.90421,7.90421,500000,3,4650
2013-07-31,7.9892,7.9892,7.9892,7.9892,400000,2,3760
2013-08-01,7.9892,7.9892,7.9892,7.9892,400000,2,3760
2013-08-05,7.64923,7.64923,7.64923,7.64923,2500000,7,22500
2013-08-07,7.73423,7.73423,7.73423,7.73423,100000,1,910
2013-08-09,7.81922,7.81922,7.70023,7.70023,300000,2,2746
2013-08-12,7.70023,7.89571,7.70023,7.70023,1400000,5,12871
2013-08-14,7.64923,7.64923,7.64923,7.64923,4800000,3,43200
2013-08-15,7.65773,7.65773,7.64923,7.64923,5100000,3,45950
2013-08-16,7.70023,7.70023,7.70023,7.70023,500000,2,4530
2013-08-21,8.15918,8.15918,8.15918,8.15918,600000,1,5760
2013-08-23,7.90421,7.9892,7.90421,7.9892,1100000,5,10320
2013-08-26,8.15918,8.15918,8.07419,8.07419,1500000,6,14350
2013-08-30,8.32067,8.32067,8.32067,8.32067,100000,1,979
2013-09-02,7.65773,7.65773,7.64923,7.64923,2000000,6,18004
2013-09-03,7.64923,7.64923,7.64923,7.64923,600000,3,5400
2013-09-05,7.58124,7.58124,7.58124,7.58124,300000,2,2676
2013-09-11,7.70023,8.07419,7.70023,7.70023,500000,3,4662
2013-09-12,7.64923,7.64923,7.64923,7.64923,400000,1,3600
2013-09-13,7.81922,7.81922,7.70023,7.70023,300000,2,2732
2013-09-16,7.64923,7.64923,7.47925,7.64074,2100000,8,18737
2013-09-17,7.48775,7.48775,7.47925,7.47925,1400000,4,12322
2013-09-18,7.47075,7.47075,7.47075,7.47075,200000,1,1758
2013-09-19,7.47075,7.60674,7.47075,7.60674,200000,2,1774
2013-09-20,7.81922,7.81922,7.47925,7.73423,300000,3,2710
2013-09-24,7.47925,7.64923,7.22428,7.64923,2700000,8,23220
2013-09-25,7.64923,7.64923,7.64923,7.64923,100000,1,900
2013-09-26,7.24128,7.24128,7.22428,7.22428,500000,5,4252
2013-09-27,7.22428,7.22428,7.22428,7.22428,100000,1,850
2013-09-30,7.12229,7.30927,7.12229,7.30927,300000,2,2536
2013-10-01,7.14779,7.14779,6.79932,6.92681,36600000,30,294282
2013-10-02,6.92681,7.11379,6.92681,6.9693,400000,3,3292
2013-10-03,6.80782,7.0543,6.79932,6.79932,2600000,8,20861
2013-10-04,6.62934,6.73133,6.62934,6.73133,15400000,4,120134
2013-10-07,6.62934,6.62934,6.0344,6.11939,2900000,14,21764
2013-10-08,6.11939,6.28937,6.07689,6.28937,1500000,5,10815
2013-10-09,6.13639,6.13639,6.0344,6.07689,3300000,10,23678
2013-10-10,6.0344,6.37436,5.69443,5.69443,142900000,31,959647
2013-10-11,5.9919,6.58684,5.9579,6.58684,2200000,10,16321
2013-10-14,5.94941,6.37436,5.94941,6.05139,1200000,4,8585
2013-10-15,6.37436,6.62934,6.13639,6.13639,4400000,12,33044
2013-10-16,6.13639,6.20438,6.0004,6.20438,1100000,7,7889
2013-10-17,6.20438,6.37436,6.20438,6.37436,200000,2,1480
2013-10-18,6.66333,6.66333,6.16188,6.16188,200000,2,1509
2013-10-21,6.13639,6.37436,6.12789,6.37436,4300000,14,32045
2013-10-22,6.16188,6.62934,6.16188,6.38286,4600000,8,34535
2013-10-23,6.77382,6.78232,6.21288,6.21288,3300000,9,25403
2013-10-24,6.22988,6.24688,6.22988,6.24688,300000,2,2203
2013-10-25,6.20438,6.20438,6.20438,6.20438,100000,1,730
2013-10-28,6.20438,6.28937,6.20438,6.28937,500000,5,3660
2013-10-29,6.21288,6.22138,6.21288,6.22138,1200000,6,8774
2013-10-30,6.24688,6.24688,6.23838,6.23838,300000,3,2204
2013-10-31,6.20438,6.28937,6.0429,6.28937,4000000,13,29178
2013-11-01,6.28937,6.37436,6.28937,6.37436,300000,3,2230
2013-11-04,6.62934,6.71433,6.62934,6.62934,1300000,3,10200
2013-11-06,6.53585,6.54435,6.53585,6.54435,200000,2,1539
2013-11-07,6.24688,6.37436,6.11939,6.20438,600000,5,4420
2013-11-08,6.20438,6.20438,6.20438,6.20438,100000,1,730
2013-11-11,6.23838,6.23838,6.20438,6.20438,600000,6,4389
2013-11-12,6.22138,6.22138,6.20438,6.20438,800000,6,5843
2013-11-13,6.36586,6.36586,6.20438,6.20438,200000,2,1479
2013-11-14,6.20438,6.20438,6.16188,6.16188,700000,6,5105
2013-11-19,6.21288,6.21288,5.94941,5.9579,1300000,7,9412
2013-11-21,5.9919,6.0089,5.9919,5.9919,800000,6,5645
2013-11-22,5.9834,5.9834,5.94941,5.94941,500000,3,3504
2013-11-25,6.28937,6.28937,5.9664,5.9664,300000,3,2146
2013-11-27,6.28937,6.33187,6.28937,6.33187,1300000,4,9640
2013-11-28,6.37436,6.37436,6.21288,6.21288,700000,3,5155
2013-12-02,6.28937,6.28937,6.28937,6.28937,100000,1,740
2013-12-03,6.37436,6.37436,6.37436,6.37436,100000,1,750
2013-12-04,6.38286,6.38286,6.38286,6.38286,200000,2,1502
2013-12-05,6.37436,6.37436,6.37436,6.37436,100000,1,750
2013-12-06,6.37436,6.37436,6.37436,6.37436,300000,2,2250
2013-12-10,6.37436,6.37436,6.24688,6.24688,1400000,3,10305
2013-12-11,6.37436,6.37436,6.37436,6.37436,300000,1,2250
2013-12-16,5.9579,7.22428,5.94941,7.22428,1000000,7,7748
2013-12-17,6.71433,6.71433,6.71433,6.71433,200000,1,1580
2013-12-19,6.79932,6.79932,6.79932,6.79932,100000,1,800
2013-12-20,6.9693,7.22428,6.79932,7.0543,1400000,10,11442
2013-12-23,7.39426,7.64923,7.14779,7.14779,4000000,12,34911
2013-12-26,7.30927,7.30927,7.30077,7.30927,1100000,3,9459
2013-12-30,7.65773,7.65773,7.35176,7.35176,3000000,15,26657
2014-01-02,7.225,7.225,7.072,7.072,900000,5,7527
2014-01-03,7.055,7.055,7.055,7.055,200000,1,1660
2014-01-06,7.225,7.225,7.225,7.225,100000,1,850
2014-01-07,7.65,7.65,7.565,7.65,2000000,7,17960
2014-01-08,7.65,7.65,7.225,7.31,1900000,6,16610
2014-01-09,7.48,7.48,7.48,7.48,400000,2,3520
2014-01-10,7.6075,7.65,7.6075,7.65,300000,3,2695
2014-01-15,7.6415,7.6415,7.616,7.616,200000,2,1795
2014-01-20,7.48,7.48,7.48,7.48,100000,1,880
2014-01-21,7.4035,7.4375,7.395,7.4375,1100000,7,9606
2014-01-22,7.3185,7.3185,7.31,7.31,3100000,6,26666
2014-01-23,7.2335,7.2335,7.225,7.225,600000,4,5103
2014-01-24,7.225,7.225,7.14,7.14,1100000,5,9295
2014-01-27,7.65,7.65,7.038,7.14,2900000,11,24916
2014-01-28,7.055,7.055,6.9275,6.9275,2100000,6,17369
2014-01-29,6.97,6.97,6.8,6.8,1300000,7,10453
2014-01-30,6.63,6.715,6.035,6.375,2500000,15,18711
2014-01-31,6.0605,6.205,5.95,6.205,3000000,20,21219
2014-02-03,6.2815,6.2815,5.9925,5.9925,400000,4,2913
2014-02-04,5.9755,6.035,5.967,6.035,1000000,6,7039
2014-02-05,5.967,5.967,5.967,5.967,100000,1,702
2014-02-10,5.967,5.967,5.967,5.967,100000,1,702
2014-02-13,6.035,6.035,6.035,6.035,200000,1,1420
2014-02-14,6.3325,6.3325,6.3325,6.3325,100000,1,745
2014-02-20,6.3665,6.375,6.3665,6.375,400000,3,2999
2014-02-21,6.749,6.749,6.7065,6.7065,400000,4,3161
2014-02-27,6.715,6.8,6.715,6.8,700000,5,5579
2014-02-28,6.46,6.46,6.4515,6.4515,1300000,5,9878
2014-03-05,6.5025,6.5025,6.5025,6.5025,500000,1,3825
2014-03-06,6.46,6.46,6.46,6.46,1000000,1,7600
2014-03-07,6.46,6.46,6.2475,6.2645,2900000,7,21852
2014-03-10,6.273,6.375,6.273,6.375,1100000,2,8238
2014-03-11,6.4175,6.4175,6.4175,6.4175,1500000,1,11325
2014-03-12,6.375,6.375,6.375,6.375,1000000,1,7500
2014-03-13,6.375,6.375,6.375,6.375,200000,2,1500
2014-03-14,6.29,6.29,6.273,6.273,4200000,6,31078
2014-03-17,6.29,6.29,6.273,6.273,700000,2,5176
2014-03-19,6.205,6.375,6.205,6.375,3100000,3,22650
2014-03-20,6.375,6.375,6.205,6.29,11100000,11,81060
2014-03-21,6.29,6.29,6.2815,6.2815,3100000,2,22939
2014-03-24,6.12,6.12,6.035,6.035,4500000,7,32010
2014-03-25,6.12,6.12,6.12,6.12,42400000,18,305280
2014-03-26,6.205,6.545,6.205,6.545,5200000,4,38200
2014-03-27,6.545,6.8,6.545,6.8,2300000,8,17975
2014-03-28,6.63,6.919,6.375,6.8,3200000,8,25364
2014-03-31,6.885,6.885,6.885,6.885,200000,1,1620
2014-04-01,6.375,6.715,6.375,6.46,1400000,13,10710
2014-04-02,6.1795,6.545,6.1795,6.545,1300000,6,9667
2014-04-03,6.8,6.8,6.1795,6.188,800000,6,6000
2014-04-04,6.29,6.29,6.222,6.222,300000,2,2212
2014-04-07,6.2985,6.2985,6.2985,6.2985,300000,2,2223
2014-04-08,6.46,6.46,6.46,6.46,300000,3,2280
2014-04-09,6.222,6.46,6.222,6.46,1100000,3,8332
2014-04-11,6.222,6.63,6.222,6.63,1200000,4,9264
2014-04-14,6.7915,6.8425,6.7915,6.8425,900000,6,7203
2014-04-15,6.8,6.8,6.8,6.8,6900000,16,55200
2014-04-16,6.46,6.97,6.46,6.97,1700000,7,13799
2014-04-17,7.0125,7.2165,7.0125,7.2165,1000000,5,8388
2014-04-22,7.1825,7.82,7.1825,7.82,7900000,17,72006
2014-04-23,7.8625,8.5,7.8625,8.466,21600000,34,211021
2014-04-24,8.415,8.67,8.415,8.67,67700000,18,690038
2014-04-25,8.67,8.67,8.653,8.67,5500000,5,56098
2014-04-28,8.16,9.435,7.9985,9.435,19600000,26,202585
2014-04-29,8.67,9.775,8.67,9.775,13300000,19,151932
2014-04-30,9.775,10.0215,9.69,10.0215,1800000,5,20791
2014-05-02,9.3585,9.996,9.35,9.6475,2800000,12,30921
2014-05-05,8.7635,12.58,8.7635,12.58,33900000,32,500096
2014-05-06,11.339,13.0815,11.339,12.92,60600000,71,901578
2014-05-07,12.58,12.8775,12.58,12.75,10600000,22,159062
2014-05-08,12.716,12.75,12.325,12.75,9200000,27,137436
2014-05-09,11.951,11.951,11.9425,11.9425,200000,2,2811
2014-05-12,11.9425,12.733,11.9425,12.665,2300000,12,33915
2014-05-13,12.9115,13.5915,12.9115,13.5915,11500000,22,181777
2014-05-14,13.6,13.6,13.345,13.5235,12700000,6,203161
2014-05-15,13.6,13.7275,13.6,13.6,5000000,11,80152
2014-05-16,14.025,14.45,14.025,14.45,25300000,25,425686
2014-05-20,14.518,15.623,14.518,15.3,14900000,24,268944
2014-05-21,15.725,15.7335,15.725,15.725,2900000,9,53651
2014-05-22,16.099,16.813,16.099,16.5495,1900000,13,36360
2014-05-23,16.626,17.5865,16.235,17.5865,21500000,25,429453
2014-05-26,17.4165,17.8415,17.4165,17.8415,1500000,11,31173
2014-05-27,17.6375,18.5895,17.6375,18.5895,3200000,22,68757
2014-05-28,18.5555,19.5585,18.2835,19.55,13700000,36,308787
2014-05-29,19.55,19.975,19.55,19.55,2400000,12,55538
2014-05-30,19.3715,19.3715,13.6255,13.6255,7700000,40,146192
2014-06-02,13.6,13.685,13.4385,13.685,4000000,20,63640
2014-06-03,13.4045,13.4045,13.022,13.022,2500000,14,39056
2014-06-04,12.7925,14.025,12.7925,14.025,1500000,14,23607
2014-06-05,13.7785,14.45,13.6,14.45,400000,4,6541
2014-06-09,14.331,14.875,14.331,14.875,500000,5,8494
2014-06-11,14.9685,15.3,14.875,14.875,1800000,8,31769
2014-06-13,14.8665,14.875,14.8665,14.875,200000,2,3499
2014-06-16,15.1215,15.3,15.1215,15.3,2000000,7,35869
2014-06-23,15.147,15.147,15.13,15.13,1100000,3,19582
2014-06-24,14.875,14.8835,14.875,14.875,3200000,11,56001
2014-06-25,14.875,14.875,14.875,14.875,1500000,5,26250
2014-06-26,14.45,14.45,14.45,14.45,200000,2,3400
2014-06-27,14.654,14.6625,14.654,14.6625,900000,2,15524
2014-06-30,14.705,14.875,14.705,14.875,2100000,7,36610
2014-07-01,14.8665,14.875,14.8665,14.875,400000,2,6998
2014-07-02,14.756,14.756,14.7475,14.7475,200000,2,3471
2014-07-03,14.7475,14.7475,14.7475,14.7475,300000,2,5205
2014-07-10,14.45,14.45,14.45,14.45,100000,1,1700
2014-07-15,14.45,14.45,14.45,14.45,200000,2,3400
2014-07-16,14.008,14.1015,14.008,14.1015,600000,2,9943
2014-07-18,12.3675,13.0815,12.3335,12.75,2100000,11,31774
2014-07-21,12.75,12.75,12.75,12.75,200000,2,3000
2014-07-22,13.413,13.413,13.175,13.175,1700000,7,26433
2014-07-23,13.175,13.175,13.09,13.09,2100000,7,32440
2014-07-24,13.175,13.175,13.175,13.175,1200000,5,18600
2014-07-25,13.09,13.26,13.09,13.26,4100000,11,63434
2014-07-28,13.1665,13.175,13.1665,13.175,2800000,7,43395
2014-07-29,13.158,13.175,13.158,13.175,5000000,12,77485
2014-07-30,13.175,13.43,12.7755,13.43,3800000,12,59214
2014-07-31,13.175,13.175,13.175,13.175,400000,2,6200
2014-08-01,13.175,13.175,13.175,13.175,200000,2,3100
2014-08-04,12.7075,12.7075,12.342,12.342,2200000,9,32063
2014-08-05,12.3505,12.41,12.325,12.41,1300000,5,18914
2014-08-06,11.9,11.9,11.9,11.9,1000000,2,14000
2014-08-07,12.3845,12.393,12.155,12.155,3500000,9,50105
2014-08-08,11.9,11.9,11.56,11.56,800000,2,11080
2014-08-11,11.56,11.56,11.56,11.56,500000,1,6800
2014-08-12,11.9,11.9,11.9,11.9,600000,3,8400
2014-08-13,12.631,12.6565,12.325,12.325,3600000,17,52548
2014-08-14,12.7245,12.7245,12.325,12.325,3400000,8,49441
2014-08-15,12.3165,12.325,12.3165,12.325,3500000,11,50745
2014-08-18,12.7075,12.733,12.325,12.325,1700000,12,24918
2014-08-19,12.325,12.699,12.325,12.325,3000000,12,43714
2014-08-20,12.359,12.359,12.3165,12.325,4200000,16,60908
2014-08-21,12.325,12.733,12.3165,12.41,149900000,45,2175221
2014-08-22,12.325,12.325,12.257,12.257,2100000,16,30370
2014-08-25,12.41,12.41,12.325,12.325,61500000,8,891790
2014-08-26,12.325,12.733,12.325,12.733,42400000,12,616826
2014-08-27,12.75,13.6,12.6735,13.6,8900000,14,134519
2014-08-28,13.6,14.195,13.6,14.025,1100000,6,18070
2014-08-29,14.025,14.025,14.025,14.025,500000,3,8250
2014-09-01,14.025,14.4075,14.025,14.4075,900000,5,15022
2014-09-02,14.4075,16.15,14.4075,15.98,55600000,27,1051786
2014-09-03,16.031,17.425,16.031,17.425,10100000,13,199295
2014-09-04,17.0,17.4165,16.575,16.575,800000,4,15999
2014-09-05,16.575,17.4165,16.575,17.3485,600000,3,12080
2014-09-08,17.408,17.425,17.0,17.425,7600000,9,152702
2014-09-09,17.6035,17.6035,17.6035,17.6035,300000,3,6213
2014-09-11,17.0,17.0,17.0,17.0,100000,1,2000
2014-09-12,16.1585,16.6175,16.1585,16.6175,400000,4,7658
2014-09-15,16.1585,16.167,16.15,16.15,32200000,13,611808
2014-09-17,16.15,16.1585,16.15,16.15,7100000,8,134901
2014-09-19,16.2435,16.2435,16.2435,16.2435,200000,2,3822
2014-09-22,16.2435,16.2435,16.2435,16.2435,300000,3,5733
2014-09-24,16.575,16.575,16.575,16.575,100000,1,1950
2014-09-25,16.575,17.0,16.575,17.0,1100000,5,21898
2014-09-29,16.2775,16.4475,16.2775,16.4475,400000,4,7680
2014-09-30,16.235,16.235,16.15,16.15,7500000,6,142541
2014-10-01,16.15,17.0,16.15,16.4475,2200000,9,42534
2014-10-02,16.966,17.0,16.966,17.0,1500000,3,29996
2014-10-03,16.9915,17.0,16.4475,16.9915,1500000,9,29857
2014-10-08,16.1585,16.1585,15.47,15.47,4500000,5,84704
2014-10-10,15.3,15.3,14.45,14.45,1500000,4,26300
2014-10-14,14.467,14.467,14.467,14.467,400000,1,6808
2014-10-16,14.45,14.45,14.45,14.45,400000,1,6800
2014-10-20,14.45,14.45,14.45,14.45,500000,1,8500
2014-10-22,14.45,14.45,14.3225,14.3225,800000,3,13525
2014-10-24,14.3225,14.3225,14.3225,14.3225,200000,1,3370
2014-10-27,14.3225,14.3225,13.175,13.6,1800000,8,28982
2014-10-28,14.45,14.45,14.45,14.45,100000,1,1700
2014-10-29,14.875,14.875,14.45,14.875,1800000,10,31400
2014-10-30,14.45,14.875,14.45,14.875,2600000,12,44650
2014-10-31,15.3,16.15,15.3,15.725,2600000,19,47642
2014-11-03,16.15,16.5665,15.725,16.5665,2200000,13,41049
2014-11-04,16.15,16.83,16.15,16.8215,300000,3,5859
2014-11-05,16.7875,16.7875,16.15,16.15,500000,4,9575
2014-11-06,16.15,16.15,16.15,16.15,500000,4,9500
2014-11-07,16.15,16.15,16.15,16.15,600000,6,11400
2014-11-10,16.15,16.15,16.15,16.15,400000,4,7600
2014-11-11,16.15,16.15,15.725,15.725,300000,3,5650
2014-11-14,15.725,15.725,15.725,15.725,100000,1,1850
2014-11-18,15.3,15.3,13.6,14.025,1900000,9,31150
2014-11-21,14.025,14.45,13.6085,13.6085,400000,3,6552
2014-11-25,13.7275,13.7275,12.9285,12.9285,700000,6,10922
2014-11-28,12.92,12.92,12.92,12.92,100000,1,1520
2014-12-02,13.005,13.005,13.005,13.005,400000,2,6120
2014-12-11,12.07,12.07,12.07,12.07,400000,3,5680
2014-12-26,12.5,12.5,12.5,12.5,200000,1,2500
2014-12-30,12.51,12.51,12.51,12.51,100000,1,1251
2015-01-05,12.52,12.52,12.5,12.5,300000,3,3752
2015-01-06,12.5,12.5,12.5,12.5,100000,1,1250
2015-01-14,11.57,11.57,11.56,11.56,200000,2,2313
2015-01-15,11.51,11.51,11.51,11.51,200000,2,2302
2015-01-20,10.0,10.0,10.0,10.0,100000,1,1000
