Date,Open,High,Low,Close,Volume,Neg,Fin
2021-02-17,17.51,17.79,17.17,17.5,6675700,14611,116290350.0
2021-02-18,17.21,17.55,17.2,17.5,1101800,2752,19176742.0
2021-02-19,17.32,17.55,17.01,17.4,1642800,4424,28402258.0
2021-02-22,17.0,17.38,15.99,16.72,1125400,2099,18571656.0
2021-02-23,16.61,16.9,16.3,16.8,306400,838,5084729.0
2021-02-24,16.47,17.48,16.3,17.3,497000,1185,8452213.0
2021-02-25,17.5,17.54,16.85,17.0,815800,1727,14058501.0
2021-02-26,16.82,17.0,16.08,16.4,1260300,2480,20806713.0
2021-03-01,16.4,17.29,16.2,16.55,474200,1339,7929346.0
2021-03-02,16.8,16.8,15.68,16.05,519900,1060,8329314.0
2021-03-03,16.05,16.05,15.15,15.48,518800,2462,8053288.0
2021-03-04,15.36,16.0,15.36,16.0,433200,1725,6777291.0
2021-03-05,15.74,16.17,15.71,16.03,509700,1084,8120268.0
2021-03-08,16.01,16.09,15.15,15.5,693200,1486,10834266.0
2021-03-09,15.41,15.64,14.82,15.0,742100,1013,11167760.0
2021-03-10,14.9,14.9,14.5,14.66,151400,516,2217590.0
2021-03-11,14.67,14.85,14.4,14.85,243200,418,3565766.0
2021-03-12,14.6,15.0,14.5,15.0,278500,1036,4106475.0
2021-03-15,14.99,15.87,14.72,15.0,682900,1953,10391843.0
2021-03-16,15.0,15.39,14.81,14.9,374600,1030,5655353.0
2021-03-17,15.0,15.16,14.43,14.9,691400,884,10278421.0
2021-03-18,14.9,15.01,14.43,14.88,843300,1987,12504260.0
2021-03-19,14.73,15.0,14.7,15.0,89500,212,1336501.0
2021-03-22,14.82,15.6,14.61,15.34,324600,701,4872639.0
2021-03-23,15.4,15.4,14.9,14.9,175000,444,2622740.0
2021-03-24,15.13,15.48,14.95,14.95,198400,298,3005290.0
2021-03-25,15.3,15.72,15.21,15.6,118600,412,1838313.0
2021-03-26,15.6,16.1,15.6,16.05,464000,310,7421803.0
2021-03-29,15.76,16.19,15.43,15.9,655300,523,10238628.0
2021-03-30,15.9,16.64,15.69,16.3,974000,613,15418499.0
2021-03-31,16.28,16.45,15.98,16.0,470400,1036,7610772.0
2021-04-01,16.05,16.4,15.95,16.35,31400,59,510570.0
2021-04-05,16.45,16.51,15.94,16.5,141000,407,2299321.0
2021-04-06,16.21,16.96,16.21,16.96,146200,181,2418338.0
2021-04-07,16.88,17.6,16.66,17.1,327600,915,5624299.0
2021-04-08,17.63,17.63,16.9,17.04,233100,452,3982335.0
2021-04-09,17.04,17.48,16.84,17.05,74400,295,1275412.0
2021-04-12,17.0,17.28,16.87,17.13,105000,261,1795157.0
2021-04-13,17.06,17.6,16.93,17.4,637400,1186,10971028.0
2021-04-14,17.36,17.6,17.1,17.35,94700,436,1645323.0
2021-04-15,17.53,17.7,17.1,17.69,104900,619,1846155.0
2021-04-16,17.66,17.98,17.33,17.71,202000,511,3592100.0
2021-04-19,17.53,17.88,17.47,17.77,93700,296,1661564.0
2021-04-20,17.7,18.3,17.56,18.15,310800,480,5599848.0
2021-04-22,18.07,19.05,18.07,18.95,230000,1181,4284400.0
2021-04-23,18.9,19.1,18.7,19.1,192400,386,3652307.0
2021-04-26,19.19,19.63,18.85,19.6,135700,444,2634264.0
2021-04-27,19.7,19.85,19.33,19.75,366500,1214,7234671.0
2021-04-28,19.73,20.96,19.28,20.75,223300,1075,4542025.0
2021-04-29,20.75,21.37,20.09,20.45,269200,1091,5557707.0
2021-04-30,20.43,21.2,19.58,20.9,336900,1467,6835461.0
2021-05-03,21.05,21.05,20.02,20.3,147900,512,3012083.0
2021-05-04,20.19,20.93,20.04,20.68,144800,969,2995084.0
2021-05-05,20.94,21.14,19.65,20.0,309300,994,6201654.0
2021-05-06,19.93,20.0,19.26,20.0,146700,774,2892840.0
2021-05-07,20.22,20.65,20.11,20.5,107300,550,2186127.0
2021-05-10,20.26,21.0,20.11,20.85,259700,1175,5352778.0
2021-05-11,20.61,21.0,20.51,20.98,90000,427,1880958.0
2021-05-12,20.66,20.97,18.8,19.1,466800,1425,8994158.0
2021-05-13,19.24,19.7,18.46,19.2,228500,982,4362086.0
2021-05-14,19.1,19.33,18.21,18.97,327700,1342,6136161.0
2021-05-17,18.85,19.27,18.15,19.0,278100,1200,5201352.0
2021-05-18,18.65,19.45,18.36,18.47,164500,891,3063780.0
2021-05-19,18.34,18.66,17.55,17.57,157500,789,2810776.0
2021-05-20,17.6,18.24,16.72,16.9,308700,1327,5265644.0
2021-05-21,16.95,17.03,16.33,17.0,122400,550,2053912.0
2021-05-24,16.98,17.65,16.47,17.65,206000,1040,3535700.0
2021-05-25,17.68,18.17,17.16,17.91,219200,1050,3867261.0
2021-05-26,17.8,18.43,17.4,18.25,152700,783,2746684.0
2021-05-27,18.27,19.05,18.02,18.7,113600,503,2126469.0
2021-05-28,18.71,19.01,18.51,19.0,113100,489,2126771.0
2021-05-31,19.0,19.71,18.86,19.71,114700,528,2224119.0
2021-06-01,19.71,20.27,19.3,19.75,232900,556,4611100.0
2021-06-02,19.75,19.97,19.53,19.71,103500,680,2045707.0
2021-06-04,20.15,20.15,19.36,19.57,138900,621,2718318.0
2021-06-07,19.41,19.85,19.4,19.74,108700,439,2131979.0
2021-06-08,19.74,20.59,19.41,20.23,184900,1207,3695876.0
2021-06-09,20.04,20.57,19.95,20.42,167400,761,3393818.0
2021-06-10,20.37,20.76,19.82,20.27,175400,775,3544818.0
2021-06-11,20.16,20.49,19.7,20.04,140700,651,2825246.0
2021-06-14,20.02,20.2,19.63,20.11,74100,285,1482789.0
2021-06-15,20.21,20.39,19.8,19.93,69700,310,1394986.0
2021-06-16,19.88,20.2,19.52,20.0,126000,446,2502430.0
2021-06-17,19.87,20.1,19.79,19.9,57600,277,1147965.0
2021-06-18,19.82,19.86,19.45,19.48,94900,355,1859571.0
2021-06-21,19.48,19.74,19.04,19.74,73800,278,1446338.0
2021-06-22,19.62,19.84,19.38,19.6,62000,365,1213671.0
2021-06-23,19.57,19.63,19.0,19.0,139000,855,2670069.0
2021-06-24,19.19,19.19,18.78,18.9,52600,265,994057.0
2021-06-25,18.88,18.91,18.2,18.89,126800,599,2369617.0
2021-06-28,18.94,19.17,18.27,18.54,88300,499,1636768.0
2021-06-29,18.42,19.27,17.8,17.86,143700,634,2597643.0
2021-06-30,17.82,18.3,17.76,17.85,197800,595,3543091.0
2021-07-01,17.89,17.97,17.35,17.5,76200,258,1337259.0
2021-07-02,17.7,19.1,17.7,18.64,148600,1211,2740728.0
2021-07-05,18.39,20.19,18.39,20.0,64600,213,1255666.0
2021-07-06,19.89,20.27,19.18,19.8,74700,422,1467822.0
2021-07-07,19.66,20.07,19.39,19.84,104600,715,2064685.0
2021-07-08,19.47,20.3,19.4,20.25,1500100,469,29605778.0
2021-07-12,20.2,20.72,19.88,20.1,124500,427,2510491.0
2021-07-13,19.88,20.0,19.83,20.0,36000,169,719073.0
2021-07-14,20.26,20.38,19.86,20.04,90800,643,1828201.0
2021-07-15,19.91,20.8,19.9,20.38,146600,637,3004462.0
2021-07-16,20.56,20.69,20.21,20.38,55700,248,1138424.0
2021-07-19,20.37,22.25,20.11,22.25,136200,438,2962299.0
2021-07-20,22.21,22.44,21.22,21.8,154800,743,3350811.0
2021-07-21,21.64,22.89,21.5,22.79,60700,290,1359645.0
2021-07-22,22.94,23.3,21.98,22.01,140600,660,3153727.0
2021-07-23,22.03,22.2,21.72,21.91,65900,285,1448286.0
2021-07-26,22.2,23.0,21.56,22.3,179700,735,3994899.0
2021-07-27,22.22,23.7,21.75,22.34,121900,741,2744801.0
2021-07-28,22.5,22.79,20.55,21.0,315400,1387,6666844.0
2021-07-29,21.02,22.5,21.02,21.74,86200,441,1880164.0
2021-07-30,21.46,22.2,20.39,20.83,323600,1200,6749487.0
2021-08-02,20.7,22.0,20.62,22.0,68200,354,1462043.0
2021-08-03,22.0,22.32,20.92,21.84,126900,634,2750774.0
2021-08-04,21.4,22.3,19.74,20.4,1940300,975,39350226.0
2021-08-05,20.46,20.5,19.95,20.03,153900,772,3098418.0
2021-08-06,19.8,20.15,19.73,19.89,140800,716,2805591.0
2021-08-09,19.49,20.29,19.21,19.9,199600,838,3914235.0
2021-08-10,19.73,20.23,19.73,20.05,61600,320,1231732.0
2021-08-11,19.6,19.99,19.46,19.99,81600,362,1612310.0
2021-08-12,19.63,20.06,19.06,19.08,102900,429,1983213.0
2021-08-13,19.03,19.03,17.23,17.7,1473700,3044,26075234.0
2021-08-16,17.69,17.78,16.53,17.2,200000,604,3433489.0
2021-08-17,16.8,17.74,16.2,17.0,226000,1106,3807380.0
2021-08-18,16.98,17.48,16.7,16.78,223800,805,3760463.0
2021-08-19,16.47,17.01,16.31,16.8,185300,995,3091620.0
2021-08-20,16.75,18.32,16.75,18.25,237200,1295,4214161.0
2021-08-23,18.0,18.41,17.78,18.25,409200,825,7418164.0
2021-08-24,18.03,18.37,17.7,18.0,142400,816,2557868.0
2021-08-25,17.72,18.0,17.24,17.8,97700,521,1726695.0
2021-08-26,17.87,18.1,17.28,18.1,64800,348,1158493.0
2021-08-27,17.85,18.79,17.82,18.55,181800,962,3334775.0
2021-08-30,18.55,18.59,17.99,18.5,147400,752,2711972.0
2021-08-31,18.23,18.7,18.1,18.41,315600,894,5810579.0
2021-09-01,18.47,18.47,17.56,18.24,156200,695,2824958.0
2021-09-02,18.0,18.11,17.61,17.9,152600,715,2725892.0
2021-09-03,17.7,18.4,17.5,18.4,147000,364,2685555.0
2021-09-06,18.68,19.5,18.46,19.2,39800,188,760881.0
2021-09-08,19.12,19.3,18.08,18.3,121900,302,2234367.0
2021-09-09,18.36,18.36,17.41,17.8,115000,570,2038545.0
2021-09-10,18.03,18.14,17.1,17.99,90700,442,1614829.0
2021-09-13,18.23,18.58,17.37,17.37,134100,717,2369452.0
2021-09-14,17.54,18.08,17.2,17.84,102000,522,1812614.0
2021-09-15,17.85,18.34,17.52,18.2,260800,399,4733846.0
2021-09-16,18.0,18.25,17.86,18.19,38000,248,688036.0
2021-09-17,18.02,18.58,17.85,18.55,92100,418,1691246.0
2021-09-20,18.21,18.3,17.52,18.05,127600,547,2300316.0
2021-09-21,18.04,18.5,18.0,18.5,164300,537,3002721.0
2021-09-22,18.69,19.14,18.23,19.0,139300,511,2614383.0
2021-09-23,19.07,19.07,18.4,18.76,163100,708,3038619.0
2021-09-24,18.5,18.9,18.29,18.9,164000,796,3063983.0
2021-09-27,18.95,18.95,18.3,18.8,216400,871,4040988.0
2021-09-28,18.81,18.81,17.6,18.0,271900,1415,4891733.0
2021-09-29,18.26,18.35,17.76,18.3,145900,513,2666354.0
2021-09-30,18.34,18.74,18.07,18.62,486200,1643,8989693.0
2021-10-01,18.66,18.75,18.02,18.02,160500,703,2925128.0
2021-10-04,17.91,17.93,16.81,16.85,144500,609,2463576.0
2021-10-05,17.07,17.83,16.39,17.45,146300,692,2489393.0
2021-10-06,17.28,17.37,16.16,17.1,174500,737,2937315.0
2021-10-07,17.3,18.14,16.32,16.78,202200,663,3375734.0
2021-10-08,16.71,17.19,16.44,16.48,183600,981,3072584.0
2021-10-11,16.48,16.56,16.0,16.4,77000,334,1258997.0
2021-10-13,16.36,16.49,16.1,16.3,102300,545,1667519.0
2021-10-14,16.24,16.44,15.81,16.15,89700,555,1440841.0
2021-10-15,16.14,16.2,15.63,15.87,344000,567,5461588.0
2021-10-18,15.85,16.36,15.16,16.2,185600,752,2936134.0
2021-10-19,16.24,16.49,15.75,16.0,159600,783,2562808.0
2021-10-20,16.0,16.18,15.64,15.99,163700,728,2617731.0
2021-10-21,15.74,16.05,15.28,16.0,158300,703,2494970.0
2021-10-22,16.04,16.07,14.68,15.65,238600,768,3654686.0
2021-10-25,15.62,15.62,14.72,15.18,810300,1823,12141928.0
2021-10-26,15.14,16.1,14.84,15.35,430800,2061,6598876.0
2021-10-27,15.3,15.96,14.95,15.45,282900,1097,4372636.0
2021-10-28,15.56,15.73,15.07,15.4,137800,566,2123484.0
2021-10-29,15.22,15.4,14.83,15.4,166600,679,2541127.0
2021-11-01,15.41,15.82,15.21,15.55,270100,942,4193487.0
2021-11-03,15.41,15.7,14.96,15.7,449700,1103,6979534.0
2021-11-04,15.57,15.99,15.33,15.5,266200,1085,4130433.0
2021-11-05,15.52,16.14,15.5,15.64,359900,1303,5675522.0
2021-11-08,15.7,16.25,15.6,15.69,217000,1013,3446866.0
2021-11-09,15.8,15.91,15.12,15.4,153900,757,2374773.0
2021-11-10,15.4,15.56,14.87,14.87,111600,664,1687189.0
2021-11-11,15.03,15.52,14.33,14.7,276000,1424,4081872.0
2021-11-12,14.67,14.96,13.75,13.85,243300,655,3397544.0
2021-11-16,13.9,14.18,12.7,12.8,172300,855,2231330.0
2021-11-17,12.89,12.9,11.93,12.3,250400,1108,3093361.0
2021-11-18,12.3,12.6,11.83,12.17,374300,1883,4561083.0
2021-11-19,12.1,13.02,11.84,12.33,385500,1809,4778506.0
2021-11-22,12.56,12.56,11.85,12.25,144700,559,1753330.0
2021-11-23,12.14,12.14,11.48,11.48,260200,1066,3058530.0
2021-11-24,11.27,11.48,10.99,10.99,176800,992,1976545.0
2021-11-25,11.02,11.1,10.75,11.0,119000,440,1306730.0
2021-11-26,10.84,10.88,10.32,10.61,115200,792,1222107.0
2021-11-29,10.62,10.82,10.39,10.65,105800,550,1123170.0
2021-11-30,10.96,11.03,9.92,10.47,168300,836,1740454.0
2021-12-01,10.51,10.64,9.67,9.92,191000,445,1899692.0
2021-12-02,9.99,10.17,9.6,9.72,339000,770,3305608.0
2021-12-03,9.82,10.38,9.82,10.2,180500,805,1828799.0
2021-12-06,10.56,10.7,10.26,10.65,194600,803,2043717.0
2021-12-07,10.65,10.81,10.0,10.25,101200,324,1037450.0
2021-12-08,10.1,10.75,9.9,10.6,232600,755,2440353.0
2021-12-09,10.55,10.55,10.04,10.4,87000,545,895036.0
2021-12-10,10.64,11.04,10.05,11.0,342800,1529,3639432.0
2021-12-13,11.25,11.32,10.62,10.71,95900,548,1038740.0
2021-12-14,10.71,10.83,10.11,10.35,96500,520,997919.0
2021-12-15,10.57,10.71,10.17,10.7,125300,797,1303828.0
2021-12-16,10.96,11.21,10.31,10.69,144700,657,1534360.0
2021-12-17,10.45,10.89,10.11,10.85,186100,864,1979706.0
2021-12-20,10.78,10.84,9.98,10.2,255800,1351,2646828.0
2021-12-21,9.99,10.08,9.65,9.98,170600,904,1679227.0
2021-12-22,9.82,10.4,9.63,10.4,145800,749,1462833.0
2021-12-23,10.25,10.72,10.07,10.57,185300,1090,1934338.0
2021-12-27,10.57,10.93,10.34,10.34,266500,779,2783544.0
2021-12-28,10.36,10.94,10.19,10.29,143100,888,1508140.0
2021-12-29,10.49,10.62,9.89,9.98,117200,645,1180594.0
2021-12-30,10.04,10.26,9.78,10.0,240100,994,2405084.0
