Date,Open,High,Low,Close,Volume,Neg,Fin
2010-01-04,16.674,16.674,16.2373,16.674,514600,608,8576473
2010-01-05,16.76332,16.9916,16.68392,16.94197,477600,614,8122211
2010-01-06,16.73355,17.9047,16.73355,17.9047,759400,1628,13335372
2010-01-07,17.71613,18.99645,17.71613,18.87735,1435900,2089,26973922
2010-01-08,18.79795,19.056,18.35132,18.6987,666900,1112,12490130
2010-01-11,18.84757,19.2942,18.51012,18.90712,674300,1203,12886665
2010-01-12,18.5796,18.8972,18.51012,18.55975,286600,609,5391671
2010-01-13,18.5399,19.10563,18.31163,19.056,312800,788,5925533
2010-01-14,19.2148,20.74325,19.20488,20.0485,1476000,2310,29773687
2010-01-15,21.835,22.72825,20.8425,20.99137,2638800,3789,57828941
2010-01-18,21.4777,21.48763,19.7706,20.39587,689000,1379,14327483
2010-01-19,20.4455,20.79288,19.82022,20.61423,259200,366,5374873
2010-01-20,20.77303,21.03108,20.0088,20.95168,239900,563,4981827
2010-01-21,21.1204,21.1204,19.55225,19.66142,439600,1027,8814521
2010-01-22,19.60188,19.76068,19.16517,19.55225,634100,1050,12404120
2010-01-26,19.39345,19.453,18.51012,18.84757,432100,927,8230559
2010-01-27,19.35375,19.35375,17.84515,18.262,922100,1928,17022421
2010-01-28,18.70863,19.10563,18.3811,18.52998,1147100,1681,21588214
2010-01-29,18.79795,19.03615,18.51012,18.54983,685900,965,12955730
2010-02-01,19.04608,19.04608,17.6665,17.6665,1044600,1598,19054283
2010-02-02,17.84515,17.96425,16.98168,17.1901,1590200,1773,27614858
2010-02-03,17.33897,17.53748,16.72363,17.17025,2211200,2579,38079307
2010-02-04,17.04123,17.071,16.2373,16.2373,1420000,2113,23762106
2010-02-05,15.88,16.674,15.74105,16.61445,839100,1319,13637586
2010-02-08,16.76332,17.53748,16.674,17.52755,973800,1740,16932655
2010-02-09,17.73598,17.8253,17.4283,17.6665,893800,1218,15910258
2010-02-10,17.88485,18.36125,17.71613,18.2223,1075400,1724,19687801
2010-02-11,18.35132,18.60938,18.0238,18.19253,479000,797,8819171
2010-02-12,18.31163,18.31163,17.6268,18.24215,361600,723,6541281
2010-02-17,18.31163,18.64908,18.16275,18.62922,329200,482,6118841
2010-02-18,18.55975,18.55975,18.17267,18.5002,324800,551,6008296
2010-02-19,18.36125,18.45057,17.92455,18.41088,465100,617,8560123
2010-02-22,18.41088,18.41088,18.00395,18.262,353300,566,6457747
2010-02-23,18.25208,18.25208,17.7459,17.81538,609700,585,11046417
2010-02-24,17.81538,18.01387,17.41838,17.61687,386300,262,6866050
2010-02-25,17.2298,17.84515,17.09085,17.57718,166100,383,2936721
2010-02-26,17.7459,17.80545,17.31913,17.76575,173200,280,3081922
2010-03-01,17.76575,18.25208,17.76575,18.13298,166100,409,3023752
2010-03-02,17.99402,18.3811,17.865,18.36125,806500,758,14870852
2010-03-03,18.43073,18.5796,18.24215,18.49027,358100,925,6651724
2010-03-04,18.36125,18.5399,17.96425,18.4605,175400,379,3237393
2010-03-05,18.55975,18.55975,17.9841,18.11312,400600,297,7335543
2010-03-08,18.28185,18.28185,17.56725,17.56725,490700,340,8784130
2010-03-09,17.56725,17.99402,17.41838,17.865,505100,674,9066318
2010-03-10,17.84515,17.9444,17.57718,17.5871,870100,274,15602412
2010-03-11,17.57718,17.76575,17.48785,17.57718,137900,244,2452653
2010-03-12,17.83522,18.12305,17.57718,18.07342,4005500,601,72077043
2010-03-15,17.92455,18.40095,17.92455,18.262,524100,262,9669190
2010-03-16,18.44065,18.58953,18.12305,18.3811,332500,406,6145387
2010-03-17,18.3811,18.4605,18.09328,18.31163,343500,492,6347150
2010-03-18,18.33147,18.44065,17.87493,18.25208,267500,310,4911424
2010-03-19,18.17267,18.17267,17.61687,17.76575,576100,1484,10379334
2010-03-22,17.6665,18.35132,17.6665,17.79552,336700,834,6085068
2010-03-23,18.01387,18.01387,17.6268,17.64665,183400,663,3280084
2010-03-24,17.79552,17.79552,17.1901,17.23973,163500,489,2871224
2010-03-25,17.41838,17.45807,16.80303,16.96182,224100,545,3847125
2010-03-26,16.9122,17.00152,16.42587,16.97175,336000,609,5673617
2010-03-29,16.98168,17.1504,16.69385,16.7931,317300,1303,5370081
2010-03-30,16.82288,16.89235,16.52513,16.53505,139100,359,2335033
2010-03-31,16.4755,16.86258,16.30678,16.86258,230300,397,3850205
2010-04-01,17.02138,17.57718,16.92212,17.57718,408500,467,7126839
2010-04-05,17.65658,17.75583,17.06108,17.21988,426600,596,7483277
2010-04-06,17.33897,17.33897,16.89235,16.96182,246800,386,4247927
2010-04-07,16.96182,17.20995,16.61445,16.77325,695300,943,11759616
2010-04-08,16.77325,17.14048,16.6343,17.14048,769500,629,13012750
2010-04-09,16.97175,17.16033,16.8725,17.00152,213300,286,3659957
2010-04-12,17.12062,17.12062,16.68392,16.72363,111900,255,1897181
2010-04-13,16.82288,16.97175,16.54498,16.97175,236200,325,3992472
2010-04-14,17.00152,17.00152,16.80303,16.81295,134500,289,2292857
2010-04-15,16.93205,16.93205,16.64423,16.77325,152800,483,2576748
2010-04-16,16.86258,16.86258,16.44572,16.52513,143000,550,2389863
2010-04-19,16.4755,16.8725,16.46558,16.62437,130600,332,2187080
2010-04-20,16.72363,17.05115,16.54498,16.97175,179200,289,3025725
2010-04-22,16.5946,17.21988,16.5946,17.17025,210500,594,3581703
2010-04-23,17.17025,17.21988,16.92212,17.21988,231100,617,3971508
2010-04-26,17.21988,17.2695,16.62437,16.674,303400,375,5146068
2010-04-27,16.65415,16.66408,15.88,16.17775,703300,1203,11519620
2010-04-28,16.28692,16.45565,15.92962,15.93955,388000,354,6278982
2010-04-29,16.17775,16.25715,15.75097,16.06857,360800,444,5812754
2010-04-30,16.08842,16.12812,15.88,16.12812,253200,389,4086156
2010-05-03,16.18768,16.29685,15.8006,15.8403,349300,665,5625584
2010-05-04,15.92962,15.97925,14.89743,14.89743,575300,971,8800248
2010-05-05,14.99667,15.03638,14.24238,14.69893,384200,1175,5721960
2010-05-06,14.78825,14.97683,14.04387,14.292,451700,981,6549932
2010-05-07,14.39125,14.48058,13.68657,13.895,187000,551,2637572
2010-05-10,14.63937,14.8081,14.10343,14.47065,356600,768,5191006
2010-05-11,14.4508,14.94705,14.1332,14.5699,154700,322,2282374
2010-05-12,14.67908,14.67908,14.292,14.34163,212000,256,3078538
2010-05-13,14.4905,14.66915,14.03395,14.24238,343700,576,4928481
2010-05-14,14.08357,14.3714,13.7759,14.3714,325400,1254,4580483
2010-05-17,14.12327,14.65923,13.6965,14.57982,245500,428,3505766
2010-05-18,14.81803,14.85773,13.92478,13.9347,213800,553,3077623
2010-05-19,13.87515,13.895,13.2201,13.78583,290700,475,3999502
2010-05-20,13.23003,13.56748,12.9422,13.101,463100,1227,6140481
2010-05-21,13.0613,13.5377,12.92235,13.32928,296800,853,3965762
2010-05-24,13.4186,13.79575,13.34912,13.44838,90700,334,1234845
2010-05-25,12.9025,12.99183,12.6643,12.75363,607400,1153,7847047
2010-05-26,12.95213,13.39875,12.88265,13.39875,637800,1072,8455369
2010-05-27,13.5774,14.292,13.54762,14.292,355800,793,5000657
2010-05-28,14.66915,14.98675,14.0538,14.98675,672600,722,9889961
2010-05-31,14.98675,15.42345,14.71877,15.42345,198000,349,3013845
2010-06-01,15.086,15.086,14.6096,14.62945,845300,1821,12600026
2010-06-02,14.62945,14.9272,14.4905,14.89743,184500,377,2743740
2010-06-04,14.66915,14.74855,14.04387,14.04387,500700,1024,7178262
2010-06-07,14.0935,14.0935,13.59725,13.6171,543300,2030,7505293
2010-06-08,13.6568,14.0141,13.40868,13.71635,442300,1224,6117576
2010-06-09,13.91485,14.23245,13.84538,14.11335,307100,788,4356332
2010-06-10,14.19275,14.62945,14.10343,14.61952,339100,1121,4932098
2010-06-11,14.5699,14.86765,14.30192,14.83788,277600,1132,4124344
2010-06-14,14.8478,15.086,14.70885,14.78825,188100,726,2822271
2010-06-15,14.8875,14.8875,14.4508,14.46072,202200,554,2976862
2010-06-16,14.54012,14.65923,14.27215,14.31185,421300,1226,6119890
2010-06-17,14.40118,14.62945,14.11335,14.4905,411500,951,5959961
2010-06-18,14.4111,14.98675,14.4111,14.58975,348200,812,5110699
2010-06-21,14.7684,14.8478,14.42103,14.54012,140500,305,2077633
2010-06-22,14.47065,14.6493,14.31185,14.31185,286100,762,4180721
2010-06-23,14.39125,14.44088,13.8553,13.98433,828300,1991,11660365
2010-06-24,14.00418,14.1729,13.8553,14.04387,416600,1070,5867310
2010-06-25,14.0935,14.23245,13.96447,14.2126,150900,322,2151031
2010-06-28,14.23245,14.38132,13.7362,13.8156,421400,1015,5910878
2010-06-29,13.7759,13.90493,13.12085,13.16055,787200,1149,10742138
2010-06-30,13.20025,13.84538,13.19032,13.39875,370000,972,5060040
2010-07-01,13.50793,13.74613,13.13077,13.498,259400,641,3520115
2010-07-02,13.62702,13.83545,13.2201,13.28958,307900,1275,4170357
2010-07-05,13.30943,13.498,13.21018,13.2598,53100,124,711021
2010-07-06,13.48808,13.895,13.48808,13.6965,373800,885,5180182
2010-07-07,13.70643,14.0935,13.68657,14.0935,368600,468,5189940
2010-07-08,14.0935,14.0935,13.84538,13.98433,193900,447,2732953
2010-07-12,13.98433,14.12327,13.84538,13.95455,170300,521,2396406
2010-07-13,13.9744,14.08357,13.895,14.04387,406500,721,5738264
2010-07-14,13.91485,14.12327,13.7759,13.79575,310200,631,4356074
2010-07-15,13.78583,14.0538,13.60717,14.0538,247300,281,3455712
2010-07-16,14.0538,14.74855,14.0538,14.689,1064600,1568,15652473
2010-07-19,14.689,14.98675,14.51035,14.67908,340700,611,5090268
2010-07-20,14.5699,14.86765,14.51035,14.83788,263400,361,3926993
2010-07-21,14.69893,15.086,14.6096,15.03638,452400,674,6813354
2010-07-22,15.086,15.33412,14.89743,15.03638,504100,1380,7668104
2010-07-23,15.086,15.086,14.59968,15.05622,287200,570,4311964
2010-07-26,14.94705,15.2845,14.8875,15.14555,153900,373,2343662
2010-07-27,15.14555,15.3639,15.0066,15.23488,284300,884,4368257
2010-07-28,15.09593,15.21502,14.91727,15.02645,103000,354,1562264
2010-07-29,14.98675,15.2845,14.70885,15.06615,268100,709,4035249
2010-07-30,14.79817,15.35398,14.79817,15.2845,353600,896,5426424
2010-08-02,15.38375,16.277,15.38375,16.26707,464000,773,7386215
2010-08-03,16.02888,16.08842,15.59218,15.97925,322700,338,5169380
2010-08-04,15.88,16.05865,15.53263,15.90978,394200,612,6298457
2010-08-05,15.88,16.4755,15.78075,16.17775,866000,1184,14125781
2010-08-06,16.1182,16.56483,15.89985,16.04873,473700,850,7716332
2010-08-09,15.97925,16.17775,15.6418,15.70135,159000,199,2546804
2010-08-10,15.70135,15.70135,15.11578,15.2845,306700,417,4725525
2010-08-11,15.23488,15.23488,14.98675,15.13562,211700,209,3217886
2010-08-12,14.95697,15.77083,14.94705,15.77083,287700,378,4509057
2010-08-13,15.92962,16.06857,15.6815,15.97925,312600,621,5016307
2010-08-16,16.14798,16.29685,15.97925,15.98918,176800,387,2871079
2010-08-17,16.37625,17.06108,16.37625,16.77325,893200,1221,15038183
2010-08-18,16.93205,17.02138,16.33655,16.82288,337600,745,5641989
2010-08-19,16.74348,17.05115,16.50527,16.82288,368800,578,6247864
2010-08-20,16.68392,16.77325,16.52513,16.62437,165300,121,2779118
2010-08-23,16.5946,16.97175,16.5946,16.77325,121100,352,2050266
2010-08-24,16.62437,16.8725,16.277,16.58467,143700,256,2394545
2010-08-25,16.28692,16.7534,16.28692,16.72363,222500,172,3733082
2010-08-26,16.72363,17.02138,16.53505,16.62437,325200,784,5502557
2010-08-27,16.70378,17.06108,16.5152,17.06108,134600,513,2289134
2010-08-30,16.8725,17.21988,16.57475,16.57475,148600,242,2522044
2010-08-31,16.53505,16.9519,16.2373,16.80303,297500,466,5024595
2010-09-01,16.92212,16.92212,16.6343,16.80303,122100,327,2068020
2010-09-02,16.8725,16.8725,16.65415,16.8725,82300,134,1391549
2010-09-03,16.78317,16.97175,16.3961,16.674,277400,496,4643911
2010-09-06,16.38618,16.86258,16.37625,16.77325,57600,154,975007
2010-09-08,16.6343,16.74348,16.2373,16.57475,49300,203,821278
2010-09-09,16.5946,16.8725,16.26707,16.8725,326000,441,5457775
2010-09-10,16.8725,16.8725,16.52513,16.72363,137800,189,2330735
2010-09-13,16.72363,16.8725,16.72363,16.8725,115900,412,1965801
2010-09-14,16.86258,16.86258,16.58467,16.58467,117800,368,1987998
2010-09-15,16.49535,16.86258,16.49535,16.86258,108100,394,1818511
2010-09-16,16.70378,16.73355,16.42587,16.73355,249500,362,4171623
2010-09-17,16.68392,16.73355,16.33655,16.3961,301900,443,5003978
2010-09-20,16.53505,16.61445,16.37625,16.57475,607200,615,10104834
2010-09-21,16.4755,16.674,16.38618,16.48543,503600,371,8366401
2010-09-22,16.38618,16.61445,16.38618,16.57475,155400,373,2586528
2010-09-23,16.52513,16.674,16.36633,16.4358,401700,939,6670476
2010-09-24,16.66408,16.66408,16.42587,16.62437,173000,361,2888433
2010-09-27,16.66408,17.06108,16.66408,16.8725,407000,708,6914153
2010-09-28,17.071,17.69628,16.92212,17.6665,806900,1310,14161281
2010-09-29,17.61687,17.71613,17.36875,17.71613,459800,816,8149650
2010-09-30,17.55733,17.81538,17.47793,17.6665,625900,616,11129312
2010-10-01,17.48785,18.11312,17.48785,18.11312,468900,724,8446065
2010-10-04,18.19253,18.262,17.865,18.262,239300,257,4367501
2010-10-05,18.262,18.36125,17.97418,18.262,415100,829,7577452
2010-10-06,18.16275,18.20245,17.36875,18.00395,437800,856,7874986
2010-10-07,17.865,17.9841,17.56725,17.9047,262400,544,4695619
2010-10-08,17.71613,18.70863,17.71613,18.6987,1200500,1157,22305052
2010-10-11,18.70863,19.00637,18.6193,18.76818,549200,710,10429530
2010-10-13,18.75825,19.20488,18.75825,18.98652,684000,1248,13136941
2010-10-14,18.98652,19.70113,18.98652,19.35375,764300,1637,14955232
2010-10-15,19.2545,19.6912,19.2545,19.6912,87100,234,1712094
2010-10-18,19.38353,19.83015,19.38353,19.74082,237200,410,4712670
2010-10-19,19.6515,19.6515,18.45057,19.453,194800,586,3757437
2010-10-20,19.15525,19.15525,18.67885,18.8575,339800,1220,6437993
2010-10-21,18.8575,18.94683,18.03373,18.659,529600,390,9833760
2010-10-22,18.74833,18.8575,18.13298,18.3017,136500,282,2517290
2010-10-25,18.36125,18.8575,17.865,18.80788,738400,1295,13641581
2010-10-26,18.80788,19.15525,18.60938,18.95675,388900,988,7435163
2010-10-27,18.95675,19.04608,18.32155,18.84757,339300,949,6336771
2010-10-28,18.84757,18.84757,18.4605,18.74833,419600,898,7893554
2010-10-29,18.94683,19.10563,18.56967,19.10563,598500,614,11358898
2010-11-01,19.07585,19.56217,19.00637,19.2545,615400,1074,12007703
2010-11-03,19.47285,19.47285,19.00637,19.19495,439800,1101,8519507
2010-11-04,19.19495,19.453,19.12547,19.28428,949700,1681,18519011
2010-11-05,19.28428,19.40337,18.91705,18.91705,116100,283,2237694
2010-11-08,18.8575,19.31405,18.35132,19.11555,194900,431,3726852
2010-11-09,19.2545,19.2942,18.70863,19.10563,350900,632,6759240
2010-11-10,19.22473,19.2942,18.8575,19.15525,230600,816,4440029
2010-11-11,19.10563,19.10563,18.75825,18.94683,123300,409,2352045
2010-11-12,18.54983,18.74833,17.97418,18.74833,498100,730,9183412
2010-11-16,18.64908,18.659,17.96425,18.16275,511800,1030,9377021
2010-11-17,18.4605,18.64908,18.32155,18.62922,207300,301,3868224
2010-11-18,18.8575,19.14533,18.66892,18.8575,662800,456,12632852
2010-11-19,18.90712,19.10563,18.7781,19.10563,337700,168,6450045
2010-11-22,19.10563,19.10563,18.4208,18.95675,329100,1008,6225113
2010-11-23,18.84757,18.84757,18.24215,18.36125,227000,380,4219192
2010-11-24,18.51012,19.0957,18.51012,18.8575,426200,756,8114576
2010-11-25,18.92698,18.92698,18.63915,18.75825,50900,87,961984
2010-11-26,18.74833,18.74833,18.13298,18.262,170700,389,3154027
2010-11-29,18.1429,18.62922,17.69628,18.16275,418500,788,7580825
2010-11-30,18.15283,18.74833,18.03373,18.262,958300,2081,17671255
2010-12-01,18.41088,18.7781,18.262,18.55975,422100,1271,7879703
2010-12-02,18.7384,18.95675,18.31163,18.75825,195500,635,3662497
2010-12-03,18.60938,18.94683,18.1826,18.4605,268800,731,4999199
2010-12-06,18.5796,18.5796,18.28185,18.36125,109500,351,2032778
2010-12-07,18.3414,18.659,18.29177,18.39103,128700,426,2391330
2010-12-08,18.36125,18.41088,18.21238,18.262,97700,174,1801189
2010-12-09,18.3811,18.3811,18.0238,18.04365,163400,463,2991622
2010-12-10,18.16275,18.35132,17.75583,18.35132,338000,316,6117801
2010-12-13,18.49027,18.49027,18.16275,18.4605,74300,159,1370970
2010-12-14,18.41088,18.5002,18.33147,18.5002,111600,188,2069211
2010-12-15,18.36125,18.55975,18.07342,18.41088,155400,310,2864967
2010-12-16,18.59945,18.59945,18.01387,18.01387,126800,401,2316866
2010-12-17,18.0635,18.60938,18.0635,18.60938,414100,910,7661112
2010-12-20,18.70863,18.95675,18.36125,18.64908,207600,352,3918460
2010-12-21,18.6193,18.9369,18.58953,18.8575,292600,439,5527564
2010-12-22,18.6987,18.92698,18.54983,18.92698,78500,176,1486350
2010-12-23,18.60938,18.9369,18.60938,18.88728,88200,172,1672163
2010-12-27,18.75825,18.8575,18.58953,18.6193,407900,103,7695628
2010-12-28,18.6193,18.70863,18.36125,18.63915,51200,58,955879
2010-12-29,18.51012,18.82772,18.4208,18.8178,146200,345,2739539
2010-12-30,18.8575,18.9369,18.5796,18.84757,130800,277,2476909
2011-01-03,18.80788,19.23465,18.67885,19.00637,314200,404,6020512
2011-01-04,19.02623,19.34382,19.02623,19.20488,409500,703,7912427
2011-01-05,18.90712,19.63165,18.90712,19.453,463300,1191,9099434
2011-01-06,19.55225,19.6118,18.9766,19.18502,512300,675,9963296
2011-01-07,19.20488,19.35375,18.71855,18.8972,455400,709,8698488
2011-01-10,19.02623,19.02623,18.27192,18.55975,452900,780,8463365
2011-01-11,18.56967,18.83765,18.32155,18.40095,258200,438,4790169
2011-01-12,18.43073,18.92698,18.3811,18.92698,601400,789,11306773
2011-01-13,19.00637,19.10563,18.64908,18.90712,409900,506,7808292
2011-01-14,19.00637,19.32397,19.00637,19.26443,532100,392,10291393
2011-01-17,19.19495,19.4133,19.19495,19.28428,371000,1169,7224219
2011-01-18,19.35375,19.5324,19.0163,19.20488,483800,955,9357217
2011-01-19,19.24457,19.34382,19.056,19.2545,186100,383,3596481
2011-01-20,19.22473,19.453,18.79795,18.95675,158000,505,3038676
2011-01-21,19.2148,19.2148,18.75825,19.14533,281500,564,5380591
2011-01-24,19.15525,19.1751,18.8575,19.04608,245600,671,4710346
2011-01-26,18.88728,19.5324,18.75825,18.84757,323500,712,6200545
2011-01-27,18.86743,18.99645,18.67885,18.80788,151400,330,2870028
2011-01-28,18.80788,18.8972,18.0238,18.3017,280500,547,5177582
2011-01-31,18.3017,19.1354,18.17267,18.90712,269000,695,5034415
2011-02-01,18.90712,19.03615,18.79795,18.8972,334100,648,6375816
2011-02-02,18.8575,18.95675,18.54983,18.67885,417300,409,7927746
2011-02-03,19.14533,19.14533,18.36125,18.41088,321100,530,6041156
2011-02-04,18.262,18.36125,17.9444,17.96425,286600,537,5245411
2011-02-07,18.11312,18.11312,17.468,17.6665,268900,427,4814010
2011-02-08,17.56725,17.91463,17.28935,17.6665,364300,900,6450884
2011-02-09,17.57718,17.61687,17.39853,17.468,154400,462,2718876
2011-02-10,17.55733,17.9444,17.27942,17.865,308400,992,5434374
2011-02-11,17.96425,17.96425,17.468,17.468,325600,896,5770388
2011-02-14,17.6665,17.89478,17.51762,17.6665,164400,362,2926154
2011-02-15,17.76575,18.15283,17.5077,18.15283,723100,1308,12881573
2011-02-16,18.11312,18.31163,17.8253,18.01387,151700,379,2760912
2011-02-17,17.87493,18.1032,17.69628,17.69628,204600,588,3669217
2011-02-18,17.67642,18.05358,17.60695,17.77567,138600,305,2495839
2011-02-21,17.56725,17.71613,17.47793,17.47793,140000,499,2475867
2011-02-22,17.47793,17.47793,17.17025,17.1901,140600,305,2450234
2011-02-23,17.32905,17.56725,16.98168,17.56725,249200,585,4309008
2011-02-24,17.6268,17.84515,17.20003,17.69628,410100,852,7286358
2011-02-25,17.76575,18.0238,17.468,17.56725,180100,397,3205039
2011-02-28,17.59702,17.97418,17.27942,17.59702,511800,1673,9029089
2011-03-01,17.71613,17.8253,17.14048,17.24965,223300,727,3907722
2011-03-02,17.25957,17.71613,17.10077,17.71613,298100,655,5211763
2011-03-03,17.76575,17.865,17.468,17.84515,187900,551,3344205
2011-03-04,17.84515,17.84515,17.09085,17.12062,416600,783,7260646
2011-03-09,17.02138,17.35883,16.89235,17.12062,379500,421,6562534
2011-03-10,17.1107,17.12062,16.53505,16.72363,126500,354,2138738
2011-03-11,16.57475,16.64423,16.00902,16.12812,865300,1145,14140309
2011-03-14,16.02888,16.5152,15.83037,16.4358,375900,1029,6097818
2011-03-15,16.01895,16.37625,15.45323,16.37625,410800,1171,6620440
2011-03-16,16.34647,16.4755,15.63188,15.63188,462300,1211,7431009
2011-03-17,15.78075,15.83037,15.18525,15.47307,311300,612,4872680
2011-03-18,15.57232,15.65173,15.43338,15.51278,350100,495,5470595
2011-03-21,15.5227,15.85023,15.21502,15.23488,333500,1009,5183230
2011-03-22,15.3242,15.87008,15.0463,15.87008,953100,2074,14949919
2011-03-23,15.87008,16.17775,15.73113,16.05865,689400,1748,11135769
2011-03-24,15.9991,16.16783,15.78075,15.92962,210900,732,3384749
2011-03-25,16.08,16.1,15.93,16.04,140900,261,2259072
2011-03-28,16.09,16.09,15.55,15.55,168700,264,2650874
2011-03-29,15.54,15.72,15.37,15.6,216800,648,3381243
2011-03-30,15.64,15.78,15.59,15.77,135300,238,2127766
2011-03-31,15.86,16.17,15.66,15.84,399800,824,6340512
2011-04-01,16.03,16.45,15.9,16.45,526200,1088,8552214
2011-04-04,16.51,16.65,16.15,16.15,585800,1030,9624609
2011-04-05,16.25,16.38,16.05,16.13,257300,659,4164911
2011-04-06,16.21,16.3,15.96,16.25,191500,608,3095354
2011-04-07,16.26,16.26,16.06,16.15,266800,550,4311054
2011-04-08,16.15,16.2,15.9,15.95,284500,733,4549770
2011-04-11,16.0,16.05,15.52,15.67,156100,479,2454572
2011-04-12,15.68,15.68,15.26,15.4,184400,541,2835027
2011-04-13,15.4,15.62,15.05,15.12,225800,503,3464006
2011-04-14,15.2,15.37,15.13,15.29,152700,546,2335635
2011-04-15,15.25,15.6,15.23,15.5,283600,587,4385694
2011-04-18,15.46,15.47,15.13,15.43,299100,449,4580593
2011-04-19,15.48,15.93,15.47,15.75,538200,1040,8480194
2011-04-20,15.84,16.42,15.8,16.39,1586400,873,25718341
2011-04-25,16.37,16.44,16.16,16.4,733800,579,11970189
2011-04-26,16.27,16.48,16.21,16.45,454000,689,7443676
2011-04-27,16.4,16.47,16.26,16.38,187900,178,3066736
2011-04-28,16.27,16.42,16.24,16.42,188800,439,3088504
2011-04-29,16.44,16.51,16.21,16.34,206800,444,3377556
2011-05-02,16.35,16.5,16.16,16.25,270800,884,4404314
2011-05-03,16.14,16.15,16.05,16.1,153200,311,2466249
2011-05-04,16.07,16.07,15.83,15.85,334900,599,5335698
2011-05-05,15.81,16.03,15.71,16.01,366400,827,5822023
2011-05-06,16.09,16.26,15.85,16.25,163500,277,2640520
2011-05-09,16.4,16.5,16.21,16.3,276100,335,4509353
2011-05-10,16.12,16.45,16.12,16.38,123800,327,2026126
2011-05-11,16.49,16.49,16.16,16.35,214200,685,3485513
2011-05-12,16.2,16.38,16.15,16.34,183300,248,2990998
2011-05-13,16.29,16.29,16.1,16.1,319300,378,5156797
2011-05-16,15.9,16.3,15.9,16.29,67700,200,1090954
2011-05-17,16.15,16.36,16.1,16.36,129800,288,2104482
2011-05-18,16.44,16.99,16.22,16.98,487100,1022,8163924
2011-05-19,17.05,17.15,16.76,16.89,140700,363,2377206
2011-05-20,16.85,16.87,16.63,16.7,269500,498,4503367
2011-05-23,16.65,16.7,16.03,16.5,327400,834,5374608
2011-05-24,16.53,16.9,16.53,16.79,143100,643,2402440
2011-05-25,16.8,17.08,16.72,16.96,247200,579,4192624
2011-05-26,16.7,17.07,16.64,16.7,172700,374,2901862
2011-05-27,16.75,17.2,16.75,17.13,616100,484,10410583
2011-05-30,17.2,17.4,17.2,17.21,84100,247,1454777
2011-05-31,17.2,17.79,16.96,17.79,657300,995,11467870
2011-06-01,17.78,17.83,17.21,17.4,558900,1045,9780909
2011-06-02,17.4,17.45,17.1,17.32,675200,1396,11692510
2011-06-03,17.32,17.82,17.25,17.5,227000,641,3994086
2011-06-06,17.5,17.89,17.48,17.7,285300,739,5062615
2011-06-07,17.8,17.87,17.56,17.7,1140700,492,20274595
2011-06-08,17.6,17.8,17.44,17.75,387900,387,6872026
2011-06-09,17.6,17.83,17.5,17.7,315100,356,5571371
2011-06-10,17.6,17.64,17.47,17.6,402600,252,7056968
2011-06-13,17.55,17.7,17.44,17.5,193600,371,3395229
2011-06-14,17.67,17.89,17.5,17.89,1174500,501,20708765
2011-06-15,17.83,18.35,17.83,18.3,486200,1296,8789882
2011-06-16,18.15,18.48,17.92,18.47,279900,1005,5109433
2011-06-17,18.49,18.5,17.96,18.4,410400,1162,7483253
2011-06-20,18.35,18.68,18.2,18.6,132800,425,2450923
2011-06-21,18.56,18.62,18.37,18.48,111200,289,2057595
2011-06-22,18.56,19.04,18.48,18.9,688700,977,13030516
2011-06-24,24.15,24.15,23.51,23.6,6533300,3307,155353985
2011-06-27,23.53,23.63,23.53,23.55,4715900,731,111281547
2011-06-28,23.52,23.55,23.5,23.55,3901900,422,91834607
2011-06-29,23.53,23.55,23.5,23.53,4003900,748,94213526
2011-06-30,23.53,23.75,23.52,23.61,6229300,1116,147337066
2011-07-01,23.68,23.98,23.63,23.69,5480500,702,129748422
2011-07-04,23.75,23.75,23.67,23.7,325800,239,7719713
2011-07-05,23.71,23.72,23.69,23.72,1209000,519,28654784
2011-07-06,23.7,23.75,23.7,23.73,713700,378,16930833
2011-07-07,23.71,23.84,23.71,23.77,1522800,318,36166348
2011-07-08,23.75,23.84,23.74,23.84,1324400,595,31501640
2011-07-11,23.75,23.85,23.71,23.79,406600,373,9652410
2011-07-12,23.73,23.79,23.7,23.75,634700,245,15073177
2011-07-13,23.75,23.87,23.75,23.87,530000,253,12620724
2011-07-14,23.89,23.9,23.78,23.86,1272300,226,30291623
2011-07-15,23.9,23.9,23.74,23.75,702200,296,16692139
2011-07-18,23.76,23.85,23.72,23.8,268000,382,6375995
2011-07-19,23.78,23.8,23.73,23.79,156300,360,3715652
2011-07-20,23.76,23.83,23.74,23.78,686000,376,16307401
2011-07-21,23.8,23.84,23.75,23.8,208400,232,4961574
2011-07-22,23.85,23.85,23.75,23.8,289000,124,6867950
2011-07-25,23.75,23.8,23.72,23.8,226000,383,5369296
2011-07-26,23.75,23.85,23.75,23.85,973300,278,23133657
2011-07-27,23.83,23.89,23.75,23.88,2566300,1121,61204400
2011-07-28,23.76,23.9,23.76,23.86,176500,301,4214692
2011-07-29,23.86,23.9,23.8,23.87,113600,339,2710446
2011-08-01,23.8,23.9,23.75,23.88,264800,330,6316319
2011-08-02,23.88,23.9,23.79,23.83,476700,300,11368783
2011-08-03,23.84,23.85,23.71,23.75,679200,358,16144194
2011-08-04,23.75,23.76,23.7,23.75,1469700,725,34868488
2011-08-05,23.5,23.75,23.5,23.7,902200,678,21374705
2011-08-08,23.7,23.74,22.8,23.44,1090000,831,25628617
2011-08-09,23.45,23.75,23.2,23.7,712200,942,16850255
2011-08-10,23.5,23.7,23.5,23.6,998500,580,23564534
2011-08-11,23.56,23.65,23.51,23.51,1097300,391,25877726
2011-08-12,23.5,23.69,23.5,23.62,1239800,482,29251636
2011-08-15,23.79,23.79,23.65,23.78,839300,412,19893439
2011-08-16,23.7,23.78,23.69,23.72,312300,320,7403109
2011-08-17,23.77,23.82,23.67,23.68,894100,407,21195514
2011-08-18,23.69,23.78,23.65,23.75,404100,369,9574019
2011-08-19,23.7,23.71,23.65,23.7,916500,252,21699063
2011-08-22,23.64,23.74,23.64,23.69,496200,169,11748411
2011-08-23,23.65,23.71,23.63,23.7,231300,171,5473176
2011-08-24,23.7,23.7,23.6,23.65,241600,161,5706595
2011-08-25,23.65,23.7,23.59,23.59,311800,460,7365134
2011-08-26,23.65,23.65,23.54,23.58,253000,271,5962343
2011-08-29,23.69,23.71,23.62,23.7,468500,278,11098028
2011-08-30,23.7,23.78,23.65,23.75,1087100,180,25780198
2011-08-31,23.87,23.87,23.74,23.83,387900,389,9235639
2011-09-01,23.75,23.84,23.75,23.84,419100,581,9963831
2011-09-02,23.76,23.89,23.76,23.87,103000,237,2454318
2011-09-05,23.66,23.88,23.66,23.87,528900,85,12593669
2011-09-06,23.8,23.9,23.8,23.85,832100,389,19844798
2011-09-08,23.9,23.92,23.85,23.92,462400,196,11053671
2011-09-09,23.87,23.92,23.86,23.9,220600,192,5271967
2011-09-12,23.88,23.95,23.88,23.95,478000,559,11440486
2011-09-13,23.97,24.0,23.92,23.99,566700,130,13581255
2011-09-14,23.93,24.0,23.93,24.0,297600,203,7140922
2011-09-15,24.0,24.06,23.96,24.01,2234000,126,53639417
2011-09-16,23.91,24.08,23.91,24.07,257300,238,6184822
2011-09-19,23.98,24.12,23.98,24.12,159300,289,3836419
2011-09-20,24.14,24.17,24.1,24.17,356500,284,8606921
2011-09-21,24.09,24.24,24.09,24.17,2416300,245,58333684
2011-09-22,24.18,24.19,24.03,24.1,535600,729,12907912
2011-09-23,24.06,24.24,24.06,24.24,199900,663,4829158
2011-09-26,24.1,24.28,24.1,24.2,63500,217,1535604
2011-09-27,24.2,24.27,24.16,24.25,149200,133,3612447
2011-09-28,24.25,24.25,24.19,24.25,183700,228,4448767
2011-09-29,24.25,24.29,24.18,24.26,803100,328,19473867
2011-09-30,24.17,24.34,24.17,24.32,485100,385,11788013
2011-10-03,24.32,24.44,24.26,24.32,161600,383,3933562
2011-10-04,24.38,24.38,24.27,24.28,281500,588,6837493
2011-10-05,24.27,24.33,24.26,24.3,997900,806,24241519
2011-10-06,24.3,24.33,24.27,24.29,217700,217,5288380
2011-10-07,24.27,24.38,24.17,24.25,1229400,447,29871218
2011-10-10,24.31,24.31,24.17,24.21,609600,321,14778072
2011-10-11,24.19,24.24,24.17,24.2,159000,173,3846961
2011-10-13,24.24,24.24,24.12,24.17,117000,116,2828999
2011-10-14,24.17,24.17,24.06,24.1,140400,151,3383661
2011-10-17,24.1,24.18,24.07,24.18,510300,211,12307113
2011-10-18,24.2,24.2,24.13,24.18,2177100,239,52618089
2011-10-19,24.1,24.16,24.1,24.16,189500,340,4572030
2011-10-20,24.18,24.2,24.11,24.18,66400,148,1605003
2011-10-21,24.16,24.24,24.15,24.17,884900,220,21405663
2011-10-24,24.17,24.2,24.14,24.19,772800,374,18689590
2011-10-25,24.17,24.2,24.15,24.2,516800,241,12498686
2011-10-26,24.2,24.25,24.18,24.22,192200,235,4651595
2011-10-27,24.12,24.24,24.12,24.2,938500,442,22694733
2011-10-28,24.25,24.26,24.19,24.22,169200,463,4098705
2011-10-31,24.17,24.28,24.17,24.23,234200,250,5678032
2011-11-01,24.17,24.25,24.12,24.2,303100,458,7330047
2011-11-03,24.16,24.25,24.16,24.16,929400,225,22457608
2011-11-04,24.14,24.26,24.11,24.18,839600,268,20308704
2011-11-07,24.18,24.28,24.15,24.28,272900,309,6619132
2011-11-08,24.25,24.67,24.21,24.65,669900,390,16382631
2011-11-09,24.49,24.65,24.49,24.59,293300,193,7215242
2011-11-10,24.6,24.75,24.6,24.68,3258000,247,80471151
2011-11-11,24.66,24.7,24.65,24.7,1329900,195,32828389
2011-11-14,24.68,24.72,24.66,24.66,355600,281,8780278
2011-11-16,24.7,24.73,24.66,24.69,122500,135,3023735
2011-11-17,24.7,24.72,24.65,24.7,255000,267,6299200
2011-11-18,24.7,24.74,24.7,24.72,253900,208,6276814
2011-11-21,24.7,24.76,24.7,24.76,171800,235,4251078
2011-11-22,24.74,24.76,24.72,24.72,474800,535,11747443
2011-11-23,24.7,24.76,24.7,24.72,542300,91,13406562
2011-11-24,24.73,24.74,24.67,24.7,113200,126,2797704
2011-11-25,24.7,24.75,24.7,24.73,128400,300,3173829
2011-11-28,24.73,24.76,24.7,24.73,466100,340,11530173
2011-11-29,24.72,24.77,24.72,24.75,867600,306,21477068
2011-11-30,24.75,24.79,24.74,24.74,423500,343,10489162
2011-12-01,24.75,24.79,24.75,24.79,192900,250,4779418
2011-12-02,24.82,24.82,24.76,24.76,344500,254,8533779
2011-12-05,24.76,24.77,24.72,24.72,777000,215,19232392
2011-12-06,24.72,24.85,24.71,24.85,431000,204,10689386
2011-12-07,24.77,24.95,24.6,24.87,218700,291,5425241
2011-12-08,24.8,24.9,24.4,24.9,107400,185,2666085
2011-12-09,24.83,24.9,24.73,24.8,262700,286,6512124
2011-12-12,24.76,24.94,24.76,24.78,883100,793,21929419
2011-12-13,24.78,24.96,24.78,24.85,102200,84,2539408
2011-12-14,24.85,25.0,24.85,24.95,591400,60,14773040
2011-12-15,24.99,25.03,24.85,25.03,300100,133,7497093
2011-12-16,25.04,25.05,24.93,24.97,191000,112,4775063
2011-12-19,24.95,25.08,24.95,25.05,181900,143,4548632
2011-12-20,24.9,25.08,24.9,25.06,58200,121,1458536
2011-12-21,25.08,25.09,24.95,25.09,64600,84,1615519
2011-12-22,25.09,25.11,24.96,25.09,126500,188,3168587
2011-12-23,25.05,25.07,25.05,25.06,3600,4,90184
