Date,Open,High,Low,Close,Volume,Neg,Fin
2010-01-04,0.25,0.26,0.25,0.26,17000,4,4370
2010-01-05,0.26,0.26,0.26,0.26,16000,3,4160
2010-01-06,0.27,0.27,0.25,0.25,6000,3,1580
2010-01-07,0.26,0.27,0.26,0.27,7000,3,1850
2010-01-08,0.25,0.25,0.24,0.24,21000,6,5060
2010-01-11,0.26,0.3,0.26,0.29,189000,36,53160
2010-01-12,0.29,0.29,0.28,0.28,97000,21,27850
2010-01-13,0.29,0.29,0.28,0.28,72000,12,20770
2010-01-14,0.28,0.28,0.28,0.28,19000,6,5320
2010-01-15,0.29,0.34,0.29,0.32,237000,40,75200
2010-01-18,0.34,0.35,0.32,0.32,65000,25,21480
2010-01-19,0.35,0.44,0.35,0.4,504000,107,201010
2010-01-20,0.41,0.45,0.37,0.4,546000,98,223620
2010-01-21,0.41,0.41,0.33,0.37,149000,38,54430
2010-01-22,0.35,0.37,0.35,0.37,17000,7,6070
2010-01-26,0.34,0.37,0.34,0.37,16000,8,5560
2010-01-27,0.38,0.38,0.35,0.35,6000,4,2160
2010-01-28,0.37,0.37,0.35,0.35,14000,5,5000
2010-01-29,0.36,0.36,0.36,0.36,3000,1,1080
2010-02-01,0.34,0.34,0.34,0.34,5000,3,1700
2010-02-02,0.35,0.35,0.35,0.35,1000,1,350
2010-02-03,0.35,0.35,0.35,0.35,5000,3,1750
2010-02-04,0.32,0.32,0.29,0.3,103000,21,32060
2010-02-05,0.32,0.32,0.29,0.31,75000,13,23360
2010-02-08,0.33,0.34,0.32,0.32,101000,13,33370
2010-02-09,0.32,0.4,0.32,0.38,283000,54,103770
2010-02-10,0.49,0.55,0.45,0.46,1020000,107,504850
2010-02-11,0.47,0.48,0.44,0.46,80000,35,36740
2010-02-12,0.44,0.47,0.4,0.44,82000,17,36290
2010-02-17,0.44,0.44,0.44,0.44,10000,5,4400
2010-02-18,0.45,0.47,0.45,0.47,84000,24,38020
2010-02-19,0.45,0.46,0.44,0.44,48000,19,21490
2010-02-22,0.45,0.45,0.43,0.43,19000,9,8390
2010-02-23,0.43,0.43,0.43,0.43,3000,3,1290
2010-02-24,0.44,0.46,0.41,0.44,34000,17,14920
2010-02-25,0.48,0.49,0.46,0.46,59000,22,28360
2010-02-26,0.45,0.45,0.44,0.44,25000,11,11090
2010-03-01,0.45,0.45,0.43,0.43,32000,14,14240
2010-03-02,0.46,0.49,0.45,0.47,135000,37,64400
2010-03-03,0.48,0.49,0.46,0.46,26000,15,12260
2010-03-04,0.46,0.47,0.45,0.45,49000,19,22430
2010-03-05,0.45,0.45,0.44,0.44,26000,12,11510
2010-03-08,0.44,0.44,0.44,0.44,1000,1,440
2010-03-09,0.46,0.46,0.46,0.46,3000,2,1380
2010-03-10,0.45,0.48,0.44,0.45,84000,23,39160
2010-03-11,0.45,0.45,0.45,0.45,2000,1,900
2010-03-12,0.44,0.44,0.44,0.44,2000,2,880
2010-03-15,0.43,0.44,0.4,0.43,56000,13,22990
2010-03-16,0.42,0.46,0.42,0.45,170000,25,74180
2010-03-17,0.47,0.47,0.44,0.44,63000,21,28220
2010-03-18,0.41,0.44,0.41,0.44,2000,2,850
2010-03-19,0.41,0.42,0.41,0.41,7000,4,2880
2010-03-22,0.4,0.43,0.39,0.43,42000,11,16640
2010-03-23,0.46,0.46,0.41,0.44,5000,3,2130
2010-03-24,0.44,0.44,0.42,0.44,37000,7,15980
2010-03-25,0.42,0.42,0.41,0.41,9000,4,3750
2010-03-26,0.41,0.41,0.38,0.38,34000,5,13300
2010-03-29,0.38,0.41,0.38,0.38,4000,4,1550
2010-03-30,0.4,0.4,0.4,0.4,1000,1,400
2010-03-31,0.39,0.4,0.35,0.37,35000,15,12880
2010-04-01,0.4,0.4,0.4,0.4,1000,1,400
2010-04-05,0.39,0.4,0.38,0.38,15000,7,5740
2010-04-06,0.38,0.38,0.37,0.37,2000,2,750
2010-04-07,0.36,0.37,0.36,0.36,11000,3,3970
2010-04-08,0.35,0.37,0.35,0.37,10000,3,3540
2010-04-09,0.35,0.35,0.35,0.35,14000,5,4900
2010-04-12,0.35,0.35,0.33,0.33,16000,9,5430
2010-04-13,0.36,0.36,0.36,0.36,1000,1,360
2010-04-14,0.35,0.37,0.34,0.37,52000,13,18180
2010-04-15,0.34,0.35,0.32,0.33,95000,24,31510
2010-04-16,0.32,0.33,0.32,0.33,14000,5,4510
2010-04-19,0.34,0.34,0.31,0.31,34000,8,10880
2010-04-20,0.31,0.31,0.29,0.31,13000,5,3940
2010-04-27,0.3,0.3,0.3,0.3,6000,2,1800
2010-04-28,0.3,0.3,0.3,0.3,20000,3,6000
2010-04-29,0.31,0.31,0.31,0.31,3000,2,930
2010-04-30,0.31,0.31,0.31,0.31,10000,2,3100
2010-05-03,0.3,0.3,0.3,0.3,5000,1,1500
2010-05-04,0.3,0.3,0.27,0.27,16000,7,4550
2010-05-05,0.27,0.27,0.25,0.27,47000,9,12250
2010-05-06,0.27,0.28,0.24,0.24,76000,9,18670
2010-05-07,0.25,0.25,0.22,0.22,15000,6,3540
2010-05-10,0.25,0.25,0.25,0.25,51000,6,12750
2010-05-11,0.27,0.27,0.25,0.25,20000,5,5100
2010-05-12,0.25,0.25,0.25,0.25,4000,2,1000
2010-05-13,0.24,0.27,0.24,0.27,3000,2,750
2010-05-14,0.24,0.27,0.24,0.27,3000,3,780
2010-05-17,0.27,0.28,0.27,0.28,16000,4,4330
2010-05-21,0.25,0.25,0.25,0.25,10000,2,2500
2010-05-24,0.25,0.25,0.25,0.25,30000,3,7500
2010-05-31,0.3,0.31,0.3,0.3,14000,8,4220
2010-06-01,0.31,0.31,0.28,0.28,68000,12,19510
2010-06-02,0.29,0.3,0.29,0.29,14000,5,4110
2010-06-08,0.28,0.28,0.28,0.28,1000,1,280
2010-06-09,0.28,0.29,0.28,0.29,21000,6,5890
2010-06-10,0.29,0.29,0.29,0.29,2000,1,580
2010-06-11,0.29,0.29,0.29,0.29,4000,3,1160
2010-06-14,0.29,0.29,0.29,0.29,5000,1,1450
2010-06-15,0.29,0.3,0.29,0.29,7000,6,2060
2010-06-17,0.28,0.28,0.28,0.28,2000,2,560
2010-06-21,0.3,0.3,0.3,0.3,12000,4,3600
2010-06-23,0.28,0.28,0.28,0.28,1000,1,280
2010-06-24,0.28,0.29,0.28,0.29,12000,5,3380
2010-06-25,0.28,0.3,0.28,0.3,2000,2,580
2010-06-28,0.28,0.28,0.28,0.28,1000,1,280
2010-07-01,0.28,0.28,0.27,0.27,23000,7,6390
2010-07-02,0.27,0.27,0.27,0.27,1000,1,270
2010-07-05,0.29,0.29,0.29,0.29,1000,1,290
2010-07-06,0.29,0.33,0.28,0.3,88000,27,27220
2010-07-07,0.31,0.31,0.31,0.31,12000,3,3720
2010-07-08,0.28,0.28,0.28,0.28,6000,4,1680
2010-07-12,0.27,0.28,0.27,0.28,7000,6,1900
2010-07-13,0.27,0.27,0.27,0.27,8000,3,2160
2010-07-14,0.27,0.27,0.27,0.27,5000,3,1350
2010-07-15,0.28,0.28,0.28,0.28,10000,1,2800
2010-07-16,0.28,0.28,0.27,0.27,13000,4,3550
2010-07-19,0.27,0.27,0.26,0.26,4000,3,1050
2010-07-20,0.27,0.29,0.27,0.29,8000,3,2180
2010-07-22,0.29,0.31,0.29,0.31,68000,7,20390
2010-07-23,0.31,0.34,0.3,0.3,37000,14,11650
2010-07-26,0.32,0.32,0.26,0.26,41000,6,11270
2010-07-27,0.29,0.29,0.29,0.29,53000,8,15370
2010-07-28,0.3,0.3,0.29,0.29,16000,3,4650
2010-07-29,0.28,0.29,0.28,0.29,18000,3,5170
2010-07-30,0.3,0.3,0.27,0.28,32000,8,9010
2010-08-02,0.3,0.3,0.28,0.29,14000,5,4050
2010-08-03,0.29,0.29,0.29,0.29,24000,7,6960
2010-08-04,0.3,0.32,0.3,0.32,29000,6,8870
2010-08-05,0.31,0.33,0.31,0.33,79000,16,25020
2010-08-06,0.31,0.34,0.31,0.34,42000,20,13960
2010-08-09,0.33,0.34,0.33,0.33,46000,21,15320
2010-08-10,0.33,0.33,0.32,0.32,22000,6,7100
2010-08-11,0.36,0.57,0.36,0.46,1123000,302,555670
2010-08-12,0.5,0.53,0.46,0.49,462000,96,231810
2010-08-13,0.42,0.44,0.4,0.44,72000,27,29850
2010-08-16,0.39,0.42,0.39,0.39,44000,13,17540
2010-08-17,0.37,0.38,0.36,0.37,173000,35,63370
2010-08-18,0.35,0.36,0.34,0.36,71000,15,24290
2010-08-19,0.38,0.38,0.34,0.36,32000,14,11500
2010-08-20,0.36,0.36,0.33,0.34,84000,24,28220
2010-08-23,0.35,0.42,0.34,0.38,417000,91,157930
2010-08-24,0.41,0.49,0.41,0.49,342000,78,151020
2010-08-25,0.5,0.52,0.46,0.47,260000,57,128170
2010-08-26,0.43,0.43,0.4,0.43,18000,7,7650
2010-08-27,0.45,0.45,0.42,0.42,10000,4,4260
2010-08-30,0.4,0.4,0.39,0.4,35000,10,13740
2010-08-31,0.38,0.39,0.36,0.36,151000,24,57430
2010-09-01,0.38,0.43,0.38,0.4,131000,33,52500
2010-09-02,0.43,0.49,0.42,0.46,379000,74,174740
2010-09-03,0.46,0.48,0.46,0.47,33000,18,15440
2010-09-06,0.47,0.47,0.44,0.44,22000,7,9820
2010-09-08,0.45,0.48,0.42,0.46,75000,22,33790
2010-09-09,0.45,0.45,0.39,0.4,69000,26,28560
2010-09-10,0.46,0.52,0.46,0.5,519000,91,253500
2010-09-13,0.51,0.52,0.45,0.45,289000,55,142590
2010-09-14,0.48,0.48,0.46,0.46,23000,6,10900
2010-09-15,0.46,0.46,0.43,0.46,76000,11,33950
2010-09-16,0.45,0.52,0.44,0.52,170000,38,84030
2010-09-17,0.57,1.0,0.57,1.0,2019000,522,1668060
2010-09-20,1.17,1.54,1.15,1.21,2671000,775,3522270
2010-09-21,1.13,1.19,0.75,0.79,1984000,566,1914480
2010-09-22,0.79,0.87,0.68,0.68,912000,235,697420
2010-09-23,0.68,0.68,0.62,0.64,635000,112,407230
2010-09-24,0.64,0.88,0.61,0.71,3192000,710,2494920
2010-09-27,0.74,0.85,0.71,0.72,893000,199,696590
2010-09-28,0.74,0.8,0.67,0.68,515000,168,369060
2010-09-29,0.69,0.74,0.69,0.72,245000,67,173000
2010-09-30,0.75,0.75,0.67,0.69,308000,65,215710
2010-10-01,0.7,0.7,0.65,0.67,152000,49,102690
2010-10-04,0.69,0.71,0.68,0.69,175000,50,121200
2010-10-05,0.7,0.7,0.64,0.64,209000,59,137070
2010-10-06,0.64,0.65,0.6,0.61,85000,29,53180
2010-10-07,0.63,0.63,0.6,0.6,44000,17,27320
2010-10-08,0.64,0.72,0.64,0.66,836000,178,564370
2010-10-11,0.66,0.93,0.66,0.9,3344000,643,2801660
2010-10-13,0.84,0.86,0.76,0.77,2116000,411,1692340
2010-10-14,0.79,0.8,0.73,0.73,258000,80,194390
2010-10-15,0.76,0.8,0.72,0.73,744000,146,567670
2010-10-18,0.74,0.78,0.73,0.78,298000,65,226420
2010-10-19,0.75,0.82,0.74,0.8,396000,80,308350
2010-10-20,0.8,0.8,0.75,0.75,199000,54,153940
2010-10-21,0.74,0.78,0.73,0.75,30000,17,22550
2010-10-22,0.74,0.75,0.72,0.73,73000,29,53210
2010-10-25,0.72,0.73,0.7,0.71,99000,32,70330
2010-10-26,0.71,0.72,0.68,0.68,80000,23,55500
2010-10-27,0.7,0.7,0.7,0.7,201000,11,140700
2010-10-28,0.73,0.75,0.67,0.68,334000,63,239340
2010-10-29,0.7,0.71,0.67,0.67,68000,21,46930
2010-11-01,0.69,0.72,0.68,0.68,54000,14,37230
2010-11-03,0.7,0.7,0.66,0.66,57000,17,37770
2010-11-04,0.67,0.71,0.66,0.68,149000,35,104190
2010-11-05,0.7,0.81,0.69,0.78,1545000,272,1182550
2010-11-08,0.78,0.78,0.69,0.7,1004000,198,722170
2010-11-09,0.73,0.73,0.7,0.7,142000,40,100940
2010-11-10,0.71,0.72,0.68,0.71,86000,31,59500
2010-11-11,0.71,0.72,0.69,0.7,50000,15,35370
2010-11-12,0.69,0.77,0.69,0.73,384000,74,281170
2010-11-16,0.76,0.76,0.68,0.68,497000,88,347670
2010-11-17,0.69,0.7,0.69,0.7,33000,13,22850
2010-11-18,0.71,0.71,0.69,0.69,181000,41,127400
2010-11-19,0.69,0.7,0.69,0.7,20000,12,13870
2010-11-22,0.7,0.7,0.67,0.67,100000,25,68660
2010-11-23,0.66,0.67,0.64,0.67,80000,21,52810
2010-11-24,0.68,0.69,0.67,0.68,24000,9,16410
2010-11-25,0.69,0.69,0.66,0.66,9000,4,5980
2010-11-26,0.65,0.68,0.65,0.67,31000,7,20690
2010-11-29,0.67,0.67,0.62,0.64,225000,33,144730
2010-11-30,0.64,0.64,0.62,0.62,13000,5,8150
2010-12-01,0.66,0.67,0.63,0.65,98000,27,63550
2010-12-02,0.65,0.65,0.64,0.65,12000,7,7750
2010-12-03,0.65,0.65,0.61,0.62,69000,10,43020
2010-12-06,0.6,0.62,0.6,0.61,25000,8,15180
2010-12-07,0.6,0.6,0.59,0.59,24000,6,14310
2010-12-08,0.59,0.59,0.55,0.55,90000,17,50420
2010-12-09,0.55,0.55,0.51,0.53,53000,13,28160
2010-12-10,0.51,0.51,0.51,0.51,1000,1,510
2010-12-13,0.5,0.57,0.5,0.56,25000,12,12980
2010-12-14,0.56,0.63,0.54,0.54,167000,36,97640
2010-12-15,0.55,0.6,0.53,0.55,64000,19,35290
2010-12-16,0.58,0.58,0.55,0.58,18000,8,10270
2010-12-17,0.59,0.59,0.55,0.55,19000,8,10570
2010-12-20,0.56,0.56,0.52,0.52,13000,4,7100
2010-12-21,0.53,0.59,0.53,0.59,30000,10,17060
2010-12-22,0.6,0.6,0.59,0.6,11000,3,6590
2010-12-23,0.56,0.6,0.56,0.6,3000,3,1750
2010-12-27,0.56,0.56,0.55,0.56,8000,4,4460
2010-12-28,0.56,0.58,0.55,0.55,8000,6,4480
2010-12-29,0.54,0.56,0.54,0.55,20000,6,10970
2010-12-30,0.55,0.55,0.55,0.55,1000,1,550
2011-01-03,0.54,0.55,0.54,0.55,4000,2,2170
2011-01-04,0.55,0.55,0.55,0.55,6000,3,3300
2011-01-05,0.54,0.55,0.53,0.54,36000,7,19310
2011-01-06,0.54,0.56,0.52,0.52,182000,25,95020
2011-01-07,0.54,0.55,0.52,0.53,45000,15,24070
2011-01-10,0.53,0.53,0.51,0.52,35000,8,18040
2011-01-11,0.52,0.58,0.51,0.56,157000,57,85910
2011-01-12,0.53,0.56,0.53,0.54,64000,7,34400
2011-01-13,0.54,0.54,0.49,0.5,605000,71,306870
2011-01-14,0.5,0.64,0.5,0.53,4586000,617,2666420
2011-01-17,0.55,0.6,0.53,0.54,1189000,182,672120
2011-01-18,0.55,0.57,0.54,0.54,330000,58,182130
2011-01-19,0.55,0.56,0.53,0.54,213000,45,114580
2011-01-20,0.53,0.53,0.52,0.53,247000,38,130470
2011-01-21,0.53,0.54,0.53,0.53,73000,19,38900
2011-01-24,0.53,0.54,0.52,0.52,56000,13,29270
2011-01-26,0.52,0.53,0.51,0.51,48000,12,24920
2011-01-27,0.51,0.54,0.5,0.5,97000,22,49450
2011-01-28,0.5,0.5,0.46,0.48,192000,49,92380
2011-01-31,0.48,0.48,0.47,0.47,49000,10,23230
2011-02-01,0.47,0.51,0.47,0.5,61000,18,30600
2011-02-02,0.5,0.5,0.48,0.48,21000,6,10460
2011-02-03,0.48,0.5,0.48,0.5,35000,10,16980
2011-02-04,0.48,0.49,0.48,0.48,19000,8,9130
2011-02-07,0.48,0.48,0.47,0.48,30000,5,14280
2011-02-08,0.48,0.48,0.48,0.48,22000,6,10560
2011-02-09,0.47,0.47,0.46,0.46,32000,9,15030
2011-02-10,0.46,0.47,0.46,0.47,24000,8,11140
2011-02-11,0.46,0.46,0.45,0.45,13000,3,5890
2011-02-14,0.46,0.48,0.46,0.46,51000,15,24040
2011-02-15,0.47,0.47,0.47,0.47,10000,2,4700
2011-02-16,0.47,0.47,0.47,0.47,4000,2,1880
2011-02-17,0.45,0.47,0.44,0.44,24000,13,10760
2011-02-18,0.45,0.46,0.43,0.43,62000,17,27190
2011-02-21,0.42,0.42,0.41,0.41,12000,7,4970
2011-02-22,0.44,0.46,0.4,0.41,105000,28,44020
2011-02-23,0.4,0.4,0.4,0.4,1000,1,400
2011-02-24,0.41,0.41,0.41,0.41,1000,1,410
2011-02-25,0.4,0.4,0.39,0.4,14000,8,5580
2011-02-28,0.4,0.41,0.39,0.4,54000,13,21540
2011-03-01,0.4,0.42,0.36,0.36,28000,6,11130
2011-03-02,0.41,0.41,0.38,0.38,69000,13,26980
2011-03-03,0.39,0.4,0.39,0.4,40000,10,15930
2011-03-04,0.4,0.42,0.38,0.4,134000,22,54210
2011-03-09,0.41,0.41,0.38,0.4,9000,4,3520
2011-03-10,0.41,0.41,0.39,0.39,4000,3,1580
2011-03-11,0.38,0.38,0.36,0.36,28000,12,10580
2011-03-14,0.38,0.39,0.36,0.37,44000,13,16090
2011-03-15,0.37,0.37,0.36,0.37,10000,5,3690
2011-03-16,0.37,0.4,0.37,0.4,80000,11,31440
2011-03-17,0.39,0.41,0.38,0.39,122000,22,47740
2011-03-18,0.38,0.39,0.37,0.38,76000,12,28940
2011-03-21,0.38,0.39,0.37,0.39,33000,8,12530
2011-03-22,0.38,0.38,0.37,0.37,34000,8,12600
2011-03-23,0.38,0.38,0.36,0.36,44000,6,15900
2011-03-24,0.36,0.36,0.36,0.36,10000,5,3600
2011-03-25,0.36,0.37,0.35,0.35,24000,6,8680
2011-03-28,0.35,0.35,0.34,0.35,83000,13,29040
2011-03-29,0.34,0.36,0.34,0.36,19000,8,6620
2011-03-30,0.34,0.35,0.33,0.33,12000,8,4040
2011-03-31,0.35,0.35,0.35,0.35,1000,1,350
2011-04-01,0.34,0.34,0.33,0.34,35000,11,11730
2011-04-04,0.35,0.39,0.34,0.37,307000,37,111680
2011-04-05,0.38,0.75,0.38,0.75,3404000,541,1956340
2011-04-06,0.7,0.74,0.55,0.55,5325000,956,3383800
2011-04-07,0.57,1.01,0.56,0.8,16021000,2619,13422360
2011-04-08,0.86,0.96,0.78,0.84,12861000,1688,11087500
2011-04-11,0.79,0.91,0.7,0.9,5831000,818,4685990
2011-04-12,0.93,0.97,0.83,0.83,8141000,1185,7381930
2011-04-13,0.84,0.88,0.78,0.79,3216000,627,2673870
2011-04-14,0.8,0.82,0.71,0.71,1680000,325,1278010
2011-04-15,0.71,0.75,0.63,0.69,2235000,343,1541220
2011-04-18,0.69,0.87,0.65,0.74,2900000,485,2296800
2011-04-19,0.77,0.79,0.71,0.71,1959000,302,1469430
2011-04-20,0.73,0.75,0.69,0.7,703000,139,503410
2011-04-25,0.72,0.72,0.67,0.71,427000,90,297000
2011-04-26,0.69,0.89,0.67,0.89,2557000,421,2077270
2011-04-27,0.92,0.96,0.75,0.75,3273000,631,2776700
2011-04-28,0.75,0.79,0.69,0.71,972000,205,711010
2011-04-29,0.73,0.75,0.69,0.69,429000,94,304310
2011-05-02,0.71,0.71,0.65,0.67,348000,88,237440
2011-05-03,0.69,0.74,0.66,0.66,640000,130,447580
2011-05-04,0.7,0.7,0.66,0.69,251000,67,171890
2011-05-05,0.7,0.73,0.65,0.65,592000,120,407920
2011-05-06,0.67,0.7,0.6,0.6,550000,115,358910
2011-05-09,0.62,0.65,0.6,0.61,757000,181,473770
2011-05-10,0.62,0.62,0.56,0.58,199000,52,117440
2011-05-11,0.59,0.61,0.58,0.59,391000,98,234910
2011-05-12,0.61,0.69,0.6,0.61,1408000,345,901260
2011-05-13,0.64,0.64,0.6,0.6,306000,63,188310
2011-05-16,0.6,0.61,0.56,0.56,282000,66,162520
2011-05-17,0.57,0.59,0.55,0.55,314000,75,177910
2011-05-18,0.56,0.56,0.53,0.53,169000,45,92610
2011-05-19,0.54,0.65,0.54,0.65,1615000,350,988100
2011-05-20,0.62,0.67,0.59,0.59,652000,162,402600
2011-05-23,0.6,0.6,0.57,0.59,182000,42,106840
2011-05-24,0.6,0.61,0.59,0.6,182000,37,108780
2011-05-25,0.6,0.6,0.56,0.57,75000,21,43340
2011-05-26,0.59,0.6,0.57,0.57,127000,27,73630
2011-05-27,0.58,0.59,0.58,0.58,31000,14,18080
2011-05-30,0.62,0.62,0.57,0.57,142000,48,84190
2011-05-31,0.58,0.58,0.53,0.56,518000,87,287560
2011-06-01,0.56,0.56,0.52,0.53,375000,67,200060
2011-06-02,0.54,0.55,0.51,0.52,167000,38,87040
2011-06-03,0.53,0.54,0.51,0.53,153000,30,80730
2011-06-06,0.53,0.54,0.52,0.52,29000,8,15310
2011-06-07,0.53,0.53,0.5,0.51,187000,33,97800
2011-06-08,0.51,0.54,0.51,0.52,144000,20,75300
2011-06-09,0.54,0.54,0.51,0.52,148000,30,78220
2011-06-10,0.53,0.57,0.52,0.52,544000,82,296530
2011-06-13,0.54,0.54,0.52,0.52,99000,19,52050
2011-06-14,0.51,0.51,0.47,0.47,263000,35,126940
2011-06-15,0.5,0.51,0.48,0.49,499000,93,248470
2011-06-16,0.5,0.55,0.49,0.5,425000,71,220060
2011-06-17,0.51,0.52,0.49,0.5,99000,19,49280
2011-06-20,0.49,0.5,0.48,0.49,69000,12,33560
2011-06-21,0.49,0.51,0.48,0.49,69000,23,34190
2011-06-22,0.48,0.49,0.47,0.47,65000,15,31310
2011-06-24,0.49,0.49,0.45,0.48,68000,16,32110
2011-06-27,0.47,0.48,0.44,0.46,31000,13,13900
2011-06-28,0.45,0.51,0.44,0.47,735000,100,358670
2011-06-29,0.49,0.5,0.46,0.48,333000,59,161010
2011-06-30,0.49,0.54,0.48,0.51,870000,133,442460
2011-07-01,0.52,0.62,0.52,0.58,2065000,368,1171960
2011-07-04,0.62,0.62,0.54,0.55,802000,174,466450
2011-07-05,0.56,0.56,0.52,0.52,275000,63,146490
2011-07-06,0.52,0.53,0.5,0.52,180000,53,92400
2011-07-07,0.54,0.55,0.51,0.51,151000,36,79570
2011-07-08,0.53,0.53,0.47,0.51,185000,46,92530
2011-07-11,0.49,0.51,0.48,0.48,152000,48,74640
2011-07-12,0.5,0.5,0.48,0.48,97000,34,47950
2011-07-13,0.5,0.5,0.49,0.5,110000,16,54400
2011-07-14,0.5,0.5,0.47,0.5,182000,35,87620
2011-07-15,0.5,0.6,0.5,0.54,2015000,362,1137490
2011-07-18,0.56,0.66,0.54,0.63,1569000,309,952930
2011-07-19,0.66,0.69,0.58,0.62,1852000,364,1168870
2011-07-20,0.65,0.68,0.57,0.57,565000,151,355660
2011-07-21,0.58,0.58,0.53,0.56,400000,88,224920
2011-07-22,0.58,0.58,0.52,0.52,185000,56,100820
2011-07-25,0.53,0.58,0.5,0.57,443000,120,244100
2011-07-26,0.59,0.59,0.54,0.56,418000,79,238210
2011-07-27,0.56,0.56,0.53,0.53,156000,35,86150
2011-07-28,0.57,0.57,0.53,0.53,139000,37,75990
2011-07-29,0.53,0.55,0.52,0.53,75000,18,39820
2011-08-01,0.55,0.59,0.55,0.58,295000,67,169240
2011-08-02,0.64,0.74,0.61,0.61,3006000,530,1991650
2011-08-03,0.61,0.61,0.52,0.57,667000,148,372690
2011-08-04,0.55,0.55,0.49,0.51,522000,114,268910
2011-08-05,0.5,0.53,0.48,0.51,302000,59,152110
2011-08-08,0.49,0.49,0.44,0.45,280000,56,131750
2011-08-09,0.49,0.49,0.45,0.47,215000,46,100910
2011-08-10,0.47,0.52,0.46,0.47,192000,35,94040
2011-08-11,0.5,0.5,0.47,0.49,115000,25,55860
2011-08-12,0.48,0.55,0.48,0.52,1019000,195,537270
2011-08-15,0.54,0.55,0.52,0.52,129000,32,68690
2011-08-16,0.51,0.55,0.51,0.53,736000,116,390110
2011-08-17,0.55,0.55,0.51,0.52,197000,46,104960
2011-08-18,0.51,0.51,0.5,0.51,120000,35,60490
2011-08-19,0.51,0.51,0.49,0.5,122000,29,61140
2011-08-22,0.51,0.51,0.48,0.5,102000,31,50140
2011-08-23,0.49,0.5,0.48,0.49,124000,30,60320
2011-08-24,0.5,0.5,0.49,0.5,141000,26,70300
2011-08-25,0.5,0.5,0.49,0.49,17000,9,8390
2011-08-26,0.49,0.49,0.49,0.49,19000,8,9310
2011-08-29,0.51,0.52,0.5,0.5,115000,32,58300
2011-08-30,0.5,0.51,0.49,0.49,91000,24,45330
2011-08-31,0.5,0.5,0.5,0.5,34000,12,17000
2011-09-01,0.51,0.51,0.5,0.5,43000,7,21780
2011-09-02,0.5,0.5,0.49,0.49,29000,9,14470
2011-09-05,0.49,0.49,0.48,0.49,54000,17,26450
2011-09-06,0.49,0.5,0.49,0.49,109000,31,53420
2011-09-08,0.49,0.5,0.48,0.48,77000,16,37690
2011-09-09,0.48,0.49,0.48,0.49,11000,7,5320
2011-09-12,0.48,0.48,0.46,0.48,46000,13,21990
2011-09-13,0.48,0.52,0.48,0.5,451000,68,227570
2011-09-14,0.52,0.53,0.5,0.51,658000,110,339360
2011-09-15,0.52,0.52,0.49,0.49,405000,52,203670
2011-09-16,0.49,0.52,0.49,0.5,224000,35,113710
2011-09-19,0.51,0.51,0.5,0.51,69000,8,34750
2011-09-20,0.51,0.51,0.5,0.5,101000,22,50720
2011-09-21,0.5,0.5,0.49,0.5,17000,10,8480
2011-09-22,0.49,0.49,0.47,0.47,81000,25,38700
2011-09-23,0.47,0.48,0.47,0.48,56000,13,26550
2011-09-26,0.47,0.47,0.47,0.47,31000,5,14570
2011-09-27,0.47,0.5,0.47,0.47,154000,22,72690
2011-09-28,0.48,0.49,0.47,0.49,51000,13,24430
2011-09-29,0.48,0.48,0.47,0.48,12000,9,5660
2011-09-30,0.49,0.49,0.46,0.46,31000,10,14320
2011-10-03,0.48,0.5,0.47,0.5,240000,35,116270
2011-10-04,0.49,0.49,0.46,0.49,96000,20,46530
2011-10-05,0.49,0.5,0.47,0.47,260000,55,128730
2011-10-06,0.48,0.48,0.46,0.46,73000,17,33920
2011-10-07,0.45,0.47,0.45,0.46,21000,8,9580
2011-10-10,0.45,0.46,0.45,0.46,14000,5,6310
2011-10-11,0.45,0.45,0.42,0.44,128000,28,56230
2011-10-13,0.44,0.47,0.43,0.43,41000,16,18140
2011-10-14,0.44,0.44,0.43,0.43,11000,3,4740
2011-10-17,0.43,0.46,0.43,0.46,42000,11,18410
2011-10-18,0.45,0.45,0.42,0.43,44000,11,18940
2011-10-19,0.43,0.43,0.42,0.43,27000,10,11560
2011-10-20,0.44,0.44,0.42,0.42,26000,6,11090
2011-10-21,0.43,0.43,0.43,0.43,34000,10,14620
2011-10-24,0.44,0.46,0.44,0.44,164000,35,72910
2011-10-25,0.44,0.46,0.43,0.44,111000,27,50050
2011-10-26,0.44,0.45,0.43,0.43,28000,14,12240
2011-10-27,0.45,0.47,0.43,0.43,178000,31,79650
2011-10-28,0.44,0.44,0.43,0.44,16000,5,6990
2011-10-31,0.44,0.44,0.41,0.43,80000,12,34020
2011-11-01,0.43,0.43,0.42,0.42,49000,11,20770
2011-11-03,0.43,0.43,0.41,0.42,12000,7,5050
2011-11-04,0.43,0.43,0.42,0.42,6000,3,2560
2011-11-07,0.42,0.44,0.41,0.42,91000,24,38550
2011-11-08,0.42,0.42,0.4,0.42,25000,12,10260
2011-11-09,0.42,0.46,0.42,0.42,380000,73,165630
2011-11-10,0.43,0.44,0.42,0.42,259000,27,110890
2011-11-11,0.43,0.45,0.42,0.45,36000,12,15700
2011-11-14,0.44,0.45,0.42,0.44,108000,13,47420
2011-11-16,0.45,0.52,0.45,0.52,1263000,223,619780
2011-11-17,0.56,0.57,0.48,0.48,773000,171,408940
2011-11-18,0.5,0.5,0.47,0.48,205000,50,98870
2011-11-21,0.46,0.46,0.46,0.46,22000,9,10120
2011-11-22,0.46,0.46,0.43,0.43,248000,35,109100
2011-11-23,0.44,0.45,0.43,0.43,77000,17,33640
2011-11-24,0.45,0.45,0.42,0.42,118000,28,50700
2011-11-25,0.42,0.42,0.42,0.42,28000,8,11760
2011-11-28,0.43,0.44,0.42,0.42,54000,20,23300
2011-11-29,0.43,0.43,0.4,0.41,112000,27,46240
2011-11-30,0.41,0.45,0.41,0.43,260000,54,113830
2011-12-01,0.45,0.46,0.44,0.46,84000,16,37890
2011-12-02,0.45,0.45,0.43,0.45,90000,24,39410
2011-12-05,0.45,0.45,0.43,0.43,36000,17,15630
2011-12-06,0.43,0.43,0.43,0.43,57000,9,24510
2011-12-07,0.43,0.44,0.43,0.43,19000,5,8280
2011-12-08,0.42,0.43,0.42,0.43,22000,6,9280
2011-12-09,0.43,0.43,0.41,0.42,147000,23,61150
2011-12-12,0.42,0.42,0.4,0.41,83000,15,33840
2011-12-16,0.41,0.41,0.39,0.39,297000,53,118940
2011-12-19,0.39,0.39,0.37,0.37,58000,14,21710
2011-12-20,0.37,0.37,0.35,0.36,24000,7,8560
2011-12-21,0.38,0.39,0.38,0.39,57000,7,21690
2011-12-22,0.36,0.36,0.36,0.36,24000,7,8640
2011-12-23,0.37,0.37,0.35,0.37,13000,6,4690
2011-12-26,0.37,0.39,0.37,0.39,10000,7,3800
2011-12-27,0.38,0.38,0.34,0.34,28000,10,9750
2011-12-28,0.37,0.37,0.34,0.34,43000,10,15130
2011-12-29,0.36,0.38,0.36,0.38,15000,10,5630
2012-01-02,0.36,0.36,0.36,0.36,7000,7,2520
2012-01-03,0.37,0.37,0.37,0.37,5000,4,1850
2012-01-04,0.38,0.38,0.36,0.36,35000,9,13110
2012-01-05,0.35,0.35,0.33,0.34,26000,13,8870
2012-01-06,0.34,0.35,0.33,0.33,75000,17,25100
2012-01-09,0.34,0.37,0.33,0.37,141000,35,49730
2012-01-10,0.37,0.59,0.37,0.48,2180000,416,1080080
2012-01-11,0.48,0.59,0.46,0.48,1926000,389,988050
2012-01-12,0.49,0.49,0.43,0.44,405000,74,185050
2012-01-13,0.46,0.52,0.46,0.48,465000,102,227450
2012-01-16,0.49,0.49,0.43,0.43,337000,70,150910
2012-01-17,0.45,0.45,0.4,0.41,250000,54,106770
2012-01-18,0.4,0.45,0.39,0.42,282000,77,118190
2012-01-19,0.42,0.42,0.4,0.41,92000,26,37860
2012-01-20,0.41,0.41,0.4,0.4,72000,12,29330
2012-01-23,0.4,0.4,0.39,0.39,40000,12,15670
2012-01-24,0.39,0.39,0.38,0.38,56000,11,21650
2012-01-26,0.39,0.39,0.38,0.38,85000,18,32700
2012-01-27,0.39,0.39,0.38,0.38,24000,10,9240
2012-01-31,0.36,0.37,0.35,0.37,124000,24,44710
2012-02-01,0.37,0.44,0.36,0.4,442000,120,179210
2012-02-02,0.41,0.42,0.38,0.39,199000,49,79560
2012-02-03,0.39,0.39,0.38,0.38,34000,7,13040
2012-02-06,0.39,0.4,0.38,0.4,50000,13,19570
2012-02-07,0.39,0.39,0.38,0.39,20000,5,7780
2012-02-08,0.4,0.41,0.39,0.39,37000,10,14750
2012-02-09,0.4,0.4,0.38,0.38,38000,11,14500
2012-02-10,0.39,0.39,0.39,0.39,3000,2,1170
2012-02-13,0.38,0.44,0.37,0.44,454000,98,182150
2012-02-14,0.45,0.49,0.43,0.43,980000,145,451190
2012-02-15,0.42,0.42,0.4,0.41,92000,22,37550
2012-02-16,0.42,0.44,0.41,0.41,25000,16,10710
2012-02-17,0.43,0.43,0.42,0.43,21000,4,9020
2012-02-22,0.42,0.42,0.42,0.42,7000,2,2940
2012-02-23,0.41,0.41,0.41,0.41,24000,3,9840
2012-02-24,0.4,0.41,0.4,0.4,16000,8,6420
2012-02-27,0.4,0.4,0.4,0.4,20000,9,8000
2012-02-28,0.4,0.4,0.39,0.39,49000,13,19240
2012-02-29,0.39,0.39,0.38,0.38,100000,10,38380
2012-03-01,0.4,0.41,0.4,0.4,125000,21,50390
2012-03-02,0.41,0.42,0.41,0.41,152000,17,62640
2012-03-05,0.4,0.41,0.39,0.4,117000,16,47040
2012-03-06,0.4,0.4,0.4,0.4,1000,1,400
2012-03-07,0.41,0.41,0.4,0.4,6000,4,2420
2012-03-08,0.42,0.42,0.41,0.41,79000,23,33060
2012-03-09,0.42,0.44,0.42,0.42,45000,17,19250
2012-03-12,0.42,0.43,0.41,0.42,34000,8,14250
2012-03-13,0.42,0.43,0.38,0.4,211000,46,83810
2012-03-14,0.4,0.4,0.38,0.38,238000,33,92280
2012-03-15,0.39,0.39,0.38,0.38,168000,14,64130
2012-03-16,0.39,0.39,0.38,0.38,40000,7,15210
2012-03-19,0.37,0.38,0.37,0.37,116000,26,43120
2012-03-20,0.37,0.37,0.36,0.37,18000,9,6600
2012-03-21,0.36,0.37,0.36,0.37,18000,3,6500
2012-03-22,0.36,0.36,0.36,0.36,88000,10,31680
2012-03-23,0.36,0.36,0.36,0.36,6000,3,2160
2012-03-26,0.36,0.36,0.35,0.35,18000,2,6430
2012-03-27,0.36,0.37,0.35,0.35,66000,9,23830
2012-03-28,0.35,0.35,0.33,0.34,95000,13,32280
2012-03-29,0.33,0.33,0.32,0.32,69000,16,22320
2012-03-30,0.32,0.35,0.32,0.33,133000,14,44450
2012-04-02,0.37,0.37,0.34,0.34,124000,24,44120
2012-04-03,0.35,0.35,0.33,0.33,72000,12,24250
2012-04-04,0.33,0.33,0.33,0.33,5000,2,1650
2012-04-05,0.33,0.33,0.33,0.33,27000,7,8910
2012-04-09,0.33,0.33,0.33,0.33,1000,1,330
2012-04-10,0.33,0.33,0.31,0.31,24000,6,7840
2012-04-11,0.33,0.35,0.33,0.35,119000,23,40570
2012-04-12,0.34,0.35,0.34,0.35,135000,17,46660
2012-04-13,0.37,0.38,0.36,0.37,302000,47,111480
2012-04-16,0.39,0.49,0.39,0.4,2483000,326,1088410
2012-04-17,0.4,0.41,0.38,0.38,519000,54,206150
2012-04-18,0.38,0.38,0.35,0.35,176000,31,64430
2012-04-19,0.37,0.4,0.37,0.37,290000,49,108330
2012-04-20,0.37,0.37,0.36,0.36,89000,18,32270
2012-04-23,0.36,0.36,0.36,0.36,10000,1,3600
2012-04-24,0.37,0.37,0.36,0.36,34000,7,12370
2012-04-25,0.35,0.35,0.35,0.35,50000,10,17500
2012-04-26,0.34,0.34,0.34,0.34,4000,1,1360
2012-04-27,0.34,0.35,0.34,0.35,11000,3,3750
2012-04-30,0.34,0.34,0.34,0.34,49000,5,16660
2012-05-02,0.35,0.35,0.34,0.34,34000,8,11760
2012-05-03,0.35,0.35,0.35,0.35,5000,1,1750
2012-05-04,0.36,0.37,0.36,0.37,83000,17,30070
2012-05-07,0.37,0.4,0.36,0.39,273000,41,102540
2012-05-08,0.42,0.45,0.4,0.4,1532000,172,656730
2012-05-09,0.41,0.42,0.4,0.41,95000,14,38700
2012-05-10,0.41,0.41,0.4,0.4,27000,5,10950
2012-05-11,0.41,0.41,0.4,0.4,81000,12,32600
2012-05-14,0.39,0.39,0.39,0.39,22000,6,8580
2012-05-15,0.39,0.39,0.36,0.39,85000,13,31940
2012-05-16,0.37,0.4,0.37,0.39,108000,18,41420
2012-05-17,0.41,0.41,0.39,0.39,137000,16,55070
2012-05-18,0.39,0.39,0.37,0.38,51000,6,19490
2012-05-21,0.36,0.37,0.34,0.34,126000,16,44490
2012-05-22,0.35,0.35,0.33,0.33,185000,24,62530
2012-05-23,0.33,0.34,0.32,0.34,129000,20,42560
2012-05-24,0.34,0.41,0.34,0.41,550000,93,209250
2012-05-25,0.43,0.44,0.38,0.41,276000,38,114020
2012-05-28,0.41,0.41,0.41,0.41,38000,6,15580
2012-05-29,0.4,0.4,0.35,0.36,62000,12,23360
2012-05-30,0.36,0.36,0.33,0.33,143000,28,48300
2012-05-31,0.32,0.33,0.32,0.32,73000,18,23520
2012-06-01,0.32,0.32,0.31,0.31,22000,7,6960
2012-06-04,0.32,0.33,0.32,0.32,64000,10,20560
2012-06-05,0.32,0.32,0.3,0.3,62000,12,18870
2012-06-06,0.31,0.31,0.3,0.3,178000,17,54450
2012-06-08,0.31,0.32,0.31,0.32,108000,10,33510
2012-06-11,0.32,0.32,0.31,0.31,11000,3,3510
2012-06-12,0.32,0.35,0.32,0.34,269000,32,90120
2012-06-13,0.35,0.35,0.32,0.32,96000,21,33020
2012-06-14,0.32,0.33,0.32,0.32,17000,7,5460
2012-06-15,0.32,0.32,0.31,0.32,122000,19,38210
2012-06-18,0.33,0.34,0.32,0.32,52000,11,16700
2012-06-19,0.34,0.34,0.33,0.33,42000,6,13870
2012-06-20,0.32,0.32,0.32,0.32,47000,4,15040
2012-06-21,0.33,0.34,0.32,0.32,15000,8,5020
2012-06-22,0.33,0.35,0.33,0.33,82000,17,27810
2012-06-25,0.35,0.35,0.32,0.33,119000,11,38890
2012-06-26,0.33,0.4,0.33,0.34,669000,129,236340
2012-06-27,0.36,0.38,0.34,0.37,668000,91,240310
2012-06-28,0.36,0.37,0.33,0.35,265000,45,92640
2012-06-29,0.37,0.41,0.33,0.33,593000,96,218050
2012-07-02,0.32,0.33,0.31,0.31,167000,28,53520
2012-07-03,0.31,0.33,0.31,0.31,311000,33,99350
2012-07-04,0.32,0.32,0.31,0.31,65000,10,20460
2012-07-05,0.31,0.32,0.31,0.32,63000,15,19720
2012-07-06,0.32,0.32,0.31,0.31,56000,9,17550
2012-07-10,0.3,0.3,0.29,0.3,12000,6,3560
2012-07-11,0.3,0.31,0.3,0.31,35000,8,10680
2012-07-12,0.31,0.31,0.3,0.3,15000,4,4550
2012-07-13,0.3,0.31,0.3,0.31,13000,6,3950
2012-07-16,0.29,0.29,0.28,0.28,57000,10,16370
2012-07-17,0.3,0.3,0.28,0.28,15000,6,4400
2012-07-18,0.28,0.29,0.28,0.28,96000,9,27070
2012-07-19,0.29,0.29,0.28,0.29,15000,6,4280
2012-07-23,0.27,0.28,0.27,0.27,15000,8,4080
2012-07-24,0.28,0.28,0.28,0.28,5000,1,1400
2012-07-25,0.27,0.32,0.27,0.31,196000,36,59300
2012-07-26,0.31,0.31,0.29,0.29,88000,28,26740
2012-07-27,0.3,0.3,0.29,0.29,11000,4,3220
2012-07-30,0.28,0.29,0.28,0.29,21000,7,6050
2012-07-31,0.3,0.3,0.29,0.29,52000,13,15330
2012-08-01,0.3,0.3,0.28,0.28,2000,2,580
2012-08-02,0.28,0.29,0.28,0.29,6000,3,1690
2012-08-06,0.3,0.3,0.29,0.29,16000,5,4700
2012-08-09,0.28,0.3,0.27,0.3,22000,11,6310
2012-08-10,0.29,0.3,0.29,0.3,66000,5,19640
2012-08-13,0.31,0.32,0.3,0.3,222000,34,69520
2012-08-15,0.31,0.32,0.31,0.31,65000,13,20250
2012-08-16,0.32,0.34,0.29,0.3,155000,35,48860
2012-08-17,0.31,0.31,0.3,0.3,19000,4,5860
2012-08-20,0.3,0.3,0.29,0.29,10000,3,2930
2012-08-21,0.29,0.3,0.29,0.3,20000,7,5810
2012-08-22,0.31,0.31,0.29,0.29,17000,3,5250
2012-08-23,0.29,0.29,0.29,0.29,2000,1,580
2012-08-24,0.31,0.31,0.3,0.3,42000,7,12960
2012-08-27,0.29,0.31,0.29,0.31,114000,15,35030
2012-08-28,0.3,0.31,0.3,0.3,41000,4,12350
2012-08-29,0.3,0.3,0.29,0.3,22000,3,6590
2012-08-30,0.3,0.3,0.29,0.29,19000,5,5560
2012-09-03,0.3,0.32,0.29,0.3,213000,42,63960
2012-09-04,0.31,0.31,0.3,0.3,7000,6,2110
2012-09-05,0.3,0.3,0.29,0.29,13000,6,3850
2012-09-06,0.29,0.29,0.28,0.29,51000,10,14640
2012-09-10,0.3,0.3,0.3,0.3,31000,15,9300
2012-09-11,0.3,0.3,0.29,0.29,94000,10,27620
2012-09-12,0.31,0.32,0.3,0.3,275000,47,87250
2012-09-13,0.3,0.31,0.3,0.31,46000,8,13810
2012-09-14,0.3,0.3,0.3,0.3,17000,4,5100
2012-09-17,0.3,0.3,0.3,0.3,49000,7,14700
2012-09-18,0.3,0.3,0.3,0.3,12000,2,3600
2012-09-19,0.31,0.34,0.31,0.33,293000,40,94830
2012-09-20,0.34,0.36,0.34,0.34,421000,75,146310
2012-09-21,0.36,0.36,0.32,0.33,117000,20,39540
2012-09-24,0.33,0.33,0.31,0.32,63000,9,19860
2012-09-25,0.32,0.32,0.3,0.3,100000,17,31060
2012-09-26,0.31,0.31,0.3,0.3,13000,3,4020
2012-09-27,0.31,0.31,0.3,0.3,49000,6,14850
2012-09-28,0.31,0.32,0.31,0.32,110000,17,34690
2012-10-01,0.33,0.33,0.32,0.32,3000,3,980
2012-10-03,0.31,0.32,0.31,0.32,103000,10,32180
2012-10-04,0.32,0.33,0.32,0.33,57000,12,18330
2012-10-05,0.32,0.32,0.32,0.32,25000,4,8000
2012-10-08,0.32,0.32,0.32,0.32,6000,2,1920
2012-10-10,0.3,0.3,0.3,0.3,53000,17,15900
2012-10-11,0.31,0.31,0.31,0.31,28000,6,8680
2012-10-15,0.3,0.3,0.3,0.3,25000,6,7500
2012-10-16,0.32,0.32,0.31,0.31,33000,7,10460
2012-10-17,0.31,0.31,0.31,0.31,1000,1,310
2012-10-18,0.31,0.31,0.31,0.31,1000,1,310
2012-10-19,0.31,0.31,0.31,0.31,47000,8,14570
2012-10-22,0.31,0.31,0.31,0.31,31000,4,9610
2012-10-23,0.31,0.31,0.31,0.31,2000,1,620
2012-10-24,0.3,0.31,0.3,0.31,22000,2,6790
2012-10-25,0.31,0.31,0.3,0.3,10000,4,3070
2012-10-26,0.31,0.32,0.3,0.32,45000,8,14040
2012-10-29,0.32,0.32,0.31,0.31,12000,3,3790
2012-10-30,0.3,0.3,0.3,0.3,3000,3,900
2012-10-31,0.3,0.3,0.3,0.3,17000,3,5100
2012-11-01,0.3,0.3,0.3,0.3,16000,2,4800
2012-11-06,0.3,0.3,0.3,0.3,4000,1,1200
2012-11-09,0.28,0.28,0.28,0.28,5000,3,1400
2012-11-12,0.28,0.28,0.28,0.28,6000,2,1680
2012-11-14,0.28,0.28,0.26,0.26,10000,5,2680
2012-11-23,0.3,0.32,0.3,0.32,7000,5,2120
2012-11-28,0.3,0.3,0.3,0.3,10000,1,3000
2012-12-05,0.27,0.27,0.27,0.27,40000,1,10800
2012-12-07,0.26,0.26,0.26,0.26,7000,3,1820
2012-12-10,0.25,0.25,0.25,0.25,5000,3,1250
2012-12-11,0.25,0.25,0.25,0.25,11000,2,2750
2012-12-14,0.24,0.24,0.22,0.22,5000,3,1180
2012-12-19,0.24,0.24,0.24,0.24,4000,2,960
2012-12-20,0.23,0.23,0.23,0.23,50000,6,11500
2012-12-26,0.24,0.24,0.24,0.24,2000,2,480
2012-12-27,0.24,0.24,0.22,0.22,17000,3,4060
2012-12-28,0.2,0.21,0.2,0.21,31000,5,6250
2013-01-02,0.22,0.22,0.22,0.22,3000,2,660
2013-01-03,0.2,0.2,0.2,0.2,16000,4,3200
2013-01-04,0.2,0.21,0.2,0.21,20000,7,4150
2013-01-07,0.21,0.21,0.21,0.21,2000,1,420
2013-01-08,0.2,0.2,0.2,0.2,5000,1,1000
2013-01-09,0.2,0.2,0.2,0.2,12000,4,2400
2013-01-10,0.19,0.19,0.19,0.19,3000,2,570
2013-01-11,0.21,0.21,0.21,0.21,1000,1,210
2013-01-17,0.19,0.19,0.19,0.19,5000,4,950
2013-01-22,0.19,0.19,0.19,0.19,1000,1,190
2013-01-24,0.19,0.19,0.19,0.19,12000,4,2280
2013-01-28,0.17,0.18,0.17,0.18,4000,3,690
2013-01-29,0.14,0.15,0.14,0.14,43000,17,6100
2013-01-30,0.14,0.14,0.14,0.14,4000,2,560
2013-01-31,0.15,0.15,0.15,0.15,5000,1,750
2013-02-01,0.17,0.2,0.17,0.2,35000,10,6460
2013-02-04,0.21,0.32,0.21,0.31,474000,107,137960
2013-02-05,0.33,0.33,0.29,0.3,90000,26,27760
2013-02-06,0.3,0.32,0.27,0.27,91000,18,25840
2013-02-07,0.27,0.27,0.27,0.27,6000,2,1620
2013-02-08,0.23,0.26,0.23,0.26,38000,11,8800
2013-02-14,0.22,0.22,0.22,0.22,1000,1,220
2013-02-15,0.22,0.24,0.21,0.21,20000,10,4390
2013-02-22,0.22,0.22,0.22,0.22,1000,1,220
2013-02-26,0.27,0.28,0.24,0.24,148000,27,37670
2013-02-27,0.24,0.25,0.24,0.25,65000,14,15950
2013-02-28,0.25,0.25,0.25,0.25,24000,5,6000
2013-03-01,0.25,0.27,0.25,0.27,36000,12,9360
2013-03-05,0.26,0.26,0.25,0.25,15000,9,3870
2013-03-08,0.25,0.25,0.25,0.25,30000,3,7500
2013-03-12,0.25,0.25,0.25,0.25,6000,5,1500
2013-03-13,0.25,0.25,0.25,0.25,15000,4,3750
2013-03-15,0.25,0.25,0.25,0.25,47000,8,11750
2013-03-22,0.25,0.25,0.23,0.23,11000,2,2730
2013-03-25,0.22,0.22,0.22,0.22,2000,2,440
2013-04-03,0.19,0.2,0.17,0.2,76000,24,14180
2013-04-04,0.2,0.2,0.17,0.17,18000,10,3090
2013-04-05,0.16,0.17,0.16,0.17,29000,13,4710
2013-04-08,0.17,0.17,0.15,0.17,30000,8,4720
2013-04-09,0.15,0.16,0.14,0.16,94000,11,14190
2013-04-10,0.16,0.17,0.16,0.16,34000,8,5540
2013-04-11,0.18,0.18,0.18,0.18,2000,2,360
2013-04-16,0.16,0.16,0.16,0.16,5000,3,800
2013-04-17,0.16,0.16,0.16,0.16,14000,4,2240
2013-04-18,0.18,0.18,0.18,0.18,1000,1,180
2013-04-22,0.16,0.16,0.16,0.16,1000,1,160
2013-04-23,0.16,0.16,0.16,0.16,3000,3,480
2013-04-24,0.16,0.16,0.16,0.16,2000,1,320
2013-04-25,0.15,0.17,0.15,0.16,65000,13,10400
2013-04-29,0.16,0.16,0.15,0.15,36000,8,5680
2013-04-30,0.15,0.15,0.15,0.15,29000,3,4350
2013-05-02,0.15,0.15,0.15,0.15,4000,1,600
2013-05-07,0.15,0.15,0.15,0.15,4000,3,600
2013-05-13,0.15,0.15,0.15,0.15,10000,3,1500
2013-05-14,0.15,0.16,0.15,0.16,14000,7,2180
2013-05-16,0.15,0.16,0.15,0.16,3000,3,460
2013-05-17,0.16,0.16,0.15,0.15,8000,4,1220
2013-05-20,0.15,0.15,0.15,0.15,12000,5,1800
2013-05-21,0.16,0.23,0.16,0.19,132000,47,25610
2013-05-22,0.23,0.24,0.18,0.18,236000,69,50770
2013-05-23,0.2,0.2,0.19,0.19,36000,10,7140
2013-05-24,0.2,0.2,0.17,0.17,13000,8,2300
2013-05-27,0.17,0.17,0.16,0.16,6000,3,1010
2013-05-29,0.16,0.16,0.16,0.16,3000,2,480
2013-06-03,0.17,0.18,0.17,0.18,13000,4,2300
2013-06-04,0.19,0.19,0.18,0.18,5000,5,940
2013-06-05,0.17,0.17,0.16,0.16,25000,7,4070
2013-06-06,0.17,0.17,0.16,0.16,5000,4,830
2013-06-07,0.17,0.17,0.16,0.16,14000,6,2340
2013-06-10,0.17,0.22,0.17,0.22,71000,22,14230
2013-06-11,0.18,0.18,0.17,0.17,39000,9,6760
2013-06-12,0.18,0.19,0.18,0.18,63000,9,11460
2013-06-13,0.19,0.19,0.17,0.17,17000,9,3010
2013-06-14,0.16,0.18,0.16,0.16,49000,10,8120
2013-06-17,0.17,0.17,0.17,0.17,3000,2,510
2013-06-18,0.17,0.17,0.16,0.16,29000,5,4660
2013-06-20,0.16,0.16,0.16,0.16,1000,1,160
2013-06-24,0.15,0.15,0.15,0.15,4000,3,600
2013-06-25,0.15,0.18,0.15,0.18,19000,9,3030
2013-06-26,0.15,0.16,0.15,0.16,13000,3,2060
2013-06-27,0.17,0.17,0.16,0.16,34000,8,5720
2013-06-28,0.16,0.16,0.16,0.16,12000,3,1920
2013-07-01,0.15,0.15,0.15,0.15,3000,2,450
2013-07-04,0.13,0.14,0.13,0.14,32000,7,4190
2013-07-05,0.13,0.13,0.12,0.12,15000,5,1880
2013-07-08,0.11,0.11,0.11,0.11,5000,2,550
