Date,Open,High,Low,Close,Volume,Neg,Fin
2017-07-25,27.9,27.95,27.05,27.27,9298300,11475,256766346
2017-07-26,27.5,27.8,27.26,27.7,1368400,6251,37786689
2017-07-27,27.75,27.85,27.34,27.75,797900,1377,22058034
2017-07-28,27.69,27.69,27.16,27.21,521800,1108,14258179
2017-07-31,27.35,27.39,27.12,27.25,1438800,2340,39246563
2017-08-01,27.42,27.64,27.25,27.6,355200,2401,9755400
2017-08-02,27.56,27.79,27.37,27.79,651900,2225,17935848
2017-08-03,27.59,27.96,27.41,27.65,198900,1338,5509750
2017-08-04,27.65,27.68,27.25,27.25,294000,829,8047462
2017-08-07,27.26,27.5,26.5,26.5,444400,1668,11863724
2017-08-08,26.49,26.49,24.0,25.3,1452800,2291,37353084
2017-08-09,25.09,25.14,24.6,24.85,457100,1335,11352897
2017-08-10,25.0,25.19,24.68,24.8,197000,652,4905321
2017-08-11,24.99,25.47,24.72,25.1,438400,1392,10964312
2017-08-14,25.12,26.4,24.98,26.05,533400,2732,13880295
2017-08-15,26.06,26.34,25.92,26.05,127800,818,3342595
2017-08-16,26.2,26.65,26.11,26.65,691300,1266,18293049
2017-08-17,26.65,26.65,26.24,26.55,453400,824,12024527
2017-08-18,26.55,26.8,26.4,26.78,687100,642,18227788
2017-08-21,26.8,27.0,26.41,27.0,106200,400,2835214
2017-08-22,27.0,27.14,26.79,27.0,153800,545,4154038
2017-08-23,26.94,26.95,26.6,26.8,206400,1039,5527256
2017-08-24,26.94,27.05,26.65,26.98,181300,460,4893590
2017-08-25,26.52,26.8,26.4,26.7,46100,285,1229721
2017-08-28,26.69,27.25,26.68,27.2,191800,579,5188104
2017-08-29,27.2,27.5,27.15,27.31,350200,213,9613622
2017-08-30,27.48,27.54,27.3,27.3,1137800,655,31176645
2017-08-31,27.57,27.62,26.5,27.0,267400,513,7231335
2017-09-01,27.19,27.5,26.64,27.01,310100,1466,8431056
2017-09-04,27.02,27.02,26.41,26.44,157100,1026,4176348
2017-09-05,26.58,26.77,25.35,26.01,810300,1847,21028461
2017-09-06,26.0,26.89,25.71,26.15,510000,1766,13260972
2017-09-08,26.49,26.49,26.05,26.22,230000,157,6016022
2017-09-11,26.22,26.49,26.01,26.01,114700,602,3005041
2017-09-12,26.11,26.39,25.51,25.79,104300,460,2698722
2017-09-13,25.5,25.78,25.25,25.25,333300,856,8466230
2017-09-14,25.3,25.8,24.9,24.94,186000,757,4661796
2017-09-15,25.1,25.7,24.86,24.9,456600,1017,11414235
2017-09-18,24.9,24.9,24.53,24.6,159900,690,3946139
2017-09-19,24.57,24.66,23.97,24.0,791900,1298,19087326
2017-09-20,24.1,24.18,23.17,23.5,932800,1393,22020157
2017-09-21,23.5,23.61,23.0,23.01,1114800,1907,25838084
2017-09-22,23.0,24.04,22.99,24.0,631200,850,14699232
2017-09-25,24.69,25.39,23.84,24.3,792900,1254,19398100
2017-09-26,24.37,25.05,23.91,24.5,467700,1471,11519657
2017-09-27,24.6,24.79,23.8,24.79,60000,269,1456487
2017-09-28,24.79,24.79,24.0,24.0,193300,489,4676193
2017-09-29,23.89,24.2,23.62,24.2,104100,593,2493114
2017-10-02,24.2,24.92,23.95,24.68,71000,502,1735170
2017-10-03,24.69,25.49,24.62,25.49,261700,712,6621203
2017-10-04,25.15,26.48,25.15,26.2,292400,955,7644084
2017-10-05,26.3,26.5,25.78,26.5,110600,707,2897464
2017-10-06,26.6,26.74,26.02,26.4,77900,458,2051763
2017-10-09,26.54,26.6,25.75,26.45,83700,702,2204095
2017-10-10,26.5,26.6,25.91,26.0,221900,596,5809975
2017-10-11,26.39,26.39,25.9,26.25,118200,455,3076589
2017-10-13,26.4,26.4,25.91,26.25,235900,771,6181863
2017-10-16,26.16,26.39,25.96,26.07,161000,487,4215107
2017-10-17,26.22,26.24,25.4,25.6,70100,590,1808537
2017-10-18,25.8,25.81,24.86,25.2,145200,731,3662347
2017-10-19,25.24,25.59,24.86,25.45,51000,450,1285394
2017-10-20,25.71,25.88,24.78,24.8,173500,858,4330079
2017-10-23,24.5,24.53,23.91,23.98,172900,751,4180949
2017-10-24,24.22,24.24,23.1,23.2,696900,1912,16312218
2017-10-25,23.43,23.58,22.75,23.0,870200,1771,19997358
2017-10-26,23.0,23.8,22.8,23.5,419200,1350,9816996
2017-10-27,23.77,23.93,23.44,23.5,287800,1399,6801158
2017-10-30,23.54,23.77,23.39,23.6,393000,1823,9261134
2017-10-31,23.78,23.92,23.46,23.5,274700,1159,6501763
2017-11-01,23.84,23.84,23.48,23.7,307300,1425,7280914
2017-11-03,23.89,24.05,23.36,24.05,298200,1952,7066337
2017-11-06,24.05,24.76,23.86,24.56,316500,880,7673549
2017-11-07,24.62,24.66,24.17,24.4,171100,736,4179957
2017-11-08,24.35,25.04,24.0,24.82,249100,1390,6178815
2017-11-09,24.81,24.93,24.51,24.88,140600,741,3485917
2017-11-10,24.86,25.01,23.82,24.2,399300,1510,9836966
2017-11-13,24.4,25.2,23.92,25.2,289900,653,7142685
2017-11-14,24.75,24.75,23.3,23.3,894700,2105,21242782
2017-11-16,23.33,23.78,22.85,23.15,142700,804,3300387
2017-11-17,22.99,23.26,22.1,22.67,150600,1053,3436958
2017-11-21,23.1,23.1,22.32,22.6,275200,1148,6247400
2017-11-22,22.62,22.83,21.58,22.25,746800,3805,16563248
2017-11-23,22.39,22.39,21.71,22.34,117300,780,2587198
2017-11-24,22.47,22.81,22.14,22.81,226200,944,5072590
2017-11-27,22.5,22.92,21.96,22.28,162000,1292,3601172
2017-11-28,22.25,23.2,22.11,22.97,166100,785,3763032
2017-11-29,23.09,23.14,22.35,22.92,339700,722,7700139
2017-11-30,22.73,22.89,22.2,22.7,192800,1303,4365407
2017-12-01,22.7,23.28,22.31,22.8,134200,871,3050937
2017-12-04,22.93,22.93,22.15,22.3,256400,964,5747141
2017-12-05,22.24,22.62,22.16,22.3,488400,1777,10871983
2017-12-06,22.34,22.46,21.2,21.59,245200,859,5318933
2017-12-07,21.57,21.57,20.89,21.0,413400,1058,8686502
2017-12-08,21.11,21.39,20.91,20.91,161000,710,3387580
2017-12-11,20.9,21.0,20.65,20.84,165900,740,3463407
2017-12-12,20.85,20.89,20.54,20.6,136400,738,2812847
2017-12-13,20.65,20.74,20.06,20.25,548900,1734,11081824
2017-12-14,20.42,20.42,20.09,20.22,68300,456,1379765
2017-12-15,20.34,20.48,20.05,20.15,1540100,409,31036912
2017-12-18,20.87,20.87,20.09,20.36,252000,771,5105064
2017-12-19,20.35,21.2,20.19,20.36,410400,885,8427009
2017-12-20,20.59,20.68,20.0,20.15,181400,679,3658551
2017-12-21,20.44,20.45,19.85,20.15,123300,586,2477714
2017-12-22,20.05,20.46,19.9,20.12,239500,451,4804669
2017-12-26,20.22,20.22,19.94,19.99,110800,464,2219530
2017-12-27,20.09,20.12,19.19,19.85,398900,1806,7799621
2017-12-28,19.7,20.63,19.51,20.6,232200,669,4694367
2018-01-02,21.0,21.02,20.2,20.47,132500,749,2738139
2018-01-03,20.46,20.67,19.9,20.05,167200,941,3356867
2018-01-04,20.01,20.24,19.76,20.0,222500,719,4442388
2018-01-05,20.18,20.18,19.21,19.5,284100,1696,5549556
2018-01-08,19.48,19.49,18.62,18.65,414900,2162,7816353
2018-01-09,18.65,19.07,18.32,18.7,286800,1195,5335697
2018-01-10,18.77,18.89,18.48,18.8,307000,785,5770423
2018-01-11,18.76,19.06,18.71,18.97,359100,619,6771999
2018-01-12,18.85,19.0,18.55,18.7,243100,1140,4558730
2018-01-15,18.72,18.86,18.59,18.69,49100,400,917980
2018-01-16,18.69,18.82,18.6,18.61,117800,658,2202770
2018-01-17,18.65,18.75,18.6,18.6,117700,811,2196983
2018-01-18,18.58,18.58,18.07,18.3,258300,1016,4727295
2018-01-19,18.42,18.52,17.84,17.95,199200,913,3604159
2018-01-22,17.98,18.15,17.21,17.85,112600,875,2000841
2018-01-23,17.77,17.77,17.34,17.5,529900,2267,9319992
2018-01-24,17.51,18.0,17.42,17.6,2129600,462,37793525
2018-01-26,17.7,19.1,17.55,18.84,121700,717,2253914
2018-01-29,18.85,19.05,18.31,18.4,44600,387,823712
2018-01-30,18.35,18.45,18.12,18.25,136300,562,2498639
2018-01-31,18.26,18.92,18.24,18.8,132500,618,2473777
2018-02-01,18.88,18.92,18.43,18.45,70500,559,1312222
2018-02-02,18.51,18.74,18.37,18.49,48600,449,898441
2018-02-05,18.36,18.45,18.16,18.35,256400,425,4690037
2018-02-06,18.32,18.38,18.1,18.3,66300,510,1208399
2018-02-07,18.33,18.39,18.15,18.21,196800,419,3583376
2018-02-08,18.21,18.31,16.99,18.0,860200,1421,15558670
2018-02-09,18.15,18.15,17.7,17.99,412300,583,7391458
2018-02-14,18.14,18.14,17.77,17.91,54300,430,975767
2018-02-15,17.95,18.03,17.6,18.0,167700,1158,3009016
2018-02-16,17.93,18.01,17.73,17.95,474600,1138,8527282
2018-02-19,18.0,18.0,17.52,17.6,173000,515,3056527
2018-02-20,17.6,17.64,16.69,17.0,608800,1606,10328826
2018-02-21,17.0,17.11,16.4,16.49,423300,819,7043548
2018-02-22,16.48,16.56,16.0,16.05,834400,1126,13472482
2018-02-23,16.13,16.27,15.5,16.0,1963100,1461,30962534
2018-02-26,16.0,16.7,15.76,16.01,275800,991,4421438
2018-02-27,16.02,16.16,15.7,15.95,290100,1227,4625702
2018-02-28,16.0,16.28,15.72,16.08,68600,523,1097513
2018-03-01,15.96,16.37,15.85,16.07,54400,426,875487
2018-03-02,16.11,16.5,15.84,15.84,183100,898,2982429
2018-03-05,15.92,16.23,15.53,16.14,86100,660,1375984
2018-03-06,16.2,16.37,15.86,16.12,61200,439,985576
2018-03-07,16.14,16.64,15.86,16.33,135700,626,2206763
2018-03-08,16.49,16.52,15.9,16.05,96900,591,1562151
2018-03-09,16.04,16.77,15.89,16.68,703300,627,11383843
2018-03-12,16.78,17.25,16.45,17.13,641500,420,10782886
2018-03-13,17.13,17.6,17.0,17.09,953700,884,16336700
2018-03-14,17.01,17.01,14.76,15.08,4667800,5882,71794715
2018-03-15,15.0,15.41,13.86,14.3,4746400,8122,67863823
2018-03-16,14.49,14.61,13.3,14.57,1581100,3090,22480450
2018-03-19,14.5,14.86,13.9,14.55,233000,991,3362802
2018-03-20,15.1,15.3,14.8,15.1,1047600,1744,15809616
2018-03-21,15.0,15.5,14.99,15.5,418700,747,6355662
2018-03-22,15.24,15.5,15.01,15.45,229500,842,3524603
2018-03-23,15.4,15.83,15.11,15.51,365600,1447,5663643
2018-03-26,15.53,16.08,15.37,15.63,217600,1282,3410721
2018-03-27,15.71,15.87,15.55,15.75,136800,801,2153770
2018-03-28,15.68,16.03,15.52,15.89,139400,1211,2198311
2018-03-29,15.9,15.95,15.55,15.7,203500,944,3194789
2018-04-02,15.7,15.7,14.9,15.05,116100,899,1770469
2018-04-03,15.15,15.2,14.53,14.85,276000,1067,4075150
2018-04-04,14.69,14.95,14.65,14.7,102200,611,1507624
2018-04-05,14.81,14.9,14.2,14.82,89600,559,1302501
2018-04-06,14.6,15.4,14.42,15.25,100300,636,1512806
2018-04-09,15.2,15.27,14.94,15.25,56600,427,854646
2018-04-10,15.17,15.48,14.93,15.15,114800,565,1731281
2018-04-11,15.24,15.24,14.64,15.13,90900,672,1359095
2018-04-12,15.22,15.25,14.92,15.25,96900,559,1467257
2018-04-13,15.13,15.25,14.5,14.7,100000,549,1475290
2018-04-16,14.82,15.0,14.34,14.81,84000,544,1232628
2018-04-17,14.75,14.8,14.43,14.8,73200,562,1070874
2018-04-18,14.86,14.96,14.52,14.9,127800,634,1892450
2018-04-19,14.75,15.0,14.44,14.44,82900,517,1208517
2018-04-20,14.3,14.59,14.11,14.3,52100,381,744997
2018-04-23,14.45,14.69,13.9,14.2,125000,538,1762946
2018-04-24,14.34,14.5,13.75,14.0,103200,560,1444496
2018-04-25,14.0,14.27,13.73,14.2,56900,449,801642
2018-04-26,14.2,14.58,14.02,14.35,68900,451,985623
2018-04-27,14.42,14.44,13.89,14.14,150000,659,2116977
2018-04-30,14.29,14.31,12.9,13.5,435300,922,5902951
2018-05-02,13.46,13.69,13.33,13.48,178900,444,2400758
2018-05-03,13.59,13.66,13.32,13.44,52900,382,711435
2018-05-04,13.46,13.58,13.25,13.5,49800,373,667617
2018-05-07,13.55,13.58,13.26,13.5,37300,336,501200
2018-05-08,13.49,14.18,13.28,14.0,55900,466,778706
2018-05-09,14.16,14.3,13.56,14.3,79200,433,1106072
2018-05-10,14.22,14.92,14.14,14.92,188600,1012,2758605
2018-05-11,14.92,14.92,14.08,14.1,221100,1013,3185178
2018-05-14,14.14,14.66,13.5,13.5,111600,716,1562250
2018-05-15,13.4,13.47,12.78,13.1,343900,800,4472557
2018-05-16,13.24,13.24,12.79,12.82,325100,450,4192630
2018-05-17,12.85,12.98,12.11,12.7,262900,1694,3356811
2018-05-18,12.48,13.0,12.32,12.97,134900,535,1741833
2018-05-21,13.0,13.05,12.26,12.75,145700,833,1843011
2018-05-22,12.64,12.8,12.25,12.5,200700,689,2536520
2018-05-23,12.4,12.48,11.69,12.1,310900,935,3790247
2018-05-24,12.1,12.5,11.69,12.5,179200,784,2158589
2018-05-25,12.35,12.65,12.04,12.25,138800,909,1707599
2018-05-28,11.96,12.11,11.44,11.69,187500,516,2198275
2018-05-29,11.93,11.93,11.23,11.8,154900,733,1796863
2018-05-30,11.68,12.1,11.46,11.8,260600,922,3072813
2018-06-01,11.62,11.73,11.2,11.45,283300,791,3252321
2018-06-04,11.4,11.71,11.2,11.64,122600,707,1401294
2018-06-05,11.66,11.84,11.03,11.03,250900,803,2813054
2018-06-06,10.92,11.02,9.87,10.0,793300,1160,8001994
2018-06-07,10.06,10.06,8.86,9.4,855800,805,7906360
2018-06-08,9.15,10.0,9.01,9.81,161800,930,1556717
2018-06-11,9.96,10.13,9.33,9.6,330100,1017,3173973
2018-06-12,9.7,9.87,9.47,9.51,1411300,1224,13414598
2018-06-13,9.43,10.16,9.42,9.98,98100,533,950623
2018-06-14,10.09,10.4,9.83,10.0,130100,804,1308405
2018-06-15,9.85,10.09,9.43,9.65,418100,604,4085494
2018-06-18,9.42,9.82,9.42,9.64,105200,534,1010001
2018-06-19,9.6,9.93,9.56,9.8,110500,737,1084412
2018-06-20,9.76,10.49,9.36,9.85,255000,902,2496420
2018-06-21,9.95,9.98,9.42,9.9,128300,805,1241949
2018-06-22,9.88,10.34,9.51,10.0,123500,749,1213670
2018-06-25,9.98,10.0,9.61,9.71,146900,829,1434147
2018-06-26,9.6,10.0,9.47,9.85,1207000,705,11493660
2018-06-27,9.87,10.08,9.66,9.89,165500,570,1630928
2018-06-28,9.79,9.97,9.7,9.85,146000,751,1434248
2018-06-29,9.85,10.0,9.49,9.7,772000,1209,7486728
2018-07-02,9.7,9.91,9.65,9.69,206100,432,2002227
2018-07-03,9.7,10.0,9.7,9.79,74100,308,727095
2018-07-04,9.89,10.0,9.64,9.7,42500,203,417691
2018-07-05,9.77,9.9,9.7,9.76,63900,313,625397
2018-07-06,9.75,9.91,9.2,9.84,1086600,1027,10618224
2018-07-10,9.8,9.91,9.29,9.44,776500,1404,7440498
2018-07-11,9.44,9.6,9.44,9.5,65000,447,616964
2018-07-12,9.55,9.74,9.46,9.64,280100,1228,2667636
2018-07-13,9.68,9.82,9.57,9.65,157300,815,1524503
2018-07-16,9.69,9.8,9.51,9.65,204000,1143,1965338
2018-07-17,9.65,9.79,9.52,9.75,118600,727,1148144
2018-07-18,9.73,9.78,9.48,9.69,160200,1053,1537721
2018-07-19,9.54,9.7,9.46,9.5,50600,263,484203
2018-07-20,9.56,9.75,9.56,9.75,108400,690,1050017
2018-07-23,9.62,9.75,9.49,9.5,251300,1172,2401036
2018-07-24,9.61,9.73,9.3,9.3,985000,1435,9199477
2018-07-25,9.38,9.45,9.17,9.31,280400,1467,2609052
2018-07-26,9.28,9.36,8.95,9.18,438100,2163,4018700
2018-07-27,9.33,9.33,9.05,9.1,1168400,1710,10689292
2018-07-30,9.11,9.19,8.9,9.05,98600,595,887767
2018-07-31,9.05,9.2,8.96,9.04,162000,1024,1472564
2018-08-01,9.04,9.11,8.76,8.9,171700,974,1533370
2018-08-02,8.85,8.96,8.8,8.8,119500,645,1057345
2018-08-03,8.93,8.95,8.75,8.84,134700,705,1191850
2018-08-06,8.9,9.05,8.76,8.95,170000,1132,1515272
2018-08-07,8.96,9.25,8.9,9.11,169600,1076,1544032
2018-08-08,9.12,9.12,8.9,9.01,136900,494,1228369
2018-08-09,9.04,9.09,8.79,8.98,116000,676,1030715
2018-08-10,8.99,8.99,8.2,8.2,770000,995,6482634
2018-08-13,8.25,8.27,7.83,8.0,154000,996,1242716
2018-08-14,8.13,8.47,8.0,8.25,228500,769,1878335
2018-08-15,8.6,10.38,8.45,9.97,1351200,2116,12587018
2018-08-16,10.05,13.01,10.05,11.0,1016200,2893,11585705
2018-08-17,11.05,12.0,10.84,11.2,364000,1110,4173860
2018-08-20,11.42,11.69,10.9,11.55,349500,827,4009418
2018-08-21,11.58,11.98,11.22,11.4,153100,843,1763531
2018-08-22,11.51,11.51,11.03,11.23,42700,232,478150
2018-08-23,11.29,11.31,10.87,11.22,305300,797,3415054
2018-08-24,11.28,11.3,10.75,11.0,87200,488,959089
2018-08-27,11.0,11.6,10.8,11.4,154900,614,1757650
2018-08-28,11.49,12.0,11.3,11.97,133900,727,1567402
2018-08-29,11.96,12.41,11.75,11.85,210200,906,2533871
2018-08-30,11.94,12.15,11.4,11.45,232500,729,2728466
2018-08-31,11.4,11.7,10.95,11.2,230900,767,2595783
2018-09-03,11.2,11.32,10.68,10.94,170500,636,1861453
2018-09-04,10.73,11.09,10.62,10.65,346900,1609,3758972
2018-09-05,10.94,11.0,10.26,10.5,337600,1109,3598739
2018-09-06,10.4,10.42,9.78,10.02,339700,1242,3417474
2018-09-10,10.06,10.56,9.18,9.29,834200,1340,7871344
2018-09-11,9.37,9.38,9.0,9.0,410100,2283,3763236
2018-09-12,9.11,9.43,8.76,9.43,319900,1048,2898042
2018-09-13,9.44,9.84,8.82,8.9,210000,956,1899305
2018-09-14,9.0,9.18,8.62,8.85,230200,1153,2040030
2018-09-17,8.95,9.03,8.74,8.85,138300,509,1226844
2018-09-18,8.87,8.92,8.58,8.87,234400,613,2063952
2018-09-19,8.85,9.49,8.71,9.05,231800,999,2104764
2018-09-20,9.06,9.34,8.61,8.77,253000,1261,2231496
2018-09-21,8.81,9.0,8.27,9.0,294600,1483,2556051
2018-09-24,9.0,9.0,8.55,8.77,323900,1082,2806297
2018-09-25,8.75,8.75,8.48,8.52,389700,1798,3334851
2018-09-26,8.5,8.84,8.46,8.81,493100,932,4238783
2018-09-27,8.94,9.06,8.81,9.06,174200,797,1558370
2018-09-28,9.02,9.27,8.78,9.1,366900,1379,3322349
2018-10-01,8.97,9.82,8.86,9.55,242700,1432,2276818
2018-10-02,9.63,9.97,9.61,9.79,146900,757,1440076
2018-10-03,9.85,10.38,9.82,10.05,444400,1285,4533811
2018-10-04,10.18,10.4,9.72,10.2,313100,1196,3166611
2018-10-05,10.3,10.49,9.96,10.4,177300,734,1816559
2018-10-08,10.99,10.99,10.22,10.78,175900,1024,1855749
2018-10-09,10.63,10.9,10.42,10.42,198600,933,2093591
2018-10-10,10.25,10.66,10.17,10.25,188200,612,1948434
2018-10-11,10.79,10.79,10.11,10.2,98500,603,1010941
2018-10-15,10.2,10.52,10.2,10.37,137300,946,1427625
2018-10-16,10.33,10.92,10.32,10.5,262700,1560,2774095
2018-10-17,10.5,10.92,10.46,10.56,67700,550,719613
2018-10-18,10.67,10.77,10.05,10.29,153400,573,1604346
2018-10-19,10.26,10.94,10.15,10.24,315300,1597,3262035
2018-10-22,10.25,10.68,10.24,10.4,91100,484,948846
2018-10-23,10.44,10.78,10.21,10.55,331100,885,3436015
2018-10-24,10.76,10.76,10.33,10.5,143700,1000,1511560
2018-10-25,10.51,10.57,10.25,10.38,76800,471,798045
2018-10-26,10.33,10.43,9.88,10.03,327400,1732,3311858
2018-10-29,10.33,10.44,10.01,10.15,114100,830,1165442
2018-10-30,10.15,10.36,9.6,9.9,212400,1089,2083243
2018-10-31,9.99,9.99,9.55,9.59,124800,553,1211233
2018-11-01,9.59,9.87,9.09,9.2,230400,916,2169971
2018-11-05,9.2,9.66,8.9,9.05,292300,908,2662580
2018-11-06,9.05,9.3,8.51,8.51,615600,1461,5349729
2018-11-07,8.65,8.78,8.48,8.58,210900,746,1812463
2018-11-08,8.53,9.13,8.53,9.04,200700,807,1795377
2018-11-09,9.04,9.34,8.85,9.16,137500,730,1255026
2018-11-12,9.09,9.25,8.99,9.1,103800,526,946540
2018-11-13,9.28,9.3,8.79,9.07,207000,707,1873135
2018-11-14,9.14,9.14,8.94,9.08,76700,487,694829
2018-11-16,9.07,9.08,8.93,9.0,83300,500,750248
2018-11-19,9.1,9.12,8.95,9.05,53700,378,485527
2018-11-21,9.03,9.06,8.91,9.04,122600,531,1104131
2018-11-22,9.04,9.06,8.98,9.06,48700,377,439321
2018-11-23,9.05,9.05,8.95,8.95,49200,387,441940
2018-11-26,8.95,9.03,8.74,8.96,105700,532,940539
2018-11-27,8.96,9.06,8.89,8.96,107700,572,967485
2018-11-28,8.95,9.04,8.42,8.71,375000,1153,3278072
2018-11-29,8.71,9.09,8.59,9.0,1066900,913,9513643
2018-11-30,9.0,9.26,9.0,9.19,113600,645,1039479
2018-12-03,9.22,9.43,9.12,9.28,477200,1174,4405412
2018-12-04,9.36,9.36,8.97,9.0,190300,941,1729113
2018-12-05,9.03,9.06,8.71,8.98,208200,902,1851874
2018-12-06,8.96,9.03,8.59,8.74,326400,1136,2869806
2018-12-07,8.71,8.9,8.7,8.8,146000,803,1285774
2018-12-10,8.8,8.99,8.5,8.63,311700,1163,2708897
2018-12-11,8.8,8.8,8.35,8.59,531800,2952,4511581
2018-12-12,8.57,8.74,8.28,8.44,492000,1800,4146913
2018-12-13,8.47,8.69,8.3,8.33,388800,816,3241342
2018-12-14,8.27,8.48,7.82,8.11,604500,1611,4826401
2018-12-17,8.2,8.36,7.86,7.99,505000,2683,4024506
2018-12-18,7.96,8.14,7.93,8.0,368700,683,2949748
2018-12-19,8.09,8.09,7.86,8.01,367200,776,2935877
2018-12-20,8.0,8.05,7.9,8.0,537800,1890,4291558
2018-12-21,8.08,8.11,7.9,8.0,213100,738,1696544
2018-12-26,8.04,8.33,7.92,8.33,228000,1049,1850477
2018-12-27,8.32,8.32,8.04,8.15,260000,1849,2109650
2018-12-28,8.15,8.39,8.15,8.29,387600,1037,3210155
2019-01-02,8.39,8.68,8.2,8.52,124600,582,1057325
2019-01-03,8.63,8.8,8.39,8.39,168800,481,1425162
2019-01-04,8.39,8.39,8.16,8.17,202500,487,1667615
2019-01-07,8.19,8.25,8.13,8.18,120400,432,985427
2019-01-08,8.19,8.19,7.94,7.94,178200,712,1431415
2019-01-09,8.05,8.2,7.95,8.0,120500,631,965398
2019-01-10,7.96,8.14,7.96,8.0,152400,549,1219337
2019-01-11,8.0,8.06,7.95,8.05,170700,665,1365238
2019-01-14,7.97,8.07,7.93,7.99,146500,603,1169034
2019-01-15,7.99,7.99,7.85,7.86,317800,889,2508061
2019-01-16,7.86,7.91,7.51,7.57,620600,1227,4781656
2019-01-17,7.59,7.69,7.3,7.44,644400,1269,4786544
2019-01-18,7.52,7.83,7.52,7.8,188500,884,1451647
2019-01-21,7.77,7.9,7.76,7.9,82200,557,644997
2019-01-22,7.86,8.31,7.86,8.0,298500,945,2398360
2019-01-23,8.01,8.18,7.85,7.99,430100,1288,3426137
2019-01-24,7.99,8.08,7.93,8.01,269300,1325,2155768
2019-01-28,8.04,8.1,7.8,8.07,206800,752,1649851
2019-01-29,8.04,8.18,8.03,8.15,224100,1149,1816673
2019-01-30,8.15,8.46,8.09,8.4,185200,611,1542595
2019-01-31,8.5,9.11,8.5,8.75,379600,1127,3341710
2019-02-01,8.75,9.02,8.51,8.62,289400,988,2532327
2019-02-04,8.62,8.83,8.59,8.78,472800,1758,4122325
2019-02-05,8.8,9.22,8.8,8.85,339600,851,3065547
2019-02-06,8.87,9.0,8.63,8.7,587700,757,5129208
2019-02-07,8.71,8.8,8.56,8.75,205900,849,1796163
2019-02-08,8.71,9.05,8.71,8.75,287700,1034,2556973
2019-02-11,8.76,8.98,8.71,8.75,412000,1647,3634888
2019-02-12,8.77,8.97,8.7,8.97,605300,929,5304720
2019-02-13,8.99,9.25,8.84,9.2,264300,814,2408832
2019-02-14,9.25,9.33,9.0,9.15,229100,795,2104849
2019-02-15,9.07,9.23,8.9,9.23,86800,484,788091
2019-02-18,9.19,9.19,9.03,9.03,84700,518,770138
2019-02-19,9.0,9.09,8.72,9.09,177100,536,1593418
2019-02-20,9.06,9.18,8.95,9.0,101900,418,923230
2019-02-21,9.08,9.08,8.6,8.81,400800,706,3545808
2019-02-22,8.81,8.81,8.65,8.7,247800,420,2156680
2019-02-25,8.78,9.01,8.56,8.97,370300,2382,3299007
2019-02-26,8.97,9.1,8.75,8.97,182100,606,1630652
2019-02-27,9.0,9.04,8.85,8.9,57500,424,513499
2019-02-28,8.9,8.9,8.66,8.73,195800,667,1714902
2019-03-01,8.73,8.79,8.54,8.7,200400,841,1741445
2019-03-06,8.77,8.78,8.45,8.59,145700,774,1245353
2019-03-07,8.55,8.71,8.48,8.6,190400,936,1635343
2019-03-08,8.59,8.79,8.32,8.73,193100,813,1665295
2019-03-11,8.79,9.08,8.62,8.87,225800,982,2005058
2019-03-12,8.85,8.92,8.7,8.8,218000,690,1918771
2019-03-13,8.88,9.2,8.85,9.01,326600,974,2947659
2019-03-14,9.05,9.19,8.96,9.19,106800,556,969876
2019-03-15,9.19,9.19,9.11,9.18,76200,400,697812
2019-03-18,9.29,9.49,9.02,9.02,275900,1132,2540054
2019-03-19,9.15,9.19,8.91,9.05,97200,534,879012
2019-03-20,9.06,9.15,8.98,9.14,73900,486,669492
2019-03-21,9.14,9.24,8.95,9.18,83300,371,756537
2019-03-22,9.2,9.29,8.7,9.18,166600,781,1498878
2019-03-25,9.18,9.2,8.83,9.08,77900,456,703328
2019-03-26,9.05,9.15,8.92,9.05,87500,465,788127
2019-03-27,9.05,9.05,8.62,8.66,236800,786,2073550
2019-03-28,8.65,8.73,8.5,8.5,134700,626,1159649
2019-03-29,8.59,8.81,8.22,8.44,129700,633,1103375
2019-04-01,8.46,8.55,8.31,8.31,106400,434,899890
2019-04-02,8.32,8.42,8.32,8.35,153100,524,1279839
2019-04-03,8.44,8.55,8.25,8.25,104800,419,873677
2019-04-04,8.38,8.39,8.14,8.34,72300,474,597045
2019-04-05,8.36,8.36,8.08,8.12,222100,758,1813346
2019-04-08,8.17,8.17,7.91,7.99,269700,643,2149807
2019-04-09,8.01,8.01,7.73,7.98,182200,697,1438410
2019-04-11,8.13,8.13,7.8,7.9,85100,485,669362
2019-04-12,7.87,7.88,7.66,7.72,132900,547,1031460
2019-04-15,7.82,7.83,7.64,7.7,99800,713,768967
2019-04-16,7.8,7.91,7.71,7.91,103600,676,811654
2019-04-17,7.91,7.94,7.71,7.83,86200,549,671473
2019-04-18,7.85,7.9,7.51,7.56,252200,1185,1918911
2019-04-22,7.57,7.86,7.37,7.86,1040600,703,7796738
2019-04-23,7.9,8.11,7.8,8.0,115200,564,914111
2019-04-24,8.02,8.28,7.96,8.17,142800,657,1155572
2019-04-25,8.29,8.35,8.13,8.2,97500,582,803375
2019-04-26,8.21,8.29,7.77,7.95,968200,666,7579920
2019-04-29,7.91,8.02,7.65,7.78,185200,655,1438736
2019-04-30,7.81,7.87,7.7,7.7,152700,438,1180386
2019-05-02,7.74,7.78,7.52,7.7,111300,681,848636
2019-05-03,7.7,7.73,7.6,7.73,82900,453,637706
2019-05-06,7.75,7.75,7.5,7.59,193000,839,1464232
2019-05-07,7.6,7.6,7.45,7.45,144300,640,1083124
2019-05-08,7.45,7.57,7.39,7.39,144600,822,1081605
2019-05-09,7.4,7.46,7.32,7.4,104900,458,774753
2019-05-10,7.37,7.73,7.37,7.63,113700,546,862461
2019-05-13,7.5,7.52,7.21,7.35,207800,718,1533726
2019-05-14,7.33,7.35,7.1,7.29,162500,620,1167755
2019-05-15,7.29,7.39,7.14,7.24,103600,533,753440
2019-05-16,7.28,7.48,7.12,7.33,101900,575,744389
2019-05-17,7.22,7.25,7.03,7.09,220300,804,1566770
2019-05-20,7.08,7.13,6.95,7.1,87300,530,614850
2019-05-21,7.28,7.35,7.11,7.35,88300,544,639222
2019-05-22,7.4,7.46,7.28,7.45,60400,448,446775
2019-05-23,7.29,7.54,7.29,7.52,71300,426,530569
2019-05-24,7.52,7.66,7.25,7.25,80100,428,595222
2019-05-27,7.34,7.5,7.18,7.23,86200,617,625910
2019-05-28,7.19,7.33,7.11,7.11,115400,651,827327
2019-05-29,7.11,7.33,7.11,7.28,95000,552,686144
2019-05-30,7.29,7.58,7.29,7.45,185100,662,1382620
2019-05-31,7.39,7.41,7.2,7.41,142500,672,1042090
2019-06-03,7.25,7.55,7.25,7.44,107200,537,787823
2019-06-04,7.4,7.59,7.3,7.45,112600,624,833942
2019-06-05,7.58,7.58,7.33,7.48,270900,471,2003793
2019-06-06,7.48,7.51,7.3,7.3,125100,468,923866
2019-06-07,7.29,7.46,7.26,7.39,65300,467,480087
2019-06-10,7.49,7.49,7.11,7.11,169600,815,1217942
2019-06-11,7.13,7.18,7.05,7.1,215400,971,1529085
2019-06-12,7.19,7.19,6.97,7.08,280600,645,1976655
2019-06-13,7.12,7.24,7.05,7.24,483700,543,3454143
2019-06-14,7.3,7.39,7.12,7.3,194500,865,1414103
2019-06-17,7.44,7.44,7.17,7.35,84300,474,612607
2019-06-18,7.34,7.4,7.23,7.4,96900,520,710439
2019-06-19,7.36,7.4,7.24,7.3,100400,527,731928
2019-06-21,7.38,7.45,7.25,7.25,143700,787,1052518
2019-06-24,7.31,7.67,7.27,7.45,241400,922,1796650
2019-06-25,7.43,7.62,7.36,7.5,120200,579,900611
2019-06-26,7.6,7.6,7.31,7.44,134000,626,997858
2019-06-27,7.43,7.54,7.33,7.49,127300,735,946450
2019-06-28,7.55,7.6,7.45,7.57,202900,857,1526831
2019-07-01,7.6,7.6,7.38,7.43,126700,748,944132
2019-07-02,7.38,7.43,7.29,7.43,89000,624,653880
2019-07-03,7.41,8.05,7.31,7.9,209800,1017,1606932
2019-07-04,8.19,8.52,7.78,8.4,409200,1429,3370875
2019-07-05,8.49,8.86,8.37,8.6,412400,1893,3558778
2019-07-08,8.65,9.34,8.65,9.2,749400,2518,6816234
2019-07-10,9.43,9.5,8.85,9.05,578700,2469,5321020
2019-07-11,9.03,9.03,8.64,8.68,473700,962,4195747
2019-07-12,8.68,8.83,8.39,8.79,298100,1237,2571156
2019-07-15,8.93,9.4,8.61,8.88,280900,1498,2490392
2019-07-16,8.91,9.19,8.83,9.14,242300,944,2187508
2019-07-17,9.5,11.28,9.35,10.11,2154400,6140,22206904
2019-07-18,10.24,10.93,10.05,10.53,987000,3994,10398759
2019-07-19,10.65,10.65,10.22,10.55,431200,1404,4494757
2019-07-22,10.79,10.85,10.32,10.43,432300,1673,4564930
2019-07-23,10.4,10.4,10.07,10.22,325300,1253,3331051
2019-07-24,10.12,10.25,9.66,10.0,502600,1266,4986129
2019-07-25,9.99,10.05,9.77,9.93,173200,714,1712876
2019-07-26,9.94,9.98,9.72,9.75,172400,757,1688357
2019-07-29,9.72,9.78,9.31,9.54,612900,1800,5789938
2019-07-30,9.44,9.66,9.3,9.4,322800,1498,3049481
2019-07-31,9.52,9.83,9.3,9.63,687000,1715,6547577
2019-08-01,9.84,10.0,9.6,9.78,283600,1151,2779036
2019-08-02,9.77,9.87,9.36,9.36,202600,845,1928920
2019-08-05,9.25,9.25,8.93,9.0,307600,1252,2776377
2019-08-06,9.07,9.39,8.96,9.11,175400,752,1604136
2019-08-07,9.13,9.24,8.71,8.99,304200,1131,2738018
2019-08-08,9.05,9.15,8.85,9.01,187900,818,1688993
2019-08-09,9.1,9.56,8.95,9.15,395500,1642,3618058
2019-08-12,8.98,9.06,8.77,9.0,653900,1901,5847951
2019-08-13,8.83,9.38,8.83,9.0,856200,2332,7735123
2019-08-14,8.91,9.0,8.72,8.79,330200,1083,2909265
2019-08-15,8.73,8.91,8.5,8.79,323700,1433,2812038
2019-08-16,8.85,9.06,8.57,8.9,251600,897,2231305
2019-08-19,8.92,8.94,8.03,8.7,366300,1092,3157729
2019-08-20,8.7,8.76,8.12,8.5,695900,2272,5841950
2019-08-21,8.7,8.77,8.39,8.7,200000,970,1722640
2019-08-22,8.76,8.91,8.6,8.8,338500,1115,2968632
2019-08-23,8.63,9.0,8.6,8.83,343400,1050,3021228
2019-08-26,8.83,8.88,8.6,8.8,255200,796,2232787
2019-08-27,8.86,9.4,8.85,9.1,358900,1746,3263775
2019-08-28,9.04,9.3,8.91,9.0,249400,1197,2248380
2019-08-29,9.14,9.14,8.81,9.0,212200,1095,1897765
2019-08-30,9.11,9.19,8.94,9.03,761500,1154,6858736
2019-09-02,9.0,9.0,8.66,8.68,328300,1006,2877248
2019-09-03,8.72,8.72,8.25,8.25,366600,1513,3066464
2019-09-04,8.3,8.4,7.85,7.9,913200,2349,7259244
2019-09-05,8.0,8.29,7.77,7.95,786400,3045,6279874
2019-09-06,8.0,8.39,7.93,8.02,684900,1638,5529419
2019-09-09,8.1,8.19,7.7,7.98,297400,1315,2357364
2019-09-10,8.12,8.17,7.92,8.04,292300,1351,2352250
2019-09-11,8.0,8.06,7.91,7.95,184400,1034,1472918
2019-09-12,7.96,8.2,7.9,8.1,210300,838,1689284
2019-09-13,8.17,8.17,7.93,8.0,262400,712,2100104
2019-09-16,8.01,8.05,7.95,8.0,204000,959,1629473
2019-09-17,7.94,7.99,7.88,7.99,182700,916,1447166
2019-09-18,7.92,7.98,7.86,7.98,153300,938,1214659
2019-09-19,7.96,8.08,7.92,7.96,156200,877,1245109
2019-09-20,7.97,7.98,7.82,7.85,201900,922,1587765
2019-09-23,7.89,7.97,7.83,7.97,259300,1183,2049819
2019-09-24,8.0,8.12,7.9,8.02,227300,693,1821280
2019-09-25,8.09,8.09,7.89,7.95,512100,1039,4066434
2019-09-26,8.0,8.05,7.9,7.9,148200,666,1181236
2019-09-27,7.92,8.0,7.68,7.85,222900,854,1744856
2019-09-30,7.91,7.91,7.7,7.7,209000,951,1618569
2019-10-01,7.7,7.9,7.62,7.9,175100,905,1356427
2019-10-02,7.84,7.84,7.63,7.75,181600,756,1402023
2019-10-03,7.77,7.85,7.44,7.73,413600,1252,3138960
2019-10-04,7.8,8.09,7.71,8.09,349600,1284,2757872
2019-10-07,8.1,9.3,8.0,9.0,2596800,4293,23428877
2019-10-08,9.36,9.67,9.0,9.0,1598500,3861,14898052
2019-10-09,9.12,9.94,8.85,9.64,1350400,3253,12899685
2019-10-10,10.29,10.49,9.8,9.85,1836500,6567,18426942
2019-10-11,9.95,10.09,9.6,9.85,608500,3182,5953482
2019-10-14,9.82,9.94,9.65,9.85,367300,1656,3595708
2019-10-15,9.77,9.99,9.76,9.91,342700,902,3386624
2019-10-16,9.9,10.15,9.52,10.0,1695200,2038,16420488
2019-10-17,10.01,10.3,9.56,9.7,546000,1939,5390294
2019-10-18,9.73,9.93,9.65,9.8,238400,923,2327167
2019-10-21,10.38,10.47,10.25,10.28,4542200,3259,46836573
2019-10-22,10.3,10.35,10.16,10.3,1298500,1932,13371871
2019-10-23,10.32,10.34,10.25,10.3,257700,877,2655083
2019-10-24,10.3,10.46,10.3,10.31,591300,1052,6116301
2019-10-25,10.32,10.35,10.28,10.3,5731600,1259,59039292
2019-10-28,10.3,10.3,10.2,10.22,1892900,2667,19355343
2019-10-29,9.5,9.59,8.85,8.9,2113800,3665,19096233
2019-10-30,8.9,9.0,8.58,8.98,432700,1868,3825258
2019-10-31,9.0,9.05,8.78,8.8,449100,854,3980118
2019-11-01,8.79,8.87,8.78,8.8,128900,557,1137665
2019-11-04,8.85,8.88,8.83,8.83,156200,749,1381874
2019-11-05,8.82,8.89,8.81,8.82,134400,588,1188934
2019-11-06,8.82,8.97,8.82,8.82,271000,712,2403198
2019-11-07,8.83,8.89,8.82,8.82,395300,684,3498029
2019-11-08,8.8,8.85,8.8,8.82,630000,578,5555478
2019-11-11,8.81,8.84,8.8,8.8,146100,485,1287587
2019-11-12,8.82,8.84,8.8,8.81,162900,712,1436162
2019-11-13,8.84,8.88,8.81,8.88,99700,518,882559
2019-11-14,8.87,8.87,8.72,8.8,212600,615,1868818
2019-11-18,8.79,8.94,8.75,8.78,93700,526,823954
2019-11-19,8.79,8.9,8.77,8.82,177800,909,1570428
2019-11-21,8.81,8.89,8.77,8.82,90000,518,794715
2019-11-22,8.82,8.88,8.81,8.83,95600,508,845606
2019-11-25,8.83,8.87,8.82,8.84,277900,595,2457937
2019-11-26,8.83,8.9,8.81,8.81,83800,597,740747
2019-11-27,8.81,8.95,8.81,8.92,219100,847,1951137
2019-11-28,8.91,9.05,8.91,8.99,121100,572,1088142
2019-11-29,8.95,9.05,8.95,8.96,145100,575,1306878
2019-12-02,8.99,9.15,8.95,9.08,389700,704,3530937
2019-12-03,9.1,9.1,9.0,9.03,167500,632,1511792
2019-12-04,9.2,9.25,9.01,9.02,329500,661,2988691
2019-12-05,9.02,9.18,9.01,9.07,129200,611,1168308
2019-12-06,9.09,9.09,9.01,9.04,140300,619,1267818
2019-12-09,9.04,9.11,9.02,9.02,99900,557,904449
2019-12-10,9.02,9.09,9.02,9.07,265800,711,2408589
2019-12-11,9.1,9.17,9.07,9.1,199600,593,1818526
2019-12-12,9.1,9.11,9.05,9.1,214900,539,1951116
2019-12-13,9.1,9.14,9.05,9.06,184500,602,1672493
2019-12-16,9.12,9.2,9.07,9.11,294400,778,2687126
2019-12-17,9.11,9.2,9.1,9.17,503900,1621,4605462
2019-12-18,9.22,9.24,9.09,9.2,181700,952,1663155
2019-12-19,9.13,9.22,9.13,9.2,221500,616,2032874
2019-12-20,9.22,9.32,9.16,9.25,221000,550,2041611
2019-12-23,9.69,9.99,9.67,9.79,1188900,4393,11664345
2019-12-26,9.81,9.84,9.76,9.8,328100,819,3220341
2019-12-27,9.8,9.89,9.8,9.87,2570700,641,25350705
2019-12-30,9.88,9.94,9.83,9.94,261600,925,2588769
2020-01-02,9.94,9.94,9.87,9.93,134400,661,1329653
2020-01-03,9.85,9.93,9.85,9.89,119300,608,1180190
2020-01-06,9.93,9.93,9.87,9.9,117700,434,1162642
2020-01-07,9.89,9.95,9.87,9.92,284600,597,2824248
2020-01-08,9.92,9.93,9.89,9.92,91500,443,907516
2020-01-09,9.93,9.93,9.9,9.91,106800,447,1059167
2020-01-10,9.95,9.95,9.9,9.93,97200,571,964261
2020-01-13,9.93,9.95,9.9,9.93,189600,687,1880918
2020-01-14,9.95,9.95,9.9,9.93,170100,482,1688624
2020-01-15,9.91,9.94,9.9,9.9,62300,382,617614
2020-01-16,9.9,9.93,9.87,9.9,280600,503,2777642
2020-01-17,9.89,9.93,9.88,9.9,250100,447,2476166
2020-01-20,9.88,9.95,9.88,9.93,101700,421,1008211
2020-01-21,9.9,9.94,9.88,9.89,77300,400,765777
2020-01-22,9.91,9.93,9.85,9.89,154200,534,1523545
2020-01-23,9.9,9.92,9.87,9.88,174100,413,1721633
2020-01-24,9.88,9.95,9.86,9.91,97700,395,967335
2020-01-27,9.94,9.94,9.86,9.89,290900,659,2880521
2020-01-28,9.9,9.95,9.88,9.89,111700,426,1107287
2020-01-29,9.86,9.93,9.86,9.9,607400,905,6012603
2020-01-30,9.89,9.95,9.88,9.91,781400,1086,7745576
2020-01-31,9.91,9.95,9.86,9.92,206400,673,2045945
2020-02-03,9.88,9.92,9.87,9.91,119200,498,1180738
2020-02-04,9.91,9.95,9.9,9.9,133100,466,1319364
2020-02-05,9.9,9.93,9.88,9.9,59200,374,586301
2020-02-06,9.91,9.93,9.86,9.89,84700,415,837517
2020-02-07,9.89,9.92,9.85,9.92,130900,458,1293292
2020-02-10,9.91,9.92,9.85,9.92,157300,569,1552642
2020-02-11,9.93,9.93,9.85,9.9,96700,481,955386
2020-02-12,9.92,9.92,9.86,9.91,71700,373,709214
2020-02-13,9.88,9.92,9.85,9.91,69400,396,686699
2020-02-14,9.91,9.94,9.85,9.85,84700,417,839259
2020-02-17,9.87,9.94,9.86,9.93,56400,361,559131
2020-02-18,9.89,9.94,9.89,9.9,67700,380,670489
2020-02-19,9.89,9.93,9.89,9.89,78500,418,777556
2020-02-20,9.9,9.95,9.89,9.9,148300,646,1472472
2020-02-21,9.9,9.95,9.88,9.9,82300,406,815743
2020-02-26,9.87,9.88,9.8,9.88,350200,616,3443016
2020-02-27,9.81,9.85,9.77,9.82,317000,435,3110518
2020-02-28,9.77,9.85,9.76,9.8,196100,441,1920701
2020-03-02,9.85,9.94,9.78,9.94,75900,266,745880
2020-03-03,9.95,9.95,9.81,9.87,65400,199,646648
2020-03-04,9.86,9.94,9.81,9.85,163300,361,1610582
2020-03-05,9.81,9.93,9.77,9.93,148700,460,1461942
2020-03-06,9.86,9.86,9.55,9.75,479500,578,4660882
2020-03-09,9.55,9.74,9.29,9.59,367500,1261,3469287
2020-03-10,9.59,9.74,9.27,9.74,197100,608,1870981
2020-03-11,9.63,9.68,9.3,9.45,259400,828,2450582
2020-03-12,8.8,9.39,8.75,9.1,1277600,782,11487162
2020-03-13,9.7,9.7,9.06,9.45,189600,193,1768531
2020-03-16,8.98,9.23,8.8,9.15,271000,489,2450827
2020-03-17,9.32,9.45,8.98,9.45,101400,273,943334
2020-03-18,9.1,9.2,8.58,9.2,278100,582,2468588
2020-03-19,8.99,9.2,8.75,9.15,135200,354,1215987
2020-03-20,9.28,9.59,9.1,9.3,125600,341,1158174
2020-03-23,9.2,9.2,8.86,9.1,132800,414,1195773
2020-03-24,9.2,9.25,8.96,9.2,103000,464,940921
2020-03-25,9.19,9.44,9.06,9.28,117000,416,1086289
2020-03-26,9.17,9.44,9.16,9.2,63300,286,587525
2020-03-27,9.1,9.26,9.08,9.1,53000,236,484488
2020-03-30,9.21,9.21,9.01,9.12,65000,441,591703
2020-03-31,9.15,9.25,9.07,9.2,81200,475,743290
2020-04-01,9.25,9.5,9.15,9.3,207500,818,1932593
2020-04-02,9.45,9.65,9.35,9.61,426800,651,4082982
2020-04-03,9.63,9.63,9.41,9.5,202600,589,1925584
2020-04-06,9.48,9.69,9.48,9.66,58000,422,557149
2020-04-07,9.69,9.69,9.45,9.5,160600,591,1534542
2020-04-08,9.5,9.58,9.45,9.58,213900,875,2031015
2020-04-09,9.49,9.68,9.49,9.6,435200,626,4158413
2020-04-13,9.59,9.7,9.48,9.55,352600,752,3360686
2020-04-14,9.52,9.65,9.5,9.65,232100,537,2227545
2020-04-15,9.64,9.79,9.55,9.71,733400,743,7045926
2020-04-16,9.63,9.88,9.63,9.71,263400,707,2572579
2020-04-17,9.82,9.84,9.69,9.7,188300,735,1836132
2020-04-20,9.57,9.85,9.57,9.85,118900,790,1159949
2020-04-22,9.87,9.94,9.75,9.94,85100,557,836543
2020-04-23,9.95,9.95,9.8,9.8,161800,531,1593531
2020-04-24,9.79,9.9,9.6,9.88,137200,350,1344123
2020-04-27,9.71,9.94,9.71,9.92,81500,548,806165
2020-04-28,9.94,9.94,9.85,9.94,55200,396,546528
2020-04-29,9.86,9.95,9.84,9.95,91300,505,902783
2020-04-30,9.87,9.95,9.79,9.95,93700,541,925682
2020-05-04,9.84,9.9,9.83,9.9,95000,426,937771
2020-05-05,9.87,9.93,9.86,9.93,64000,459,633493
2020-05-06,9.86,9.93,9.86,9.9,80900,499,800003
2020-05-07,9.88,9.92,9.86,9.92,69000,494,682310
2020-05-08,9.92,9.95,9.88,9.92,118400,561,1174669
2020-05-11,9.92,9.93,9.89,9.91,66900,491,662746
2020-05-12,9.9,9.95,9.9,9.95,94200,631,933595
2020-05-13,9.94,9.94,9.88,9.92,89500,632,886494
2020-05-14,9.93,9.94,9.87,9.9,71200,406,704422
2020-05-15,9.88,9.95,9.87,9.89,55900,415,553515
2020-05-18,9.88,9.9,9.85,9.87,91700,560,905278
2020-05-19,9.86,9.98,9.84,9.87,184000,715,1819046
2020-05-20,9.87,9.94,9.86,9.93,69100,562,684639
2020-05-21,9.93,9.96,9.91,9.91,65400,416,649440
2020-05-22,9.87,9.98,9.87,9.98,66500,395,661092
2020-05-25,9.96,10.0,9.93,10.0,60100,373,599006
2020-05-26,10.03,10.1,9.93,9.98,142400,744,1422024
2020-05-27,9.98,9.98,9.92,9.97,86500,509,860966
2020-05-28,9.99,9.99,9.89,9.93,79000,554,783891
2020-05-29,9.99,9.99,9.9,9.97,78100,532,775774
2020-06-01,9.92,9.97,9.92,9.95,53100,395,527990
2020-06-02,9.98,9.98,9.8,9.89,203000,822,2006504
2020-06-03,9.9,9.9,9.75,9.9,111700,567,1100167
2020-06-04,9.85,9.9,9.82,9.9,63000,416,622363
2020-06-05,9.86,9.96,9.78,9.88,78900,453,778964
2020-06-08,9.88,9.94,9.87,9.9,59500,399,588940
2020-06-09,9.87,10.08,9.87,10.08,96200,491,962368
2020-06-10,10.05,10.15,9.95,10.05,128300,512,1288494
2020-06-12,9.95,10.0,9.86,9.91,1530000,682,15159764
2020-06-15,9.96,9.99,9.85,9.99,98800,381,984194
2020-06-16,10.0,10.06,9.94,9.97,62300,402,621236
2020-06-17,10.03,10.06,9.95,9.99,68700,470,687793
2020-06-18,9.96,10.0,9.91,9.99,100200,456,997166
2020-06-19,10.04,10.07,9.96,10.07,156800,428,1567335
2020-06-22,10.07,10.08,9.96,10.08,63200,402,635838
2020-06-23,10.06,10.09,10.0,10.08,49500,352,497575
2020-06-24,10.07,10.08,10.03,10.04,43700,330,439306
2020-06-25,10.05,10.06,9.96,10.05,500700,419,5006998
2020-06-26,9.99,10.06,9.95,10.05,60100,337,603502
2020-06-29,10.03,10.14,10.0,10.0,94000,406,943778
2020-06-30,10.01,10.11,10.01,10.08,117000,383,1179072
2020-07-01,10.09,10.1,9.97,10.0,2036500,435,20321481
2020-07-02,9.99,10.04,9.99,10.0,97300,361,974491
2020-07-03,10.03,10.05,10.0,10.0,185100,360,1855187
2020-07-06,10.0,10.06,10.0,10.06,56900,368,571585
2020-07-07,10.09,10.09,10.03,10.08,46000,365,462790
2020-07-08,10.08,10.28,10.08,10.2,180000,375,1833237
2020-07-09,10.3,10.3,10.17,10.2,1693800,485,17281849
2020-07-10,10.2,10.3,10.2,10.28,3014100,252,30884914
2020-07-13,10.3,10.31,10.27,10.28,167400,374,1722278
2020-07-14,10.3,10.3,10.27,10.3,1036000,346,10653294
2020-07-15,10.3,10.33,10.28,10.3,1069600,526,11016858
2020-07-16,10.31,10.31,10.25,10.3,4998600,666,51245762
2020-07-17,10.31,10.32,10.27,10.31,526000,384,5411726
2020-07-20,10.31,10.31,10.28,10.31,242100,487,2495332
2020-07-21,10.32,10.32,10.28,10.31,145900,486,1503225
2020-07-22,10.32,10.32,10.29,10.3,113200,388,1166479
2020-07-23,10.31,10.33,10.28,10.31,306600,566,3157073
2020-07-24,10.3,10.31,10.21,10.31,517700,451,5321300
2020-07-27,10.31,10.31,10.29,10.31,198100,405,2041121
2020-07-28,10.31,10.31,10.29,10.31,60800,393,626493
2020-07-29,10.29,10.31,10.29,10.31,77700,345,800151
2020-07-30,10.31,10.31,10.29,10.31,52300,346,538756
2020-07-31,10.29,10.32,10.29,10.32,89400,369,921233
2020-08-03,10.29,10.3,10.28,10.3,349900,511,3603410
2020-08-04,10.29,10.32,10.28,10.32,139900,388,1441519
2020-08-05,10.31,10.32,10.3,10.32,430000,473,4437074
2020-08-06,10.32,10.34,10.31,10.33,7231100,478,74642659
2020-08-07,10.29,10.4,10.29,10.38,243800,553,2525268
2020-08-10,10.32,10.39,10.32,10.38,94500,549,979358
2020-08-11,10.38,10.38,10.37,10.37,150800,366,1564139
2020-08-12,10.26,10.38,10.24,10.38,198900,481,2057594
2020-08-13,10.3,10.38,10.29,10.38,111200,429,1151531
2020-08-14,10.35,10.38,10.34,10.35,140400,394,1453268
2020-08-17,10.39,10.4,10.34,10.34,56400,361,584967
2020-08-18,10.36,10.39,10.36,10.36,36300,324,376531
2020-08-19,10.36,10.38,10.36,10.36,103800,807,1075900
2020-08-20,10.36,10.39,10.36,10.38,15900,33,164996
2020-08-21,10.39,10.39,10.38,10.38,18600,27,193119
2020-08-24,10.39,10.39,10.38,10.38,18900,25,196208
2020-08-25,10.39,10.4,10.38,10.4,9900,24,102823
2020-08-26,10.38,10.39,10.38,10.38,117400,26,1218629
2020-08-27,10.38,10.4,10.38,10.4,26000,40,270213
