Date,Open,High,Low,Close,Volume,Neg,Fin
2018-04-23,17.94102,20.33315,17.84217,20.01684,41313700,40115,790499616
2018-04-24,20.46166,21.35129,20.38258,20.38258,5087900,10723,106576482
2018-04-25,20.36281,20.65935,19.62144,19.76972,5177200,17738,104987918
2018-04-26,20.01684,20.65935,19.52259,19.96741,5738200,5373,115230639
2018-04-27,20.20465,20.39246,19.50283,20.39246,6204200,2831,124191328
2018-04-30,20.38258,20.38258,19.95753,20.16511,174200,109,3551221
2018-05-02,19.87845,20.41223,19.87845,20.41223,2227700,1919,45335071
2018-05-03,20.31338,20.35292,20.01684,20.16511,1007700,1163,20594985
2018-05-04,19.88834,20.22442,19.86857,20.16511,154300,499,3127329
2018-05-07,20.05638,20.92624,19.73018,20.16511,239300,669,4890926
2018-05-08,20.01684,20.5605,20.01684,20.26396,91200,149,1871007
2018-05-09,20.26396,20.55062,20.16511,20.26396,269800,188,5523090
2018-05-10,20.61981,20.61981,20.25407,20.26396,5225200,426,107195399
2018-05-11,20.26396,20.41223,19.88834,20.41223,1580200,569,32271859
2018-05-14,20.42212,20.9559,20.07615,20.51108,559500,2959,11578832
2018-05-15,19.97729,20.21453,19.76972,19.91799,2249300,3329,45335443
2018-05-16,19.63133,19.96741,19.63133,19.96741,350400,1078,7044545
2018-05-17,19.97729,20.51108,19.96741,20.48142,986600,973,20215466
2018-05-18,20.13546,20.93613,20.13546,20.51108,1187100,2497,24641007
2018-05-21,20.5605,21.72692,20.26396,20.7582,4582000,847,95796635
2018-05-22,20.77797,21.46991,20.76809,21.23268,282100,325,6016403
2018-05-23,21.21291,22.72529,21.21291,21.79611,2204400,822,48391352
2018-05-24,21.46002,22.01358,20.80762,21.74669,1086200,3296,23613616
2018-05-25,21.91473,21.91473,21.42049,21.49957,140600,516,3061581
2018-05-28,22.03335,22.03335,20.51108,21.05475,303800,456,6475811
2018-05-29,21.04486,21.72692,20.77797,21.26233,2374100,1152,50477529
2018-05-30,21.36118,22.19151,20.85705,21.25244,276300,1542,5944896
2018-06-01,21.4106,22.09266,21.0844,21.7368,791400,4472,17302264
2018-06-04,22.12231,22.60667,21.75657,21.94439,2224100,2155,49684545
2018-06-05,21.94439,22.04323,21.46002,21.64784,1203300,1832,26497518
2018-06-06,21.25244,21.91473,21.25244,21.54899,2970300,1170,65056492
2018-06-07,21.2821,21.2821,20.31338,20.66924,1112800,1985,23336936
2018-06-08,21.05475,21.63795,20.76809,21.00533,680200,4848,14455832
2018-06-11,21.22279,21.4798,20.83728,21.45014,242200,485,5221971
2018-06-12,21.61819,21.71703,20.93613,21.46002,2151900,930,46205812
2018-06-13,21.14371,22.12231,21.14371,21.9345,2890300,892,63457424
2018-06-14,21.99381,23.25907,21.96416,22.74506,1581500,1356,35591521
2018-06-15,22.75494,23.27884,21.45014,22.93287,1014500,1966,23378361
2018-06-18,22.54736,23.37769,22.43863,23.13057,1030500,1178,23637727
2018-06-19,23.13057,23.71377,22.86368,23.32827,1440500,1959,33998741
2018-06-20,23.72366,24.69238,23.72366,23.97078,2511400,2807,61322043
2018-06-21,24.25744,25.28547,23.28873,23.67424,2214900,3398,53945864
2018-06-22,23.87193,24.2179,22.49794,22.7846,1888800,2429,43848152
2018-06-25,22.66598,23.22942,22.37932,22.81425,332500,1680,7703072
2018-06-26,22.6561,22.89333,22.09266,22.1322,908700,2486,20704930
2018-06-27,22.15197,23.18988,21.59842,21.90485,828400,1364,18808121
2018-06-28,21.74669,21.77634,20.9559,21.45014,1601900,1433,34656637
2018-06-29,21.72692,21.95427,20.9559,21.35129,1262100,4558,27426145
2018-07-02,21.10417,21.40072,20.81751,21.25244,474000,1313,10176576
2018-07-03,21.05475,21.6775,20.97567,21.25244,776100,435,16689853
2018-07-04,21.25244,22.22116,21.20302,22.22116,33100,136,731318
2018-07-05,22.063,22.063,21.31175,21.81588,278400,1007,6093258
2018-07-06,21.59842,22.02346,21.39083,21.57865,162900,480,3579827
2018-07-10,21.36118,21.88508,21.31175,21.74669,283500,2299,6197628
2018-07-11,21.88508,22.29035,21.65772,22.12231,465700,503,10365172
2018-07-12,21.99381,22.83402,21.66761,22.79448,431900,712,9814303
2018-07-13,22.92299,24.19813,22.73517,23.57539,252600,687,5976500
2018-07-16,23.32827,23.80274,23.17011,23.72366,2442200,1656,58528148
2018-07-17,23.72366,23.95101,23.67424,23.82251,807000,1397,19438703
2018-07-18,23.64458,24.03997,23.6347,24.03009,503400,1256,12196971
2018-07-19,24.25744,25.09766,23.97078,24.36618,1549600,2012,38218899
2018-07-20,24.95927,25.4634,24.75168,24.98892,553200,1409,14067945
2018-07-23,25.1372,25.1372,24.48479,24.48479,578900,812,14518000
2018-07-24,24.85053,24.86042,23.57539,24.2179,831200,1156,20326042
2018-07-25,24.24756,24.46502,24.2179,24.2179,688800,1085,16886034
2018-07-26,24.23767,24.35629,23.9609,24.2179,3069100,1135,75195388
2018-07-27,24.31675,25.09766,24.22779,24.4156,270500,821,6668934
2018-07-30,24.84065,24.86042,24.11905,24.11905,495700,1123,12179976
2018-07-31,24.11905,24.30687,22.88345,24.2179,794400,2969,19143051
2018-08-01,24.27721,24.55399,23.33815,24.2179,1190600,5394,28734507
2018-08-02,24.2179,24.66272,24.03009,24.2179,907300,1915,22301757
2018-08-03,24.44525,24.77146,24.22779,24.53422,87100,483,2170046
2018-08-06,24.71214,24.71214,24.2179,24.2179,93400,298,2294453
2018-08-07,24.2179,24.38594,22.63633,23.72366,4768400,5244,116040235
2018-08-08,23.44688,23.79285,23.32827,23.72366,589700,1392,14120483
2018-08-09,24.01032,24.38594,23.25907,23.72366,567800,2389,13518843
2018-08-10,23.8917,23.92136,23.17999,23.72366,1033700,2916,24763308
2018-08-13,23.72366,24.2179,23.72366,23.97078,75800,319,1828052
2018-08-14,23.8917,24.57376,23.38758,23.97078,335500,1510,8127775
2018-08-15,23.72366,24.76157,23.64458,24.31675,1050100,1437,25291784
2018-08-16,24.31675,25.30524,24.13882,25.30524,1382800,1340,34485069
2018-08-17,25.30524,25.45351,24.99881,25.33489,743400,3074,19002776
2018-08-20,25.29535,25.62155,25.10754,25.45351,436700,823,11224092
2018-08-21,25.38432,25.38432,24.03997,24.73192,842500,1795,21213391
2018-08-22,24.64295,24.811,24.4156,24.6133,259700,594,6468267
2018-08-23,24.62318,24.92961,23.55562,23.77308,611600,1050,15006519
2018-08-24,24.06963,24.44525,24.05975,24.17836,101800,264,2486143
2018-08-27,24.43537,24.70226,24.14871,24.51445,127500,428,3151990
2018-08-28,25.24593,25.3942,24.56387,25.30524,150200,957,3824278
2018-08-29,25.21627,25.33489,24.80111,25.04823,762900,1175,19326809
2018-08-30,24.82088,24.94938,24.71214,24.76157,809700,404,20400189
2018-08-31,24.73192,25.20639,24.43537,25.20639,2457700,4276,61575415
2018-09-03,24.82088,25.45351,24.811,24.86042,129800,771,3293442
2018-09-04,24.94938,24.94938,23.73354,24.2179,652700,4672,15940679
2018-09-05,23.94113,24.60341,23.94113,24.23767,112900,332,2788823
2018-09-06,25.58201,26.14545,24.90984,24.90984,1884200,7146,48453706
2018-09-10,25.00869,25.44362,24.6726,24.92961,2087500,1530,52653269
2018-09-11,25.11742,25.18662,24.84065,25.12731,699200,1327,17703419
2018-09-12,25.15697,25.4634,24.96915,24.96915,1858500,1068,47582240
2018-09-13,25.10754,25.10754,23.94113,24.40571,400300,2032,9915717
2018-09-14,24.58364,25.14708,24.03997,24.99881,142500,896,3543866
2018-09-17,24.99881,25.45351,24.88019,25.30524,617500,798,15757028
2018-09-18,24.86042,25.32501,24.86042,25.10754,449700,1127,11449514
2018-09-19,24.86042,25.10754,24.72203,24.95927,626700,845,15846161
2018-09-20,24.97904,25.43374,24.8703,25.20639,355100,819,8996845
2018-09-21,25.12731,25.70063,25.11742,25.30524,943300,445,24156800
2018-09-24,25.36455,26.32338,24.72203,25.50293,1117500,3216,28393705
2018-09-25,25.24593,26.39257,25.24593,26.19487,175000,980,4589325
2018-09-26,26.39257,27.6776,26.39257,27.18336,444600,1965,12226805
2018-09-27,27.18336,27.55898,26.29372,26.61992,683900,2083,18378025
2018-09-28,26.5705,27.16359,24.76157,26.06637,2154700,2585,56660053
2018-10-01,26.23442,26.3728,25.85879,26.18499,380500,1696,10078898
2018-10-02,26.05649,26.74843,25.35466,25.35466,595100,3922,15507809
2018-10-03,25.94775,26.01694,24.78134,24.90984,499400,2208,12718065
2018-10-04,24.90984,25.38432,24.20802,24.20802,367300,1735,9144108
2018-10-05,24.36618,24.68249,22.4584,23.24919,341500,1983,8105584
2018-10-08,23.87193,24.4156,23.38758,24.17836,1264700,4258,30893952
2018-10-09,24.42548,25.24593,23.97078,24.34641,806800,2073,19964434
2018-10-10,24.22779,25.16685,23.90159,23.99055,473000,1725,11759905
2018-10-11,24.06963,24.39583,22.85379,23.74343,403500,3221,9608850
2018-10-15,24.0894,24.49468,23.55562,23.99055,6671600,4212,160525922
2018-10-16,24.11905,24.12894,23.45677,23.99055,831700,3513,20040058
2018-10-17,23.97078,24.38594,23.72366,23.98067,855900,2006,20799814
2018-10-18,24.0202,24.49468,23.79285,24.16848,1114800,3697,27266158
2018-10-19,24.45514,24.45514,23.82251,24.16848,413800,2036,10077154
2018-10-22,24.71214,24.71214,23.57539,24.18825,567600,3240,13815168
2018-10-23,24.10917,24.18825,23.46665,23.72366,454600,1857,10979528
2018-10-24,23.85216,23.90159,22.88345,23.32827,511500,2514,12077196
2018-10-25,23.49631,23.9609,23.32827,23.46665,363700,1913,8695947
2018-10-26,23.62481,23.84228,23.24919,23.72366,806900,1519,19091427
2018-10-29,23.71377,24.23767,23.61493,23.71377,617300,2105,14865858
2018-10-30,23.87193,24.10917,22.39909,23.52596,1771400,2284,42195604
2018-10-31,23.85216,24.57376,22.85379,23.85216,461300,2534,10990363
2018-11-01,24.13882,25.08777,23.82251,24.23767,570900,3733,14145470
2018-11-05,24.2179,25.44362,24.07951,24.85053,224000,1226,5643353
2018-11-06,24.62318,24.7418,24.03997,24.11905,533000,1742,13083109
2018-11-07,23.91147,25.15697,23.91147,25.03835,795400,2618,19917771
2018-11-08,24.85053,25.64132,24.7418,25.4634,612900,2765,15495847
2018-11-09,25.65121,26.54084,25.36455,26.2443,1021800,3812,26930061
2018-11-12,26.16522,26.16522,25.67098,26.09603,280600,1661,7396928
2018-11-13,26.49142,27.95438,26.06637,27.6183,1480200,6993,40584893
2018-11-14,27.36129,27.36129,26.47165,27.04497,2037600,3655,55526983
2018-11-16,27.31186,27.84565,26.699,27.28221,1004300,4687,27858306
2018-11-19,27.28221,27.53922,26.95601,27.01532,1192600,2499,32764484
2018-11-21,26.77808,27.18336,25.43374,25.70063,1868100,4126,49866657
2018-11-22,25.70063,26.93624,24.07951,26.34315,1271500,4770,32075051
2018-11-23,26.34315,26.36292,25.67098,25.89833,764200,2305,20097889
2018-11-26,25.5919,26.10591,24.68249,24.9395,494900,3028,12596811
2018-11-27,25.25581,25.92798,25.05812,25.78959,1203400,7778,31086862
2018-11-28,25.92798,27.3514,25.55236,27.18336,1222500,5570,33222478
2018-11-29,27.13394,27.6776,26.60015,27.47991,604600,2739,16697655
2018-11-30,27.68749,27.8753,27.27233,27.57876,1027800,4108,28706753
2018-12-03,27.6183,29.08125,27.6183,27.97415,645200,3852,18475985
2018-12-04,28.25093,29.48653,28.02357,28.09277,1268000,3779,37139309
2018-12-05,27.98403,28.11254,26.81762,26.97578,746700,4299,20592037
2018-12-06,26.45188,27.60841,25.8489,27.60841,5535300,14411,150439490
2018-12-07,27.60841,27.60841,26.98566,27.13394,8637800,11024,237973249
2018-12-10,27.16359,27.24267,26.68912,27.14382,3263100,10285,89518275
2018-12-11,26.98566,27.38106,26.97578,27.28221,1305800,3171,35934518
2018-12-12,27.29209,28.073,27.29209,28.073,1234100,3855,34501686
2018-12-13,27.90495,27.90495,27.52933,27.90495,1852300,4378,52086270
2018-12-14,27.92473,29.16033,27.73691,28.66609,1082100,3429,31320094
2018-12-17,28.48816,28.75505,28.33989,28.56724,2219600,4127,64202997
2018-12-18,28.62655,28.80448,28.36954,28.66609,1420100,4923,41113216
2018-12-19,29.65458,29.704,29.2493,29.46676,4580900,4358,136573806
2018-12-20,29.65458,30.08951,28.09277,28.77482,7926300,11346,235233435
2018-12-21,29.06149,29.25918,27.50956,27.91484,6936600,7651,196738933
2018-12-26,28.01369,28.46839,27.68749,28.02357,1583700,4092,45218922
2018-12-27,28.073,28.38931,27.65783,27.65783,1183400,2815,33648854
2018-12-28,28.11254,28.90333,28.04334,28.74517,1351300,5479,39122226
2019-01-02,28.74517,29.3778,28.68586,29.21964,1826000,5198,53920250
2019-01-03,29.34814,29.5063,28.89344,29.16033,1298000,6977,38287229
2019-01-04,29.48653,29.86216,28.23116,29.17022,2588600,9428,76069703
2019-01-07,29.35803,29.65458,27.97415,28.76494,2518700,9842,73257450
2019-01-08,28.86379,29.40745,28.77482,29.16033,7258800,6705,213477725
2019-01-09,29.35803,30.58375,29.33826,30.57387,3774700,3814,114801597
2019-01-10,30.63318,31.49316,29.97089,31.43385,1955900,6478,60973785
2019-01-11,31.44374,31.59201,31.14719,31.48327,2741100,7064,87267529
2019-01-14,31.5327,32.27406,31.5327,32.08625,1812800,3644,58610127
2019-01-15,32.22464,33.28231,32.02694,32.93634,3175500,7447,105060905
2019-01-16,32.89681,33.78645,32.53107,33.60852,2475700,5723,82796719
2019-01-17,33.71725,33.88529,32.966,33.59863,3966100,7699,134057259
2019-01-18,33.65794,35.23952,33.26255,34.49816,3559800,9531,121679115
2019-01-21,34.49816,34.69585,33.63817,34.10276,762200,4407,26352590
2019-01-22,34.11264,34.11264,33.15382,33.31197,7606100,4830,257104446
2019-01-23,33.79633,33.79633,33.32185,33.41082,1639700,5336,55429978
2019-01-24,33.6876,34.21149,33.46024,34.21149,1261300,4060,43454066
2019-01-28,34.20161,34.54758,33.25266,33.59863,10688000,7689,369890122
2019-01-29,33.87541,34.07311,32.2444,32.37291,3466300,4569,116632942
2019-01-30,32.57061,33.69748,32.5113,33.45036,891200,3849,30047051
2019-01-31,33.46024,33.74691,33.05496,33.19336,1558300,5169,52480512
2019-02-01,33.19336,33.82598,33.17359,33.60852,497000,1994,16890431
2019-02-04,33.60852,34.39931,33.38116,34.30046,724800,4219,24879611
2019-02-05,34.34988,34.54758,33.87541,34.30046,486400,3707,16820684
2019-02-06,34.28069,34.28069,32.64968,32.966,552000,2312,18678636
2019-02-07,33.01543,33.66782,32.77819,33.1637,1007300,3472,33748495
2019-02-08,33.3614,33.38116,32.48164,33.12416,981600,3487,32847169
2019-02-11,33.13404,33.21312,31.24604,32.07636,1180000,6144,38238122
2019-02-12,32.48164,32.6398,31.72051,31.93798,1263600,4126,40919704
2019-02-13,32.3136,32.60026,31.79959,32.45199,841700,4107,27419702
2019-02-14,32.46188,32.69911,31.74028,32.37291,1047600,3990,33860360
2019-02-15,32.37291,32.40256,31.80947,32.32348,385800,1296,12557234
2019-02-18,32.14556,33.80622,32.14556,33.41082,504300,3112,16979234
2019-02-19,33.41082,33.51955,32.62003,32.98577,595500,3974,19803978
2019-02-20,32.97588,33.19336,32.22464,32.52118,435000,2946,14329509
2019-02-21,32.52118,32.6398,32.05659,32.46188,1488000,2789,48625851
2019-02-22,32.47176,32.6398,31.84901,32.26418,714000,3085,23185734
2019-02-25,32.26418,34.07311,31.99728,32.91658,674700,4338,22581087
2019-02-26,33.01543,33.75679,32.15545,33.42071,2251300,7272,75071751
2019-02-27,33.50967,33.50967,32.54095,33.06485,1252000,5070,41796697
2019-02-28,33.15382,33.1637,31.89844,32.8375,1307300,4786,42812861
2019-03-01,32.6398,32.85727,32.06647,32.15545,993200,4269,32441022
2019-03-06,32.15545,34.05333,32.13567,33.65794,1689700,6571,57204701
2019-03-07,33.59863,34.54758,32.93634,33.84575,2814000,8937,97019587
2019-03-08,33.86552,33.86552,32.47176,33.04508,1930800,7009,64313269
2019-03-11,33.37128,33.37128,32.42234,32.42234,2199600,7189,73038832
2019-03-12,32.61015,32.72876,32.12579,32.4421,1363600,6450,44766040
2019-03-13,32.65957,32.8375,31.1373,31.97751,1505200,7468,48601352
2019-03-14,31.92809,33.39104,31.4635,32.02694,2831600,14520,92089644
2019-03-15,32.12579,33.79633,32.12579,33.11427,9746700,16452,327142200
2019-03-18,33.43059,33.93472,32.70899,33.01543,829800,4016,27984063
2019-03-19,33.15382,35.41745,32.12579,35.03193,1646200,10218,57076518
2019-03-20,34.7947,35.25928,32.48164,32.70899,18985700,11930,631543896
2019-03-21,32.91658,33.17359,31.50304,32.62003,1505400,8541,49140989
2019-03-22,32.21475,32.48164,31.43385,31.74028,1177000,6512,38262116
2019-03-25,32.0467,32.81773,31.38443,31.92809,1372100,7159,44694928
2019-03-26,32.12579,32.37291,31.92809,32.37291,760700,3071,24728573
2019-03-27,32.34325,32.66945,31.52281,31.63155,1146400,4911,37018207
2019-03-28,32.06647,32.14556,31.18673,32.02694,2438900,3739,78732010
2019-03-29,32.23562,32.92086,31.78873,32.57327,2062400,7111,66884492
2019-04-01,32.82154,33.65574,32.613,33.16913,1627600,9899,54307471
2019-04-02,33.16913,33.20885,32.16611,32.77189,1080200,6395,35571873
2019-04-03,32.72224,34.23173,32.72224,33.66567,2205700,6573,74793807
2019-04-04,33.66567,34.41048,33.29823,33.81463,1773700,6897,60624075
2019-04-05,34.0629,34.88717,33.1294,33.76498,1089900,4479,37328489
2019-04-08,33.32802,34.13242,32.62293,32.67258,3623400,7827,120305119
2019-04-09,32.73217,33.18899,31.87811,32.325,1779700,8530,58171294
2019-04-10,32.75203,33.01023,31.3915,32.39452,1633700,8747,52562310
2019-04-11,32.7123,33.71532,32.17604,33.62595,1590400,7537,52943228
2019-04-12,33.45712,33.52663,32.59314,33.04995,1177300,4006,39323242
2019-04-15,33.29823,33.72525,32.613,32.7123,613800,3629,20380603
2019-04-16,32.77189,32.82154,32.14624,32.72224,4123000,8372,134402832
2019-04-17,32.73217,32.93078,31.70929,32.27535,1049600,5342,33993429
2019-04-18,32.39452,32.90099,31.53053,32.24556,1580000,6666,50829417
2019-04-22,32.24556,33.2883,32.24556,32.92086,934500,5277,31055023
2019-04-23,33.16913,33.75505,32.94071,33.64581,3263500,6200,110126126
2019-04-24,33.55643,35.18509,33.4174,34.76799,2397100,11720,83760376
2019-04-25,34.93682,36.32714,34.65876,35.75116,3152100,10486,113670326
2019-04-26,36.04908,36.27749,35.54261,35.54261,2749700,5178,99241700
2019-04-29,35.49295,35.99943,34.26152,34.26152,1532900,7197,53545752
2019-04-30,34.26152,35.20496,34.26152,34.87724,1583400,7407,55532344
2019-05-02,34.87724,35.64191,34.81765,35.17516,1579600,9659,55972056
2019-05-03,35.35392,35.89019,35.05599,35.05599,1408500,5618,50184628
2019-05-06,34.76799,35.72136,34.13242,34.54952,3475100,11073,121326828
2019-05-07,34.55945,34.82758,32.47396,34.18208,3971600,16365,134970148
2019-05-08,34.15228,34.74814,33.43726,33.75505,2361900,9500,80609630
2019-05-09,33.45712,34.44028,33.02016,33.26844,2166000,12850,73255318
2019-05-10,33.36774,34.45021,33.27837,34.05297,2152400,12662,73069899
2019-05-13,34.3509,35.18509,33.91394,34.70841,1748800,9825,61186371
2019-05-14,34.85737,36.73431,34.85737,36.2477,4628100,17848,168723505
2019-05-15,36.09873,37.93595,35.40357,36.94286,2877100,13704,105788179
2019-05-16,36.64494,38.00546,36.27749,36.59528,3350600,16606,125732595
2019-05-17,36.44632,37.63802,35.91005,36.74424,3458800,16306,127451729
2019-05-20,36.64494,38.25373,36.2477,36.74424,2825200,15287,105538583
2019-05-21,36.69459,38.62117,36.45625,38.33318,3547100,20590,134072840
2019-05-22,38.22395,39.71357,38.18422,38.23388,4997300,21427,195140721
2019-05-23,37.99553,39.48516,37.52878,38.4027,3847800,21315,148199495
2019-05-24,38.81979,39.01841,37.58837,38.1147,3351800,20195,128644736
2019-05-27,38.1147,38.97869,37.75719,38.48215,2439700,12332,94220161
2019-05-28,38.82972,40.00157,38.41263,40.00157,34597800,21840,1388286712
2019-05-29,39.92212,42.72263,39.29648,40.56763,4781400,15312,196035619
2019-05-30,41.15355,41.521,40.5577,41.11383,3300800,9628,136967148
2019-05-31,40.69673,41.18334,40.23991,40.71659,3442400,5660,141103538
2019-06-03,41.40182,41.40182,39.47523,40.71659,3447700,12768,139504798
2019-06-04,40.72652,41.28265,40.11081,40.61729,4070500,9592,166365036
2019-06-05,40.61729,40.61729,39.45537,39.7235,3811800,9198,152933341
2019-06-06,39.90226,40.38887,39.52488,40.38887,2763400,4576,110758347
2019-06-07,40.51797,41.50113,40.12074,41.50113,1511600,5338,62506101
2019-06-10,41.55079,42.50415,41.55079,41.86858,1207300,7085,50925738
2019-06-11,42.19629,42.52401,41.6203,41.97781,1657600,9450,70167767
2019-06-12,42.20622,42.70277,41.521,42.0374,3133700,14242,132375511
2019-06-13,41.95795,42.35519,41.38196,42.0076,1372400,5815,57845266
2019-06-14,42.20622,42.52401,40.22005,40.61729,4071700,15019,166831293
2019-06-17,40.41867,42.19629,39.90226,41.47134,2478700,12829,101524841
2019-06-18,41.69975,42.0076,40.63714,41.39189,1503700,6174,62365205
2019-06-19,40.71659,40.95494,39.94199,40.69673,9737400,22996,397937729
2019-06-21,40.71659,41.26279,40.03136,40.73645,7715500,22989,315459698
2019-06-24,40.85563,41.40182,40.32929,40.46832,12754300,15118,521713458
2019-06-25,40.41867,40.66694,39.65399,40.08102,4235700,9794,170606806
2019-06-26,40.17039,40.61729,39.27662,39.6242,2439900,6445,97323080
2019-06-27,39.7235,39.7235,38.97869,39.68378,2380200,8153,94544071
2019-06-28,39.68378,40.04129,39.35606,40.04129,1935900,8408,77365265
2019-07-01,40.10088,40.12074,39.26669,39.97178,2145100,11429,85793064
2019-07-02,40.07109,40.07109,38.98862,39.97178,1307100,5043,52262785
2019-07-03,39.55468,40.07109,38.36298,39.90226,2636400,11479,104744993
2019-07-04,39.76323,40.44846,39.64405,39.64405,837100,4445,33675908
2019-07-05,39.65399,40.30943,39.08793,40.22998,2474800,6743,98925152
2019-07-08,40.22998,42.21615,40.22998,42.21615,1449200,6586,60733863
2019-07-10,42.45449,43.69585,42.35519,42.45449,5059700,19824,218484834
2019-07-11,42.8418,43.31848,42.09698,42.70277,2618100,10725,112438667
2019-07-12,42.70277,43.00069,41.94802,42.28567,1604400,9447,68640904
2019-07-15,42.59353,42.87159,40.64708,41.3621,2834600,15780,118454762
2019-07-16,41.70968,42.10691,41.07411,41.21313,3604500,14068,150454968
2019-07-17,41.26279,41.98774,40.95494,41.98774,2707100,13549,113218541
2019-07-18,42.14664,42.69284,41.18334,41.70968,4685900,9051,198068660
2019-07-19,41.70968,42.77229,41.27272,41.96788,1525100,8364,64408186
2019-07-22,41.96788,42.56374,41.43162,42.30553,833700,4679,35386306
2019-07-23,42.30553,42.73256,41.80899,42.70277,1328900,5491,56907935
2019-07-24,42.69284,42.70277,42.0374,42.70277,3109200,11834,133080176
2019-07-25,42.70277,42.70277,41.66996,42.20622,1797400,8484,76465635
2019-07-26,42.21615,43.388,41.73947,42.70277,11723000,13940,503968105
2019-07-29,42.80207,43.44759,42.80207,43.44759,1828400,7276,79496131
2019-07-30,43.49724,44.02357,42.65311,42.78222,1584900,9252,68881646
2019-07-31,42.52401,43.39793,42.20622,43.39793,1993400,6408,86452781
2019-08-01,43.39793,43.86468,42.51408,42.64318,2051300,9097,89066084
2019-08-02,42.64318,43.24897,42.39491,42.92125,1773500,9303,76457247
2019-08-05,42.23602,43.94413,42.12677,42.79215,2368100,11116,103227830
2019-08-06,43.19931,44.04343,42.64318,43.94413,4086200,7035,179948107
2019-08-07,43.71572,45.2848,43.2589,44.44067,2440800,8224,109379272
2019-08-08,45.09611,47.79731,44.91735,46.67512,8176700,24323,385448975
2019-08-09,46.67512,47.37028,46.6056,46.82409,3872300,16334,182855398
2019-08-12,46.77443,46.94325,45.91044,46.30767,1857600,9710,87118481
2019-08-13,46.67512,47.12201,46.11899,46.32754,6023600,7875,282862626
2019-08-14,45.79127,46.67512,45.18549,45.78134,3479700,15198,162267764
2019-08-15,45.79127,46.67512,45.2848,46.09913,2835200,9342,132262858
2019-08-16,46.4765,47.23125,46.17858,47.07235,13462700,11261,630914577
2019-08-19,47.37028,48.20448,46.37719,46.91346,4185200,14565,198628225
2019-08-20,47.17166,47.75759,46.69498,47.66821,2175700,10331,103697128
2019-08-21,48.1151,49.27701,47.60862,48.71095,3594800,14042,175843812
2019-08-22,48.98901,51.0745,48.98901,49.90265,2733300,14025,138490628
2019-08-23,49.7239,50.89574,49.18763,49.58487,2784900,10954,139951059
2019-08-26,49.7239,50.86595,48.47261,49.10818,2647800,12311,131961565
2019-08-27,49.75369,50.3992,48.45275,49.93245,4025300,9087,201097680
2019-08-28,49.73383,51.15395,49.64445,50.99505,1735500,9087,88540354
2019-08-29,51.48166,54.15307,51.10429,53.47777,3302600,17271,176065733
2019-08-30,54.61982,55.69236,52.90178,55.69236,13745600,15748,764224265
2019-09-02,55.02699,57.46005,54.76878,56.606,3922500,19259,222111723
2019-09-03,56.40738,57.56929,55.98035,57.00323,4094300,23737,234187964
2019-09-04,57.31108,58.0559,55.16602,55.61291,3390200,19287,190542664
2019-09-05,55.81153,56.47689,54.57017,54.91774,6789900,30051,376402212
2019-09-06,55.70229,55.95056,53.70618,54.04383,3767700,19590,206049196
2019-09-09,54.49072,54.49072,51.55118,52.12717,3878400,17099,205474948
2019-09-10,51.89876,52.76275,51.40221,52.1371,3437600,15459,179850405
2019-09-11,52.61378,53.98425,52.24634,53.95445,2740100,15674,146222872
2019-09-12,54.12328,54.56023,52.53434,53.02095,2588800,13968,139233793
2019-09-13,52.78261,53.18977,51.83918,52.38537,1744300,10995,92256118
2019-09-16,52.1371,54.17293,51.71007,54.17293,2853500,17120,152698854
2019-09-17,54.5801,56.28821,54.49072,55.36464,4238000,21529,235641045
2019-09-18,54.91774,55.21567,54.18286,54.18286,2212600,9410,121738482
2019-09-19,54.46093,54.5801,52.85213,53.25929,1479400,8468,80314407
2019-09-20,53.62674,54.10341,53.39832,53.63666,3149400,9764,170121348
2019-09-23,53.1004,54.77871,52.95144,53.75584,1728800,10840,94402260
2019-09-24,53.75584,54.36162,52.21655,52.48468,2408500,11310,129576171
2019-09-25,52.61378,53.43805,52.52441,52.83226,4975400,13786,265149697
2019-09-26,52.94151,53.12026,52.50454,52.83226,4883500,12528,259777648
2019-09-27,52.49461,53.37846,52.49461,53.2295,2425700,8111,129848533
2019-09-30,53.44798,54.21265,53.03088,53.875,1925800,10510,104132826
2019-10-01,53.875,54.52052,52.80247,53.15005,1599400,8001,86379040
2019-10-02,53.47777,54.22258,52.40524,53.13019,3087000,16636,165611121
2019-10-03,53.00108,54.12328,52.15696,54.12328,1513500,10003,81536927
2019-10-04,54.09348,56.606,53.78563,56.10945,5121800,16129,286343533
2019-10-07,55.99028,56.40738,55.47388,55.76187,2190700,10633,123353159
2019-10-08,55.82146,56.50669,54.89788,55.88104,4172700,14153,235228873
2019-10-09,56.40738,56.58613,55.68242,56.06973,1909800,11385,107756235
2019-10-10,56.42724,57.74805,56.33786,57.36074,2435800,11200,140131781
2019-10-11,57.5395,59.58526,57.47991,59.08871,5931900,15213,353063928
2019-10-14,59.2774,59.73423,58.66169,59.13837,3038600,11829,181041211
2019-10-15,59.07878,61.19406,59.03906,60.28042,1799500,9219,109184352
2019-10-16,60.19104,61.77005,59.73423,61.6906,4550400,11638,277292993
2019-10-17,61.77005,62.38577,60.31021,61.19406,4710300,13622,288881576
2019-10-18,61.35295,62.12757,60.8862,61.5615,1433100,8251,88984199
2019-10-21,61.38275,62.06798,60.46911,61.91901,1522100,8399,94725279
2019-10-22,62.03819,62.54466,59.90305,60.18111,3223300,16439,196875591
2019-10-23,60.46911,60.65779,58.93975,59.73423,2434200,15028,146917430
2019-10-24,59.83353,60.77696,59.68457,60.61807,1671600,11079,101459802
2019-10-25,60.77696,60.85641,59.53561,60.12153,2082600,11077,125898952
2019-10-28,60.12153,60.30029,59.63491,59.88318,1425400,8639,86034788
2019-10-29,60.0818,60.0818,59.58526,59.88318,1605300,5894,96751540
2019-10-30,59.88318,59.88318,59.15823,59.71436,7526000,10893,450594728
2019-10-31,59.81367,60.20097,59.28733,59.58526,1473400,8093,88431346
2019-11-01,60.17118,60.97558,59.25754,60.42938,1723300,10065,104754136
2019-11-04,61.4324,62.68369,57.61895,58.67162,7810300,25279,466425647
2019-11-05,59.19796,59.19796,57.85728,58.65176,3235800,14171,190339709
2019-11-06,58.94968,59.57533,58.24459,58.87024,1695700,7852,100430120
2019-11-07,59.58526,60.05201,58.25452,58.6319,4412100,12227,262954522
2019-11-08,58.75107,58.94968,57.86722,58.37369,3516300,11257,207284806
2019-11-11,58.3439,59.05892,58.09563,59.02913,2527500,12908,149349671
2019-11-12,58.64183,58.94968,57.13233,57.89701,4693900,13438,274012297
2019-11-13,57.40046,58.67162,57.2813,58.39355,1951000,11859,114296499
2019-11-14,58.59217,59.17809,56.74503,57.14227,3402600,11940,196894430
2019-11-18,57.59908,58.06583,55.50367,56.01014,2413100,12951,137881387
2019-11-19,56.28821,56.79468,56.02007,56.606,1424900,8583,81071647
2019-11-21,56.88406,58.78086,56.10945,58.28431,2483400,10482,143964450
2019-11-22,58.28431,59.73423,57.72819,59.73423,1934200,7391,114665627
2019-11-25,59.73423,59.91298,58.19493,59.43629,2242600,12670,133422856
2019-11-26,58.98941,59.62498,58.12542,58.59217,3799700,12609,224302639
2019-11-27,59.07878,59.07878,57.11247,57.11247,2431400,11997,141409636
2019-11-28,57.13233,57.52957,55.86118,56.8642,1923500,9615,109788120
2019-11-29,56.85427,57.49977,55.53346,56.29814,3661300,19262,207007895
2019-12-02,56.30807,59.93284,55.26533,58.78086,3643200,15837,213681403
2019-12-03,59.18802,60.46911,58.16514,60.20097,2801000,8628,167387889
2019-12-04,60.4989,60.84648,59.52567,59.52567,1412500,6387,85742529
2019-12-05,59.8236,60.07187,58.37369,58.81065,991000,6424,59247004
2019-12-06,59.05892,60.71738,58.6319,60.44925,1478100,8410,89050464
2019-12-09,60.46911,61.38275,58.30417,58.33397,1883400,9284,112023377
2019-12-10,58.35383,58.70141,56.67551,57.77784,3157100,17431,183523471
2019-12-11,57.60901,57.61895,56.66558,57.56929,2492800,12906,143969193
2019-12-12,58.0857,59.34692,57.62888,59.03906,10547800,35090,622289085
2019-12-13,59.34692,59.83353,58.8901,59.58526,4752400,23309,284442501
2019-12-16,59.68457,63.25968,59.33699,61.16427,8467700,41356,526595377
2019-12-17,61.36289,64.15346,61.27351,62.56452,23118700,42924,1458483377
2019-12-18,63.43844,65.04724,62.90217,64.87841,7537600,22672,486565488
2019-12-19,64.89827,66.91425,64.00449,66.23894,6056800,18079,403733489
2019-12-20,66.56666,67.47038,65.90129,66.77521,6481000,17503,436394442
2019-12-23,66.55673,68.22512,65.65302,65.93109,2484100,12858,166443982
2019-12-26,65.94102,67.84775,65.41468,67.84775,1542200,9834,103881083
2019-12-27,68.48332,68.88055,66.55673,68.66207,1931700,11050,132297957
2019-12-30,68.0265,69.43668,67.47038,67.77824,3204200,12889,219688775
2020-01-02,68.82097,71.50231,68.21519,71.16467,4014800,16994,286526192
2020-01-03,70.40991,72.49539,70.24109,72.49539,8099000,18720,589432949
2020-01-06,72.29678,72.29678,68.66207,69.5062,5491500,21029,388947929
2020-01-07,69.68495,70.05241,66.8348,67.13272,5259200,19854,358394499
2020-01-08,67.52995,68.8011,67.13272,67.52995,2828800,12065,193333346
2020-01-09,67.36114,68.48332,67.31148,67.8974,2090800,9726,143078829
2020-01-10,68.30457,69.94316,66.21909,68.30457,3199500,17400,221009809
2020-01-13,68.34429,69.95309,68.34429,69.47641,4089900,17093,285673788
2020-01-14,69.48634,70.42977,68.32443,70.42977,2291000,12053,160171598
2020-01-15,70.31061,72.37622,69.02953,72.37622,3241300,19520,231002825
2020-01-16,70.45956,72.03857,70.14178,71.403,3740700,19229,268015109
2020-01-17,71.3037,73.58779,70.99583,73.58779,2930200,11237,214321533
2020-01-20,73.58779,75.95134,72.70395,75.80238,1562600,7146,117448583
2020-01-21,75.62363,75.75272,73.95524,73.95524,3611200,17903,271233722
2020-01-22,74.48157,75.23632,73.44876,74.02475,3124300,14221,233654909
2020-01-23,72.99194,73.44876,71.23418,72.14782,7156300,20239,521151892
2020-01-24,72.39609,72.93236,70.16164,70.16164,4806500,16971,343636621
2020-01-27,69.41682,69.41682,66.24887,67.73851,6683600,31356,453303684
2020-01-28,68.52305,70.26095,67.95699,70.00274,3965100,16667,275859748
2020-01-29,70.02261,71.50231,68.67201,70.00274,2842700,16316,201431642
2020-01-30,69.91337,70.00274,66.46735,69.83392,2647400,14635,183317952
2020-01-31,69.83392,69.83392,68.1854,69.72468,2978000,15167,206691985
2020-02-03,70.70783,73.28987,69.4069,72.93236,3108800,17271,226903418
2020-02-04,73.6573,74.20351,72.14782,72.99194,2951600,18395,217144322
2020-02-05,73.78641,73.88572,69.43668,71.98892,3947100,19267,285448326
2020-02-06,72.09815,73.50835,69.87365,71.50231,2913100,12718,211278463
2020-02-07,71.50231,72.83304,69.65517,69.65517,1839500,10769,131083704
2020-02-10,70.08219,70.99583,67.57962,67.92719,2286600,9768,157245395
2020-02-11,68.67201,69.99282,68.32443,69.74454,2733400,10998,191106783
2020-02-12,70.22122,72.83304,69.44662,72.13788,3198300,16319,230876245
2020-02-13,70.49929,72.69401,69.82398,71.99886,2306700,10153,166440952
2020-02-14,71.71085,72.70395,70.31061,71.54203,1438200,10096,103418649
2020-02-17,72.14782,73.06145,71.08521,71.9194,1074200,6496,78260618
2020-02-18,71.60162,72.00878,69.5062,71.21431,2671100,15555,189869584
2020-02-19,69.56579,72.22726,69.5062,71.49237,2151500,10186,154415363
2020-02-20,71.0157,71.80024,69.31752,70.67805,2339400,15095,165891052
2020-02-21,69.86371,69.98288,68.07616,68.69187,3895100,18356,269469581
2020-02-26,66.04032,66.04032,61.91901,62.56452,9077200,31052,580105317
2020-02-27,61.57143,63.80588,59.8236,61.47213,9416100,38634,587860989
2020-02-28,60.628,62.79293,59.18802,62.79293,7032300,28704,433985278
2020-03-02,62.79293,63.62712,60.51876,63.59734,4690900,21810,294486463
2020-03-03,62.81279,65.71261,62.66383,63.55761,6564000,36907,424065802
2020-03-04,65.52392,65.53385,61.28344,62.56452,4531800,24904,287706326
2020-03-05,62.51487,62.56452,56.27828,59.58526,7840000,28359,475205514
2020-03-06,56.606,59.25754,56.28821,58.59217,5953800,27442,348811821
2020-03-09,50.80636,54.35169,50.44885,50.64747,10199100,37402,537951213
2020-03-10,51.93848,55.26533,50.88581,54.57017,8145600,38846,432805351
2020-03-11,52.08745,53.28908,45.18549,48.6613,6116400,27857,306198938
2020-03-12,40.51797,43.69585,35.87032,41.11383,4809700,15344,193799028
2020-03-13,47.66821,48.16475,41.04432,45.88065,11546300,45471,510831882
2020-03-16,38.2736,42.68291,36.39666,40.46832,13890000,38094,561422780
2020-03-17,41.06417,43.01062,38.39277,41.31244,11685000,32853,487131469
2020-03-18,36.64494,37.90615,30.28918,33.26844,13139200,43266,444258707
2020-03-19,32.07673,36.78397,29.27622,35.90012,8047100,35193,272336523
2020-03-20,36.75417,41.40182,36.25763,39.71357,10798600,38284,428263091
2020-03-23,39.61426,41.80899,37.48906,39.36599,6762800,32859,266461657
2020-03-24,41.69975,46.07927,41.16348,43.99378,8115800,25601,362855773
2020-03-25,42.60346,52.63364,42.50415,48.16475,5449300,25687,265528083
2020-03-26,49.52671,54.43953,48.58002,52.92482,5970700,23572,312137209
2020-03-27,51.22079,51.32044,47.12512,47.57355,4930500,22936,237958065
2020-03-30,47.57355,49.1879,46.69662,47.83264,3424600,15032,164788499
2020-03-31,47.20484,48.41062,43.88645,44.80324,4600000,22073,213484134
2020-04-01,42.16248,43.57753,38.9836,41.27558,7664500,28691,316143983
2020-04-02,41.23572,43.03941,40.55809,42.31195,5247100,13738,221551898
2020-04-03,41.85356,41.97314,37.18988,37.21977,7724400,32420,304315199
2020-04-06,39.05336,45.99905,39.05336,43.45795,5508400,26910,238844380
2020-04-07,50.29403,51.80873,47.69313,48.51027,5379500,27323,265332866
2020-04-08,48.73947,50.82218,47.80275,50.05487,2067700,11219,102786056
2020-04-09,50.07479,53.5327,49.02846,51.96817,4340800,22010,224357735
2020-04-13,50.87201,51.8187,50.00504,50.82218,2583000,13255,131455425
2020-04-14,52.76538,56.93081,52.49632,55.8745,5406400,20156,300798940
2020-04-15,54.49931,55.88447,52.63583,54.54914,4092100,18539,224879754
2020-04-16,55.20684,56.00405,53.51277,54.73848,4421800,16589,242947857
2020-04-17,56.05387,56.80126,54.41959,55.40614,3690100,13668,204713799
2020-04-20,53.81172,59.163,53.1042,57.33938,2280900,15834,129165621
2020-04-22,58.54516,59.24272,55.98412,56.65178,4051300,18907,232282875
2020-04-23,56.65178,57.04043,51.41013,54.09074,4697700,22405,253575113
2020-04-24,51.97814,53.22378,45.93926,51.85855,6883600,35359,348947201
2020-04-27,52.83514,54.79827,52.16747,54.59897,5183000,16039,278019124
2020-04-28,55.48586,57.16997,54.94775,55.80475,3351200,16646,188209326
2020-04-29,56.60196,57.6483,55.99408,56.80126,3982400,20439,228052097
2020-04-30,55.78482,56.75144,54.31994,54.6189,2946400,11484,162703537
2020-05-04,51.62936,53.31347,50.89194,53.31347,4366200,20371,228097989
2020-05-05,53.62238,56.09374,52.50629,54.50928,3574700,17651,194951375
2020-05-06,54.66872,55.45597,52.46643,54.07081,4355400,21116,236568297
2020-05-07,55.80475,59.35234,54.82817,56.29304,7156200,38879,408884597
2020-05-08,58.0469,58.20634,54.03096,55.49583,3411900,16193,189819411
2020-05-11,54.80824,55.60545,52.98461,53.58252,2776200,18812,151005528
2020-05-12,52.83514,55.84461,52.82517,54.18043,2827400,11911,155617410
2020-05-13,54.59897,55.00754,51.11117,52.93479,3161700,16802,168354953
2020-05-14,52.31695,53.12413,50.28406,52.40664,6195400,17117,322870639
2020-05-15,51.76887,52.15751,49.62637,52.15751,5230700,18132,267199246
2020-05-18,53.58252,55.18691,52.55611,55.18691,2731700,15269,148312365
2020-05-19,55.19687,56.05387,53.91137,55.12712,1824300,12215,100855537
2020-05-20,54.8182,55.78482,53.72203,55.2766,2474900,17245,136708857
2020-05-21,55.60545,57.56858,54.54914,56.32294,5841100,35574,329126882
2020-05-22,55.7051,56.80126,55.40614,56.39269,3174000,19475,178245204
2020-05-25,57.11018,59.84063,56.74147,59.29255,1814100,11271,107562385
2020-05-26,59.91038,62.64083,59.51178,62.18243,4324900,24020,267094866
2020-05-27,62.73052,62.79031,60.81721,62.18243,2775100,16446,172294862
2020-05-28,61.44501,63.55762,60.66774,62.37177,2862300,18046,178702646
2020-05-29,62.30202,62.60097,59.7908,62.08278,6767600,28881,416691403
2020-06-01,60.94676,62.75045,60.32892,61.5347,4197700,20424,259000276
2020-06-02,61.15602,63.39818,60.73749,63.03943,4619800,19773,286795692
2020-06-03,63.12912,64.45448,61.3055,62.53121,6737500,29181,423200206
2020-06-04,61.93331,63.26863,61.38522,62.26215,3864500,23069,240630153
2020-06-05,63.0793,65.17197,62.50132,63.87651,3570600,21995,229778772
2020-06-08,65.15204,65.48089,62.97964,64.01601,3005000,18442,193329591
2020-06-09,62.98961,63.66724,61.93331,63.43804,2363500,13799,149519210
2020-06-10,64.17546,64.70361,62.74048,63.77686,4172100,20623,267034970
2020-06-12,62.08278,63.85658,60.88697,63.61741,5808100,36303,362879529
2020-06-15,62.07282,64.17546,61.68418,62.68069,3563700,20376,225023792
2020-06-16,63.75692,64.37476,61.25568,62.6209,7230200,22767,454420464
2020-06-17,63.08926,63.737,62.30202,62.78034,13517700,22382,850935336
2020-06-18,62.08278,63.13909,61.98313,62.76041,5299600,14603,333355825
2020-06-19,63.2786,65.02249,62.53121,64.44451,5338400,24979,342681120
2020-06-22,65.26166,66.03893,62.98961,63.75692,4184500,11707,269116439
2020-06-23,64.28507,67.21482,63.99609,66.03893,4341400,20708,287321440
2020-06-24,65.43107,66.46744,63.65728,64.94277,2428900,13595,158237379
2020-06-25,65.76988,66.46744,64.32494,66.26814,3788600,15618,248572067
2020-06-26,65.49085,67.68318,65.47092,66.28806,4047300,19256,271215510
2020-06-29,66.94576,67.85258,66.13859,67.77287,1856200,10650,125325060
2020-06-30,66.86604,68.93879,66.38772,67.77287,2578400,12236,175598703
2020-07-01,68.36081,68.78931,67.05538,68.04193,2126900,13316,144975832
2020-07-02,68.75942,68.75942,65.1919,65.27162,7510300,22588,496288179
2020-07-03,65.38124,66.25817,65.10222,65.57058,4679100,8028,307376108
2020-07-06,65.99908,66.16849,64.91288,65.73002,2565200,12351,168620727
2020-07-07,65.34138,65.76988,63.56759,64.24522,3062400,16479,197706159
2020-07-08,64.58402,65.27162,63.31846,64.36479,2280600,13370,146915706
2020-07-09,64.47441,64.69364,63.19888,64.68369,2385900,12614,153107557
2020-07-10,64.54417,64.57407,63.48787,63.52773,1683200,9142,107658860
2020-07-13,63.46793,63.61741,61.28557,61.48487,3248100,17329,202977541
2020-07-14,61.28557,64.14556,60.62787,63.88647,6035800,20817,380327085
2020-07-15,63.89644,64.47441,63.49783,64.05588,2510700,14594,161267514
2020-07-16,63.72703,63.97615,62.38174,62.81024,1811200,10500,114363919
2020-07-17,62.86007,67.18493,62.86007,67.18493,4174700,23034,276615198
2020-07-20,67.08527,68.86903,66.96569,68.86903,1778200,11568,121406067
2020-07-21,68.24123,68.55016,66.26814,68.03196,2630300,18959,178076403
2020-07-22,68.16151,69.44701,67.4241,69.40715,2354000,15578,162354488
2020-07-23,69.74596,69.85558,66.82618,66.97566,2692000,15014,183406370
2020-07-24,67.44402,68.43056,65.57058,67.82269,2331800,11540,157377308
2020-07-27,67.3643,69.5367,66.02898,66.77636,4589400,16638,308322667
2020-07-28,66.50729,68.08179,65.44102,67.81274,1947200,12431,131403505
2020-07-29,67.81274,68.53022,66.91587,67.18493,1717600,10368,116656127
2020-07-30,66.62688,69.2776,66.308,68.65977,2165000,13688,148928887
2020-07-31,68.72952,69.18792,65.94925,66.52723,2413200,13204,162590557
2020-08-03,67.26465,69.14806,65.80974,68.42061,3919200,20289,266651390
2020-08-04,68.42061,68.42061,65.3912,65.96918,3640000,17603,242411205
2020-08-05,67.76291,68.56012,66.79629,67.75294,2082700,12354,141751572
2020-08-06,68.40067,70.32394,67.9622,70.32394,2779700,16973,193108343
2020-08-07,70.32394,71.89844,68.91886,70.18443,4450000,27730,313800117
2020-08-10,70.18443,70.5631,67.41412,68.42061,1965900,12929,135441656
2020-08-11,68.6498,68.6498,66.82618,67.55363,3209700,15921,218004309
2020-08-12,67.83266,68.04193,64.1356,65.34138,3952200,24483,258727256
2020-08-13,65.63036,67.67323,65.03246,66.0788,3341800,16967,223487153
2020-08-14,66.17845,67.26465,65.33141,66.60695,2851500,15222,189840678
2020-08-17,66.39768,67.77287,64.35483,65.61044,3564400,13809,236926675
2020-08-18,67.02549,67.3643,66.26814,66.7664,2335400,12956,156401322
2020-08-19,67.03545,67.03545,64.61392,65.11217,3019300,18760,198480695
2020-08-20,62.98961,65.64034,62.48139,65.43107,5708600,19689,368811986
2020-08-21,65.10222,69.12813,64.12563,68.92883,3902400,18677,262060707
2020-08-24,68.19141,69.55663,67.44402,69.48688,4426600,22630,306665687
2020-08-25,69.64632,71.41015,69.15803,70.34387,4859400,22605,344223008
2020-08-26,71.84861,72.86506,70.89196,72.62589,7550400,29963,544562260
2020-08-27,72.3369,74.24024,72.1077,73.37328,2899000,17191,213550472
2020-08-28,73.67223,74.91787,72.91488,74.24024,3524100,15321,262010429
2020-08-31,73.54269,74.79829,73.15405,73.84164,4266000,17527,317121660
2020-09-01,74.34986,75.54567,74.12066,74.27013,4695700,20426,352051354
2020-09-02,74.27013,74.83815,72.19739,73.4231,2139300,15067,157503960
2020-09-03,73.71209,74.68867,72.31697,74.07084,2907100,20067,215413199
2020-09-04,74.66875,75.53571,73.36331,74.31997,8036000,22102,600559043
2020-09-08,72.24722,75.43606,71.74896,74.02101,3719700,22704,277442954
2020-09-09,75.73502,76.2233,73.64233,74.90791,2723500,16755,204585079
2020-09-10,74.65878,75.28658,71.40018,72.34686,3182300,15321,234334029
2020-09-11,72.64582,73.03446,69.09823,69.61642,3251800,17916,229253497
2020-09-14,70.37377,72.74548,70.16451,72.74548,1759200,11310,127020252
2020-09-15,73.03446,73.03446,69.73601,71.0215,2776100,14438,197784730
2020-09-16,71.59948,73.34338,71.30053,71.60945,2490800,14892,180582677
2020-09-17,70.00506,70.94179,68.78931,69.45698,3323000,17790,232209630
2020-09-18,68.76939,69.94527,67.1351,69.18792,4261500,16595,294372966
2020-09-21,68.36081,69.04841,66.88598,68.92883,2483200,12280,170081182
2020-09-22,68.16151,68.72952,67.45399,68.20137,2629200,13438,180033496
2020-09-23,67.03545,68.62988,66.22827,66.57705,2483500,15221,167596438
2020-09-24,66.92583,68.70959,66.35782,67.63336,1909700,13380,129782861
2020-09-25,67.4241,67.64332,65.69016,67.44402,1985800,12437,132945257
2020-09-28,67.44402,68.10172,63.78682,63.9363,2887900,18660,188745056
2020-09-29,63.6772,64.64382,62.78034,63.37825,4404200,19257,280824823
2020-09-30,63.37825,65.25169,63.17895,64.83315,2867600,17076,185401489
2020-10-01,64.71358,65.95922,63.85658,65.66026,2766100,14104,180304320
2020-10-02,65.55064,65.57058,63.46793,64.02598,2241200,14204,144435122
2020-10-05,62.87999,66.57705,62.28209,65.50082,2803800,16487,183665643
2020-10-06,66.66674,66.66674,63.05936,63.97615,7690000,13413,499098960
2020-10-07,64.77337,65.50082,62.87999,64.7634,3568100,15986,229654470
2020-10-08,65.10222,66.308,63.55762,65.82967,3823300,14909,251307470
2020-10-09,65.96918,66.31796,63.94626,64.47441,2869900,16232,186425944
2020-10-13,64.40466,67.50381,64.11566,66.71656,2937800,15742,193548630
2020-10-14,66.83615,69.15803,66.66674,68.48039,4392500,22076,301106372
2020-10-15,67.26465,67.64332,66.32793,66.83615,2505200,12596,167838261
2020-10-16,66.56709,66.66674,64.17546,64.80326,2527000,16171,164588346
2020-10-19,65.08228,66.10869,64.3349,64.90291,2905500,14868,190181645
2020-10-20,65.47092,66.00904,64.27511,65.07232,2349700,12437,153328934
2020-10-21,65.07232,66.36778,64.8232,65.28159,2192200,11217,144426054
2020-10-22,65.27162,66.34785,64.71358,66.19838,3254500,13974,214468202
2020-10-23,65.76988,65.96918,63.87651,64.11566,2345600,11458,151733800
2020-10-26,64.27511,66.67671,63.62738,66.29803,2289000,13598,151104057
2020-10-27,66.57705,68.60994,66.23824,66.63685,2778400,13006,187027414
2020-10-28,65.27162,66.54716,65.00256,65.70013,2154300,12408,142434160
2020-10-29,65.71009,67.25468,64.41462,67.22478,2436800,16197,161754320
2020-10-30,67.07531,67.07531,64.89295,65.52075,3636600,18248,240178238
2020-11-03,65.80974,67.73301,65.11217,67.26465,3818900,19639,255865475
2020-11-04,67.7928,71.54966,67.26465,71.5397,4863200,24923,342197141
2020-11-05,72.25718,73.91139,71.32046,72.46645,3785500,21790,274400857
2020-11-06,71.74896,73.74199,71.45997,73.60248,3666700,15238,267498872
2020-11-09,74.5093,75.72504,70.26415,71.84861,4490100,26280,325470135
2020-11-10,71.35035,71.94826,68.58005,69.11816,4734400,27494,331435086
2020-11-11,68.6498,69.38722,67.37427,68.65977,2910100,17147,199657038
2020-11-12,69.04841,69.73601,68.20137,69.08827,4088100,19158,282955149
2020-11-13,69.44701,74.5392,69.3075,74.24024,5629500,21925,412714749
2020-11-16,74.65878,74.65878,71.88847,73.72206,3295200,17739,241604971
2020-11-17,73.72206,73.72206,70.25419,71.54966,8031500,33770,575925448
2020-11-18,71.80875,72.48637,70.45349,70.75245,2699100,12664,193179329
2020-11-19,70.76241,71.20087,69.12813,70.14457,3343800,17196,234848656
2020-11-20,69.90541,70.48339,69.41712,69.63634,2807700,17878,196729415
2020-11-23,70.15454,72.03795,69.74596,71.23077,3159400,14845,225224974
2020-11-24,71.23077,71.23077,69.58652,70.34387,2511600,14330,176510023
2020-11-25,70.5631,73.10422,69.88548,72.09774,3411000,18309,245833089
2020-11-26,71.94826,72.29704,69.71607,70.23426,2325100,11889,164178540
2020-11-27,69.9353,69.9353,66.56709,69.25768,11132600,30302,756953996
2020-11-30,69.25768,69.52673,67.38423,68.26116,7150200,24422,488647067
2020-12-01,68.75942,70.90192,67.3344,69.82569,10325900,29953,714572937
2020-12-02,69.81572,73.71209,69.68618,72.88499,13242900,65330,962649640
2020-12-03,73.14408,74.5392,72.50631,73.57258,8255600,42999,611263913
2020-12-04,74.51926,75.58553,73.78185,74.5093,8189900,23481,612463790
2020-12-07,74.7385,74.7385,71.75893,73.21384,3932000,18742,288930963
2020-12-08,73.2238,75.00755,72.47642,74.63885,5447200,26499,405082795
2020-12-09,76.03397,76.73153,74.31,74.98763,5723500,30099,433678826
2020-12-10,75.93431,76.61194,74.16052,74.78833,10555900,31840,795330831
2020-12-11,73.69215,75.08728,73.6822,74.59899,3519900,18449,263097700
2020-12-14,75.03745,75.03745,73.32346,74.17049,2211100,11933,164281532
2020-12-15,74.59899,74.89794,72.5661,73.79182,4927600,21165,362169709
2020-12-16,73.74199,75.13711,73.12415,74.52924,4660800,25054,348240779
2020-12-17,74.04094,75.73502,74.04094,75.31648,3138500,15652,237304714
2020-12-18,75.55564,76.44254,73.01453,74.09077,3405200,16908,254043349
2020-12-21,72.37676,75.73502,71.4201,75.21683,4294600,16938,322244562
2020-12-22,74.48937,77.88748,74.48937,77.29954,4264400,18175,329342805
2020-12-23,77.67821,77.72804,76.46247,77.03049,2150800,11488,166146090
2020-12-28,77.03049,77.9672,75.8546,77.72804,1962400,11021,151865730
2020-12-29,77.92734,80.02998,77.15006,79.69117,3406500,18437,269324366
2020-12-30,79.80079,80.55814,77.40916,78.06685,3924100,13794,308851518
2021-01-04,78.8242,79.2826,75.87453,76.99062,2706300,14258,209130382
2021-01-05,76.37278,77.20985,75.13711,75.23676,3731900,15873,283041742
2021-01-06,75.25668,75.45599,72.05788,72.05788,5292400,29263,388569437
2021-01-07,72.49635,74.20038,70.95174,71.94826,5634400,25530,410656471
2021-01-08,72.1077,95.07734,72.1077,91.08132,19274600,48731,1681160281
2021-01-11,89.6862,102.68074,88.49039,101.09628,18283500,75610,1802051766
2021-01-12,100.58806,100.75747,95.745,98.32597,12006400,37924,1184865505
2021-01-13,97.96722,97.96722,93.87155,94.75845,5959200,25925,567699668
2021-01-14,94.66877,96.55218,92.84515,93.85162,4152100,18763,393596472
2021-01-15,91.95825,96.28312,91.09129,95.16702,2943400,15641,279448234
2021-01-18,96.48242,100.04994,95.66528,98.65482,2996800,14107,295733011
2021-01-19,99.65134,100.37879,94.97768,96.46249,3740500,20707,363052059
2021-01-20,96.64187,98.05692,94.29009,97.74799,2653600,17257,257037698
2021-01-21,97.14012,100.60799,96.2034,98.27615,3505900,20441,346062498
2021-01-22,97.40918,98.73454,95.55566,97.19991,1998200,12462,194617398
2021-01-26,98.85412,100.60799,96.75148,98.21635,3495900,17990,346627879
2021-01-27,98.29607,98.67475,93.35337,94.49936,3021200,16449,290992109
2021-01-28,94.49936,98.43559,93.68222,97.37929,3445900,21787,331689459
2021-01-29,96.80131,96.94082,93.07435,94.17051,3954300,20359,375686528
2021-02-01,97.21984,97.65831,94.20041,96.23329,3565100,20494,344215164
2021-02-02,98.66479,100.03001,96.00409,97.54869,3866300,25205,378739052
2021-02-03,97.64834,98.25622,95.20689,97.18995,3108700,17425,301692144
2021-02-04,97.65831,97.86758,95.73504,96.79134,1547000,9540,150581816
2021-02-05,96.79134,99.85063,96.2034,98.38577,1547800,8542,152666564
2021-02-08,98.35587,101.09628,97.2597,97.72807,2571000,11913,255329196
2021-02-09,97.65831,97.75796,95.18695,95.56563,3677200,16273,353556783
2021-02-10,94.66877,96.12368,92.42661,93.05441,5566700,24845,523582554
2021-02-11,93.68222,100.53823,93.39323,96.14361,5265900,18205,507866263
2021-02-12,96.06389,96.06389,93.68222,94.75845,2185800,10455,207692488
2021-02-17,95.49587,96.00409,92.38675,95.16702,6125600,21968,582402597
2021-02-18,93.13414,94.27016,89.16801,91.98814,4911100,28140,450753950
2021-02-19,91.87852,93.53275,90.32397,92.80528,2460300,13462,227695487
2021-02-22,91.47993,95.9742,88.2014,93.71211,5472200,30622,507168313
2021-02-23,92.7156,93.71211,87.03547,89.8855,6040700,24679,543333702
2021-02-24,90.33394,91.38027,88.51031,89.6563,3323000,17815,298647344
2021-02-25,89.27763,90.66279,87.0853,87.98216,3997300,18642,353746342
2021-02-26,86.70663,89.44704,85.32147,86.41764,5617800,25844,489887937
2021-03-01,94.46947,95.19692,89.36732,89.36732,7470100,33053,688214818
2021-03-02,87.743,91.12119,83.20886,88.55018,6628500,34644,577507208
2021-03-03,87.6832,88.19143,83.53771,86.69666,8348700,40512,718355420
2021-03-04,86.99562,87.19492,83.50782,85.55067,6724900,30479,578845961
2021-03-05,84.70364,86.59701,82.40169,85.53074,7551900,42547,643455318
2021-03-08,81.73402,83.36831,78.55515,79.68121,8737600,45359,712789481
2021-03-09,78.90392,82.9099,76.81125,81.85361,6902400,35722,559418323
2021-03-10,81.6842,83.64733,78.87403,83.00957,4667400,21479,382473017
2021-03-11,83.00957,85.19193,81.77388,84.29506,3843000,19269,322267100
2021-03-12,82.22232,83.36831,81.63437,82.76044,2809000,13421,232193796
2021-03-15,82.71061,84.99262,81.7141,84.47443,1910400,9804,160586388
2021-03-16,84.20538,87.86258,83.10921,85.9692,3270500,17235,282691253
2021-03-17,84.33492,85.38126,82.46148,84.74349,4909400,21361,415076695
2021-03-18,83.70712,84.06586,81.96322,83.71709,3115400,16585,259650537
2021-03-19,83.70712,86.49736,83.20886,84.65381,5271600,19924,449229428
2021-03-22,83.15903,84.46447,80.77737,83.60747,2723200,15146,226467366
2021-03-23,82.56113,86.12865,82.56113,85.08231,3031300,18491,258610525
2021-03-24,85.40119,85.78983,82.16252,82.71061,3746300,18907,314652605
2021-03-25,81.89346,87.21484,81.55465,86.79631,7309300,23718,626389225
2021-03-26,86.35785,86.55715,83.86657,84.69366,2412800,11328,205321116
2021-03-29,83.14908,84.54419,81.63437,83.81673,3118900,16508,260154524
2021-03-30,82.42162,84.08579,82.42162,83.40816,3201900,19724,267441162
2021-03-31,83.84663,83.84663,81.84364,82.51131,5571700,22844,461647430
2021-04-01,82.56113,83.6573,81.01654,81.61444,3636400,18409,298531607
2021-04-05,81.40517,82.77039,81.21584,81.7141,5017600,19275,411869705
2021-04-06,81.96322,82.41165,79.90044,81.46497,4891500,24214,398313509
2021-04-07,81.56461,84.97269,81.23576,83.55764,5916900,25039,496653898
2021-04-08,83.48788,83.87653,81.6842,82.49137,7782000,22832,643413102
2021-04-09,81.37528,82.20238,80.08978,81.72406,4418000,20634,361018348
2021-04-12,81.7141,82.24224,80.95674,81.76392,3897900,11646,319497609
2021-04-13,81.7141,83.32845,80.49834,83.32845,4156200,19069,343533284
2021-04-14,83.05939,83.87653,81.22581,82.79033,4470100,17625,371079629
2021-04-15,83.1989,83.60747,81.4251,81.74399,5407700,17928,444124469
2021-04-16,81.76392,82.68071,80.42859,82.41165,5523400,18380,451393656
2021-04-19,81.7141,82.29208,80.89695,81.6543,3029600,15139,247716287
2021-04-20,81.38524,84.27513,81.21584,83.68719,4481200,21497,374143876
2021-04-22,83.6573,83.89646,80.24921,81.15605,6531200,23804,534468590
2021-04-23,81.53472,81.96322,79.98016,81.51479,8516500,22891,691484080
2021-04-26,81.26566,82.1127,80.3987,81.52475,2267300,12198,184748436
2021-04-27,81.51479,82.0529,80.52824,81.10622,2378000,12668,193598781
2021-04-28,80.94678,82.65082,79.45201,82.03297,3912800,15368,320518407
2021-04-29,82.10273,83.32845,81.0265,82.02301,2769300,15692,228429188
2021-04-30,80.71758,81.89346,80.41862,80.98663,3074000,13408,250062895
2021-05-03,80.89695,83.18893,80.31897,82.94977,2958000,16193,244263134
2021-05-04,82.71061,83.13911,81.40517,82.25221,3384400,15474,279460379
2021-05-05,83.02949,83.37827,81.75395,83.09924,3057200,14935,253905679
2021-05-06,82.81026,82.85012,81.43507,82.5711,2346500,11083,193247191
2021-05-07,82.48141,84.99262,82.2821,84.80328,1871300,9989,157665185
2021-05-10,84.20538,84.78336,81.52475,83.30851,2411800,13735,199777163
2021-05-11,82.60099,83.51778,80.61793,83.1989,2787000,14171,229872419
2021-05-12,80.14957,81.00657,78.8242,78.99361,6057000,25995,483593487
2021-05-13,79.56162,82.7405,79.56162,81.22581,3745600,18771,306483912
2021-05-14,82.59,82.95,81.07,81.62,2221000,12402,181996242
2021-05-17,81.59,82.8,80.62,81.4,2389200,11790,194568461
2021-05-18,81.15,82.49,80.3,81.68,1979700,10431,161301119
2021-05-19,81.5,82.05,80.19,80.3,4818700,16245,388934677
2021-05-20,80.89,84.13,80.11,83.14,2735500,13863,225077515
2021-05-21,83.2,84.84,82.1,84.13,2699900,13422,226426770
2021-05-24,84.12,87.23,83.95,87.23,4310700,23819,373088970
2021-05-25,87.82,87.86,86.0,86.75,3281900,16118,285412135
2021-05-26,87.75,90.0,86.31,87.09,4210500,19556,371372394
2021-05-27,87.09,87.84,85.09,87.26,3820200,14537,331080345
2021-05-28,87.51,88.96,86.5,87.73,2040500,12641,179478178
2021-05-31,87.62,89.29,86.77,88.39,2289300,12588,201220594
2021-06-01,88.59,89.93,87.72,88.5,3338300,15223,296639109
2021-06-02,88.51,89.24,85.63,86.85,3604100,13157,313075248
2021-06-04,86.55,87.23,84.77,86.1,2583100,13012,221018141
2021-06-07,86.14,87.18,86.0,86.7,2890300,14655,250483849
2021-06-08,86.96,87.06,85.87,86.5,2058600,10685,178029494
2021-06-09,86.9,87.73,85.81,86.85,3681400,15646,318734498
2021-06-10,86.98,87.86,85.84,86.9,4118500,12744,356489751
2021-06-11,86.6,86.71,83.57,84.54,3522100,15275,297144808
2021-06-14,85.35,85.57,83.81,84.55,2893100,11986,244839676
2021-06-15,84.67,85.38,83.77,83.87,3227800,11179,272537174
2021-06-16,84.0,85.99,83.44,84.98,5914700,21262,501878310
2021-06-17,84.85,87.4,84.18,86.5,2030400,10063,175535585
2021-06-18,87.5,87.7,86.43,86.68,2876700,16425,249980904
2021-06-21,87.0,87.02,84.54,84.67,6174500,11020,527316930
2021-06-22,84.51,86.57,83.82,85.92,2563900,17209,218638189
2021-06-23,85.4,87.35,85.4,86.4,1783400,8019,154332378
2021-06-24,86.98,88.0,85.57,87.38,3614300,13642,314810122
2021-06-25,87.1,87.25,83.83,85.06,3297200,16953,279585416
2021-06-28,84.71,87.0,84.67,85.9,2059800,10082,177335033
2021-06-29,85.69,85.83,83.92,85.7,6278200,19366,530343647
2021-06-30,85.0,85.24,83.54,84.93,3683300,16954,310993795
2021-07-01,84.62,84.84,82.26,83.55,3256000,16637,271062273
2021-07-02,84.38,85.22,83.6,84.86,2508700,12576,212075245
2021-07-05,85.2,85.21,83.41,84.06,1533200,7377,128738269
2021-07-06,83.47,83.72,82.3,83.1,2078800,10684,172471280
2021-07-07,84.37,85.26,83.27,85.0,3965200,12440,333908024
2021-07-08,84.5,84.55,83.25,83.78,1900000,10003,158901352
2021-07-12,84.35,84.71,83.04,84.42,2195800,11271,184228925
2021-07-13,83.91,85.2,83.15,85.17,2406000,10576,202568294
2021-07-14,85.17,86.6,85.09,85.62,3356200,16688,287169703
2021-07-15,85.63,86.1,84.31,85.23,1193900,6170,101640570
2021-07-16,84.87,86.0,84.45,84.91,2798700,9230,238434242
2021-07-19,84.47,85.29,83.04,83.9,3167100,15447,265084197
2021-07-20,83.49,83.64,81.32,81.92,3050100,12565,251666532
2021-07-21,81.85,82.19,80.02,80.58,3190700,13504,256994885
2021-07-22,80.31,82.16,80.31,80.92,2428700,12480,196900555
2021-07-23,80.71,81.36,80.28,80.85,1171800,7174,94596428
2021-07-26,81.01,81.05,79.81,80.17,2150300,10436,172598605
2021-07-27,79.73,80.2,78.47,80.08,3279500,13080,260049459
2021-07-28,80.62,82.42,80.0,81.7,2518800,13573,205209321
2021-07-29,82.07,82.54,80.92,81.9,1807700,10082,147756076
2021-07-30,80.67,81.24,79.16,80.0,2839500,12802,227480159
2021-08-02,79.49,82.33,79.49,80.14,2969900,14336,240417673
2021-08-03,79.62,81.1,78.57,80.63,2810300,12356,224886399
2021-08-04,80.77,80.81,77.92,79.7,4879200,17473,385013472
2021-08-05,80.15,82.49,79.18,79.79,2543000,15742,204610551
2021-08-06,79.9,80.14,79.0,79.39,1367000,8219,108704628
2021-08-09,79.09,80.15,78.22,78.23,2126700,9747,167414585
2021-08-10,78.51,78.9,77.0,77.62,2437400,12104,188904345
2021-08-11,76.62,78.09,75.46,77.28,8282700,26286,634972703
2021-08-12,76.65,82.82,76.65,82.62,9797600,26590,797443320
2021-08-13,82.8,86.75,82.63,84.23,6985100,31470,597032134
2021-08-16,84.3,85.16,81.77,83.0,3772600,20293,314125686
2021-08-17,82.7,83.03,80.61,81.5,3225100,16018,262768696
2021-08-18,81.7,81.97,78.55,80.01,5915900,22943,473458137
2021-08-19,78.59,83.57,78.33,82.52,3672500,14550,298250381
2021-08-20,81.44,85.51,80.75,85.4,4072000,15256,342912496
2021-08-23,85.4,85.68,81.67,82.43,2894800,13555,239960801
2021-08-24,83.05,84.0,82.51,82.87,1995200,11983,165992170
2021-08-25,82.92,83.27,81.15,83.11,3458300,12730,284667287
2021-08-26,82.05,82.78,80.74,80.8,2680900,11785,218425007
2021-08-27,80.99,81.37,79.82,80.74,3913800,13293,314689986
2021-08-30,80.74,81.36,79.81,80.25,1420600,8712,114146483
2021-08-31,80.34,81.65,79.09,79.94,4646000,17143,371749110
2021-09-01,80.19,81.54,79.43,80.95,1470100,8483,118693098
2021-09-02,80.18,80.84,78.96,80.42,2382800,13160,190213630
2021-09-03,80.86,81.69,79.23,81.69,4294500,14037,347918605
2021-09-06,81.09,84.04,81.05,83.65,1758500,7214,146064815
2021-09-08,82.81,83.15,80.28,80.81,2591600,14490,210223124
2021-09-09,80.84,84.0,79.22,81.95,2530400,16602,203848301
2021-09-10,82.5,83.13,81.0,81.25,1963300,11669,161203431
2021-09-13,83.0,85.71,82.51,83.62,2725400,10820,229070990
2021-09-14,83.71,84.96,83.06,84.7,1519400,8419,128140963
2021-09-15,84.83,84.9,82.9,84.75,1814800,8457,153074690
2021-09-16,83.91,84.92,83.2,84.39,2644800,7496,222903307
2021-09-17,84.41,84.53,81.44,83.0,3759900,11205,310835257
2021-09-20,82.38,83.25,80.15,80.71,3197100,14780,259882570
2021-09-21,80.72,84.17,80.5,82.78,1783900,10325,147618440
2021-09-22,83.36,83.36,78.82,79.57,5918200,19530,475678589
2021-09-23,79.62,80.7,77.96,80.53,3763400,15362,300635734
2021-09-24,79.76,80.8,78.63,80.3,1484300,8672,118470653
2021-09-27,78.69,79.27,76.79,78.2,2788000,14721,217470673
2021-09-28,76.52,77.29,72.1,73.6,6710100,25861,493447326
2021-09-29,74.1,75.0,72.98,73.85,3315000,17502,244920639
2021-09-30,74.68,75.5,73.05,74.61,3778300,17335,280990738
2021-10-01,74.11,77.49,73.91,74.59,3432800,15684,258831485
2021-10-04,72.88,73.32,70.72,71.2,6878600,21308,492029209
2021-10-05,71.34,72.85,70.03,71.38,4523100,19610,323976860
2021-10-06,70.05,71.55,68.55,70.5,4331700,19741,302583131
2021-10-07,70.01,71.01,68.0,70.1,7402300,24803,512945149
2021-10-08,71.27,73.42,70.8,72.0,4905900,18991,354056924
2021-10-11,71.06,73.56,69.9,72.05,3153300,15610,227236336
2021-10-13,72.4,73.64,71.16,71.7,2992500,17066,216467580
2021-10-14,71.71,72.12,69.96,70.73,2556800,12743,180896630
2021-10-15,70.59,73.4,70.07,72.95,2734400,10884,197994312
2021-10-18,71.41,72.48,70.84,71.36,3010700,14251,215721310
2021-10-19,69.41,70.0,67.1,68.2,3386200,17711,231272467
2021-10-20,68.57,69.18,65.67,66.06,4491700,16908,300639098
2021-10-21,65.0,66.8,63.33,65.35,7325500,28473,478324473
2021-10-22,64.67,68.02,61.46,65.74,6144700,35727,397324978
2021-10-25,64.71,67.93,64.24,66.24,3093400,17593,205697898
2021-10-26,64.25,65.63,64.02,65.29,3806500,20597,247408964
2021-10-27,65.28,67.5,65.18,66.28,4757600,17189,317021619
2021-10-28,65.28,67.19,64.68,64.96,3642200,14453,238916149
2021-10-29,65.81,66.18,63.74,64.18,4053400,18340,261062484
2021-11-01,65.5,66.38,64.0,65.72,2460000,11027,160998867
2021-11-03,64.2,70.09,64.2,68.85,4562600,26395,310823978
2021-11-04,68.8,70.19,67.54,68.51,3833300,17526,264031667
2021-11-05,69.04,71.89,68.88,71.5,3506200,21333,249243885
2021-11-08,70.14,72.76,70.14,72.1,2078700,14151,149408875
2021-11-09,71.56,76.14,71.56,73.79,3023200,17004,224412692
2021-11-10,74.79,75.88,73.76,74.07,4573600,17768,343094511
2021-11-11,73.48,77.55,71.35,76.62,5678000,25586,430908925
2021-11-12,76.29,77.11,72.85,73.31,3686800,18744,272130819
2021-11-16,73.25,73.66,70.2,71.43,2552200,15310,182276069
2021-11-17,73.06,73.16,68.89,69.5,4179500,21482,294379394
2021-11-18,69.73,72.88,69.66,72.12,4744600,15019,340727644
2021-11-19,71.91,75.12,71.91,72.65,3378900,16020,247422524
2021-11-22,72.02,72.78,70.58,70.91,2156400,11424,154167626
2021-11-23,71.15,72.5,69.36,71.81,2004200,13135,142486341
2021-11-24,71.16,72.37,69.71,70.1,3092600,14167,219168648
2021-11-25,69.98,70.04,67.64,68.58,4730800,17961,323490752
2021-11-26,67.0,67.95,64.5,65.26,4004400,22649,262670832
2021-11-29,66.01,67.06,63.78,64.05,3280900,15904,212200643
2021-11-30,63.98,64.4,59.07,61.46,8047400,28198,490842186
2021-12-01,62.1,62.37,58.29,58.48,4055200,22769,242434850
2021-12-02,59.15,62.55,58.88,62.0,4477300,19085,274084133
2021-12-03,61.76,66.03,61.76,64.54,4239300,23127,274293239
2021-12-06,64.54,65.18,63.18,64.04,2595000,10910,166379327
2021-12-07,64.82,64.98,62.56,63.4,3139700,12080,198881481
2021-12-08,63.79,65.39,63.01,64.42,4015300,13554,259145772
2021-12-09,63.66,64.84,62.54,63.69,2679700,12400,170674251
2021-12-10,65.39,65.39,63.32,63.75,3182600,12067,203500427
2021-12-13,64.24,67.61,63.59,65.67,6516600,21242,431546546
2021-12-14,66.41,66.78,63.69,63.94,6213100,13203,400670293
2021-12-15,64.04,64.71,62.33,64.0,2679200,14877,170980166
2021-12-16,71.0,71.96,65.24,66.03,13413800,43735,909029371
2021-12-17,65.5,65.99,63.77,65.2,7370300,18065,480798475
2021-12-20,64.27,65.28,63.18,64.62,2545800,14667,163680882
2021-12-21,64.62,66.1,64.5,65.16,2130600,11245,138972529
2021-12-22,65.16,66.14,63.11,63.51,2241100,11244,143031172
2021-12-23,63.84,63.84,60.95,61.45,2325800,11672,143402206
2021-12-27,61.45,62.15,60.5,61.15,1899000,8567,116159830
2021-12-28,61.54,61.7,58.41,59.32,3288300,13956,194795574
2021-12-29,59.41,59.66,57.71,58.0,2494100,12861,145495312
2021-12-30,58.05,60.39,57.98,60.35,2428600,9696,145539602
