Date,Open,High,Low,Close,Volume,Neg,Fin
2018-04-25,5.421600975351167,5.73657508703804,5.218828456875715,5.679489715204594,42060600,46823,1164266735
2018-04-26,5.709016976349052,5.75823574204821,5.34876239987396,5.4806554976400825,5870800,12986,167820150
2018-04-27,5.510182758784541,5.640116701782786,5.413724373529286,5.512151909240011,2796500,8057,78962990
2018-04-30,5.482624648095553,5.512151909240011,5.423570125806636,5.443251634673745,1111100,1455,30753365
2018-05-02,5.315296837818561,5.502316152650253,5.315296837818561,5.376320510562948,1285000,4777,35159011
2018-05-03,5.33694749714114,5.492470400372903,5.275923824396753,5.411755223073817,2371800,5361,64161491
2018-05-04,5.447189935584684,5.447189935584684,5.197177797553136,5.266078072119403,1898400,5061,50928216
2018-05-07,5.246386567564703,5.315296837818561,5.236550810974945,5.315296837818561,1125600,3127,30217484
2018-05-08,5.34482409896302,5.374351360107478,5.275923824396753,5.315296837818561,947200,2202,25624161
2018-05-09,5.315296837818561,5.3330091962302,5.230643359608535,5.295605333263862,999200,1659,26853890
2018-05-10,5.33497834668567,5.4412824842182745,5.271985523485813,5.35466985124037,1189300,2488,32178483
2018-05-11,5.411755223073817,5.55152492266182,5.409786072618346,5.433405882396395,1758000,2316,48714893
2018-05-14,5.490501249917433,5.500347002194783,5.378289661018418,5.378289661018418,1051300,3524,29019459
2018-05-15,5.531843413794711,5.7287084809037525,5.512151909240011,5.699171224071702,2702600,3948,77579038
2018-05-16,5.699171224071702,5.868478180491755,5.620425197228085,5.868478180491755,1768800,3154,51982404
2018-05-17,5.905882043458093,6.0988088096561945,5.905882043458093,5.96493656574701,1561600,3249,47488199
2018-05-18,5.96493656574701,5.96493656574701,5.754297441137271,5.827136016614477,2940200,2690,87017092
2018-05-21,5.846817525481585,6.1204594689787735,5.709016976349052,6.063374097145327,1901800,3501,57663726
2018-05-22,6.063374097145327,6.457094235675817,6.063374097145327,6.447258479086059,1388300,3679,43874945
2018-05-23,6.447258479086059,6.447258479086059,6.102747110567135,6.435443576353239,1463000,1955,46601513
2018-05-24,6.260229168566776,6.303540482899524,5.9885663712126505,6.004309579168818,2466300,4437,76015392
2018-05-25,5.96690571620248,6.108654561933545,5.911789494824504,6.100777960111665,1687300,3825,51529358
2018-05-28,6.100777960111665,6.100777960111665,5.714924427715462,5.8074545077473685,1282300,3453,37798346
2018-05-29,5.866509030036285,5.97478231802436,5.679489715204594,5.858632428214405,525900,1308,15506161
2018-05-30,5.925563552325202,6.053528344867977,5.74642083931539,5.905882043458093,1481600,2438,44221871
2018-06-01,6.029908535089929,6.100777960111665,5.707047825893582,5.884221388447924,1173100,2283,35166560
2018-06-04,5.945255056879902,6.063374097145327,5.829105167069947,5.96493656574701,912000,4122,27684322
2018-06-05,5.925563552325202,5.925563552325202,5.669643962927244,5.762174042959151,719100,1725,21148369
2018-06-06,5.712955277259992,5.744451688859921,5.492470400372903,5.606651139727387,1331300,1369,38206267
2018-06-07,5.606651139727387,5.606651139727387,5.285759580986512,5.433405882396395,1641200,5158,45440889
2018-06-08,5.360567306919188,5.588928785628157,5.315296837818561,5.443251634673745,1329000,4650,36656358
2018-06-11,5.476717196729143,5.56137067493917,5.305451085541211,5.472778895818203,606800,2035,16719976
2018-06-12,5.472778895818203,5.604681989271917,5.382227961929358,5.527905112883771,610700,2678,16984502
2018-06-13,5.533812564250181,5.533812564250181,5.222766757786655,5.264108921663933,2358100,5783,63632196
2018-06-14,5.256232319842053,5.392073714206708,5.236550810974945,5.319235138729502,1609700,2515,43457050
2018-06-15,5.319235138729502,5.32513259440832,5.049531496143254,5.315296837818561,1168700,3249,31347632
2018-06-18,5.315296837818561,5.315296837818561,5.157804784131328,5.193239496642197,1396000,3516,36826419
2018-06-19,5.232612510064005,5.588928785628157,5.177486292998437,5.482624648095553,478800,1973,13320522
2018-06-20,5.514121059695481,5.74838998977086,5.492470400372903,5.669643962927244,424800,858,12185271
2018-06-21,5.610589440638328,5.744451688859921,5.384197112384828,5.55349407311729,740700,2255,20954377
2018-06-22,5.514121059695481,5.74838998977086,5.4590048383175045,5.709016976349052,896400,1455,25797499
2018-06-25,5.772019795236501,5.8074545077473685,5.669643962927244,5.8074545077473685,2727500,1445,79688953
2018-06-26,5.821228565248067,5.905882043458093,5.718862728626402,5.831074317525417,459700,2385,13553353
2018-06-27,5.846817525481585,5.955100809157252,5.730677631359223,5.905882043458093,353900,1534,10566517
2018-06-28,5.905882043458093,5.96099826483607,5.73854423749351,5.96099826483607,2766200,3607,83300032
2018-06-29,5.8783239327691055,6.0102170305352285,5.73854423749351,5.884221388447924,1476800,4481,44030625
2018-07-02,5.783824702281729,5.844848375026115,5.772019795236501,5.787763003192668,264100,995,7767142
2018-07-03,5.829105167069947,5.862570729125346,5.642085852238256,5.74838998977086,427500,2550,12433495
2018-07-04,5.825166866159007,5.852724976847996,5.655869905426545,5.76611234387009,962800,1643,27973694
2018-07-05,5.76611234387009,5.801547056380959,5.665705662016304,5.74838998977086,1173300,2142,34048139
2018-07-06,5.74838998977086,5.752328290681801,5.620425197228085,5.620425197228085,2307300,2283,66551858
2018-07-10,5.655869905426545,5.785793852737199,5.590897936083628,5.661767361105364,843800,1782,24287893
2018-07-11,5.632240099960906,5.797608755470018,5.555463223572759,5.651931604515606,815500,2213,23422597
2018-07-12,5.640116701782786,5.856663277758935,5.535781714705651,5.852724976847996,706000,1982,20401827
2018-07-13,5.854694127303465,5.886190538903394,5.644055002693726,5.673582263838184,668700,2247,19437459
2018-07-16,5.675551414293654,5.781855551826259,5.573185577671989,5.610589440638328,520200,2598,14831588
2018-07-17,5.653900754971076,5.685397166571004,5.535781714705651,5.584990484717218,458000,2598,12984490
2018-07-18,5.573185577671989,5.773978950004379,5.56137067493917,5.773978950004379,1333300,2758,38099665
2018-07-19,5.74838998977086,5.817290264337127,5.620425197228085,5.726739330448282,508100,1647,14775435
2018-07-20,5.8074545077473685,5.96690571620248,5.7503591402263305,5.905882043458093,1070600,2716,32004871
2018-07-23,5.98265891984624,6.000371278257878,5.829105167069947,5.892097990269804,435900,2646,13022472
2018-07-24,5.927532702780672,5.96296741529154,5.854694127303465,5.925563552325202,421700,1503,12652623
2018-07-25,5.96690571620248,6.043682592590627,5.646024153149196,5.646024153149196,1959900,4539,57437011
2018-07-26,5.655869905426545,5.703109524982643,5.374351360107478,5.415693523984756,1362700,4328,37597927
2018-07-27,5.460973988772975,5.55349407311729,5.380258811473888,5.55349407311729,599500,2165,16645849
2018-07-30,5.547586621750879,5.55152492266182,5.364505607830128,5.403878621251936,920400,3226,25304023
2018-07-31,5.460973988772975,5.549555772206349,5.33497834668567,5.543658316527531,1292100,4224,35799124
2018-08-01,5.474748046273673,5.6479933036046654,5.472778895818203,5.6479933036046654,268800,1237,7639385
2018-08-02,5.594836236994568,5.697202073616232,5.594836236994568,5.697202073616232,190800,715,5479175
2018-08-03,5.697202073616232,5.697202073616232,5.614527741549267,5.640116701782786,513700,795,14750290
2018-08-06,5.604681989271917,5.616496892004737,5.453097386951095,5.466881440139384,727900,1512,20367630
2018-08-07,5.462943139228445,5.472778895818203,5.319235138729502,5.319235138729502,638600,1593,17427205
2018-08-08,5.362536457374658,5.394042864662178,5.183393744364847,5.295605333263862,810400,2001,21773208
2018-08-09,5.256232319842053,5.319235138729502,5.165681385953208,5.307420235996681,1638800,3338,43475478
2018-08-10,5.319235138729502,5.4019094707964666,5.254263169386583,5.301512784630272,530100,2090,14344512
2018-08-13,5.305451085541211,5.384197112384828,5.226705058697595,5.315296837818561,481200,1620,13004905
2018-08-14,5.273954673941283,5.273954673941283,5.004251031355036,5.207023549830486,1574800,4834,40756336
2018-08-15,5.177486292998437,5.220797607331185,5.11843177070952,5.11843177070952,2107100,2937,55376163
2018-08-16,5.130246673442341,5.151897332764919,4.886131991089611,4.941258208155179,4953000,5565,126548344
2018-08-17,4.903854345188841,4.903854345188841,4.724701636491439,4.803447663335055,6415400,4043,155439667
2018-08-20,4.836913225390453,4.90778265041219,4.823139167889754,4.862512181311563,1277300,2033,31560238
2018-08-21,4.815262566067874,4.878255389267731,4.726670786946909,4.813293415612404,4153000,4620,101837571
2018-08-22,4.769982101279656,4.953063115200408,4.769982101279656,4.941258208155179,1555400,1676,38665117
2018-08-23,4.878255389267731,4.996374429533155,4.8329749244795135,4.931412455877829,379700,2162,9525622
2018-08-24,4.980631221576988,5.079058757287712,4.921566703600479,5.061336403188482,492600,1601,12503389
2018-08-27,5.061336403188482,5.138113279576628,4.9510939647449375,5.1105551688876405,955500,1902,24654701
2018-08-28,5.102678567065761,5.11843177070952,4.966847168388697,5.0574080979651335,895200,1700,23003525
2018-08-29,5.086935359109592,5.11843177070952,4.937319907244239,5.002281880899566,486600,1664,12339309
2018-08-30,4.986528677255806,5.09874026615482,4.933381606333299,5.09874026615482,619400,3063,15744727
2018-08-31,5.11646262025405,5.142051580487569,5.035747442954964,5.09677111569935,885600,3417,22866308
2018-09-03,5.092832814788411,5.112524319343111,4.972754619755107,5.0180350845433255,477600,2183,12217619
2018-09-04,5.000312730444096,5.002281880899566,4.831015769711634,4.90975180086766,588600,2653,14620249
2018-09-05,4.899916044277901,5.084966208654122,4.894008592911491,4.923535854055949,286200,1978,7225323
2018-09-06,4.984559526800337,5.144020730943039,4.803447663335055,4.988497827711275,417300,2177,10585061
2018-09-10,5.084966208654122,5.157804784131328,5.002281880899566,5.075120456376772,472200,1000,12106873
2018-09-11,5.004251031355036,5.0534598013666026,4.937319907244239,4.937319907244239,752000,2830,18931493
2018-09-12,4.921566703600479,5.0180350845433255,4.795581057200766,4.903854345188841,400000,1495,10030223
2018-09-13,4.958970566566817,4.964878017933227,4.734547388768788,4.813293415612404,751100,2535,18274498
2018-09-14,4.769982101279656,4.858573880400622,4.685328623069631,4.69123607443604,808400,1355,19369795
2018-09-17,4.706989278079799,4.9786620711215175,4.69123607443604,4.939289057699709,343000,1358,8335134
2018-09-18,5.012127633176916,5.065274704099422,4.949124814289468,5.008189332265975,584300,1180,14899226
2018-09-19,4.945186513378528,5.019994239311204,4.622335799869773,4.622335799869773,1530800,3381,36824919
2018-09-20,4.665647114202521,4.677462016935341,4.411696675260034,4.586901087358905,3770900,4377,85236713
2018-09-21,4.567219578491796,4.783766154467946,4.563281277580857,4.661708813291582,879500,1466,20820385
2018-09-24,4.661708813291582,4.671554565568932,4.393974321160805,4.3998817725272135,2494400,4065,56673754
2018-09-25,4.332950648416417,4.518000812792638,4.141993032673786,4.295546785450079,1888300,4359,41103808
2018-09-26,4.297515935905548,4.468782047093481,4.244358869295452,4.370354511382756,1408200,3747,31147277
2018-09-27,4.401850922982684,4.69517437534698,4.374292812293695,4.610520897136954,1816200,5152,42281597
2018-09-28,4.610520897136954,4.795581057200766,4.525877414614518,4.724701636491439,1837200,3816,44118085
2018-10-01,4.71880418081262,4.71880418081262,4.5987159900917245,4.645955609647822,1156400,2501,27249137
2018-10-02,4.651863061014232,4.7227324860359685,4.569178733259676,4.647924760103292,1174200,4166,27595190
2018-10-03,4.744393141046138,4.947155663833998,4.643996454879943,4.734547388768788,1390400,4713,33717566
2018-10-04,4.742423990590668,4.848728128123272,4.551466374848037,4.724701636491439,605100,3088,14301700
2018-10-05,4.813293415612404,4.813293415612404,4.527846565069988,4.588870237814374,1093700,4719,25395662
2018-10-08,4.628243251236183,4.766043800368716,4.628243251236183,4.675492866479871,2091600,6944,49779697
2018-10-09,4.70305097716886,4.823139167889754,4.588870237814374,4.588870237814374,1300800,3213,30896338
2018-10-10,4.527846565069988,4.821170017434285,4.5199699632481085,4.647924760103292,449500,2592,10701235
2018-10-11,4.643996454879943,4.815262566067874,4.612490047592424,4.764074649913247,776500,2561,18524134
2018-10-15,4.811324265156935,4.899916044277901,4.48847355164818,4.842820676756863,1561300,4575,38035244
2018-10-16,4.838882375845923,5.09874026615482,4.795581057200766,4.962908867477757,1453600,4133,36925226
2018-10-17,4.925505004511419,5.10070941661029,4.925505004511419,5.035747442954964,1561800,2931,40079876
2018-10-18,5.035747442954964,5.161743085042269,5.033778292499494,5.079058757287712,758200,3080,19643358
2018-10-19,5.082997058198652,5.136144129121159,4.890070292000551,4.970785469299638,594600,3627,15008233
2018-10-22,5.010158482721446,5.145989881398508,5.000312730444096,5.0180350845433255,938300,2815,23992617
2018-10-23,5.027870841133084,5.11843177070952,4.984559526800337,5.071182155465832,733100,2631,18682108
2018-10-24,5.059377248420604,5.059377248420604,4.9904669781667454,5.000312730444096,1242900,2471,31677020
2018-10-25,5.012127633176916,5.10858601843217,4.913690101778599,5.10858601843217,1487900,3133,37721280
2018-10-26,5.11646262025405,5.244417417109234,4.931412455877829,5.039685743865904,1638600,5863,42078485
2018-10-29,5.271985523485813,5.271985523485813,5.0534598013666026,5.075120456376772,564000,3433,14660253
2018-10-30,5.084966208654122,5.11843177070952,4.9510939647449375,5.012127633176916,3920900,7420,99569886
2018-10-31,5.086935359109592,5.1499281823094485,4.964878017933227,5.016065934087855,2590500,7421,66257104
2018-11-01,5.084966208654122,5.248355718020173,4.984559526800337,5.065274704099422,868300,4349,22524077
2018-11-05,5.09677111569935,5.165681385953208,4.972754619755107,5.134174978665689,947800,4308,24592673
2018-11-06,5.120400921164991,5.173547992087497,4.9825903763448665,5.049531496143254,732100,2965,18851464
2018-11-07,5.079058757287712,5.313327687363092,5.079058757287712,5.197177797553136,1127500,6123,29665061
2018-11-08,5.195208647097667,5.32710174486379,5.11843177070952,5.197177797553136,736600,3851,19561000
2018-11-09,5.197177797553136,5.315296837818561,5.055438947509664,5.157804784131328,1270400,7556,33519893
2018-11-12,5.177486292998437,5.228674209153065,5.094801965243881,5.161743085042269,431800,2552,11304639
2018-11-13,5.193239496642197,5.232612510064005,5.035747442954964,5.059377248420604,1913700,8371,50184112
2018-11-14,5.043624044776844,5.399940320340996,4.773920402190596,5.33497834668567,4826100,10573,123725621
2018-11-16,5.297574483719331,5.610589440638328,5.297574483719331,5.451128236495625,1956900,6080,54717433
2018-11-19,5.421600975351167,5.4806554976400825,5.362536457374658,5.394042864662178,475600,2836,13075373
2018-11-21,5.313327687363092,5.484593798551023,5.252294018931114,5.364505607830128,2756400,3710,74940245
2018-11-22,5.346793249418489,5.394042864662178,5.228674209153065,5.315296837818561,611500,2659,16488130
2018-11-23,5.285759580986512,5.34482409896302,5.197177797553136,5.34482409896302,1116300,6024,29820292
2018-11-26,5.396002019430056,5.399940320340996,5.12433922207593,5.293636182808392,757100,3894,20082028
2018-11-27,5.262139771208464,5.55152492266182,5.130246673442341,5.484593798551023,1309200,6206,35659250
2018-11-28,5.457035687862034,5.795639605014549,5.413724373529286,5.681458865660064,1288500,7005,36635071
2018-11-29,5.667674812471774,5.760204892503681,5.598774537905507,5.657829060194424,696100,3450,19954248
2018-11-30,5.661767361105364,5.663736511560834,5.533812564250181,5.573185577671989,1393800,4277,39541045
2018-12-03,5.598774537905507,5.732646781814692,5.565308975850109,5.679489715204594,941600,2857,26922243
2018-12-04,5.689335467481944,5.821228565248067,5.55152492266182,5.634209250416376,623800,3557,18026118
2018-12-05,5.634209250416376,5.8074545077473685,5.586959635172687,5.787763003192668,594700,3573,17319640
2018-12-06,5.730677631359223,5.744451688859921,5.638147551327315,5.709016976349052,812600,4858,23553482
2018-12-07,5.752328290681801,5.787763003192668,5.523966811972831,5.663736511560834,1457500,5929,41531967
2018-12-10,5.667674812471774,5.693273768392884,5.583021334261748,5.610589440638328,941200,4064,26827308
2018-12-11,5.610589440638328,5.671613113382714,5.588928785628157,5.638147551327315,829600,3021,23715794
2018-12-12,5.683428016115534,5.799577905925489,5.671613113382714,5.754297441137271,730400,3862,21265825
2018-12-13,5.76611234387009,5.96690571620248,5.712955277259992,5.833043467980887,1460400,5438,43438735
2018-12-14,5.833043467980887,5.935409304602552,5.7680814943255605,5.8074545077473685,860900,3347,25516334
2018-12-17,5.773978950004379,5.775948100459849,5.630270949505436,5.673582263838184,617100,3231,17852516
2018-12-18,5.675551414293654,5.821228565248067,5.655869905426545,5.7680814943255605,1161400,5812,33962921
2018-12-19,5.7798864013707885,6.0495900439570365,5.76414319341462,5.99053552166812,1154600,5009,34991836
2018-12-20,5.96296741529154,6.216927849921619,5.825166866159007,5.945255056879902,2926500,10940,89199999
2018-12-21,6.024001083723518,6.024001083723518,5.7503591402263305,5.8783239327691055,6161100,7218,183600848
2018-12-26,5.870447330947226,6.19132889400051,5.770050644781031,6.051559194412507,1188900,5256,36419283
2018-12-27,6.102747110567135,6.102747110567135,5.96887486665795,6.053528344867977,1031600,4572,31728177
2018-12-28,6.100777960111665,6.151955880578702,6.0102170305352285,6.142120123988943,1748400,6456,54157632
2019-01-02,6.1598324824005815,6.291735575854296,6.031877685545398,6.122428619434243,1293100,4750,40182952
2019-01-03,6.114552017612363,6.114552017612363,5.98265891984624,5.98265891984624,925000,4169,28306731
2019-01-04,6.000371278257878,6.102747110567135,5.923594401869732,6.004309579168818,1755900,5784,53490224
2019-01-07,6.004309579168818,6.122428619434243,6.004309579168818,6.094870508745255,1410400,4171,43482858
2019-01-08,6.092901358289785,6.092901358289785,5.96887486665795,6.004309579168818,820900,3875,25153166
2019-01-09,5.99250467212359,6.140150973533473,5.99250467212359,6.102747110567135,677500,1977,21014178
2019-01-10,6.085024756467905,6.335046890187044,6.085024756467905,6.238578509244197,730400,2737,23056463
2019-01-11,6.171647385133401,6.214958699466149,6.069281548511737,6.169678234677932,849400,4237,26615489
2019-01-14,6.20905124809974,6.439381877264179,6.19526719491145,6.321262836998755,1435500,7109,46012944
2019-01-15,6.325201137909694,6.630339493006811,6.19526719491145,6.240547659699668,2208800,8979,71564050
2019-01-16,6.272044071299596,6.683486563929317,6.262198319022246,6.575213275941242,3395000,5129,111638185
2019-01-17,6.598843081406881,6.681517413473847,6.539778563430374,6.630339493006811,940800,2389,31628835
2019-01-18,6.657897603695798,6.8311328653392,6.59489478480835,6.732705329628475,1426800,4873,48552069
2019-01-21,6.732705329628475,6.83704031670561,6.561429222752952,6.772078343050283,780900,3826,26522819
2019-01-22,6.797667303283801,6.797667303283801,6.6244320416404,6.697270617117606,708700,2534,24066197
2019-01-23,6.651990152329389,6.750417688040113,6.557500917529604,6.6283703425513405,721100,3522,24269827
2019-01-24,6.6283703425513405,6.744520232361294,6.482693191596927,6.561429222752952,1116800,4211,37355939
2019-01-28,6.549624315707724,6.549624315707724,6.409854616119721,6.496467249097625,791800,3706,26118784
2019-01-29,6.512220452741386,6.545686014796784,6.461032536586758,6.500405550008566,556000,1803,18335834
2019-01-30,6.498436399553095,6.59489478480835,6.445289328630589,6.59489478480835,1342600,2824,44441169
2019-01-31,6.665774205517678,6.984686618115493,6.62640119209587,6.740581931450355,1514400,3241,52025638
2019-02-01,6.760263440317464,6.783893245783102,6.602771386630231,6.693332316206667,450200,2047,15265272
2019-02-04,6.728767028717535,6.8311328653392,6.650021001873919,6.697270617117606,948800,4341,32385771
2019-02-05,6.697270617117606,6.803574754650212,6.270074920844126,6.59489478480835,2911000,5688,95618950
2019-02-06,6.575213275941242,6.650021001873919,6.417721222254009,6.510251302285916,1782600,4532,58808551
2019-02-07,6.492528948186686,6.587028178674062,6.366543301786972,6.486621496820275,1489000,2356,49300270
2019-02-08,6.4689091384086375,6.581120727307652,6.3980397133869005,6.490559797731216,631500,3214,20808754
2019-02-11,6.486621496820275,6.590966479585002,6.419690372709479,6.555531767074134,1205900,2393,39996425
2019-02-12,6.559460072297482,6.655928453240328,6.464970837497697,6.516158753652325,905700,3767,29950466
2019-02-13,6.496467249097625,6.671671661196497,6.431505275442299,6.59489478480835,1344100,6819,44611658
2019-02-14,6.573244125485772,6.61458628936305,6.449217633853937,6.522056209331144,1387300,6481,45836468
2019-02-15,6.520087058875673,6.685455714384787,6.520087058875673,6.6401752495965685,473300,2156,15928851
2019-02-18,6.569305824574832,6.693332316206667,6.522056209331144,6.693332316206667,464400,1937,15673131
2019-02-19,6.695301466662137,6.7464893828167645,6.563398373208422,6.575213275941242,646800,2633,21812165
2019-02-20,6.6047405370857,6.6244320416404,6.380317359287671,6.496467249097625,1850200,3900,60760147
2019-02-21,6.498436399553095,6.520087058875673,6.348820947687742,6.3980397133869005,1626300,3682,53081745
2019-02-22,6.401978014297841,6.403947164753311,6.20314379673333,6.20314379673333,1544600,7036,49187751
2019-02-25,6.256300863343427,6.486621496820275,6.161801632856052,6.372450753153383,1213700,6160,39164831
2019-02-26,6.384255660198611,6.496467249097625,6.236609358788728,6.354728399054152,996400,6587,32222312
2019-02-27,6.354728399054152,6.455125085220347,6.309447934265934,6.392132262020491,1341800,4483,43552172
2019-02-28,6.392132262020491,6.443320178175119,6.329139438820635,6.415752071798539,1788500,3850,58225326
2019-03-01,6.364574151331502,6.457094235675817,6.3192936865432845,6.374419903608851,979900,3877,31669872
2019-03-06,6.352759248598683,6.453155934764878,6.275982372210536,6.396070562931431,741600,4091,24005970
2019-03-07,6.394101412475961,6.427566974531359,6.338975195410392,6.419690372709479,1116300,3489,36307724
2019-03-08,6.392132262020491,6.463001687042227,6.38819396110955,6.455125085220347,637400,3440,20765693
2019-03-11,6.496467249097625,6.514189603196855,6.425597824075889,6.500405550008566,1601500,4573,52767992
2019-03-12,6.4689091384086375,6.579151576852182,6.368512452242443,6.496467249097625,827000,5905,27151563
2019-03-13,6.5082821518304455,6.518127904107796,6.372450753153383,6.3980397133869005,1277500,4804,41628004
2019-03-14,6.337006044954922,6.337006044954922,6.053528344867977,6.083055606012435,6976000,13167,216470034
2019-03-15,6.083055606012435,6.155894181489641,5.939347605513492,5.96493656574701,2783400,9494,84828548
2019-03-18,5.96493656574701,5.96690571620248,5.600743688360978,5.787763003192668,7667000,17298,222022853
2019-03-19,5.7680814943255605,5.97281316756889,5.7680814943255605,5.97281316756889,4355000,8379,129922957
2019-03-20,6.008247880079758,6.008247880079758,5.870447330947226,5.9216252514142615,3539900,5964,106650676
2019-03-21,5.96296741529154,5.96296741529154,5.852724976847996,5.903912893002624,1363600,2938,40871144
2019-03-22,5.874385631858165,5.874385631858165,5.781855551826259,5.866509030036285,771800,4010,22860372
2019-03-25,5.797608755470018,5.854694127303465,5.730677631359223,5.846817525481585,1354000,7232,39822813
2019-03-26,5.892097990269804,5.98659722075718,5.795639605014549,5.98265891984624,2651800,9316,79494176
2019-03-27,5.96493656574701,5.96493656574701,5.777917250915319,5.803516206836429,2074000,10245,61641665
2019-03-28,5.7680814943255605,6.014155331446168,5.716893578170932,6.014155331446168,1674200,3093,50063489
2019-03-29,6.063374097145327,6.132274371711593,5.923594401869732,6.055497495323446,1139000,6701,34762555
2019-04-01,6.086993906923375,6.1204594689787735,6.006278729624288,6.071240703279615,1028200,4726,31786275
2019-04-02,6.1204594689787735,6.140150973533473,6.004309579168818,6.124397769889713,794400,3709,24657173
2019-04-03,6.19329804445598,6.197236345366919,5.937378455058022,5.937378455058022,1114500,5801,34161963
2019-04-04,5.98462807030171,6.016124481901638,5.712955277259992,5.7680814943255605,2333400,8311,68829452
2019-04-05,5.817290264337127,5.874385631858165,5.640116701782786,5.659808206337486,2021600,8270,58706390
2019-04-08,5.679489715204594,5.73657508703804,5.494439550828373,5.512151909240011,1858200,9377,52518668
2019-04-09,5.492470400372903,5.614527741549267,5.403878621251936,5.531843413794711,1606900,7039,45167969
2019-04-10,5.586959635172687,5.626332648594496,5.451128236495625,5.57121642721652,1368700,7075,38494292
2019-04-11,5.596805387450037,5.651931604515606,5.504285303105723,5.634209250416376,1209400,4622,34322286
2019-04-12,5.634209250416376,5.659808206337486,5.500347002194783,5.525935962428301,1030100,5263,29002917
2019-04-15,5.531843413794711,5.636178400871846,5.516090210150951,5.6086202901828575,632700,2613,17981889
2019-04-16,5.55152492266182,5.638147551327315,5.516090210150951,5.583021334261748,645900,3460,18240645
2019-04-17,5.624363498139026,5.626332648594496,5.4412824842182745,5.521997661517361,869300,4412,24265830
2019-04-18,5.490501249917433,5.640116701782786,5.457035687862034,5.610589440638328,956300,3751,26806537
2019-04-22,5.577123878582929,5.762174042959151,5.4983778517393125,5.649962454060136,1385000,5540,39676038
2019-04-23,5.693783548460036,5.796589195335714,5.626562549409094,5.762973697966448,1312800,5365,37964682
2019-04-24,5.762973697966448,5.816350669703553,5.681918667289261,5.778796871423347,1085700,6797,31491410
2019-04-25,5.812402373105022,5.9152080199807004,5.670053786118484,5.87171678327131,1459900,6867,43127655
2019-04-26,5.840080432045104,5.855893609814411,5.755067109081795,5.842059578188166,561700,2307,16495680
2019-04-29,5.869737637128249,5.93892778663466,5.788682606451061,5.8519453132158805,1068500,5596,31791227
2019-04-30,5.796589195335714,6.029868552339563,5.796589195335714,5.982419023344051,955100,2424,28510130
2019-05-02,5.921135462722292,6.039754287367278,5.921135462722292,6.000221342944011,1245500,4398,37638189
2019-05-03,5.93892778663466,6.071390638593484,5.93892778663466,6.025920255741032,745200,2768,22731691
2019-05-06,5.921135462722292,6.08522467021973,5.8914782576391485,6.047660876251932,619700,2051,18981406
2019-05-07,6.067432346307361,6.5221461705194645,5.976491580602459,6.474696641523953,9632800,15073,309573331
2019-05-08,6.72183002152923,6.976859994731568,6.605180347339714,6.836490553888092,5694500,12990,196319069
2019-05-09,6.779155289864865,7.105364554404269,6.664494757506002,7.028257820325613,2344600,9722,82743843
2019-05-10,7.028257820325613,7.028257820325613,6.769269554837151,6.919524730708342,1321200,6364,46201557
2019-05-13,6.838469700031154,6.8799817905974825,6.725778318127761,6.8799817905974825,770900,5458,26580258
2019-05-14,6.858241170086584,6.974880848588508,6.800905906063356,6.881960936740543,1567700,4602,54273884
2019-05-15,6.787061878749519,6.968953405846915,6.741591495897068,6.919524730708342,986600,3852,34277448
2019-05-16,6.919524730708342,6.925452173449934,6.8523037316574,6.8523037316574,1751500,2459,61096584
2019-05-17,6.876033493998951,6.91754558456528,6.783113582150988,6.878012640142013,1083700,3055,37562641
2019-05-20,6.919524730708342,7.073728203178064,6.919524730708342,7.018372085297898,1792800,4898,63402354
2019-05-21,7.067800760436471,7.336674760952647,7.067800760436471,7.237827406363092,1664400,7150,61000808
2019-05-22,7.23584826022003,7.368311112178853,7.206191055136886,7.310975848155626,1746200,9739,64438978
2019-05-23,7.3030692592709725,7.51262884962086,7.293183524243258,7.413781495031304,1349900,8416,50745358
2019-05-24,7.42761552665755,7.475065055653063,7.344581349837301,7.374238554920446,882000,3243,32915175
2019-05-27,7.350508792578894,7.463200174482287,7.326789025924933,7.344581349837301,231200,1214,8618997
2019-05-28,7.386103436091221,7.419708937772897,7.1528140833997815,7.301090113127911,1206700,5594,44294564
2019-05-29,7.29911096698485,7.354467084865016,7.237827406363092,7.34260220369424,2176600,5493,80398423
2019-05-30,7.34260220369424,7.457272731740694,7.19432617396611,7.19432617396611,1358900,8644,50064006
2019-05-31,7.174564699598273,7.376217701063507,7.136990909942883,7.271432908044766,1513200,6308,55571441
2019-06-03,7.267474615758644,7.397958321574406,7.25561973027546,7.338653907095709,882000,4942,32591219
2019-06-04,7.320861583183341,7.413781495031304,7.158741526141374,7.158741526141374,851600,3851,31203638
2019-06-05,7.123156878316637,7.336674760952647,7.10734370054733,7.273412054187829,693100,3315,25469303
2019-06-06,7.314924144754157,7.326789025924933,7.218055936307662,7.263526319160113,681900,3401,25139695
2019-06-07,7.295162670386318,7.392030878832814,7.275381204643298,7.388072586546691,612800,2776,22725579
2019-06-10,7.473085909510002,7.975249262717618,7.473085909510002,7.641133409293561,1757500,7580,68249837
2019-06-11,7.779523703993975,7.793357735620221,7.413781495031304,7.413781495031304,1266100,4893,48039010
2019-06-12,7.465179320625348,7.465179320625348,7.267474615758644,7.275381204643298,1146800,3341,42420741
2019-06-13,7.275381204643298,7.680676349404419,7.275381204643298,7.605548761468825,2535900,8520,96652970
2019-06-14,7.571933264099558,7.625320231524253,7.397958321574406,7.477044201796124,1682000,6408,63714288
2019-06-17,7.558099232473311,7.558099232473311,7.285266939671013,7.352487938721955,1444100,6924,53698716
2019-06-18,7.411802348888243,7.560078378616373,7.348539642123423,7.51262884962086,1749400,5800,66340113
2019-06-19,7.504722260736207,7.706375262201441,7.455293585597634,7.706375262201441,1325200,3570,51226502
2019-06-21,7.708354408344503,7.781502850137037,7.651019144321276,7.779523703993975,856700,4205,33516323
2019-06-24,7.78940943902169,7.848713853500388,7.684624646002951,7.783481996280098,946900,5147,37129464
2019-06-25,7.787430292878629,7.823014940703366,7.603569615325763,7.647060852035153,1444300,4474,56292831
2019-06-26,7.730095028855402,7.730095028855402,7.526462881247106,7.55612008633025,1007500,3244,38646770
2019-06-27,7.573912410242619,7.700447819459849,7.542286054704005,7.700447819459849,830100,2672,32034030
2019-06-28,7.686603792146012,7.858599588528102,7.623341085381192,7.795336881763283,1852800,5009,72576019
2019-07-01,7.819066644104835,7.819066644104835,7.61938279309507,7.61938279309507,1308200,4996,51130837
2019-07-02,7.613455350353478,7.690562084432134,7.356446231008077,7.356446231008077,1612600,8225,60874680
2019-07-03,7.390581504132087,7.400497226222575,7.164399085318003,7.340982902304463,5072900,11333,185702241
2019-07-04,7.340982902304463,7.616763922946171,7.303279168710388,7.616763922946171,1238600,5035,46770020
2019-07-05,7.614774781115519,7.844925487903316,7.5373981634719,7.844925487903316,866600,5180,33753771
2019-07-08,7.842946341760255,8.202061409849948,7.704056262680279,8.13856880227053,1261800,6769,51359097
2019-07-10,8.13856880227053,8.547282472187849,8.13856880227053,8.547282472187849,1587500,9259,67264676
2019-07-11,8.690130843553947,8.690130843553947,8.217934561744803,8.221892854030926,1982100,8659,83459953
2019-07-12,8.291342891414708,8.402444958991099,8.192135692071869,8.331015775464254,1088800,4045,45608446
2019-07-15,8.342920639385394,8.45998013676615,7.912386383456447,8.11475907442825,3331100,11217,135426605
2019-07-16,8.11475907442825,8.29332203755777,8.041350744758343,8.287374603440997,1134900,6222,46904345
2019-07-17,8.275469739519854,8.541325042383482,8.194124833902523,8.452043560818723,1331900,6418,56812353
2019-07-18,8.529420178462342,8.670289403685379,8.511567880424428,8.670289403685379,1217900,3743,52800521
2019-07-19,8.674257691659093,8.836947502893759,8.477842430491657,8.477842430491657,2049100,5231,88895489
2019-07-22,8.434191262780807,8.616722513884042,8.4163289690553,8.507599592450713,489700,3754,20963126
2019-07-23,8.509588734281365,8.531409320292996,8.253639157820633,8.34887806918976,1586100,4298,66601501
2019-07-24,8.340941493242333,8.801242906817928,8.340941493242333,8.60283850381984,2365800,9144,102145311
2019-07-25,8.632595665778895,8.767507461197567,8.41434982291224,8.442127838728235,9745700,25084,417155474
2019-07-26,8.491726440555858,8.539345896240421,8.34887806918976,8.388560948926896,4755800,12638,201850791
2019-07-29,8.452043560818723,8.46990585454423,8.344909781216046,8.412370676769179,2124400,9839,89995233
2019-07-30,8.42625468683338,8.436170408923868,8.297290325531483,8.303237759648258,3196500,8684,134680106
2019-07-31,8.38260351912253,8.422286398859667,8.086981058612254,8.29332203755777,3565700,17336,148888747
2019-08-01,8.321100053373765,8.45006441467566,8.130632226323105,8.188167404098156,2687000,9376,112141697
2019-08-02,8.188167404098156,8.331015775464254,8.174283394033953,8.283406315467282,1363100,5888,56752323
2019-08-05,8.28141717363663,8.301258613505198,8.134600514296817,8.23776600592578,1153500,6877,47894368
2019-08-06,8.223881995861579,8.489747294412798,8.219913707887864,8.452043560818723,1399600,3337,59412345
2019-08-07,8.452043560818723,8.628627377805183,8.327057483178132,8.579028775977557,1519100,5421,65366782
2019-08-08,8.630606523948243,8.91631326236803,8.630606523948243,8.805211194791642,2914500,7149,128211490
2019-08-09,9.00361559778973,9.00361559778973,8.63854309989567,8.779412325118708,1114700,5559,49289147
2019-08-12,8.777433178975645,8.777433178975645,8.600849361989187,8.757591739107077,1117500,6241,48996773
2019-08-13,8.922270692172397,8.930197272432233,8.598870215846125,8.749655163159652,1842400,8606,80744668
2019-08-14,9.32502693228535,9.410340125876395,9.027425325632011,9.14646396915583,4361200,19156,202499900
2019-08-15,9.313122068364208,9.479780167572589,9.098844513471263,9.35677323607506,2538700,10524,118781046
2019-08-16,9.467875303651446,9.721835738281529,9.160347979220033,9.721835738281529,2790800,9981,132617034
2019-08-19,9.819053795793714,9.819053795793714,9.394466973981542,9.47184359162516,1796000,9970,85763597
2019-08-20,9.549220209268782,9.79326492180837,9.376614675943626,9.680173712401327,1519600,7422,73094117
2019-08-21,9.801201497755798,9.928176717227045,9.57302993711106,9.918260995136556,1676200,10239,82927425
2019-08-22,9.918260995136556,10.100792246239788,9.801201497755798,9.916271853305902,1527000,8599,76875505
2019-08-23,9.876588973568769,9.90436698938476,9.503589895414873,9.565093361163637,1760200,8632,85814410
2019-08-26,9.567082502994287,9.761518618018664,9.42621327777125,9.582955654889142,834600,4932,40326814
2019-08-27,9.57302993711106,9.777391769913518,9.463907015677734,9.71192001619104,1487600,7643,72070047
2019-08-28,9.72580402625524,9.785328345860943,9.610733670705136,9.721835738281529,1339800,8012,65573329
2019-08-29,9.78136005788723,10.086908236175589,9.743666319980749,10.019447340622456,3202400,11673,160224802
2019-08-30,10.07896166454057,10.25951376950074,10.005553334870662,10.25951376950074,2921800,10058,148674425
2019-09-02,10.25753462335768,10.406330428840551,10.154359136041126,10.35673182701293,2203700,10855,113948009
2019-09-03,10.297207507407226,10.487685330145478,10.227767465711032,10.317048947275794,1734200,9504,90681521
2019-09-04,10.412287858644918,10.42617186870912,9.878578115399415,9.977785314742258,2597300,11632,130999914
2019-09-05,10.027383916569883,10.027383916569883,9.7138991623341,9.963891308990464,2535900,10730,125384047
2019-09-06,10.017458198791802,10.047225356438451,9.71192001619104,9.761518618018664,2034100,11635,100561485
2019-09-09,9.795244067951431,9.795244067951431,9.327006078428411,9.539304487178292,5524000,24575,264029037
2019-09-10,9.48176930940324,9.779370916056578,9.388519539864769,9.773423481939805,3067800,10572,148628230
2019-09-11,9.918260995136556,10.182137151857122,9.79326492180837,10.182137151857122,1570500,10004,79265846
2019-09-12,10.277376063226248,10.31308065930208,9.9023878432417,9.90436698938476,2102600,9642,105750162
2019-09-13,9.920240141279615,10.045236214607796,9.721835738281529,9.95992302101675,1866000,11629,93452950
2019-09-16,9.97976446088532,10.096823958266077,9.78136005788723,10.009521622844376,1624100,8617,81747334
2019-09-17,10.039288780491024,10.217851743620544,9.951986445069323,10.217851743620544,3367300,9625,171373480
2019-09-18,10.108728822187215,10.227767465711032,10.106739680356563,10.178168863883409,1377500,4803,70590794
2019-09-19,10.307133225185304,10.372604978907782,10.116665398134645,10.21586260178989,1340000,6856,69110895
2019-09-20,10.217851743620544,10.350784392896154,10.07896166454057,10.261502911331394,1667600,5673,86357572
2019-09-23,10.317048947275794,10.620607983733496,10.25951376950074,10.543231366089875,2057300,9264,108851928
2019-09-24,10.592839963605092,10.608703119812354,10.326974665053871,10.35673182701293,1891400,8123,99532370
2019-09-25,10.378562408712147,10.416256146618633,10.194042015778262,10.35673182701293,2930000,10086,152362001
2019-09-26,10.378562408712147,10.642438565432718,10.34681610492244,10.505537628183394,2447900,7576,129716306
2019-09-27,10.505537628183394,10.600766543864928,10.430140156682835,10.555136230011016,1515600,8025,80306245
2019-09-30,10.572998523736524,10.785286936798814,10.515453350273882,10.684100591312914,1640300,8206,88084865
2019-10-01,10.634501989485289,10.64640685340643,10.473791324393684,10.555136230011016,2277300,5687,121390407
2019-10-02,10.451970738382055,10.618628837590435,10.309112371328366,10.416256146618633,3857400,11716,202752726
2019-10-03,10.396414706750065,10.71385775327197,10.295228361264163,10.71385775327197,1915700,10416,101524181
2019-10-04,10.705921177324544,10.789255224772528,10.567041093932158,10.71385775327197,2256800,10801,121425937
2019-10-07,10.789255224772528,10.928135308164912,10.65632257549692,10.775371214708327,2438000,11760,132592257
2019-10-08,10.775371214708327,10.930124449995564,10.565061947789095,10.72378347105005,1435800,8576,77991549
2019-10-09,10.813064952614807,10.874568418363577,10.67815315719614,10.83290639248338,1871900,7138,101879664
2019-10-10,10.828938104509664,10.932103596138628,10.773382072877672,10.892430712089082,1614400,7072,88534422
2019-10-11,10.932103596138628,11.23368348645327,10.932103596138628,11.164243444757076,1554300,9385,86945630
2019-10-14,11.162254302926424,11.320975826187375,11.106708266982023,11.209873758610987,970000,5983,54928948
2019-10-15,11.168211732730793,11.295186952202034,11.160275156783362,11.170190878873852,1651600,9314,93349306
2019-10-16,11.265429790242976,11.535253381080318,11.168211732730793,11.400341585661648,1799000,8859,103131842
2019-10-17,11.432087889451358,11.547168240689052,11.273366366190404,11.33288069010852,1381600,10289,78963692
2019-10-18,11.370584423702592,11.418203879387155,11.29121866422832,11.41224644958279,1972600,12305,112872174
2019-10-21,11.43605617742507,11.463834193241066,11.213842046584702,11.249556638348125,2560200,10978,145383099
2019-10-22,11.32494411416109,11.340817266055945,11.037258229598242,11.140433716914794,1890300,10823,106417697
2019-10-23,11.164243444757076,11.265429790242976,11.0114693556129,11.070993675218602,1787300,9649,99996286
2019-10-24,11.074961963192315,11.32494411416109,11.039247371428894,11.289239518085258,1819500,11163,102852271
2019-10-25,11.32494411416109,11.32494411416109,11.138444575084142,11.239630920570043,1414700,7119,80034701
2019-10-28,11.305112669980115,11.386457575597449,11.194000606716132,11.348753842003372,1796100,6333,102118573
2019-10-29,11.372563569845656,11.408278161609076,11.249556638348125,11.289239518085258,871500,4867,49632850
2019-10-30,11.289239518085258,11.31304924592754,11.10272998332072,11.19003231874242,1637900,9238,92615555
2019-10-31,11.18805317259936,11.249556638348125,11.09083511508717,11.170190878873852,1786200,8792,100499051
2019-11-01,11.170190878873852,11.273366366190404,11.14638115103157,11.259472360438613,3191000,10534,180537990
2019-11-04,11.249556638348125,11.249556638348125,10.94599760189042,11.08090939730909,2890800,11353,161824695
2019-11-05,11.140433716914794,11.140433716914794,10.745604057061678,10.783307790655751,2869200,13646,156277891
2019-11-06,10.809096664641096,10.987659627770617,10.69004802542969,10.91425129810071,5439700,16198,298891602
2019-11-07,10.9698073297327,11.120592277046226,10.85671612032566,10.979723051823193,2154300,11783,118954027
2019-11-08,10.993617057574983,11.295186952202034,10.908293868296346,11.04916309351938,4552100,20464,254710699
2019-11-11,11.07893025116603,11.404309873635365,11.01344850175596,11.404309873635365,2720100,12401,154731164
2019-11-12,11.408278161609076,11.4578767634367,11.140433716914794,11.209873758610987,2313500,11448,131293264
2019-11-13,11.231694344622616,11.36661613572888,11.01344850175596,11.207894612467928,3086800,13888,174151438
2019-11-14,11.021385077703387,11.18011659665193,10.745604057061678,10.781318648825104,5415400,20509,296278505
2019-11-18,10.787276078629468,10.882504994311002,10.60275568569558,10.789255224772528,3612400,12609,194793217
2019-11-19,10.85671612032566,10.86663184241615,10.582914245827013,10.652354287523204,3889900,16394,209404921
2019-11-21,10.674184869222424,11.04519480554567,10.64441771157578,11.017426785417266,4320800,17550,235178630
2019-11-22,11.021385077703387,11.346774695860312,10.963849899928334,11.346774695860312,3402900,14948,191558427
2019-11-25,11.295186952202034,11.499548785004489,11.21186290044164,11.465813339384129,3862300,16508,221177938
2019-11-26,11.41224644958279,11.515421936899344,11.18011659665193,11.309080957953826,29885400,28004,1702929478
2019-11-27,11.33288069010852,11.374552711676303,11.031310795481469,11.21186290044164,1287300,6866,72505465
2019-11-28,11.1126557010988,11.24756749651747,10.900357292348918,10.922187874048138,1723600,7070,95139867
2019-11-29,10.9241670201912,11.086866827113456,10.753540633009106,11.051152235350036,2109400,8989,116531154
2019-12-02,11.05709966946681,11.168211732730793,10.878536706337288,11.160275156783362,2416900,10557,134836974
2019-12-03,11.170190878873852,11.37852099965002,11.070993675218602,11.33684897808223,2745400,15481,155896874
2019-12-04,11.408278161609076,11.596766842516676,11.408278161609076,11.51145364892563,1987200,9609,115309064
2019-12-05,11.529305946963548,11.666206884212867,11.289239518085258,11.505496219121264,1897200,9883,110008142
2019-12-06,11.576925402648108,11.576925402648108,11.21186290044164,11.463834193241066,2513100,11859,143524875
2019-12-09,11.507485360951916,11.523358512846771,11.053131381493095,11.070993675218602,2381700,10968,134165977
2019-12-10,11.120592277046226,11.166222590900135,10.836874680457091,10.836874680457091,3696500,12093,204078512
2019-12-11,10.86663184241615,11.154317726978997,10.813064952614807,11.154317726978997,2369800,8921,131782770
2019-12-12,11.287250376254608,11.362647847755165,11.156306868809647,11.348753842003372,1735000,10081,98693526
2019-12-13,11.406299015466017,11.43605617742507,11.094803403060885,11.14638115103157,1775300,8322,100219429
2019-12-16,11.160275156783362,11.73762607205212,11.150349439005284,11.475739057162206,1998400,10145,115894177
2019-12-17,11.576925402648108,11.697953188002575,11.442003611541846,11.5590631089226,1844000,8052,107241490
2019-12-18,11.4578767634367,12.04714253831419,11.4578767634367,12.04714253831419,2413200,10950,144813801
2019-12-19,12.10269856994618,12.40030017659952,11.94397704668523,12.33284927673398,2714900,10567,166902617
2019-12-20,12.406257606403884,12.687986061162368,12.21182149137951,12.687986061162368,2952300,6874,186614961
2019-12-23,12.697911778940448,12.713784930835304,12.428078192415514,12.539190255679497,1889900,8046,119769966
2019-12-26,12.602672867571322,12.793150690309574,12.507443951889789,12.77727753841472,1200400,6047,76618486
2019-12-27,13.015354825462351,13.015354825462351,12.34475414065512,12.658228899203312,1954200,10683,123361151
2019-12-30,12.727668940899504,12.906241899716616,12.553074265743698,12.67807033907188,3208600,11085,205318380
2020-01-02,12.935999061675671,13.30899813982957,12.781235830700842,13.182022920358325,2600200,14149,171862942
2020-01-03,13.045121983109002,13.739542391446106,12.975671945725216,13.739542391446106,9371900,17273,644803982
2020-01-06,13.577662230906329,13.69296248727103,13.10254720832055,13.311277156600363,2207000,12210,147753252
2020-01-07,13.239718029134837,13.358986573473253,12.941526676913616,12.94549496488733,1837200,11203,120507380
2020-01-08,12.939527539395373,13.080676643870964,12.545917353428385,12.679109890581367,2498900,13659,159863419
2020-01-09,12.679109890581367,12.780496149819092,12.492250506751136,12.603572479454533,2851500,15283,180357318
2020-01-10,12.720861877649885,12.720861877649885,12.166221164588372,12.335198263317915,1969000,10419,122450244
2020-01-13,12.325262549852244,12.458455087005229,12.255682568529776,12.402789102809733,2208700,11904,137388018
2020-01-14,12.367004541233172,12.446520236021312,12.038996052927349,12.424659667259318,2590500,13867,159531671
2020-01-15,12.52405678466639,12.547906495259037,11.967426929774229,12.12845745686875,4579900,19526,279875669
2020-01-16,12.1264683150381,12.53995992362402,12.11056517608047,12.535981639962714,2735700,12056,170299993
2020-01-17,12.625443043904117,12.784474433480396,12.368993683063824,12.52405678466639,2557800,11980,161668491
2020-01-20,12.643335324692396,12.645314470835457,12.40875652830169,12.553873920750997,2651400,10218,166594304
2020-01-21,12.555863062581649,12.858032698464172,12.52405678466639,12.683088174242672,3654600,16967,233729016
2020-01-22,12.772549578184073,12.897785548014443,12.645314470835457,12.71688359398858,1380900,7778,88622583
2020-01-23,12.667185035285044,12.782485291649744,12.446520236021312,12.782485291649744,3205100,14100,203827550
2020-01-24,12.802366714268675,12.891828118210078,12.683088174242672,12.82224813688761,1919000,11146,123471087
2020-01-27,12.663206751623738,12.663206751623738,12.046942624562366,12.172188590080331,2818700,14125,173331000
2020-01-28,12.30538112723331,12.46242337497894,12.172188590080331,12.424659667259318,1253600,6863,78029070
2020-01-29,12.474358225962854,12.51411107551313,12.086705469800233,12.186102587207303,2514900,13763,154076748
2020-01-30,12.180135161715349,12.180135161715349,11.669235577553009,11.949534648985946,2813400,13275,167398730
2020-01-31,11.836223534451896,12.003211491350788,11.703030997298915,11.941588077350929,2660300,14549,158486831
2020-02-03,11.947545507155294,12.422670525428664,11.927674080223952,12.28549970461438,2100300,11813,129884440
2020-02-04,12.43658452255564,12.450498519682618,12.180135161715349,12.196038300672976,2198100,12885,136262028
2020-02-05,12.325262549852244,12.359057969598153,11.468452200908208,11.605623021722495,7041600,25116,413812119
2020-02-06,11.669235577553009,11.967426929774229,11.615558735188166,11.669235577553009,3596500,15184,213103269
2020-02-07,11.542010465891982,12.068813189011951,11.440624206654258,11.456527345611883,3718600,16432,220356376
2020-02-10,11.454538203781231,11.528096468765009,10.94960604511085,11.084787724094484,2618900,10716,146803769
2020-02-11,11.251765685305784,11.639418441468404,11.17026084868699,11.53206475673872,2773700,13478,159724549
2020-02-12,11.577795027468545,11.766643553129429,11.438635064823604,11.675203003044963,2617000,9961,153169985
2020-02-13,11.629482728002731,11.74279384253678,11.462494771103843,11.669235577553009,1213300,6439,71107344
2020-02-14,11.730858991552868,11.744782984367436,11.543999607722636,11.62749358617208,1404300,7660,82029947
2020-02-17,11.6096013053838,11.901825232113062,11.575805885637893,11.901825232113062,834300,5108,49315444
2020-02-18,11.84616924360516,11.84616924360516,11.53008561059566,11.7249015617485,2009200,9651,118039319
2020-02-19,11.677192144875615,11.89983609028241,11.557913604849611,11.836223534451896,2221300,9298,131371431
2020-02-20,11.7249015617485,11.816342111832965,11.432667639331648,11.488333623527142,2272600,9038,132724774
2020-02-21,11.333270521924575,11.426710209527284,11.047014020687271,11.132487145279775,2970200,13931,167403789
2020-02-26,10.645447267397676,10.715027248720142,10.287621643007244,10.44068560709157,5496400,24692,289018050
2020-02-27,10.17628967461626,10.90785405804233,10.086838266362449,10.585802999540874,5196800,24877,277245582
2020-02-28,10.585802999540874,11.01122945911071,10.3452667733458,10.973455755703496,4022500,23129,215733271
2020-03-02,10.99333717832243,11.072852873110568,10.61563013131307,10.846230644042471,4632500,22064,253116825
2020-03-03,10.754780098270418,11.253754827136436,10.744844384804749,11.017186888915075,3845400,20861,212217941
2020-03-04,11.182185703983311,11.327313092120209,10.61563013131307,10.641468983736369,3559800,13876,194406778
2020-03-05,10.436707323430264,10.794542943508285,10.122612832251416,10.198160239065844,3001500,14799,157973414
2020-03-06,10.138515971209046,10.198160239065844,9.868162608929367,9.941710878225551,3140500,17827,158084185
2020-03-09,9.196232497672504,9.506358700877636,8.969610268604407,8.969610268604407,6468900,24311,302657813
2020-03-10,9.506358700877636,9.83436718918346,9.136598225503295,9.71906693281876,5155600,28599,249210387
2020-03-11,9.478520710936094,9.625627245216052,8.142627051432566,8.943761420493518,3997100,16951,184376542
2020-03-12,7.420998381472164,8.329486435262798,7.164549020631871,7.745038581804273,3032900,8450,117048764
2020-03-13,9.13858736733395,9.144544797138316,7.921962252168834,8.669429774552535,7378400,31916,310368558
2020-03-16,7.323590405895743,8.053165647491163,7.094979034996993,7.355396683811,6199700,19804,239135405
2020-03-17,7.454793801218072,7.578050624905383,7.041302192632152,7.4706969401757,6800300,20192,252102270
2020-03-18,6.918045368944841,6.997571059420572,5.701430249467318,6.305759525544775,5429000,26565,168065689
2020-03-19,6.06323415751905,7.277870130853512,5.629861126314196,7.176483871615786,6943400,28160,223855009
2020-03-20,7.603889477328682,8.071057928279444,7.220215004827365,7.752985153439292,6344400,29725,247644789
2020-03-23,7.937865391126462,7.981596524338041,7.238107285615645,7.593953763863011,4117200,14848,157299532
2020-03-24,8.031295083041579,8.746956327510023,7.931897965634505,8.409002130050938,3754600,18713,158028086
2020-03-25,8.267863021262938,9.234006201079715,7.997499663295669,9.0252762527999,3308800,16741,146555782
2020-03-26,9.0252762527999,10.605684422159808,8.868224009366681,10.01725828503998,4264100,24658,213381177
2020-03-27,9.434789577724516,9.60574582259712,8.923889993562174,9.04514767973124,2319200,14198,109287176
2020-03-30,8.985513407562035,9.257855911672364,8.587924937933742,8.951717987816126,2729100,12549,121392162
2020-03-31,8.951717987816126,9.243941914545388,8.34936785788173,8.42888355266987,2980900,14375,131301438
2020-04-01,8.05117650566051,8.383163277627638,7.723168017354688,7.967682527211066,3347200,16707,133775106
2020-04-02,7.902080829549901,8.297680157347541,7.772866576058225,8.112799919660372,2297100,13016,93765695
2020-04-03,8.090939350898376,8.100875064364047,7.283827560657878,7.504492359921609,3867700,23290,147001711
2020-04-06,7.951779388253437,9.0511151052232,7.890155974253578,8.548162092695875,4438900,18847,190812502
2020-04-07,9.689239801046565,10.337310206023192,9.21014649479948,9.601777534623404,5532900,24577,268652758
2020-04-08,9.63159467070801,10.17827881644691,9.4824989945974,9.937732594564247,2579100,17343,127471051
2020-04-09,10.043097137463278,10.216052519854124,9.637562096199966,9.713099507326802,2755500,12148,137020867
2020-04-13,9.520272698004614,10.096773979828118,9.385091019020978,9.758819782369034,1953700,12204,96304052
2020-04-14,10.021226573013694,10.782608092524368,10.015269143209329,10.534125294694276,2893100,12818,152262340
2020-04-15,10.31743877909185,10.73093038767777,9.882076606056344,10.347255915176454,2463700,11702,129441466
2020-04-16,10.38105133492236,10.575867286075203,10.1146662606164,10.329363634388171,2555200,12935,132718097
2020-04-17,10.653393839032692,10.653393839032692,10.13255854140468,10.416835896498922,1822400,9788,95103941
2020-04-20,10.138515971209046,11.072852873110568,10.059000276420903,10.748822668466053,1956800,10126,104762555
2020-04-22,11.132487145279775,11.132487145279775,10.518222155736648,10.597737850524789,6357700,14351,341778916
2020-04-23,10.665328690016606,10.734908671339076,9.663400948623265,10.13255854140468,3726900,18971,189958633
2020-04-24,9.806529199241918,10.144483396701004,9.082921383138457,9.9397217363949,3903700,22513,190405498
2020-04-27,10.267740220388312,10.53809358266799,10.198160239065844,10.474481026837475,2806900,12940,146817238
2020-04-28,10.53611443652493,11.09074515389885,10.53611443652493,10.619598419286785,2361200,13050,128746883
2020-04-29,10.768044375703964,10.99672571641585,10.658671562080857,10.807817216629422,1784000,10146,96932733
2020-04-30,10.616909579324744,10.817762925782684,10.376303383316534,10.428001079538314,2478500,11616,131441209
2020-05-04,9.912963280713209,10.197330596995773,9.84734159167686,10.173470890715535,2596300,13917,131258373
2020-05-05,10.251017435048206,10.519471616685552,10.103870918017885,10.320617407745855,2012200,8721,104651468
2020-05-06,10.362379390501966,10.690487835683705,10.030292661658928,10.3822608131209,2238700,12344,117599500
2020-05-07,10.541352176822729,11.016617134722376,10.47573048778638,10.591060731213854,3816900,19680,205650389
2020-05-08,10.907244321099268,10.907244321099268,10.062108935261774,10.062108935261774,2741000,12157,141638229
2020-05-11,10.0064229596911,10.189374029673164,9.781719902640514,9.807568750751404,1399500,8209,70076377
2020-05-12,9.84535244984621,10.366357674163272,9.81353617624336,10.123752340636816,2920700,14629,149374353
2020-05-13,10.163525181562273,10.272897995185382,9.72803306458808,9.72803306458808,1898000,10369,95140103
2020-05-14,9.720076497265472,9.843363308015556,9.232876688381907,9.427752613660298,2534400,12107,120794865
2020-05-15,9.364120066454603,9.578887410039515,9.008173631331326,9.32634636304739,2790800,12850,131232806
2020-05-18,9.642519957245211,9.899049283586232,9.50530915368056,9.851319875338168,2468600,13098,120701363
2020-05-19,9.891092716263625,10.340508826052382,9.730022206418734,10.020346952505664,1774700,11509,90302096
2020-05-20,10.060119793431122,10.28880113414301,9.966660114453232,10.121763198806164,1634800,10223,83615333
2020-05-21,10.151590330578358,10.589071589383204,9.755871054529624,10.422033654046356,5353500,25482,278344235
2020-05-22,10.439935930522228,10.473741345955728,10.23710343792123,10.380281666977838,2176800,12137,113367198
2020-05-25,10.541352176822729,10.85156834121618,10.505557619558576,10.785946652179836,1685000,10677,91181498
2020-05-26,11.00468228373846,11.00468228373846,10.740206385762422,10.899287753776658,2202900,12743,120891471
2020-05-27,11.04644426649457,11.076271398266766,10.698444403006311,10.93707145287146,1883700,10482,102676099
2020-05-28,10.907244321099268,11.215471343662069,10.766055233873312,10.939060594702116,1680300,8362,92696807
2020-05-29,10.941049736532769,11.014627992891723,10.54334131865338,10.90923346292992,5284800,17078,288050946
2020-06-01,10.803838932968116,10.992757428442138,10.70441182849827,10.837644348401616,1673200,8977,91187731
2020-06-02,10.93508231104081,10.954973729347332,10.658671562080857,10.84957919938553,2751900,11943,149663006
2020-06-03,10.93707145287146,11.593298338922525,10.897298611946004,11.543579788843804,3982200,22389,225812613
2020-06-04,11.652952602466913,11.810054824338089,11.330811582777134,11.664887453450827,3319900,15731,194025819
2020-06-05,11.93135249325752,12.169979543122672,11.68476887606976,11.841871097940937,2789100,16120,167474824
2020-06-08,11.89754707782402,12.291287207729694,11.76829284158198,12.14413069501178,1621300,8605,98647913
2020-06-09,11.88959051050141,12.134184985858518,11.591309197091872,11.9492447740458,1774500,10479,106829009
2020-06-10,12.106346995916978,12.249525224973588,11.911461074950996,12.068563296822171,2146400,11743,130211198
2020-06-12,11.617158045202762,12.026801314066065,11.46205496084983,11.873687371543785,3146700,20903,186108553
2020-06-15,11.730509142487174,12.20378495855617,11.579374346107956,12.036747023219323,2480900,12706,149203138
2020-06-16,12.251514366804235,12.456336001235888,11.816012254142452,12.000952465955171,2200900,14027,133588915
2020-06-17,12.148108978673086,12.416563160310432,12.052650162176953,12.09441214493306,2804300,15326,172125435
2020-06-18,12.130206702197214,12.205774100386824,11.907492786977285,11.99100675680191,1968700,10284,119194271
2020-06-19,12.130206702197214,12.687006483778427,12.080498147806088,12.490141416669388,7144700,23604,446892358
2020-06-22,12.452357717574582,12.59354680480054,12.06657415499152,12.06657415499152,1889300,10150,116588154
2020-06-23,12.189860965741603,12.601493376435558,11.985039331309952,12.40860659298782,2390500,11289,149064257
2020-06-24,12.352920617417146,12.583601095647277,12.072541580483476,12.072541580483476,1528000,8462,93843602
2020-06-25,12.150088124816149,12.396671742003909,12.012887316939088,12.344974045782129,1490900,8075,91789416
2020-06-26,12.191850107572256,12.490141416669388,12.189860965741603,12.193839249402908,1696500,8777,105200788
2020-06-29,12.28730892406839,12.547806538383124,12.150088124816149,12.547806538383124,1177800,7098,73508186
2020-06-30,12.474228282024168,12.726779324703886,12.30520120485667,12.362866326570408,2064300,10617,129766425
2020-07-01,12.39866088383456,12.67308249096386,12.360877184739756,12.525925978245947,1803300,9459,113329439
2020-07-02,12.68899562560908,12.714844473719973,12.010898175108435,12.076519864144782,2346400,11936,143927270
2020-07-03,11.97112533418298,12.309179488517977,11.883623085009454,12.112314421408934,831200,4548,50770080
2020-07-06,12.1520772666468,12.36485546840106,12.016865600600392,12.130206702197214,2453500,11246,150036559
2020-07-07,11.93135249325752,12.199806674894866,11.867719946051826,11.92140678410426,3080900,15183,186017310
2020-07-08,12.04072530688063,12.24554694131228,11.821979679634412,12.074530722314128,2031200,12690,123392581
2020-07-09,11.979081901505587,12.197817533064214,11.917428500442954,11.917428500442954,1583900,6180,95858852
2020-07-10,11.933341635088173,12.082487289636738,11.873687371543785,12.024812172235409,1856000,5743,112076045
2020-07-13,12.020833888574106,12.096401286763715,11.720563433333911,11.724541716995216,1485100,8661,89103629
2020-07-14,11.682779734239109,11.959190483199064,11.563471207150329,11.909471933120344,1479200,10501,87775192
2020-07-15,12.0506610203463,12.327071769306256,11.943287344241435,12.05662844583826,2080200,12855,126656006
2020-07-16,12.132195844027867,12.21969809320139,11.901525361485326,12.104357854086324,1318800,7284,80382304
2020-07-17,12.104357854086324,12.68899562560908,12.104357854086324,12.68899562560908,1787700,11241,112764846
2020-07-20,12.726779324703886,13.19806599894223,12.625363078403389,13.08073661799651,1929200,11161,125811502
2020-07-21,13.082725759827165,13.251752836994662,12.71285533188932,13.025060638113429,1883700,12326,122707291
2020-07-22,13.027049779944075,13.208011708095492,12.77449873726436,12.945514956262512,1992000,9790,130130034
2020-07-23,13.001200931833187,13.124487742583272,12.67904991645582,12.788422730078928,1553300,8415,100460542
2020-07-24,12.860011844607232,13.084714901657817,12.547806538383124,13.06284433720823,1846100,11968,120028740
2020-07-27,13.13841173539784,13.47049846424088,12.820239003681776,12.85006613545397,1786000,11716,117848877
2020-07-28,12.726779324703886,13.0727800506739,12.59354680480054,12.96142809090773,1245900,7078,80818844
2020-07-29,13.042952918901706,13.124487742583272,12.905742115337056,13.025060638113429,1124200,6375,73415115
2020-07-30,13.005179215494492,13.351179941464508,12.885860692718122,13.16426058350873,1164400,7291,77245045
2020-07-31,13.184142006127663,13.339255086168183,12.80034758537525,12.95347152358512,2894900,19120,189117273
2020-08-03,13.082725759827165,13.13045516807523,12.690984767439732,12.967395516399687,2469000,13491,160664507
2020-08-04,12.907731257167708,12.999211790002535,12.605471660096862,12.758595598306732,1234900,8379,79382612
2020-08-05,12.903752973506402,13.217947421561162,12.885860692718122,12.979320371696012,1511400,9819,99145563
2020-08-06,12.999211790002535,13.253741978825316,12.999211790002535,13.1741962969744,1302400,8233,86014827
2020-08-07,13.144369165202209,13.279600822623795,12.92563353364358,13.029038921774733,1802800,10188,118699221
2020-08-10,13.03699548909734,13.146358307032855,12.74864988915347,12.806315010867207,1339000,8797,86817201
2020-08-11,12.879893267226166,12.915687824490318,12.44042286659067,12.474228282024168,2595000,16106,164666181
2020-08-12,12.462293431040257,12.6293313663771,11.961179625029716,12.191850107572256,3196600,16896,196300112
2020-08-13,12.335028336628866,12.74069332183086,12.32111433950189,12.450368575743932,1940400,13170,122587542
2020-08-14,12.597515092774252,12.885860692718122,12.484173991177432,12.750639030984123,2011800,12592,128689834
2020-08-17,12.804325869036555,12.881882409056818,12.213730667709433,12.418552302141082,1168200,7420,73270215
2020-08-18,12.54382825472182,12.70489876456671,12.418552302141082,12.514001122949624,1633600,9004,102843617
2020-08-19,12.5279151200766,12.569677102832712,12.26343922210056,12.325082627475602,825500,5735,51369402
2020-08-20,12.046692732372588,12.63728793369971,12.012887316939088,12.354909759247796,1759800,9695,109047643
2020-08-21,12.329060911136906,12.55377396387508,12.205774100386824,12.450368575743932,1295000,9210,80785375
2020-08-24,12.468260856532211,12.535871687399212,12.199806674894866,12.360877184739756,1792600,10246,111128191
2020-08-25,12.446390292082626,12.615417369250125,12.309179488517977,12.428488015606757,1630300,9605,102097820
2020-08-26,12.456336001235888,12.74666074732282,12.179925252275934,12.41457401847978,2366800,14592,148345884
2020-08-27,12.329060911136906,12.653201068344927,12.329060911136906,12.480195707516126,1396400,9593,87957770
2020-08-28,12.607460801927514,12.822228145512428,12.49213055850004,12.822228145512428,2064200,10668,131659957
2020-08-31,12.812282436359164,13.005179215494492,12.615417369250125,12.871936699903555,2834900,14198,183340739
2020-09-01,13.025060638113429,13.832412324856117,12.915687824490318,13.719061227571702,4072800,20962,278729263
2020-09-02,13.705147230444725,13.77872548680368,13.32732023518427,13.484412461367857,1744100,10864,118527403
2020-09-03,13.482433315224794,13.653449534222943,13.118520317091315,13.303460528904036,1583200,10834,106292291
2020-09-04,13.363114792448425,13.571914710541378,12.989266080849276,13.20602256626484,1928100,13360,128103351
2020-09-08,13.243796269672051,13.866217740289612,13.233860556206382,13.390952782389965,3017500,15909,206726043
2020-09-09,13.50430387967438,13.657417822196658,13.126476884413924,13.579871277863989,2403300,12005,162476412
2020-09-10,13.725028653063658,13.732985220386269,12.929611817304885,13.025060638113429,1679900,10437,112084529
2020-09-11,12.980569832644914,13.203723558118858,12.528294956205066,12.659798222155134,3145100,18425,200452272
2020-09-14,12.697651891063076,13.28341917528364,12.679719627524433,13.153915046851818,1302100,8826,85678874
2020-09-15,13.27545261227344,13.279440891622336,12.795279771766504,13.159892468031368,1775000,10586,116429899
2020-09-16,13.271464332924545,13.526494306126883,13.128016220302973,13.19774613693931,1806900,11042,120960633
2020-09-17,13.050309744968844,13.060265449809696,12.733516418140368,12.76340352403811,1446400,8492,93360916
2020-09-18,12.823167740146,12.872986247100632,12.372882005536807,12.500406987825569,1715400,9133,108394812
2020-09-21,12.410745670132345,12.554193782753911,12.19755764518684,12.534272377384616,1272200,7551,79150634
2020-09-22,12.550215499092609,12.609979715200502,12.350971458336858,12.524316672543762,1033000,6335,64838517
2020-09-23,12.398790827773244,12.667764785165334,12.35296060016751,12.48047558676868,1788600,11337,112266066
2020-09-24,12.518339251364214,12.727538996960815,12.376870284885705,12.492430429127776,1135700,6989,71595999
2020-09-25,12.45258761838918,12.550215499092609,12.207513350027696,12.53028409803572,948600,6270,59135392
2020-09-28,12.604012289708546,12.641865958616489,11.964438219184451,12.050121253216377,1786500,11638,109950763
2020-09-29,12.091953205785623,12.241388735274333,11.914629707917411,12.070042658585672,2028400,10596,122772651
2020-09-30,12.113873748673162,12.47250902375848,12.034178131508382,12.3808585642346,2272200,12118,140262877
2020-10-01,12.40276911143455,12.753437823509666,12.227444751084583,12.55220464092326,2095700,12069,131291566
2020-10-02,12.51634011384597,12.61596713206764,12.215489908725488,12.313117789428912,1818400,8721,113055284
2020-10-05,12.243377877104985,12.771370087048313,12.215489908725488,12.625922836908495,1153100,6488,72432159
2020-10-06,12.701640170411972,12.72355071761192,12.319095210608465,12.400779969603898,2173500,11134,136206662
2020-10-07,12.458565039568729,12.68569704870398,12.25334357763343,12.50239612965622,1720900,9673,107646556
2020-10-08,12.55220464092326,13.0403440444404,12.504385271486871,12.95666014792672,1747900,9802,112347134
2020-10-09,12.950682726747171,13.11207309859498,12.703629312242626,12.863020546572187,2156400,13602,139285282
2020-10-13,12.910839916008577,13.23958808519615,12.69366361171418,13.137971925143823,2767900,17453,181119329
2020-10-14,13.17582559405177,13.464730952500746,13.09215169322568,13.422889004243908,1991600,11583,133374810
2020-10-15,13.315295423012037,13.4388321259519,13.135982783313176,13.241577227026802,1798700,13516,119928599
2020-10-16,13.253532069385898,13.265486911744995,12.675731348175535,12.886930231290384,1996700,12390,128946502
2020-10-19,13.016434359722204,13.120039661605182,12.617956273898294,12.82914516132555,1793400,12441,115188237
2020-10-20,12.876964530761938,13.064253729158592,12.71558415460172,12.95666014792672,1667000,10492,108215865
2020-10-21,12.92080561653702,13.207711837467755,12.855053983561987,12.855053983561987,1135800,5975,74240638
2020-10-22,12.894896794300584,13.149926767502922,12.75742610285856,13.026400060250648,1142900,5252,74701653
2020-10-23,12.952681864265417,13.024410918419996,12.604012289708546,12.697651891063076,1209500,7668,77554356
2020-10-26,12.701640170411972,13.241577227026802,12.580102604990351,13.09015255570744,1828400,9312,119343039
2020-10-27,13.094140835056336,13.655998434558706,13.058276307979044,13.229622384667705,1820000,10361,121734416
2020-10-28,13.0483106074506,13.104106535584778,12.87098710958239,12.87098710958239,1433200,8564,93378225
2020-10-29,12.86500968840284,13.33322768655068,12.64385510044714,13.293384875812086,2123100,11862,139226334
2020-10-30,13.251542927555247,13.329249402889378,12.825166877664246,12.825166877664246,1898700,11193,123626477
2020-11-03,12.982568970163156,13.14196020449272,12.811212897786904,13.016434359722204,2377500,15110,155130613
2020-11-04,13.11207309859498,13.87915216003265,13.072220292168792,13.695851240984892,2813100,17979,192060283
2020-11-05,13.807423105878067,14.335415315821392,13.77155857880078,13.875163880683754,2405100,14513,168904378
2020-11-06,13.797467401037215,14.291584225733905,13.6878746822871,14.245753998128166,2549500,11573,177996569
2020-11-09,14.743859102173747,15.080573834371522,13.861219896494005,13.911028407761044,2663500,17371,190621238
2020-11-10,13.946892934838337,14.07639706327016,13.448787830792751,13.610178202640562,2394700,12741,165995130
2020-11-11,13.540438290316631,13.77953513749857,13.391012756515511,13.648031871548504,1723100,10317,117661242
2020-11-12,13.747648894082584,13.992723162444072,13.584279376091716,13.917005828940592,2693200,12513,187411549
2020-11-13,14.004678004803166,14.719949417455554,14.004678004803166,14.60240013138283,2616300,16663,190000486
2020-11-16,14.743859102173747,14.781712771081692,14.347370158180489,14.548603340766894,1622100,10031,118571628
2020-11-17,14.662174343178313,14.702017153916907,14.393190390098631,14.393190390098631,2835100,16854,206561176
2020-11-18,14.46691858177146,14.504772250679402,14.215866892230425,14.215866892230425,1513300,7837,109012008
2020-11-19,14.263686261666813,14.371279842898684,14.00666714663382,14.21985517157932,2017100,8775,143545356
2020-11-20,14.391201248267985,14.470896865432763,14.205911187389573,14.205911187389573,1548400,8098,111311738
2020-11-23,14.245753998128166,14.536648498407796,14.164069239132733,14.365302421719134,1623900,7898,117257940
2020-11-24,14.291584225733905,14.441009759535024,14.162070101614487,14.329437894641844,1212300,6462,87276254
2020-11-25,14.345371020662244,14.70400629574756,14.32544961529295,14.464919444253214,4672000,20157,68076360
2020-11-26,14.435032338355471,14.584467867844184,14.02658855200312,14.195945486861127,3797200,12066,54320535
2020-11-27,14.185979786332682,14.435032338355471,13.847275912304257,14.295562509395204,9271200,35864,132551378
2020-11-30,14.295562509395204,14.514727955520254,14.00666714663382,14.365302421719134,14856500,23835,213224546
2020-12-01,14.42507663351462,14.664163485008965,14.195945486861127,14.365302421719134,13444400,40360,195118478
2020-12-02,14.285606804554352,14.77374620807149,14.245753998128166,14.72393769680445,12189600,31789,178242139
2020-12-03,14.67412918553741,15.331625523912557,14.67412918553741,15.102494377259063,7149400,29091,108140636
2020-12-04,15.14233718799766,15.361502634122708,14.982945953668096,15.271851312117072,3984300,15069,60649946
2020-12-07,15.301738418014814,15.64044229204324,14.70400629574756,14.97299024882724,8342600,28907,126913511
2020-12-08,14.933137442401057,15.39138974002045,14.793667613440787,15.251919911060185,7504500,25572,113405013
2020-12-09,15.34158122875341,15.481051057713678,14.853441825236272,15.04272016546358,8412300,23987,127277303
2020-12-10,15.12241578262836,15.570712375406902,15.052685865992023,15.202111399793145,10704300,30084,164622420
2020-12-11,15.24196420621933,15.421276845918191,14.99291165419654,15.112460077787508,5607500,21337,85242386
2020-12-14,15.12241578262836,15.1722242938954,14.793667613440787,15.082572971889764,4905900,16413,73943362
2020-12-15,15.182189994423846,15.222032805162442,14.883328931134017,15.12241578262836,5472000,12973,82755128
2020-12-16,15.162268589054548,15.540825269509162,15.02279876009428,15.371468334651151,5977000,23967,92059984
2020-12-17,15.301738418014814,15.600599481304643,15.231998505690886,15.441208246975082,3232000,12067,50102274
2020-12-18,15.351546929281854,15.600599481304643,14.99291165419654,15.14233718799766,4852100,15530,74176384
2020-12-21,14.933137442401057,15.231998505690886,14.614354973741928,14.99291165419654,5272000,18028,79207969
2020-12-22,15.052685865992023,15.381434035179597,15.002877354724983,15.152302888526105,5619500,16291,85553270
2020-12-23,15.24196420621933,15.331625523912557,14.9431031429295,14.97299024882724,4753100,12578,72017877
2020-12-28,15.032754464935136,15.182189994423846,14.863407525764718,15.102494377259063,3444500,11529,52100505
2020-12-29,15.182189994423846,15.620520886673942,15.032754464935136,15.46112965234438,4407600,16605,67857720
2020-12-30,15.620520886673942,15.720137909208022,15.07260727136132,15.202111399793145,9894200,18515,151474610
2021-01-04,15.351546929281854,15.451163951815934,14.70400629574756,14.982945953668096,8468300,25317,127287235
2021-01-05,15.002877354724983,15.052685865992023,14.554580761946442,14.594423572685038,8782000,17951,129631401
2021-01-06,14.713971996276005,14.713971996276005,14.036554252531564,14.05647565790086,14849700,44752,213595745
2021-01-07,14.1062841691679,14.494806550150958,13.817388806406512,14.225832592758868,7287300,21629,103699133
2021-01-08,14.257119094919382,18.138164707336827,14.207240613839202,16.741387314715187,39777900,62922,669336287
2021-01-11,16.721435922283113,18.437475576568264,16.671547445515348,18.15812609545649,48590800,102991,869569829
2021-01-12,18.347684314936348,18.377621399272048,17.27016918397822,17.67923270296123,19908400,53711,353963305
2021-01-13,17.499640184009813,17.579455749425687,16.831188572034694,16.960882618530746,15258400,36765,262178839
2021-01-14,17.040698183946624,17.64929561862553,16.91100413745057,17.160426529914233,10620900,22530,183955591
2021-01-15,17.1205137493625,17.589431445641726,16.791275791482956,17.260193487762184,9584900,24298,166329831
2021-01-18,17.38989752994583,18.29779583816858,17.38989752994583,17.888742314873163,9970000,26954,179284568
2021-01-19,17.998494964624737,18.25789305330444,17.03072248773059,17.330033356962026,11416400,29040,201004597
2021-01-20,17.300106268313915,17.639319922409495,17.130489445578537,17.330033356962026,9936800,26235,172689302
2021-01-21,17.280154875881845,18.03839774948888,17.040698183946624,17.579455749425687,14796400,50934,259568490
2021-01-22,17.27016918397822,17.878766618657124,17.27016918397822,17.34000905317806,5667000,17963,99431779
2021-01-26,17.569480053209652,18.41752418413619,17.4397860067136,17.858815226225055,13272800,38139,240271695
2021-01-27,17.86879092244109,18.048383441392502,17.17040222613027,17.20032931477838,12951900,29504,230212020
2021-01-28,17.20032931477838,17.988519268408698,17.20032931477838,17.798951053241247,8615200,30465,151980016
2021-01-29,17.619368529977425,17.689208399177268,17.090586660714393,17.130489445578537,10898000,21965,189402498
2021-02-01,17.64929561862553,17.64929561862553,17.1205137493625,17.46971309536171,10175900,26724,177263620
2021-02-02,17.778999660809177,18.10823761868872,17.38989752994583,17.719135487825373,9412300,36533,166742719
2021-02-03,17.81891244136091,17.858815226225055,17.35996044561013,17.64929561862553,9461300,23656,166795542
2021-02-04,17.689208399177268,17.948606487856967,17.509615880225848,17.778999660809177,5060600,18573,89716311
2021-02-05,17.6991840953933,18.25789305330444,17.669247011057603,17.808926749457285,5376400,16425,96473299
2021-02-08,17.848839530009016,18.19802888032063,17.509615880225848,18.028422053272845,9677500,20676,173827110
2021-02-09,17.96855788028904,18.018446357056806,17.619368529977425,17.659271314841565,7157700,33844,127427123
2021-02-10,17.689208399177268,17.749072572161072,17.08061096449836,17.20032931477838,8041700,39885,139771703
2021-02-11,17.35996044561013,17.689208399177268,17.1205137493625,17.579455749425687,13037700,25078,226707848
2021-02-12,17.489664487793775,17.489664487793775,17.060659572066285,17.160426529914233,4852600,10744,83706233
2021-02-17,17.34000905317806,17.349984749394093,16.88106705311487,17.160426529914233,11188400,26204,192411717
2021-02-18,16.920979833666603,17.060659572066285,16.202629749236124,16.88106705311487,15850200,37306,263964569
2021-02-19,16.831188572034694,17.20032931477838,16.422125053051683,17.20032931477838,8384000,21199,141677967
2021-02-22,16.791275791482956,17.040698183946624,16.252518226003893,16.751373006618817,7964800,33094,132991922
2021-02-23,16.52190200658722,16.721435922283113,16.102862791388173,16.262493922219928,8028300,30954,131505854
2021-02-24,16.35228518385184,16.40217366061961,15.70378496430879,16.062960006524033,9494800,28411,151796179
2021-02-25,16.04299861840437,16.30240670277166,15.43440118372546,15.833489006492435,10931000,29846,173472640
2021-02-26,15.763649137292596,16.04299861840437,15.165027398829723,15.46433826806116,13136400,33663,204211281
2021-03-01,17.160426529914233,17.25021779154615,16.202629749236124,16.282455310339593,20745500,47761,347166054
2021-03-02,16.18267835680405,16.44207644548375,15.46433826806116,16.362270875755467,12248900,45205,196444170
2021-03-03,16.202629749236124,16.40217366061961,15.41444979129339,16.112838487604208,14640800,46515,232506711
2021-03-04,16.122814183820246,16.312382398987697,15.334634225877512,15.51422674482893,18700600,36466,295823525
2021-03-05,15.334634225877512,15.853440398924509,15.184978791261797,15.60401800646084,14666800,40958,228610191
2021-03-08,15.05528474476574,15.474313964277195,14.785900964182412,14.975469179349863,15812900,50312,239490535
2021-03-09,14.965483487446235,15.284755744797334,14.636245529566692,15.115138922061956,14982400,48911,225624315
2021-03-10,15.254818660461636,15.304707137229409,14.536478571718746,15.155051702613688,10012500,34030,150831088
2021-03-11,15.234867268029566,15.524202441044968,15.02534766043004,15.46433826806116,13981900,44166,213985049
2021-03-12,15.194954487477832,15.46433826806116,15.065260440981776,15.264794356677672,4026800,12030,61522776
2021-03-15,15.264794356677672,15.494265356709269,15.045299052862116,15.444386875629087,3321900,15385,51093789
2021-03-16,15.43440118372546,15.993120137324189,15.284755744797334,15.883367487572617,16703100,29961,264669486
2021-03-17,15.843464702708474,15.853440398924509,15.135100310181617,15.504241052925302,12231800,33690,189759445
2021-03-18,15.264794356677672,15.29473144101337,14.9854448755659,15.12511461827799,6821800,24383,103653427
2021-03-19,15.155051702613688,15.643920791324984,15.045299052862116,15.2448429642456,15869200,25887,243997779
2021-03-22,15.155051702613688,15.2448429642456,14.775925267966375,14.995420571781937,6843200,18859,103007423
2021-03-23,14.995420571781937,15.444386875629087,14.86571652959829,15.22489157181353,11905200,40010,182313113
2021-03-24,15.264794356677672,15.264794356677672,14.6961097025505,14.745988183630676,10698700,26257,161003968
2021-03-25,14.656196921998768,15.494265356709269,14.496565791167011,15.41444979129339,35473000,41445,543107595
2021-03-26,15.364571310213211,15.444386875629087,14.935556398798129,15.165027398829723,13498000,28536,204857856
2021-03-29,15.07523613719781,15.07523613719781,14.656196921998768,14.925580702582094,11822400,29823,176101939
2021-03-30,14.855740833382251,15.12511461827799,14.805852356614482,14.965483487446235,8580200,20816,128688105
2021-03-31,14.975469179349863,15.02534766043004,14.785900964182412,14.845765137166216,8518100,17723,126941870
2021-04-01,14.9555077912302,15.02534766043004,14.686134006334465,14.795876660398449,9109400,17757,135348612
2021-04-05,14.895643618246396,14.895643618246396,14.59634274470255,14.73601248741464,6922100,25212,102239061
2021-04-06,14.745988183630676,14.86571652959829,14.366871744670958,14.616294137134624,14473100,30016,211962415
2021-04-07,14.626269833350658,15.364571310213211,14.616294137134624,15.184978791261797,23513700,41645,356992148
2021-04-08,15.234867268029566,15.314682833445442,14.775925267966375,14.845765137166216,10949100,26070,163645337
2021-04-09,14.825813744734145,14.945532095014164,14.556429964150816,14.83578944095018,7578100,22400,112442844
2021-04-12,14.795876660398449,14.9555077912302,14.6961097025505,14.775925267966375,7115000,19260,105822766
2021-04-13,14.716061094982573,15.204930183693866,14.666182613902391,15.155051702613688,8945900,19190,134976792
2021-04-14,15.115138922061956,15.264794356677672,14.815828052830518,15.07523613719781,8396600,17292,126234592
2021-04-15,15.00539626799797,15.10516322584592,14.86571652959829,15.07523613719781,4981700,12460,74834860
2021-04-16,15.065260440981776,15.304707137229409,14.745988183630676,15.304707137229409,8313200,12787,125429683
2021-04-19,15.29473144101337,15.29473144101337,14.86571652959829,15.045299052862116,6430000,13695,96674537
2021-04-20,14.965483487446235,15.51422674482893,14.965483487446235,15.2448429642456,16898800,28181,258398585
2021-04-22,15.115138922061956,15.17500309504576,14.566405660366852,14.825813744734145,18940900,29312,281368640
2021-04-23,14.825813744734145,14.91560500636606,14.556429964150816,14.6961097025505,12955500,33783,190892890
2021-04-26,14.745988183630676,14.91560500636606,14.606318440918589,14.775925267966375,6110700,19696,90455173
2021-04-27,14.726036791198608,14.83578944095018,14.436711613870798,14.436711613870798,6944700,13825,101456409
2021-04-28,14.476614398734942,14.785900964182412,14.127425048423326,14.666182613902391,10224100,14080,149422948
2021-04-29,14.706085398766534,14.91560500636606,14.556429964150816,14.726036791198608,5536900,15328,81933484
2021-04-30,14.64622122578273,14.825813744734145,14.346910356551293,14.4067745295351,23172500,20625,335968183
2021-05-03,14.396798833319064,15.00539626799797,14.386823137103027,14.9854448755659,12686000,29942,188458244
2021-05-04,14.925580702582094,15.02534766043004,14.6961097025505,14.845765137166216,6984000,20449,103930703
2021-05-05,14.9555077912302,14.9555077912302,14.666182613902391,14.825813744734145,15955300,29403,236808194
2021-05-06,14.668761501300928,14.848374011627524,14.618863028845569,14.768548450524056,6234200,15670,91889748
2021-05-07,14.798485534859754,15.307395977191444,14.768548450524056,15.287444584759374,7709000,19853,116737681
2021-05-10,15.227570416087977,15.237546112304011,14.698698585636626,14.91823387220255,9767900,29656,145264478
2021-05-11,14.728635669972324,14.958146652754284,14.58893594019746,14.908248180298925,13358000,16694,198505352
2021-05-12,14.568974552077796,14.598911636413494,14.089991198394214,14.169826755185277,20723200,44098,297049536
2021-05-13,14.319502181176174,14.78850983864372,14.299550788744105,14.568974552077796,12107000,22937,177046084
2021-05-14,14.75857275430802,14.96812234897032,14.648800113181265,14.70867428185266,9400000,16033,139137351
2021-05-17,14.618863028845569,14.868335399747188,14.52906177152606,14.578950248293832,9050700,13318,132415766
2021-05-18,14.58893594019746,14.88829678786685,14.37937634984757,14.658785805084891,20458500,19603,298905499
2021-05-19,14.60888733262953,14.78850983864372,14.469187602854664,14.52906177152606,8667100,20828,126537482
2021-05-20,14.618863028845569,14.96812234897032,14.489138995286735,14.878311095963223,8789000,18753,129806534
2021-05-21,14.828422619195454,15.187657635536242,14.80846123107579,15.127783466864845,12862300,37593,193914356
2021-05-24,15.207609027968312,15.566844044309102,15.19763333175228,15.566844044309102,12143300,27518,188215793
2021-05-25,15.5967811286448,15.666640989219824,15.467057095085972,15.5967811286448,5959200,14412,93030964
2021-05-26,15.706553769771556,16.155600039119438,15.636703904884126,15.72650516220363,14405200,27382,229383876
2021-05-27,15.616742516764464,15.836277803330386,15.427144314534235,15.72650516220363,11130900,19539,174649572
2021-05-28,15.616742516764464,15.995938921224912,15.49699417942167,15.916103364433852,5060800,15052,80538081
2021-05-31,15.90612766821782,16.015890313656985,15.716529465987591,15.966001836889214,6425300,16198,102318130
2021-06-01,15.936064752553516,16.21546421210325,15.846253499546425,15.966001836889214,11255100,29309,180721901
2021-06-02,16.02587600556061,16.12565295909615,15.526931263757367,15.766427938442954,18110600,23606,284949606
2021-06-04,15.72650516220363,15.816316415210723,15.39720723019854,15.64667960110016,10794500,23542,168367565
2021-06-07,15.656655297316195,15.846253499546425,15.606766820548428,15.766427938442954,9046800,20022,142694917
2021-06-08,15.656655297316195,15.766427938442954,15.5967811286448,15.766427938442954,7853700,18993,123511966
2021-06-09,15.736490854107256,15.74646655032329,15.536916955660995,15.566844044309102,5553400,13647,87010613
2021-06-10,15.5967811286448,15.72650516220363,15.327357365311109,15.54689265187703,8109000,21542,125858399
2021-06-11,15.467057095085972,15.516955567541332,14.978098045186352,15.227570416087977,12543200,37332,190023230
2021-06-14,15.357294449646805,15.357294449646805,15.01802082142568,15.08787068631311,9547800,17619,144872800
2021-06-15,15.107822078745183,15.307395977191444,15.037972213857753,15.097846382529148,13434400,24814,203677353
2021-06-16,15.097846382529148,15.39720723019854,15.057933601977412,15.26748319663971,10880900,35449,166035298
2021-06-17,15.187657635536242,15.666640989219824,15.097846382529148,15.586805432428765,6133800,19605,95355987
2021-06-18,15.656655297316195,15.846253499546425,15.4171686183182,15.467057095085972,15637400,26564,243475144
2021-06-21,15.506979871325296,15.536916955660995,15.21759471987194,15.387231533982504,7217500,17363,111279554
2021-06-22,15.377255837766466,15.736490854107256,15.147744854984508,15.736490854107256,7650600,23390,118655296
2021-06-23,15.566844044309102,15.836277803330386,15.54689265187703,15.636703904884126,5949200,14633,93470156
2021-06-24,15.756442246539327,16.08574017854442,15.54689265187703,15.74646655032329,5116500,14421,80992836
2021-06-25,15.77640363465899,15.816316415210723,15.187657635536242,15.307395977191444,11318300,25566,174260837
2021-06-28,15.26748319663971,15.79635502709106,15.257507500423674,15.566844044309102,5911600,16459,92493215
2021-06-29,15.487018483205636,15.606766820548428,15.24753180420764,15.566844044309102,8840000,23198,136443182
2021-06-30,15.427144314534235,15.506979871325296,15.187657635536242,15.377255837766466,9146500,26009,140579982
2021-07-01,15.317381669095072,15.387231533982504,14.828422619195454,14.958146652754284,8456300,17829,126888062
2021-07-02,15.057933601977412,15.26748319663971,14.93818526463462,15.24753180420764,7108400,17065,107923382
2021-07-05,15.24753180420764,15.24753180420764,14.998059433306016,15.008035129522051,4588100,10010,69225667
2021-07-06,14.978098045186352,15.08787068631311,14.718659973756289,14.93818526463462,10670000,19549,159575704
2021-07-07,15.152982595282309,15.302807956587074,14.91324602409453,15.302807956587074,4607600,12689,69926934
2021-07-08,15.113019836292615,15.162968287185931,14.95319878739663,14.983165858795102,4737100,14163,71159756
2021-07-12,15.10303414438899,15.28283657277982,14.863307568888803,15.272840885188602,5159000,13814,78187866
2021-07-13,15.162968287185931,15.462629005483064,15.053085693495673,15.462629005483064,5317900,15477,81383430
2021-07-14,15.602468674884202,15.682384197175992,15.232888121886504,15.352756407480392,12787700,24029,196647650
2021-07-15,15.362742099384018,15.412690550277336,15.093048452485364,15.292822264683448,6057400,15444,92601456
2021-07-16,15.312803644178292,15.51257745637638,15.232888121886504,15.342760719889174,6654200,10843,102555714
2021-07-19,15.18294966668078,15.382723478878864,14.963194474987848,15.192935358584403,9711600,20381,146724093
2021-07-20,15.083052764894145,15.152982595282309,14.703486519992818,14.73345359139129,11303400,15276,167635106
2021-07-21,14.763410667102171,14.833340497490331,14.293943208005429,14.443778564997787,13666800,27456,197611061
2021-07-22,14.453764256901415,14.753424975198543,14.453764256901415,14.533669783505614,14310700,21126,208625454
2021-07-23,14.573632542495304,14.633556689604656,14.443778564997787,14.573632542495304,5993900,16014,87169546
2021-07-26,14.47374563639626,14.543665471096832,14.234009065208484,14.283957516101802,12265500,19209,176480707
2021-07-27,14.243994757112112,14.333895971307529,14.044220944914027,14.333895971307529,9518300,16555,135429335
2021-07-28,14.413811493599315,14.713472211896445,14.25399044470333,14.593603926302556,10851400,20938,158002413
2021-07-29,14.593603926302556,14.73345359139129,14.483731328299887,14.643552377195874,7067000,13396,103289107
2021-07-30,14.503712707794731,14.553651163000458,14.164089230507914,14.21403768140123,9240800,14498,132150195
2021-08-02,14.363863042706,14.673519448594346,14.243994757112112,14.463749948805042,7453600,18109,108350910
2021-08-03,14.333895971307529,14.503712707794731,14.024249561106773,14.483731328299887,8298200,19110,118857903
2021-08-04,14.393830114104473,14.543665471096832,14.044220944914027,14.343881663211157,13948700,27122,199265696
2021-08-05,14.383844422200845,14.80337342609186,14.25399044470333,14.37385873029722,11793500,21933,170904540
2021-08-06,14.37385873029722,14.413811493599315,14.17407492241154,14.243994757112112,7746000,19082,110622792
2021-08-09,14.134122159109442,14.423797185502943,14.084183703903715,14.134122159109442,7427700,16523,105650320
2021-08-10,14.17407492241154,14.293943208005429,13.834461440812314,13.92436265500773,12900400,18981,180105521
2021-08-11,13.784512989918996,14.094169395807343,13.634687628614229,13.944334038814985,13921000,26960,193036108
2021-08-12,13.804494369413842,14.933227403589376,13.804494369413842,14.833340497490331,24532300,37414,359199424
2021-08-13,14.99316154638632,15.72233696047809,14.99316154638632,15.332775027985546,31076400,43767,480012744
2021-08-16,15.332775027985546,15.442657621675808,14.773406354693387,15.013132930193574,14235000,22805,214618669
2021-08-17,14.853311881297586,15.043100001592046,14.533669783505614,14.723457903800073,16283000,31227,240533729
2021-08-18,14.703486519992818,14.793377738500642,14.353877350802373,14.58361823439893,18440700,31692,269294331
2021-08-19,14.483731328299887,15.142986907691087,14.293943208005429,14.91324602409453,12697100,27076,186948577
2021-08-20,14.683505140497973,15.692369889079618,14.683505140497973,15.51257745637638,19646000,29210,302596839
2021-08-23,15.402694862686118,15.402694862686118,15.043100001592046,15.18294966668078,14336100,37967,218602341
2021-08-24,15.402694862686118,15.50258176878516,15.113019836292615,15.262855193284976,9739100,28640,148874986
2021-08-25,15.192935358584403,15.28283657277982,14.903260332190904,15.262855193284976,15732200,30727,237732927
2021-08-26,15.202921050488031,15.232888121886504,14.863307568888803,14.943213095493002,11982100,16507,179639352
2021-08-27,14.933227403589376,14.99316154638632,14.713472211896445,14.833340497490331,15053000,27655,223472371
2021-08-30,14.80337342609186,14.95319878739663,14.723457903800073,14.793377738500642,10881500,20085,161250234
2021-08-31,14.853311881297586,15.003147238289946,14.58361823439893,14.703486519992818,21850000,30958,321890482
2021-09-01,14.883278952696058,14.95319878739663,14.553651163000458,14.903260332190904,26778900,24580,394990296
2021-09-02,14.753424975198543,14.84332618939396,14.483731328299887,14.6934908324016,9620200,38115,140961850
2021-09-03,14.773406354693387,14.95319878739663,14.553651163000458,14.873293260792432,11371600,23310,168216695
2021-09-06,14.84332618939396,15.262855193284976,14.763410667102171,15.142986907691087,4334800,11504,65699064
2021-09-08,15.043100001592046,15.113019836292615,14.413811493599315,14.553651163000458,9112300,25531,133340504
2021-09-09,14.463749948805042,15.123015523883836,14.283957516101802,14.84332618939396,9648900,31264,140890811
2021-09-10,14.84332618939396,15.10303414438899,14.643552377195874,14.643552377195874,10740500,27813,159948139
2021-09-13,14.833340497490331,15.422676242180962,14.783392046597015,15.162968287185931,9036300,19664,137570205
2021-09-14,15.142986907691087,15.412690550277336,15.053085693495673,15.212906742391658,7844700,21519,119873996
2021-09-15,15.362742099384018,15.372727791287646,14.943213095493002,15.362742099384018,8307300,16429,126964893
2021-09-16,15.28283657277982,15.462629005483064,15.142986907691087,15.262855193284976,10456600,16471,160036449
2021-09-17,15.24287381379013,15.262855193284976,14.783392046597015,15.232888121886504,13395500,15924,202548238
2021-09-20,15.133001215787464,15.272840885188602,14.753424975198543,14.863307568888803,10815100,26656,161602457
2021-09-21,14.883278952696058,15.402694862686118,14.833340497490331,15.162968287185931,9681000,18930,147101005
2021-09-22,15.28283657277982,15.342760719889174,14.493717020203514,14.573632542495304,20345600,32715,302357621
2021-09-23,14.533669783505614,14.883278952696058,14.37385873029722,14.873293260792432,16115300,29604,237805116
2021-09-24,14.943213095493002,15.083052764894145,14.413811493599315,14.723457903800073,9510200,18428,140023141
2021-09-27,14.643552377195874,14.643552377195874,14.164089230507914,14.453764256901415,10627100,25285,152773996
2021-09-28,14.093919503617563,14.293833255441928,13.364234309458638,13.624122186830313,20825300,42052,284673605
2021-09-29,13.624122186830313,13.804044563472235,13.394221372232296,13.594135124056656,13669800,30135,185646174
2021-09-30,13.6741006247864,13.874014376610765,13.434204122597166,13.584139436465438,20609500,34831,279869875
2021-10-01,13.524165310918129,13.933988502158073,13.334247246684985,13.434204122597166,15608900,16571,212309320
2021-10-04,13.384225684641075,13.41421274741473,12.684527553255808,12.814471491941642,39426700,61385,508388309
2021-10-05,12.794480116759209,13.084355056904531,12.634549115299716,12.82446717953286,21230100,32630,273791772
2021-10-06,12.644544802890934,12.804475804350425,12.334678487563172,12.584570677343626,18724800,38083,234598779
2021-10-07,12.544587926978751,12.684527553255808,12.164751798512464,12.494609489022665,23887400,32167,296304953
2021-10-08,12.684527553255808,13.04437230653966,12.60456205252606,12.864449929897733,24575200,31057,316247812
2021-10-11,12.764493053985552,13.124337807269406,12.494609489022665,12.88444130508017,21071900,31274,271952616
2021-10-13,12.944415430627478,13.284268808728894,12.844458554715295,12.904432680262603,14030400,32886,182739155
2021-10-14,12.874445617488952,13.04437230653966,12.61455774011728,12.72451030362068,17575900,31464,224427425
2021-10-15,12.72451030362068,13.064363681722096,12.564579302161189,13.004389556174786,16461500,28364,212010451
2021-10-18,13.04437230653966,13.04437230653966,12.524596551796316,12.594566364934844,27934400,40450,356026161
2021-10-19,12.494609489022665,12.50460517661388,11.944846671505664,12.0747906101915,25974200,39173,316375147
2021-10-20,12.124769048147591,12.264708674424645,11.65497173136034,11.704950169316431,34342100,32157,408809358
2021-10-21,11.555014855448158,11.844889795593485,11.27513560289405,11.604993293404249,24211300,38314,280925901
2021-10-22,11.255144227711614,11.984829421870538,10.935282224792632,11.604993293404249,32310800,51493,368017981
2021-10-25,11.565010543039376,11.984829421870538,11.355101103623795,11.844889795593485,16072700,28560,190119591
2021-10-26,11.515032105083286,11.604993293404249,11.32511404085014,11.525027792674504,28204000,34952,323915503
2021-10-27,11.565010543039376,11.904863921140793,11.515032105083286,11.86488117077592,19807500,21967,234651619
2021-10-28,11.744932919681302,11.97483373427932,11.585001918221812,11.724941544498868,17240900,21954,202724970
2021-10-29,11.774919982454955,11.87487685836714,11.375092478806232,11.53502348026572,18389000,23806,212294182
2021-11-01,11.744932919681302,11.87487685836714,11.48504504230963,11.764924294863738,12895100,16913,151250900
2021-11-03,11.32511404085014,12.45462673865779,11.32511404085014,12.374661237928043,26262300,32633,318482006
2021-11-04,12.274704362015862,12.534592239387534,12.054799235009066,12.254712986833429,19693600,36666,241716780
2021-11-05,12.24471729924221,12.764493053985552,12.24471729924221,12.744501678803116,16123700,32377,203823228
2021-11-08,12.494609489022665,12.944415430627478,12.494609489022665,12.754497366394334,12316300,26218,157063158
2021-11-09,12.754497366394334,13.604130811647874,12.674531865664587,13.274273121137677,19195300,36471,256099197
2021-11-10,13.464191185370822,13.704087687560056,13.244286058364022,13.294264496320114,22075000,24105,298470022
2021-11-11,13.294264496320114,13.913997126975636,12.854454242306517,13.734074750333711,15372900,22240,208880313
2021-11-12,13.804044563472235,13.884010064201982,13.124337807269406,13.194307620407931,20987100,32514,279516237
2021-11-16,13.164320557634277,13.324251559093767,12.654540490482152,12.854454242306517,12147200,20796,156133244
2021-11-17,13.124337807269406,13.164320557634277,12.44463105106657,12.584570677343626,19414200,26888,246485937
2021-11-18,12.564579302161189,13.184311932816712,12.554583614569973,13.054367994130878,14085300,22044,183187020
2021-11-19,13.094350744495747,13.614126499239092,13.014385243766004,13.184311932816712,19941200,26663,265373332
2021-11-22,13.264277433546455,13.264277433546455,12.72451030362068,12.764493053985552,12573200,22737,162033990
2021-11-23,12.834462867124078,12.904432680262603,12.434635363475351,12.834462867124078,12071600,24017,153114883
2021-11-24,12.664536178073371,12.92442405544504,12.45462673865779,12.524596551796316,12820800,20674,162299592
2021-11-25,12.524596551796316,12.634549115299716,12.08478629778272,12.264708674424645,15879000,24206,194993971
2021-11-26,12.004820797052972,12.314687112380737,11.614988980995468,11.65497173136034,17279000,26040,204352933
2021-11-29,11.774919982454955,11.984829421870538,11.405079541579886,11.405079541579886,13581500,26839,157110440
2021-11-30,11.38508816639745,11.43506660435354,10.52545903355269,10.90529516201898,28776700,29393,312476703
2021-12-01,10.935282224792632,11.06522616347847,10.285562531363457,10.325545281728328,17676700,30835,186092392
2021-12-02,10.37552371968442,11.01524772552238,10.37552371968442,11.01524772552238,18628300,25449,199814017
2021-12-03,10.885303786836545,11.634980356177904,10.885303786836545,11.425070916762325,23596200,32793,269588649
2021-12-06,11.465053667127195,11.54501916785694,11.22515716493796,11.22515716493796,16124900,23870,182930798
2021-12-07,11.365096791215011,11.395083853988668,11.01524772552238,11.17517872698187,17587100,14686,196107105
2021-12-08,11.255144227711614,11.495040729900849,11.155187351799434,11.315118353258924,13132400,16272,149444773
2021-12-09,11.315118353258924,11.465053667127195,11.035239100704814,11.205165789755524,17307700,19004,195380906
2021-12-10,11.455057979535978,11.455057979535978,11.195170102164305,11.195170102164305,10456300,22927,118002795
2021-12-13,11.315118353258924,11.954842359096885,11.215161477346742,11.54501916785694,41140600,34194,480347065
2021-12-14,11.594997605813033,11.784915670046177,11.165183039390651,11.305122665667705,11078900,17116,126187851
2021-12-15,11.33510972844136,11.475049354718411,10.985260662748724,11.355101103623795,12241300,16422,137778976
2021-12-16,12.39465261311048,12.694523240847024,11.475049354718411,11.53502348026572,55600100,57309,657196991
2021-12-17,11.345105416032576,11.475049354718411,11.06522616347847,11.365096791215011,19936100,23887,226591006
2021-12-20,11.205165789755524,11.33510972844136,10.965269287566288,11.245148540120397,17320700,20460,193425438
2021-12-21,11.305122665667705,11.555014855448158,11.195170102164305,11.415075229171103,20939500,16581,239079235
2021-12-22,11.48504504230963,11.54501916785694,10.985260662748724,11.045234788296034,16710400,22188,185538701
2021-12-23,11.11520460143456,11.11520460143456,10.5854331591,10.5854331591,16040400,25632,171817112
2021-12-27,10.555446096326346,10.78534691092436,10.465484908005385,10.5854331591,9660100,17112,102344656
2021-12-28,10.61,10.62,10.09,10.31,17770600,28823,182198145
2021-12-29,10.31,10.36,9.97,10.09,16961200,23073,171358754
2021-12-30,10.2,10.39,10.06,10.38,15551500,19261,160323863
