Date,Open,High,Low,Close,Volume,Neg,Fin
2021-01-26,19.69,19.99,18.11,18.9,312200,1019,5967136
2021-01-27,19.0,19.0,17.6,17.95,954900,1814,17505537
2021-01-28,17.96,18.2,16.93,17.1,1267800,1805,21731501
2021-01-29,17.31,17.39,16.52,16.9,310600,688,5236858
2021-02-01,17.0,17.15,16.7,16.7,254900,575,4274131
2021-02-02,17.0,17.6,16.98,17.2,274400,678,4706787
2021-02-03,17.32,17.8,17.2,17.6,62700,142,1099060
2021-02-04,17.47,18.0,17.47,17.9,47900,118,857837
2021-02-05,18.11,19.43,18.0,18.5,90500,347,1682823
2021-02-08,19.0,19.0,18.35,18.36,36000,60,662694
2021-02-09,18.98,18.98,17.84,18.6,80700,226,1474260
2021-02-10,18.3,18.5,17.8,18.15,161300,246,2925191
2021-02-11,18.0,18.99,18.0,18.75,80200,224,1503395
2021-02-12,18.3,18.8,17.75,18.29,294300,334,5386609
2021-02-17,18.79,18.79,18.0,18.3,233200,221,4260999
2021-02-18,18.68,18.75,17.82,18.4,306600,441,5653165
2021-02-19,19.1,19.1,17.6,18.2,245800,350,4491959
2021-02-22,18.0,18.0,16.8,17.3,341300,878,5947425
2021-02-23,17.8,17.99,17.15,17.4,301200,795,5305695
2021-02-24,17.51,18.79,17.5,17.8,1264900,583,23220623
2021-02-25,17.5,17.74,17.0,17.4,139700,363,2416197
2021-02-26,17.4,17.59,17.01,17.59,81900,156,1432744
2021-03-01,17.22,17.22,16.52,17.2,41300,178,703525
2021-03-02,16.8,17.0,16.63,16.95,32400,114,545612
2021-03-03,16.75,16.75,16.28,16.5,94400,214,1554240
2021-03-04,16.5,16.7,15.65,16.14,160800,545,2626703
2021-03-05,16.0,17.0,15.8,17.0,125900,217,2056288
2021-03-08,16.7,16.99,16.44,16.6,35600,85,590602
2021-03-09,16.5,16.5,15.3,16.45,80500,407,1294569
2021-03-10,16.1,16.12,15.62,15.95,108000,545,1710447
2021-03-11,16.0,16.35,15.81,16.1,173600,603,2788531
2021-03-12,15.93,16.19,15.9,16.0,78500,211,1256475
2021-03-15,16.0,16.0,15.31,15.6,138500,507,2149585
2021-03-16,15.9,15.9,15.36,15.5,123900,369,1926924
2021-03-17,15.51,16.3,15.4,16.3,76300,299,1207499
2021-03-18,16.3,16.62,15.85,16.1,123600,407,1994156
2021-03-19,16.12,16.45,16.1,16.16,84300,261,1362136
2021-03-22,15.92,16.13,15.92,15.93,58700,242,937140
2021-03-23,15.8,16.49,15.71,16.49,51000,83,826594
2021-03-24,16.89,16.89,16.12,16.89,74600,218,1234288
2021-03-25,16.6,16.74,16.4,16.65,124500,193,2066842
2021-03-26,16.79,16.86,16.47,16.77,68400,138,1145345
2021-03-29,16.88,16.88,16.51,16.88,21000,50,353049
2021-03-30,16.6,17.1,16.6,16.6,108100,171,1800542
2021-03-31,16.6,16.77,16.35,16.5,122900,207,2030042
2021-04-01,16.55,17.0,16.4,16.5,28300,56,468415
2021-04-05,16.36,16.48,15.8,16.48,57800,255,935825
2021-04-06,17.1,18.09,16.67,16.75,109900,385,1865452
2021-04-07,16.5,16.95,16.35,16.6,112300,825,1855719
2021-04-08,16.45,16.45,15.35,16.14,495700,945,7778325
2021-04-09,16.1,16.5,15.9,16.2,81400,173,1316561
2021-04-12,16.5,17.45,16.22,16.37,76800,368,1259208
2021-04-13,16.59,16.99,15.94,16.49,98100,432,1605161
2021-04-14,16.9,16.9,16.17,16.2,46200,176,749986
2021-04-15,16.28,16.75,16.16,16.4,115000,687,1890901
2021-04-16,16.21,16.21,15.9,16.1,127900,436,2056306
2021-04-19,16.35,16.63,16.02,16.17,69400,321,1122272
2021-04-20,16.77,16.77,16.02,16.3,132300,226,2148271
2021-04-22,16.59,16.59,16.06,16.3,51500,247,835787
2021-04-23,16.59,16.59,15.9,16.2,414600,367,6670612
2021-04-26,16.5,16.79,16.16,16.3,81500,418,1333099
2021-04-27,16.11,16.63,16.07,16.4,69700,196,1140751
2021-04-28,16.24,16.52,16.1,16.5,65300,187,1066814
2021-04-29,16.27,16.56,16.27,16.3,67700,187,1104965
2021-04-30,16.3,16.68,16.2,16.49,66300,82,1091038
2021-05-03,16.25,16.6,16.25,16.4,94200,236,1545281
2021-05-04,16.69,16.69,16.31,16.5,23900,37,394426
2021-05-05,16.67,16.96,15.57,15.85,1622200,543,25464067
2021-05-06,15.75,16.3,15.75,16.3,25500,66,412376
2021-05-07,16.02,16.29,15.83,16.1,118700,249,1914954
2021-05-10,16.5,16.5,15.71,16.15,202000,412,3251353
2021-05-11,16.0,16.2,15.92,16.08,29900,91,479624
2021-05-12,15.97,16.15,15.58,16.15,135800,467,2157106
2021-05-13,16.29,16.29,15.72,15.94,94900,223,1509599
2021-05-14,15.99,16.04,15.75,16.0,243200,730,3886773
2021-05-17,15.85,16.3,15.82,16.2,230000,346,3703051
2021-05-18,16.5,16.5,15.93,16.0,100000,222,1602074
2021-05-19,16.0,16.29,15.57,16.24,76400,186,1224587
2021-05-20,16.3,16.3,15.96,16.24,154000,152,2493502
2021-05-21,16.1,16.1,15.95,15.95,81100,125,1295521
2021-05-24,16.2,16.2,15.75,16.06,92300,186,1473028
2021-05-25,16.19,16.19,15.93,15.93,58600,182,935100
2021-05-26,15.93,16.24,15.72,15.89,51200,233,812963
2021-05-27,15.82,16.21,15.82,16.0,173400,216,2774585
2021-05-28,16.1,16.3,15.7,16.3,186700,283,3001202
2021-05-31,16.3,16.39,15.83,16.15,191000,437,3071906
2021-06-01,16.34,16.34,16.06,16.3,130500,337,2118009
2021-06-02,16.23,16.3,15.95,16.2,105000,261,1694649
2021-06-04,16.17,16.49,15.85,16.07,219100,616,3515528
2021-06-07,16.02,16.28,16.0,16.2,130400,233,2110755
2021-06-08,16.3,16.31,16.03,16.23,110800,153,1789928
2021-06-09,16.18,16.18,16.05,16.05,132800,258,2133937
2021-06-10,16.07,16.3,15.96,16.2,95900,213,1545204
2021-06-11,16.26,16.35,16.2,16.25,53400,80,868541
2021-06-14,16.34,16.45,16.07,16.29,103900,175,1692223
2021-06-15,16.39,16.64,16.13,16.6,203400,49,3322654
2021-06-16,16.6,16.75,16.48,16.55,95300,518,1576703
2021-06-17,16.47,16.85,16.45,16.85,96000,118,1598832
2021-06-18,16.89,17.05,16.42,16.98,99500,435,1678298
2021-06-21,16.82,16.98,16.57,16.8,185200,308,3131188
2021-06-22,16.82,16.98,16.63,16.95,78100,248,1317795
2021-06-23,17.01,17.05,16.7,16.7,51200,116,858159
2021-06-24,16.94,16.94,16.72,16.85,71200,152,1197551
2021-06-25,16.96,17.0,16.7,17.0,18200,45,308557
2021-06-28,17.06,17.34,16.91,16.94,28600,106,487044
2021-06-29,16.75,17.05,16.75,17.05,18400,22,313029
2021-06-30,17.04,17.95,16.9,17.95,46100,127,808335
2021-07-01,17.33,17.94,17.33,17.94,73400,110,1309076
2021-07-02,17.89,17.95,17.62,17.95,37800,126,676694
2021-07-05,17.94,18.0,17.8,17.8,113600,153,2026563
2021-07-06,17.56,18.09,17.5,17.79,52900,107,945281
2021-07-07,17.51,18.0,17.4,17.58,117900,178,2077156
2021-07-08,17.41,17.73,17.39,17.5,59500,70,1041279
2021-07-12,17.65,17.88,17.5,17.79,17700,39,314188
2021-07-13,17.87,18.0,17.7,17.8,99100,108,1770947
2021-07-14,17.98,17.98,17.65,17.95,46500,19,834607
2021-07-15,17.56,18.03,17.47,17.98,81900,209,1459756
2021-07-16,18.03,18.07,17.8,17.99,37000,52,664811
2021-07-19,17.6,17.97,17.5,17.97,78300,136,1397895
2021-07-20,17.83,17.9,17.75,17.9,43400,68,774984
2021-07-21,17.69,17.82,17.4,17.79,77800,179,1376314
2021-07-22,17.51,17.83,17.33,17.65,66200,284,1163086
2021-07-23,17.5,17.69,17.31,17.69,36000,85,632915
2021-07-26,17.42,17.64,17.23,17.24,135400,119,2340794
2021-07-27,17.15,17.2,16.99,17.09,73700,109,1256816
2021-07-28,17.24,17.49,17.24,17.36,31500,76,546784
2021-07-29,17.36,17.49,17.23,17.4,25400,40,441717
2021-07-30,17.11,17.47,17.11,17.4,46100,142,800237
2021-08-02,17.24,17.54,17.23,17.25,68600,55,1184024
2021-08-03,17.21,17.21,16.8,16.8,88700,112,1493521
2021-08-04,16.84,17.24,16.84,17.24,17000,147,289773
2021-08-05,17.52,17.52,17.2,17.49,35500,34,620611
2021-08-06,17.48,17.75,17.21,17.7,21300,38,375610
2021-08-09,17.54,17.68,17.46,17.64,39400,58,694478
2021-08-10,17.79,17.99,17.24,17.45,59600,244,1044984
2021-08-11,17.45,17.65,17.4,17.5,26600,81,465835
2021-08-12,17.38,17.54,16.95,17.39,108600,168,1879865
2021-08-13,17.24,17.53,16.8,16.99,64200,210,1100310
2021-08-16,16.94,16.94,15.83,16.4,36900,201,601305
2021-08-17,16.37,16.37,14.22,14.79,97800,548,1463700
2021-08-18,14.88,14.92,13.31,13.31,116000,716,1591004
2021-08-19,13.0,13.25,12.41,13.25,92100,537,1168836
2021-08-20,12.86,12.86,12.41,12.5,92600,434,1165658
2021-08-23,12.58,12.58,12.02,12.02,42600,107,518487
2021-08-24,12.17,12.35,11.79,12.21,46200,253,558907
2021-08-25,12.41,12.75,12.15,12.41,42400,116,528050
2021-08-26,12.33,12.33,11.2,11.2,148800,1025,1715767
2021-08-27,11.2,11.68,11.2,11.31,16600,88,190486
2021-08-30,11.51,11.88,11.05,11.05,87700,483,987079
2021-08-31,11.16,11.78,11.16,11.78,45400,240,523683
2021-09-01,11.8,12.5,11.75,11.75,39500,267,476364
2021-09-02,11.97,12.55,11.92,11.96,50200,347,615527
2021-09-03,12.28,12.29,11.61,11.61,28300,206,334095
2021-09-06,11.82,12.49,11.82,12.4,7900,64,96546
2021-09-08,12.61,12.7,11.63,11.95,19900,176,239909
2021-09-09,11.94,12.0,11.76,11.85,19000,47,226675
2021-09-10,12.15,12.69,11.6,12.0,8300,60,99153
2021-09-13,12.15,12.83,12.15,12.83,9900,65,123878
2021-09-14,12.7,12.7,12.6,12.65,4500,14,56912
2021-09-15,12.64,12.98,12.64,12.98,4600,20,58337
2021-09-16,12.86,13.62,12.86,13.4,41200,70,549405
2021-09-17,13.05,13.59,13.04,13.25,90100,222,1204320
2021-09-20,13.04,13.06,12.22,12.38,117500,723,1470357
2021-09-21,12.42,12.75,12.42,12.74,4600,26,57743
2021-09-22,12.66,13.25,12.66,13.2,6600,32,85732
2021-09-23,13.56,13.56,13.32,13.55,4700,26,63270
2021-09-24,13.2,13.7,13.2,13.5,17300,82,232078
2021-09-27,13.4,13.67,13.33,13.39,8000,48,107533
2021-09-28,13.39,13.39,12.9,12.9,23300,63,307408
2021-09-29,13.0,13.19,12.95,12.95,7000,35,91003
2021-09-30,12.95,13.35,12.95,13.21,32300,207,425886
2021-10-01,13.29,13.55,13.2,13.55,2100,17,28055
2021-10-04,13.23,13.54,13.0,13.4,2500,18,33118
2021-10-05,13.18,13.44,13.03,13.44,600,6,7950
2021-10-06,13.02,13.23,12.4,13.19,15100,43,193632
2021-10-07,13.5,13.5,13.02,13.27,6200,37,82018
2021-10-08,13.39,14.3,13.0,14.3,30100,248,417373
2021-10-11,14.4,14.4,13.91,14.0,5300,18,74209
2021-10-13,14.34,14.34,13.8,14.0,19500,23,272888
2021-10-14,14.34,14.35,14.0,14.28,40400,4,576869
2021-10-15,14.0,14.35,13.97,14.35,5500,27,77817
2021-10-18,14.33,14.33,13.55,13.55,37700,20,536459
2021-10-19,13.55,13.95,13.5,13.9,24200,15,329510
2021-10-20,14.25,14.25,13.31,13.38,9100,78,122956
2021-10-21,13.38,13.38,12.65,13.19,4700,19,61281
2021-10-22,13.0,13.0,12.0,12.2,15800,85,194678
2021-10-25,12.22,12.35,11.8,11.8,6800,46,82846
2021-10-26,11.94,11.94,11.93,11.93,28400,8,339059
2021-10-27,11.75,11.9,11.75,11.8,47600,45,563284
2021-10-28,11.5,12.15,11.2,12.15,5500,25,65545
2021-10-29,11.95,11.95,11.35,11.6,27300,92,315042
2021-11-01,11.62,11.97,11.61,11.97,18900,113,221750
2021-11-03,11.97,12.5,11.97,12.5,4600,7,55317
2021-11-05,12.5,12.5,12.1,12.39,4900,16,60901
2021-11-08,11.8,12.0,11.62,11.65,11700,73,137950
2021-11-09,11.3,11.8,11.3,11.4,7000,55,80333
2021-11-10,11.4,11.87,11.32,11.49,37200,51,428056
2021-11-11,11.35,11.68,11.02,11.25,25000,52,286887
2021-11-12,11.4,11.5,11.0,11.0,1200,12,13527
2021-11-16,11.01,11.01,10.8,10.8,500,5,5441
2021-11-17,10.8,11.0,10.41,11.0,45000,51,484432
2021-11-18,11.19,11.19,10.48,11.0,5200,35,56294
2021-11-19,10.99,10.99,10.35,10.35,11400,54,120855
2021-11-22,10.35,11.0,9.82,10.0,7500,43,78391
2021-11-23,10.11,10.11,9.99,10.0,5400,29,54116
2021-11-24,10.02,10.2,9.75,10.0,38800,69,387016
2021-11-25,10.02,10.2,9.74,9.74,10000,79,99773
2021-11-26,9.98,9.98,9.25,9.59,7400,34,70473
2021-11-29,9.59,9.59,9.12,9.12,35400,60,331065
2021-11-30,9.0,9.8,9.0,9.8,17700,69,165006
2021-12-01,10.0,10.0,9.6,9.87,1700,17,16765
2021-12-02,10.0,10.04,9.5,9.95,20200,60,200186
2021-12-03,9.75,9.8,9.5,9.71,24000,81,233315
2021-12-06,9.72,10.0,9.41,10.0,16800,55,161201
2021-12-07,10.3,10.3,9.2,9.2,32500,131,307435
2021-12-08,9.39,9.39,8.85,8.9,31000,66,277297
2021-12-09,8.9,8.99,8.85,8.86,20700,27,184230
2021-12-10,9.14,9.14,8.7,8.7,5600,37,49320
2021-12-13,8.8,8.87,8.35,8.79,22800,112,196040
2021-12-14,8.7,8.94,8.63,8.87,3800,21,33594
2021-12-15,8.99,8.99,8.41,8.5,145500,73,1270275
2021-12-16,8.84,8.84,8.53,8.55,2300,10,19916
2021-12-17,8.55,8.6,8.4,8.4,41300,26,352781
2021-12-20,8.4,8.6,8.4,8.5,19300,17,163501
2021-12-21,8.5,8.5,8.5,8.5,5400,9,45900
2021-12-22,8.74,8.99,8.3,8.3,7800,37,66144
2021-12-23,8.4,8.5,8.4,8.4,2800,10,23530
2021-12-27,8.42,8.75,8.36,8.36,34300,38,288283
2021-12-28,8.5,8.5,7.91,7.91,49700,68,410448
2021-12-29,8.19,8.39,8.0,8.03,44400,85,359219
2021-12-30,8.2,8.8,8.2,8.8,34400,61,300495
