Date,Open,High,Low,Close,Volume,Neg,Fin
2020-09-25,7.56,7.56,7.03,7.42,67517400,25511,494759478
2020-09-28,7.38,7.49,7.12,7.22,6789100,6446,49542855
2020-09-29,7.21,7.22,6.89,7.05,5687500,6822,40022328
2020-09-30,7.02,7.25,7.02,7.25,4544900,4059,32678649
2020-10-01,7.24,7.33,7.05,7.32,3141300,2870,22746867
2020-10-02,7.22,7.27,7.14,7.14,2467600,1807,17673782
2020-10-05,7.18,7.2,7.01,7.05,2250800,1377,15890474
2020-10-06,7.1,7.13,6.91,6.95,1313300,2534,9146385
2020-10-07,7.0,7.0,6.63,6.65,5389600,5431,36336853
2020-10-08,6.65,6.75,6.53,6.69,1725900,1832,11507069
2020-10-09,6.7,6.83,6.6,6.75,1231200,2097,8266074
2020-10-13,6.76,6.79,6.6,6.61,5017300,4091,33383381
2020-10-14,6.66,6.82,6.62,6.8,2034400,1736,13707764
2020-10-15,6.83,6.97,6.76,6.91,1392200,2376,9561837
2020-10-16,6.9,6.99,6.82,6.89,540800,1331,3728353
2020-10-19,6.93,6.93,6.75,6.8,1069200,1359,7272749
2020-10-20,6.8,6.9,6.61,6.75,1327000,2064,8959188
2020-10-21,6.78,6.78,6.57,6.61,1557200,2482,10321689
2020-10-22,6.62,6.72,6.55,6.61,1265200,2810,8350615
2020-10-23,6.62,6.96,6.48,6.85,13695400,5624,92216424
2020-10-26,6.85,6.88,6.61,6.74,13602100,4799,91852043
2020-10-27,6.75,6.79,6.56,6.56,733900,1486,4859908
2020-10-28,6.5,6.55,6.07,6.15,1810200,1818,11319301
2020-10-29,6.18,6.26,6.0,6.16,2364800,3346,14543331
2020-10-30,6.18,6.24,5.88,5.9,3013400,2859,18094081
2020-11-03,6.3,6.49,6.19,6.45,5906600,6692,37780902
2020-11-04,6.5,6.75,6.42,6.53,3199800,7500,21051341
2020-11-05,6.61,6.92,6.44,6.6,5084500,4866,33517155
2020-11-06,6.5,6.79,6.48,6.63,3796000,4683,25277782
2020-11-09,6.85,6.85,6.54,6.56,1313800,1903,8696644
2020-11-10,6.61,6.72,6.37,6.43,1479500,2574,9545146
2020-11-11,6.46,6.51,6.25,6.4,2748500,2889,17342020
2020-11-12,6.38,6.43,6.1,6.38,2079000,3322,13113349
2020-11-13,6.38,6.51,6.11,6.3,3114000,3706,19525578
2020-11-16,6.48,6.48,6.15,6.2,4541400,8356,28313364
2020-11-17,6.21,6.35,6.16,6.28,2529100,5677,15859249
2020-11-18,6.27,6.41,6.15,6.35,1681100,4854,10541656
2020-11-19,6.32,6.45,6.17,6.45,2085800,3807,13132574
2020-11-20,6.43,6.58,6.35,6.55,1790300,3101,11649932
2020-11-23,6.6,6.61,6.4,6.45,1311900,4362,8464159
2020-11-24,6.42,6.59,6.38,6.53,3576800,3882,23349958
2020-11-25,6.53,6.73,6.48,6.73,5466500,5039,36172542
2020-11-26,6.71,6.79,6.63,6.75,1975700,1497,13332787
2020-11-27,6.74,6.97,6.66,6.95,1425000,2212,9824603
2020-11-30,6.95,6.95,6.82,6.89,1027500,2855,7096108
2020-12-01,7.25,7.5,7.13,7.38,4832100,11437,35580935
2020-12-02,7.54,7.56,7.25,7.56,11436800,5509,85408917
2020-12-03,7.6,7.73,7.33,7.44,2769600,4420,20773532
2020-12-04,7.49,7.49,7.06,7.15,1711900,4664,12277328
2020-12-07,7.15,7.38,6.95,7.0,1105600,2780,7868619
2020-12-08,7.0,7.09,6.82,6.83,1611200,4113,11140077
2020-12-09,6.89,6.9,6.51,6.56,4564700,6229,30154904
2020-12-10,6.59,6.65,6.45,6.57,2509600,4780,16407987
2020-12-11,6.5,6.7,6.5,6.58,4428300,3881,29116737
2020-12-14,6.61,6.76,6.5,6.52,2091200,5970,13717236
2020-12-15,6.51,6.61,6.4,6.55,2622300,3787,16977697
2020-12-16,6.63,6.67,6.53,6.6,3892500,2603,25680015
2020-12-17,6.62,6.77,6.61,6.62,1123000,2150,7496349
2020-12-18,6.6,6.78,6.6,6.73,2077400,3483,13975085
2020-12-21,6.6,6.66,6.46,6.66,1004400,2465,6625724
2020-12-22,6.66,6.77,6.61,6.77,1081300,4064,7229735
2020-12-23,6.77,6.87,6.68,6.87,1676800,5956,11403021
2020-12-28,6.9,6.95,6.8,6.86,2238500,4175,15360893
2020-12-29,6.94,6.95,6.86,6.86,1336300,3478,9207500
2020-12-30,6.87,6.91,6.82,6.9,2837900,4616,19546342
2021-01-04,6.81,6.88,6.51,6.61,5413900,10459,35844021
2021-01-05,6.62,6.73,6.52,6.66,2235200,9293,14873769
2021-01-06,6.65,6.65,6.41,6.44,1948400,5779,12670300
2021-01-07,6.35,6.38,6.16,6.2,6598500,15953,41347667
2021-01-08,6.19,6.45,6.16,6.37,5591700,6255,35005069
2021-01-11,6.33,6.45,6.18,6.31,1687300,1694,10673753
2021-01-12,6.27,6.45,6.27,6.45,2966900,5522,18869749
2021-01-13,6.59,6.78,6.47,6.75,3019500,8436,20091714
2021-01-14,6.77,6.88,6.71,6.85,4339100,6993,29557608
2021-01-15,6.74,6.85,6.62,6.8,1466300,4144,9911798
2021-01-18,6.85,7.04,6.71,7.01,2655200,4889,18353778
2021-01-19,7.01,7.42,6.96,7.31,4258200,8865,30597405
2021-01-20,7.34,7.47,7.11,7.36,4440500,9862,32531901
2021-01-21,7.36,7.7,7.36,7.43,6567600,12907,49721823
2021-01-22,7.33,7.39,7.08,7.25,2508800,7898,18176894
2021-01-26,7.25,7.25,6.88,6.96,3833200,7532,26881489
2021-01-27,6.96,7.08,6.72,7.02,2778000,8458,19165437
2021-01-28,7.01,7.14,6.92,6.97,1336600,4255,9391387
2021-01-29,6.91,6.97,6.67,6.7,1541000,5727,10407525
2021-02-01,6.8,6.84,6.62,6.79,1584600,4957,10690978
2021-02-02,6.79,6.88,6.71,6.77,1773400,6224,12034810
2021-02-03,6.78,6.82,6.66,6.72,3092000,10917,20719545
2021-02-04,6.75,6.83,6.66,6.66,2322600,6573,15630173
2021-02-05,6.71,6.78,6.53,6.64,2103800,5161,13986572
2021-02-08,6.6,6.66,6.41,6.5,3317100,4977,21599192
2021-02-09,6.5,6.56,6.32,6.4,2090600,5500,13408205
2021-02-10,6.37,6.43,6.22,6.32,7902400,9668,49885297
2021-02-11,6.35,6.44,6.24,6.44,3005800,7695,19080072
2021-02-12,6.45,6.54,6.39,6.48,4281800,9381,27679931
2021-02-17,6.54,6.58,6.39,6.52,2913100,3543,18895562
2021-02-18,6.51,6.68,6.47,6.6,3241700,5353,21320331
2021-02-19,6.6,6.75,6.54,6.7,4817900,7159,32038157
2021-02-22,6.6,6.98,6.34,6.85,5637400,11796,37812470
2021-02-23,6.89,6.94,6.68,6.8,2630900,6642,18015853
2021-02-24,6.84,6.9,6.67,6.86,1309000,4265,8911172
2021-02-25,6.85,6.88,6.31,6.5,2981400,5376,19565221
2021-02-26,6.54,6.64,6.29,6.44,2646000,6167,17061991
2021-03-01,6.41,6.47,6.22,6.25,2169300,6813,13804228
2021-03-02,6.24,6.34,5.97,6.1,3943000,8321,24166473
2021-03-03,6.12,6.2,5.81,6.13,2580500,6692,15433426
2021-03-04,6.07,6.23,6.01,6.19,4320600,9697,26303275
2021-03-05,6.15,6.17,5.86,5.96,6777100,5956,40309288
2021-03-08,5.9,5.94,5.32,5.39,7804900,14994,43557717
2021-03-09,5.4,5.51,5.26,5.36,2898300,6739,15643038
2021-03-10,5.46,5.46,5.18,5.25,6411300,9090,33734925
2021-03-11,5.25,5.41,5.1,5.35,13737700,13295,71165551
2021-03-12,5.35,5.42,5.2,5.38,10265200,8639,54611678
2021-03-15,5.36,5.67,5.27,5.67,7678500,10916,42155701
2021-03-16,5.65,5.7,5.46,5.68,7250800,15419,40692901
2021-03-17,5.65,5.69,5.55,5.61,8926000,9047,50155302
2021-03-18,5.61,5.8,5.53,5.76,5483900,11881,31157829
2021-03-19,5.71,6.04,5.68,5.84,19973300,11963,117311531
2021-03-22,5.88,5.95,5.78,5.79,6658200,9451,39044981
2021-03-23,5.78,5.91,5.66,5.71,2149000,4364,12421550
2021-03-24,5.71,5.8,5.62,5.72,2478600,4280,14140964
2021-03-25,5.7,6.0,5.58,5.93,3412300,6878,19965528
2021-03-26,5.95,6.03,5.77,5.94,2989500,4573,17738865
2021-03-29,5.88,5.92,5.75,5.79,1491200,3189,8664211
2021-03-30,5.78,5.93,5.73,5.92,2317000,5746,13616332
2021-03-31,5.93,6.07,5.86,5.96,3099500,6727,18449878
2021-04-01,6.0,6.03,5.87,6.03,2145000,3404,12773138
2021-04-05,6.09,6.13,5.97,6.09,2493400,7128,15092878
2021-04-06,6.1,6.22,5.99,6.11,3016200,5057,18344445
2021-04-07,6.08,6.13,6.0,6.08,3073400,6672,18681515
2021-04-08,6.1,6.17,5.95,6.09,3132200,5171,18967182
2021-04-09,6.0,6.13,5.92,6.13,1947500,4189,11788582
2021-04-12,6.15,6.22,6.06,6.11,3047600,6546,18651231
2021-04-13,6.09,6.2,6.01,6.13,4014500,5802,24546024
2021-04-14,6.18,6.22,6.05,6.1,1853400,3784,11337496
2021-04-15,6.15,6.16,6.04,6.08,3592600,3952,21928413
2021-04-16,6.08,6.1,5.97,6.08,2484800,3469,15038651
2021-04-19,6.21,6.34,6.18,6.3,2611900,5852,16396594
2021-04-20,6.32,6.5,6.26,6.5,2897300,5449,18550990
2021-04-22,6.5,6.77,6.49,6.53,4563300,5020,30029521
2021-04-23,6.66,6.75,6.52,6.56,2484500,6179,16391876
2021-04-26,6.61,6.64,6.41,6.63,2093200,7509,13662591
2021-04-27,6.63,6.72,6.5,6.67,4088400,8494,27018070
2021-04-28,6.68,6.75,6.5,6.56,3133800,4094,20618793
2021-04-29,6.55,6.76,6.55,6.64,2739700,9058,18228289
2021-04-30,6.7,6.85,6.7,6.76,8377500,11514,56720974
2021-05-03,6.69,6.85,6.6,6.75,3001100,9006,20280881
2021-05-04,6.75,6.81,6.68,6.79,2559000,6055,17291433
2021-05-05,6.79,6.88,6.73,6.75,1988900,5568,13490069
2021-05-06,6.76,6.77,6.6,6.7,2453100,8423,16346270
2021-05-07,6.71,6.85,6.7,6.83,1343500,5452,9133298
2021-05-10,6.85,6.94,6.78,6.85,2017800,5499,13833253
2021-05-11,6.74,6.97,6.71,6.91,2255700,4627,15486995
2021-05-12,6.85,6.91,6.66,6.8,3122900,8453,21173044
2021-05-13,6.8,6.86,6.64,6.74,2885600,9887,19473855
2021-05-14,6.77,6.87,6.66,6.76,3036600,6553,20465420
2021-05-17,6.71,6.75,6.55,6.62,2140200,6434,14181467
2021-05-18,6.61,6.71,6.59,6.64,1126900,2710,7484266
2021-05-19,6.59,6.64,6.44,6.6,3248200,8660,21263144
2021-05-20,6.63,6.78,6.6,6.69,88209100,6019,590213666
2021-05-21,6.67,6.85,6.66,6.74,2610400,6392,17710218
2021-05-24,6.77,6.84,6.67,6.7,2697300,5214,18084828
2021-05-25,6.7,6.72,6.64,6.66,1262200,4110,8425720
2021-05-26,6.7,6.7,6.62,6.65,3930100,6323,26231819
2021-05-27,6.71,6.77,6.65,6.69,32332500,7592,216330985
2021-05-28,6.73,6.87,6.7,6.8,3596400,8077,24374648
2021-05-31,6.87,6.9,6.77,6.87,2088000,4653,14279050
2021-06-01,6.97,6.97,6.56,6.56,5604800,11574,37677886
2021-06-02,6.6,6.65,6.18,6.48,14738300,15513,94271935
2021-06-04,6.48,6.56,6.42,6.52,2385500,6087,15535396
2021-06-07,6.48,6.55,6.32,6.37,2182400,5959,13903663
2021-06-08,6.35,6.38,6.22,6.29,3648400,6585,22919111
2021-06-09,6.23,6.25,6.0,6.11,7239800,6686,44052018
2021-06-10,6.11,6.25,6.09,6.25,3071000,5207,18964525
2021-06-11,6.19,6.23,6.04,6.08,2806300,5580,17144177
2021-06-14,6.06,6.21,6.0,6.15,5499500,11113,33554492
2021-06-15,6.16,6.17,5.99,5.99,4785500,12834,28826045
2021-06-16,6.01,6.09,5.95,6.05,6434300,6303,38603137
2021-06-17,6.07,6.11,6.03,6.09,3457300,7264,20985283
2021-06-18,6.1,6.21,6.05,6.18,1761900,3748,10810218
2021-06-21,6.22,6.31,6.16,6.26,2350900,5592,14699442
2021-06-22,6.3,6.31,6.15,6.18,2457800,5992,15227705
2021-06-23,6.18,6.29,6.18,6.25,1777700,2771,11077277
2021-06-24,6.3,6.3,6.11,6.22,1852700,5213,11495011
2021-06-25,6.21,6.22,5.97,6.05,3589400,6358,21707613
2021-06-28,6.07,6.12,5.99,6.08,1192300,3625,7232335
2021-06-29,6.14,6.35,6.07,6.27,4090300,6602,25490824
2021-06-30,6.34,6.44,6.18,6.43,5116100,13618,32401769
2021-07-01,6.43,6.48,6.19,6.46,7731600,8621,49548675
2021-07-02,6.45,6.56,6.37,6.54,2831200,7718,18325698
2021-07-05,6.56,6.58,6.5,6.51,1453100,4904,9492722
2021-07-06,6.5,6.54,6.31,6.38,2621700,5531,16706333
2021-07-07,6.44,6.44,6.23,6.37,2779100,4929,17600469
2021-07-08,6.26,6.3,6.16,6.28,2840900,7868,17714416
2021-07-12,6.33,6.35,6.22,6.29,1730800,2708,10870868
2021-07-13,6.28,6.34,6.22,6.33,1938400,4619,12192689
2021-07-14,6.33,6.55,6.33,6.46,5408100,6056,34955853
2021-07-15,6.45,6.46,6.23,6.25,4324600,6675,27142063
2021-07-16,6.26,6.3,6.13,6.3,2848300,4617,17736861
2021-07-19,6.24,6.26,6.11,6.16,3462600,5000,21410000
2021-07-20,6.1,6.15,6.05,6.13,1781300,3506,10872889
2021-07-21,6.13,6.14,6.01,6.09,1963000,4006,11923505
2021-07-22,6.09,6.09,5.95,5.98,2552900,6903,15293397
2021-07-23,5.98,6.0,5.79,5.84,3191700,6439,18720391
2021-07-26,5.76,5.8,5.59,5.6,5919200,5981,33400145
2021-07-27,5.58,5.59,5.37,5.53,6362600,15341,34787180
2021-07-28,5.5,5.58,5.38,5.52,12967100,7770,71108444
2021-07-29,5.54,5.57,5.43,5.55,2753300,7872,15139833
2021-07-30,5.52,5.56,5.44,5.53,4007500,8968,22071011
2021-08-02,5.59,5.65,5.44,5.48,2252300,5164,12482025
2021-08-03,5.5,5.5,5.29,5.3,5457900,6087,29149607
2021-08-04,5.3,5.35,5.16,5.2,2720300,5941,14201386
2021-08-05,5.2,5.27,5.09,5.19,2165200,5754,11222838
2021-08-06,5.17,5.21,5.05,5.17,2648200,5210,13598937
2021-08-09,5.17,5.17,4.98,5.07,5889000,6956,29698660
2021-08-10,5.1,5.12,4.94,4.94,2852100,4740,14235775
2021-08-11,4.95,4.97,4.65,4.71,13766900,7606,64676998
2021-08-12,4.7,4.72,4.55,4.66,4465500,7164,20669969
2021-08-13,4.65,4.71,4.44,4.49,5217000,6618,23611427
2021-08-16,4.45,4.45,4.09,4.12,11018000,13508,45678257
2021-08-17,4.19,4.29,3.93,4.29,10718900,15534,43962228
2021-08-18,4.31,4.65,4.18,4.36,7276300,12349,32023280
2021-08-19,4.3,4.67,4.24,4.46,3339500,5833,14960397
2021-08-20,4.43,4.81,4.41,4.77,6020200,7833,28130060
2021-08-23,4.77,4.79,4.52,4.59,4283500,6232,19678381
2021-08-24,4.63,4.84,4.62,4.73,3052100,12672,14501890
2021-08-25,4.75,4.83,4.71,4.71,2074800,5236,9867141
2021-08-26,4.71,4.81,4.55,4.69,2836500,9516,13250189
2021-08-27,4.7,4.78,4.62,4.74,3305200,6812,15541415
2021-08-30,4.73,4.8,4.66,4.7,1899300,4035,8984544
2021-08-31,4.7,4.75,4.41,4.44,3558200,6475,16070068
2021-09-01,4.54,4.65,4.42,4.65,7576800,12175,34473721
2021-09-02,4.62,4.66,4.46,4.57,2712500,5281,12294952
2021-09-03,4.62,4.67,4.46,4.58,9783400,8789,44712100
2021-09-06,4.57,4.74,4.49,4.7,1642700,2679,7643184
2021-09-08,4.7,4.7,4.47,4.5,3348600,7674,15166320
2021-09-09,4.51,4.51,4.17,4.25,5701500,7837,24280026
2021-09-10,4.3,4.38,4.26,4.28,3619600,7181,15578859
2021-09-13,4.33,4.47,4.28,4.38,1757800,3152,7702825
2021-09-14,4.4,4.45,4.28,4.28,2597400,3459,11237790
2021-09-15,4.28,4.35,4.21,4.29,933600,1678,3996245
2021-09-16,4.27,4.38,4.21,4.38,1473200,3120,6369670
2021-09-17,4.33,4.35,4.15,4.24,3192800,6609,13544960
2021-09-20,4.15,4.15,3.77,3.83,7117200,10345,27522183
2021-09-21,3.95,3.95,3.78,3.88,6079300,6534,23531358
2021-09-22,3.93,4.04,3.78,3.97,6845500,13449,26933463
2021-09-23,4.0,4.11,3.91,3.97,2735000,9068,10899853
2021-09-24,3.92,3.97,3.81,3.92,3169500,15471,12358223
2021-09-27,3.93,3.95,3.85,3.87,1461900,2470,5687322
2021-09-28,3.85,3.87,3.72,3.75,4248400,6467,16091282
2021-09-29,3.79,3.85,3.7,3.73,3032700,5325,11416924
2021-09-30,3.77,3.8,3.72,3.8,3029800,4742,11436189
2021-10-01,3.84,3.89,3.76,3.87,3516200,6895,13506805
2021-10-04,3.89,3.93,3.67,3.77,2863500,5810,10816109
2021-10-05,3.82,4.04,3.73,3.96,7990600,10817,31076267
2021-10-06,3.89,4.06,3.86,4.0,4286800,10568,17031908
2021-10-07,4.0,4.08,3.84,4.01,3828400,7678,15145692
2021-10-08,4.04,4.2,3.99,4.01,3110200,6971,12725809
2021-10-11,4.03,4.11,3.97,3.98,2940400,5303,11877671
2021-10-13,4.0,4.06,3.89,3.91,2305600,6996,9101606
2021-10-14,3.92,4.11,3.92,4.05,4037400,6683,16196436
2021-10-15,4.08,4.28,4.05,4.19,5607900,5503,23425773
2021-10-18,4.16,4.22,4.03,4.03,2511300,3826,10323721
2021-10-19,4.02,4.02,3.7,3.79,6281800,7958,24069438
2021-10-20,3.82,3.83,3.64,3.66,5445200,6401,20173744
2021-10-21,3.61,3.66,3.33,3.41,8519000,8293,29398825
2021-10-22,3.38,3.38,3.14,3.28,7024100,9854,22746306
2021-10-25,3.32,3.41,3.25,3.35,2982600,7049,9955012
2021-10-26,3.33,3.33,3.14,3.2,3941300,5569,12599330
2021-10-27,3.23,3.31,3.18,3.26,3142200,8364,10230213
2021-10-28,3.26,3.26,3.06,3.11,7142100,7518,22306155
2021-10-29,3.12,3.17,2.98,2.98,3999500,8019,12129589
2021-11-01,3.03,3.13,2.98,3.12,2876700,5534,8855467
2021-11-03,3.08,3.21,3.03,3.15,5050100,6908,15860737
2021-11-04,3.15,3.18,3.03,3.05,4365300,5847,13514332
2021-11-05,3.09,3.1,2.95,2.96,6921200,7672,20714991
2021-11-08,2.96,2.96,2.82,2.82,5851900,10494,16689384
2021-11-09,2.83,3.09,2.78,3.01,11220800,8298,33437916
2021-11-10,3.02,3.11,3.0,3.07,5284500,5984,16087049
2021-11-11,3.11,3.36,3.11,3.33,4386600,6334,14342641
2021-11-12,3.33,3.33,3.1,3.13,3020300,3091,9576617
2021-11-16,3.16,3.16,2.87,2.94,5756700,5507,16968306
2021-11-17,2.94,3.01,2.82,2.94,8076000,10028,23454507
2021-11-18,2.94,3.01,2.85,2.9,3990400,4409,11627070
2021-11-19,2.9,3.05,2.84,3.01,3352900,4843,10014732
2021-11-22,3.03,3.11,2.98,3.04,4220400,6004,12892881
2021-11-23,3.04,3.06,2.88,2.97,2883600,6921,8482497
2021-11-24,2.96,3.04,2.88,3.01,2928400,8701,8741459
2021-11-25,3.02,3.21,3.0,3.21,4209000,6428,13072467
2021-11-26,3.05,3.06,2.94,3.01,3397100,6656,10208457
2021-11-29,3.0,3.05,2.9,2.9,2856600,4505,8408222
2021-11-30,2.9,2.9,2.68,2.71,4611400,8293,12672813
2021-12-01,2.79,2.86,2.6,2.62,6226100,11831,16917586
2021-12-02,2.66,2.74,2.63,2.67,4022600,13642,10738656
2021-12-03,2.69,3.06,2.69,3.06,5464200,7577,15860558
2021-12-06,3.06,3.14,3.0,3.03,2810000,4634,8625180
2021-12-07,3.06,3.11,2.9,2.92,3156100,4616,9350322
2021-12-08,2.9,3.12,2.86,3.11,5901800,8249,17939297
2021-12-09,3.09,3.13,2.97,3.08,3744100,5017,11462951
2021-12-10,3.09,3.41,3.09,3.34,4257900,5043,14097111
2021-12-13,3.37,3.46,3.11,3.14,3280400,4824,10573499
2021-12-14,3.18,3.19,2.97,3.03,2910700,4742,8891176
2021-12-15,3.06,3.09,2.91,3.02,2467900,3428,7318745
2021-12-16,3.05,3.14,3.01,3.11,2913700,3946,8953766
2021-12-17,3.0,3.26,3.0,3.25,7263000,11543,22955875
2021-12-20,3.21,3.34,3.09,3.3,3331900,4834,10752397
2021-12-21,3.3,3.34,3.16,3.3,2464700,5691,8089832
2021-12-22,3.34,3.37,3.16,3.34,3049900,5059,9991949
2021-12-23,3.34,3.37,3.26,3.33,1434600,2667,4756646
2021-12-27,3.33,3.43,3.3,3.41,2163600,3392,7313463
2021-12-28,3.41,3.48,3.34,3.46,2129900,3891,7283001
2021-12-29,3.46,3.48,3.38,3.43,1839800,4134,6287452
2021-12-30,3.41,3.49,3.36,3.45,3377800,4795,11636816
