Date,Open,High,Low,Close,Volume,Neg,Fin
2021-02-04,18.40126,20.23144,18.01335,19.63465,25822600,59999,492087713
2021-02-05,19.88331,21.03712,19.79379,19.89326,9757300,30600,198928731
2021-02-08,20.09219,20.09219,18.63004,19.18705,4609700,15021,89236357
2021-02-09,19.18705,19.89326,18.1526,19.89326,3077700,10087,58300933
2021-02-10,19.6048,19.87336,18.52062,19.39593,2997900,9498,57403307
2021-02-11,19.1771,19.36609,18.71955,19.3263,3171100,8207,60784195
2021-02-12,19.07763,20.00267,18.77923,19.86342,1712100,6269,33892388
2021-02-17,19.89326,19.94299,19.49539,19.81368,475200,2393,9402657
2021-02-18,19.79379,19.89326,19.26662,19.84352,1094200,3924,21665209
2021-02-19,19.79379,19.98278,19.50534,19.88331,801900,3510,16006069
2021-02-22,19.41582,19.63465,18.92843,19.27657,1230800,5801,23780809
2021-02-23,19.14726,19.3263,19.00801,19.28651,666400,1573,12879682
2021-02-24,19.1771,19.28651,18.40126,18.8787,1653300,4434,31317311
2021-02-25,19.09753,19.28651,18.40126,18.76929,1027400,3493,19328594
2021-02-26,18.7494,18.89859,17.71494,18.89859,1246700,3527,23103479
2021-03-01,18.88865,18.88865,17.95366,18.34158,925900,3497,17074264
2021-03-02,18.32169,18.32169,17.28724,17.97356,810400,3209,14450274
2021-03-03,17.80446,17.96361,16.76007,17.50607,1753000,5276,30446111
2021-03-04,17.45633,18.47089,17.09826,18.47089,1469800,5992,26551166
2021-03-05,18.40126,18.75934,17.61548,18.75934,923200,3129,16851848
2021-03-08,18.29185,18.47089,17.91388,17.91388,610900,1537,11084172
2021-03-09,17.92383,18.3018,17.03857,17.23751,878100,3270,15348546
2021-03-10,17.47623,17.47623,16.17322,16.90927,2441200,9128,40940090
2021-03-11,16.77002,17.65527,16.59098,17.65527,1284900,3029,22098921
2021-03-12,17.4066,19.06769,17.22756,18.82897,814600,2459,15083359
2021-03-15,18.89859,19.55507,18.7494,19.19699,1845700,4759,35260325
2021-03-16,19.19699,19.19699,18.79913,19.14726,980800,3476,18705083
2021-03-17,19.24673,19.46555,18.82897,19.38598,865100,4325,16636781
2021-03-18,19.38598,19.38598,18.56041,18.89859,712200,3585,13523859
2021-03-19,18.89859,19.22683,18.61014,18.94833,903700,2046,17179677
2021-03-22,18.94833,19.49539,18.79913,18.98812,1105200,2866,21193815
2021-03-23,19.63465,21.46482,19.43571,20.97744,5820500,12926,118586867
2021-03-24,20.97744,21.6737,20.29112,20.95755,2566500,6810,54382167
2021-03-25,20.96749,21.21616,19.96288,20.29112,3640800,5791,74276815
2021-03-26,20.34086,20.40054,19.21689,19.59486,1078600,3876,21337300
2021-03-29,19.6247,20.32096,19.24673,19.98278,741900,2388,14829746
2021-03-30,20.14192,20.32096,19.58491,20.19166,1236600,2621,24780581
2021-03-31,20.10214,20.34086,19.70427,20.28118,1295900,5350,26272020
2021-04-01,20.88792,21.44493,20.51989,21.01723,3703000,11312,78299632
2021-04-05,21.01723,21.01723,20.39059,20.89787,1393700,3613,29125777
2021-04-06,20.87797,20.88792,20.49006,20.55968,621500,2840,12931601
2021-04-07,20.56963,20.72878,19.95294,20.09219,1251200,4412,25333695
2021-04-08,20.30107,20.49006,20.0723,20.38064,579700,2698,11832367
2021-04-09,20.3707,21.45488,19.95294,21.37531,1826900,4317,38539490
2021-04-12,21.58418,22.17104,20.81829,22.17104,1702300,4897,37087703
2021-04-13,22.06162,22.43959,21.73339,21.8229,870800,3551,19205669
2021-04-14,21.92237,22.08152,21.20621,21.60408,1446300,4183,31434424
2021-04-15,21.63392,23.21543,21.63392,23.13586,2430200,7276,55079362
2021-04-16,23.13586,23.24527,22.43959,22.62858,1012500,4413,23093864
2021-04-19,22.63853,22.73799,21.96216,22.37992,1129100,4350,25257026
2021-04-20,22.28045,23.02645,21.63392,21.98205,963300,4616,21394577
2021-04-22,22.1412,22.26056,21.53445,21.88258,644000,2230,14142070
2021-04-23,21.98205,22.26056,21.70354,22.08152,1143200,4051,25306766
2021-04-26,22.66837,22.72805,21.5444,21.70354,794900,3473,17533591
2021-04-27,21.78312,22.28045,21.00728,21.70354,1149600,4127,25172550
2021-04-28,21.73339,22.15114,21.48472,22.01189,644600,2797,14169968
2021-04-29,22.26056,22.53906,21.98205,22.23072,1691000,3848,37779596
2021-04-30,22.16109,22.59874,21.90248,22.42965,543100,1615,12206841
2021-05-03,22.43959,23.5934,22.36002,22.99661,1456100,5546,33782540
2021-05-04,23.25522,23.93159,23.04634,23.36463,1046400,3992,24583181
2021-05-05,23.5934,24.23993,23.30495,24.10068,1406400,5132,33832343
2021-05-06,24.1902,24.787,23.68292,24.45876,1186200,4005,28830056
2021-05-07,24.50849,24.86657,23.97138,24.68753,705800,3257,17440230
2021-05-10,24.88647,24.99588,23.47404,24.71737,1553500,5848,38082688
2021-05-11,24.71737,25.12519,23.4641,24.86657,1684300,5339,41547821
2021-05-12,24.71737,25.10529,23.98132,24.46871,2194400,7567,53994414
2021-05-13,24.61791,24.81684,24.08079,24.56817,916000,3166,22562307
2021-05-14,24.82678,25.48326,24.72732,25.26444,1704600,5523,42976254
2021-05-17,25.26444,25.78166,24.87652,24.87652,756300,3227,19103699
2021-05-18,24.92625,25.82145,24.92625,25.37385,1334700,4516,34079593
2021-05-19,25.17492,25.8115,25.11524,25.76177,1999300,4204,51081463
2021-05-20,25.70209,27.19408,25.70209,26.8559,5039100,10115,135335117
2021-05-21,26.8559,27.65163,26.45803,27.24382,2413400,8307,65236603
2021-05-24,27.25376,27.55216,26.95536,27.15429,2509800,5763,68618806
2021-05-25,27.20403,27.93013,27.17419,27.7312,1213000,4751,33467421
2021-05-26,27.71131,27.74115,26.36851,26.87579,3946700,8395,106441026
2021-05-27,26.91558,27.22392,26.54755,26.54755,2450500,6337,65764303
2021-05-28,27.22392,27.85056,26.84595,27.22392,2411700,9260,66172632
2021-05-31,27.582,28.94469,27.56211,28.24842,3740500,12138,105507867
2021-06-01,28.4772,28.71592,27.03494,27.89035,5363600,16254,149187712
2021-06-02,28.16885,29.51165,28.16885,28.94469,2415800,9941,70333356
2021-06-04,29.16352,29.81999,28.84522,29.71058,1823300,8646,53779242
2021-06-07,29.71058,30.25764,29.64095,30.06866,1870100,8631,56269037
2021-06-08,30.15818,30.17807,29.16352,29.84983,2177400,9909,65348218
2021-06-09,29.96919,30.20791,29.25303,29.25303,1018100,4874,30264582
2021-06-10,29.5216,29.77026,29.24309,29.34255,790400,3507,23388129
2021-06-11,29.69069,30.2477,29.3724,29.54149,1338600,5271,40098664
2021-06-14,29.59122,29.93935,28.56672,29.04416,2236300,6347,65594885
2021-06-15,29.12373,29.49175,28.24842,28.39762,1896900,8311,54759441
2021-06-16,28.44736,28.84522,27.64168,28.10917,2156700,9054,61016922
2021-06-17,28.19869,28.34789,27.66157,27.85056,946300,5129,26581307
2021-06-18,27.89035,28.15891,27.15429,27.42286,2685600,5491,74379110
2021-06-21,27.55216,28.23848,27.35323,28.23848,1177900,4642,32968829
2021-06-22,28.34789,29.66085,28.12907,29.66085,2109600,7637,61561092
2021-06-23,29.76031,30.01893,29.03421,29.66085,1154100,4801,34355055
2021-06-24,29.74042,29.85978,28.91485,29.38234,743900,2636,21865851
2021-06-25,29.46192,29.54149,28.15891,28.7557,1296100,4391,37404567
2021-06-28,28.84522,29.03421,28.39762,28.98448,862700,3012,24910708
2021-06-29,29.09389,29.46192,27.582,28.53688,1643800,7208,46654146
2021-06-30,28.4772,28.63634,27.64168,28.54683,2168100,4696,61857402
2021-07-01,28.29816,28.31805,27.47259,28.14896,1877400,4362,52473188
2021-07-02,28.04949,28.36779,27.79088,27.89035,958900,3930,26965028
2021-07-05,27.89035,27.93013,26.75643,27.23387,1843300,6394,50355606
2021-07-06,27.23387,27.4328,26.99515,27.26371,1170900,6386,31999037
2021-07-07,27.35323,27.65163,26.52766,27.4527,1083000,3593,29653630
2021-07-08,27.17419,27.17419,26.50776,26.8559,1228900,4316,33180364
2021-07-12,27.54222,27.75109,26.60723,27.59195,1371800,5050,37591822
2021-07-13,27.53227,27.66157,26.97526,27.55216,608800,3075,16773644
2021-07-14,27.46264,28.15891,27.41291,28.01965,1435000,3773,40238462
2021-07-15,28.01965,28.46725,27.2836,27.82072,1327300,5886,36949378
2021-07-16,27.80083,28.15891,27.53227,28.08928,755600,3486,21207137
2021-07-19,27.85056,28.27827,27.55216,27.92019,1301200,4161,36528957
2021-07-20,27.93013,28.26832,27.48253,27.85056,743500,2161,20818496
2021-07-21,27.95003,28.0296,27.06478,27.85056,2243300,6104,62097795
2021-07-22,27.75109,27.92019,27.4527,27.79088,1049700,3439,29281880
2021-07-23,27.89035,27.89035,27.17419,27.7312,763400,3464,21158621
2021-07-26,27.52232,27.67152,26.88574,26.95536,1452300,4976,39557410
2021-07-27,26.97526,27.07472,25.98059,26.66691,1393800,4820,36926272
2021-07-28,26.8559,27.4527,26.09001,27.42286,1621100,7396,43967779
2021-07-29,27.50243,27.97987,27.16424,27.95003,2915700,6982,81635634
2021-07-30,27.8804,29.45197,27.86051,28.74576,4473500,18041,130049093
2021-08-02,29.25303,30.55604,29.24309,29.59122,2756100,11862,82694123
2021-08-03,30.03882,30.15818,28.94469,29.82994,1046800,4901,31083474
2021-08-04,29.75,29.89,29.14,29.5,945900,3959,27817059
2021-08-05,29.99,30.0,29.21,30.0,1098700,6937,32629229
2021-08-06,30.23,30.5,29.6,30.5,1311900,4511,39546310
2021-08-09,30.5,31.12,29.8,30.05,1305900,5809,39498966
2021-08-10,30.07,30.36,29.38,29.86,806500,4014,24042753
2021-08-11,29.81,30.15,29.26,29.88,988100,3187,29453013
2021-08-12,29.87,30.26,28.16,28.58,2323600,6314,66919661
2021-08-13,28.55,28.6,27.02,28.41,1980800,6752,55127973
2021-08-16,28.11,28.11,25.2,26.46,4413800,18377,115887714
2021-08-17,25.71,25.93,24.21,25.57,3396300,15905,85656244
2021-08-18,25.47,26.46,24.75,26.12,3957300,7870,100693689
2021-08-19,25.68,27.24,25.15,27.2,2295000,5112,60235313
2021-08-20,26.99,28.8,26.34,28.55,2427900,5608,67319798
2021-08-23,28.55,28.55,27.27,27.7,1022700,4307,28473572
2021-08-24,28.4,28.78,27.77,28.0,1216300,4016,34141091
2021-08-25,28.49,29.93,28.0,29.76,2907800,6653,84819309
2021-08-26,29.65,30.92,29.4,29.85,2941100,5817,88570106
2021-08-27,29.87,30.45,29.81,30.0,2638600,7588,79464880
2021-08-30,30.14,30.76,29.37,29.37,1549800,5580,46362108
2021-08-31,29.32,29.55,28.75,28.9,1662400,5365,48151506
2021-09-01,29.11,29.54,28.33,28.94,2020600,5113,58170069
2021-09-02,28.93,28.93,28.12,28.28,1211200,5803,34446630
2021-09-03,28.59,28.59,27.55,28.54,2843300,6813,80072954
2021-09-06,28.33,28.53,28.0,28.3,1039000,4118,29468071
2021-09-08,27.79,28.18,27.25,27.5,1754400,6206,48408203
2021-09-09,27.42,28.5,26.64,28.0,1981200,8212,54298466
2021-09-10,28.5,28.82,27.64,28.8,4032900,6725,113536678
2021-09-13,29.21,30.2,28.85,30.0,3012400,8029,89021585
2021-09-14,30.0,31.22,29.72,30.41,2135100,8757,65295924
2021-09-15,30.45,30.83,29.72,30.09,2328000,6718,69920081
2021-09-16,29.93,30.59,29.51,30.4,1403800,6297,42461731
2021-09-17,30.41,31.2,29.77,30.85,2917600,10569,89530681
2021-09-20,30.77,30.98,29.57,30.0,2721300,8573,81578609
2021-09-21,30.25,31.58,29.41,30.81,3825400,9931,116750320
2021-09-22,31.3,32.35,30.81,31.7,3791400,10172,120639131
2021-09-23,31.98,32.97,31.88,32.37,2193900,6524,71103223
2021-09-24,31.99,33.3,31.77,33.12,1336700,6377,43812355
2021-09-27,33.32,33.9,32.22,32.41,1761900,7333,57799485
2021-09-28,32.07,32.46,31.13,31.33,1337600,7252,42233049
2021-09-29,31.66,32.01,30.73,31.37,1374200,6507,43033475
2021-09-30,31.63,31.63,30.65,31.17,1945000,5804,60452786
2021-10-01,31.12,31.42,30.17,31.28,1360100,6655,41825000
2021-10-04,31.46,32.3,29.0,29.05,2531600,11047,76121021
2021-10-05,29.35,29.56,27.63,27.95,3804700,9762,107964604
2021-10-06,27.5,28.15,26.51,27.8,3430300,11130,93509849
2021-10-07,28.0,28.49,27.0,27.8,2542600,8710,70246925
2021-10-08,28.0,28.77,27.57,28.22,1449200,5763,41029928
2021-10-11,28.2,28.22,27.37,27.74,1412700,6554,39205686
2021-10-13,27.86,29.47,27.64,29.47,1789400,7760,51608534
2021-10-14,29.23,29.92,29.13,29.72,1739600,8022,51473818
2021-10-15,29.85,30.33,29.59,29.65,696400,3846,20832818
2021-10-18,29.27,30.09,28.84,29.81,825100,4914,24412054
2021-10-19,29.5,29.7,28.43,28.63,1187000,6110,34288725
2021-10-20,28.76,28.98,28.04,28.73,1327400,5639,37898796
2021-10-21,28.25,29.42,27.74,28.67,3032200,10654,86567853
2021-10-22,28.43,28.65,26.37,27.43,2115200,10815,58191782
2021-10-25,27.67,28.69,27.49,28.56,1332600,6994,37495294
2021-10-26,28.5,28.58,27.51,27.78,865700,4658,24111056
2021-10-27,27.99,28.38,27.62,27.88,2201300,6710,61550290
2021-10-28,27.33,27.33,26.05,27.16,6099300,13912,162280620
2021-10-29,26.85,27.26,26.32,26.32,2553600,6684,68011709
2021-11-01,26.6,26.79,25.72,26.69,1711500,8842,45049804
2021-11-03,26.42,27.7,26.21,27.54,1443200,7681,38941690
2021-11-04,27.35,28.02,26.75,27.0,1068800,5288,29033889
2021-11-05,27.04,27.71,26.85,27.48,1243900,6695,33833383
2021-11-08,27.31,27.79,26.8,26.92,866200,5299,23547132
2021-11-09,27.12,28.22,26.97,27.54,1258800,6187,34941112
2021-11-10,27.5,28.62,27.45,28.27,2168600,5646,61388310
2021-11-11,28.36,30.29,28.08,29.73,3325100,9360,98477918
2021-11-12,29.66,30.22,29.19,30.06,1502000,5302,44653612
2021-11-16,29.93,30.2,28.94,29.15,955300,6099,28000684
2021-11-17,29.34,29.5,28.0,28.56,980900,5072,27940662
2021-11-18,28.89,29.17,28.14,28.56,959900,5239,27439443
2021-11-19,29.37,29.84,28.75,29.05,1238800,6673,36237887
2021-11-22,29.07,29.35,27.71,27.87,1271000,6776,35857183
2021-11-23,28.0,28.07,26.36,27.19,1656100,6711,44710283
2021-11-24,26.9,27.06,26.33,27.03,1390300,6559,37177809
2021-11-25,26.85,28.25,26.77,28.15,1288400,5088,35744862
2021-11-26,27.28,27.34,26.6,27.16,913400,4652,24707305
2021-11-29,27.37,27.65,26.88,27.15,1384000,7046,37697011
2021-11-30,27.0,27.11,26.06,26.54,1532100,7527,40567207
2021-12-01,27.65,27.65,24.75,24.75,2177700,8817,56287349
2021-12-02,24.7,25.76,24.6,25.76,1439900,6832,36357126
2021-12-03,25.85,26.65,25.46,25.89,1070700,5154,27944360
2021-12-06,25.92,26.73,25.75,26.55,899900,5081,23582270
2021-12-07,26.67,27.27,26.2,26.46,1070900,5367,28633698
2021-12-08,26.46,27.47,26.18,27.24,739200,4023,19890673
2021-12-09,27.15,28.18,26.9,27.25,945000,5196,25897101
2021-12-10,27.52,28.71,27.5,28.03,906900,5225,25518456
2021-12-13,28.26,28.8,27.65,27.88,1032600,5226,29042754
2021-12-14,28.0,28.16,26.81,26.93,944600,5164,25691233
2021-12-15,26.81,27.77,26.67,27.67,575200,3677,15693538
2021-12-16,27.9,28.2,26.93,27.29,696700,4085,19043351
2021-12-17,27.18,27.59,26.53,27.59,1074400,5587,29144127
2021-12-20,27.14,27.52,26.27,27.14,855700,4376,22917710
2021-12-21,27.45,27.5,26.52,27.4,816600,4278,22048242
2021-12-22,27.44,27.89,27.12,27.3,715100,4490,19605140
2021-12-23,27.34,27.51,26.82,26.94,509300,3093,13811295
2021-12-27,26.93,27.47,26.93,27.28,745200,4542,20321013
2021-12-28,27.08,28.01,27.08,27.51,735700,4017,20287125
2021-12-29,27.48,27.6,26.67,26.75,611400,4293,16474937
2021-12-30,26.76,28.15,26.76,27.97,1670100,5559,46544495
