Date,Open,High,Low,Close,Volume,Neg,Fin
2017-07-31,7.91664,8.29202,7.86341,8.20518,11103500,14092,318090881
2017-08-01,8.28642,8.32004,8.20518,8.23599,3803600,6253,112291163
2017-08-02,8.23599,8.2584,8.14915,8.25,1125900,3101,32971542
2017-08-03,8.19397,8.2528,8.16316,8.21919,675000,2089,19786752
2017-08-04,8.29202,8.39287,7.96146,7.98387,2321000,5031,67498036
2017-08-07,8.09593,8.15195,7.98387,7.99788,1628000,5411,46695495
2017-08-08,8.06231,8.06231,7.84661,7.88582,2009900,3343,57129219
2017-08-09,7.89983,7.92784,7.65051,7.77377,1550300,3786,42939981
2017-08-10,7.75696,7.95866,7.72615,7.91104,642300,3591,18037140
2017-08-11,7.95866,8.00068,7.8438,7.95586,371700,1369,10544618
2017-08-14,7.99788,7.99788,7.86061,7.95586,328100,1150,9303644
2017-08-15,7.99788,7.99788,7.93064,7.95586,556700,811,15807834
2017-08-16,7.95586,8.00908,7.81859,7.98387,1088100,1688,30961772
2017-08-17,7.98387,7.99228,7.89983,7.91384,1895900,567,53767128
2017-08-18,7.92784,7.99788,7.84661,7.98387,2507200,1296,71106192
2017-08-21,7.98667,8.0371,7.79898,8.01749,1972900,2077,56377539
2017-08-22,8.01749,8.0399,7.93905,7.98387,354500,1591,10114654
2017-08-23,7.98387,7.98667,7.8326,7.86341,531100,2674,14924525
2017-08-24,7.92224,8.12394,7.76817,8.12394,3808700,3925,107923145
2017-08-25,8.10153,8.34805,8.05671,8.34805,1523900,2183,44593145
2017-08-28,8.36486,8.49652,8.26401,8.47411,1750200,3718,52796844
2017-08-29,8.4517,8.61978,8.29202,8.4517,850300,2062,25854580
2017-08-30,8.50212,8.51053,8.32564,8.48812,494700,1557,14881768
2017-08-31,8.42649,8.49652,8.37046,8.40407,185500,537,5569657
2017-09-01,8.40688,8.43209,8.29762,8.33684,783700,2783,23373631
2017-09-04,8.34805,8.44609,8.32004,8.40407,206500,887,6191809
2017-09-05,8.40407,8.54134,8.38166,8.48812,1936300,1692,58413579
2017-09-06,8.54414,8.68421,8.54414,8.62258,841800,3702,25919879
2017-09-08,8.72623,8.90552,8.67861,8.82428,2235400,7548,69796849
2017-09-11,8.82428,8.90832,8.77105,8.84669,913900,2837,28833552
2017-09-12,8.84109,8.95594,8.82428,8.82428,892400,3001,28266662
2017-09-13,8.82708,8.8607,8.68421,8.73744,470400,1720,14689830
2017-09-14,8.69822,8.85229,8.69822,8.72623,396000,2564,12393528
2017-09-15,8.71503,8.89711,8.71503,8.89151,786800,1685,24824227
2017-09-18,8.90832,8.99236,8.77105,8.82428,1462600,3333,46269989
2017-09-19,8.82428,8.96435,8.75705,8.81307,171800,692,5412807
2017-09-20,8.8747,8.89431,8.74304,8.74864,498200,521,15607889
2017-09-21,8.77385,8.85509,8.70942,8.82428,686100,779,21578985
2017-09-22,8.81587,8.93633,8.76265,8.93353,283700,1126,9003620
2017-09-25,8.94194,8.98956,8.74304,8.78226,597400,782,18922518
2017-09-26,8.80467,8.84669,8.659,8.71503,334500,834,10389265
2017-09-27,8.74024,8.78506,8.57496,8.60017,318100,1911,9812328
2017-09-28,8.63659,8.77946,8.40407,8.51613,852300,1583,25995612
2017-09-29,8.60857,8.60857,8.31443,8.47411,1338100,3191,40422234
2017-10-02,8.50492,8.70942,8.47411,8.63379,750100,2304,23024381
2017-10-03,8.61978,8.6646,8.48251,8.61698,1660300,1450,51004612
2017-10-04,8.68421,8.68421,8.50212,8.61418,1129100,1451,34701054
2017-10-05,8.63379,8.6562,8.4517,8.49932,1420500,2546,43484670
2017-10-06,8.50212,8.54694,8.34805,8.39007,556000,1279,16659561
2017-10-09,8.41808,8.62258,8.41808,8.62258,644900,2169,19623418
2017-10-10,8.64219,8.68421,8.50212,8.61418,833000,1240,25553015
2017-10-11,8.6674,8.78226,8.50212,8.6674,903500,893,27846756
2017-10-13,8.75424,8.8719,8.75424,8.78786,676200,981,21299771
2017-10-16,8.82428,8.96435,8.80187,8.91672,1228600,1687,38960258
2017-10-17,8.91672,8.95874,8.83268,8.88031,521700,1543,16517209
2017-10-18,8.93633,8.97835,8.82708,8.97835,713200,1149,22645557
2017-10-19,8.8719,9.19686,8.85229,9.14363,1101500,1397,35183153
2017-10-20,9.19966,9.40696,9.19966,9.30611,693900,2883,23059453
2017-10-23,9.39015,9.41536,9.19686,9.21647,556700,2098,18379506
2017-10-24,9.21927,9.32012,9.10721,9.14363,673100,1097,22000722
2017-10-25,9.15204,9.20806,9.03998,9.11842,641100,1368,20909647
2017-10-26,9.14363,9.30051,9.09041,9.23608,425900,2077,13967571
2017-10-27,9.24448,9.38455,9.14644,9.2865,428300,2388,14198102
2017-10-30,9.2809,9.31732,9.18565,9.24448,1229300,1859,40719730
2017-10-31,9.2893,9.2893,9.15764,9.19126,702600,2023,23112545
2017-11-01,9.38455,9.477,9.26409,9.31732,1779000,4655,59306511
2017-11-03,9.44058,9.45458,9.30611,9.37895,1543400,3544,51770269
2017-11-06,9.4854,9.52742,9.38455,9.52462,796200,3494,26969788
2017-11-07,9.55263,9.55263,9.46019,9.52742,1050000,4677,35621216
2017-11-08,9.44618,9.58065,9.41817,9.52462,1524500,4857,51778691
2017-11-09,9.52462,9.55263,9.37054,9.491,1520100,2892,51380332
2017-11-10,9.44338,9.4798,9.37054,9.45739,1007200,2766,33945224
2017-11-13,9.45458,9.52462,9.36214,9.52182,1642300,4505,55761611
2017-11-14,9.51341,9.51341,9.37054,9.43497,1258600,2424,42448201
2017-11-16,9.43217,9.52742,9.37895,9.41256,648000,1768,21911280
2017-11-17,9.41256,9.50781,9.26129,9.43778,803800,1628,27136944
2017-11-21,9.45458,9.63387,9.37054,9.52462,804700,2268,27322750
2017-11-22,9.49661,9.60026,9.49661,9.53582,264900,1423,9026573
2017-11-23,9.54983,9.59465,9.46859,9.4938,99000,307,3361312
2017-11-24,9.49661,9.59465,9.44058,9.52462,382800,1749,12994651
2017-11-27,9.55543,9.55543,9.477,9.52462,567900,1322,19288646
2017-11-28,9.52462,9.53862,9.4854,9.4854,371600,1897,12628474
2017-11-29,9.4854,9.52462,9.38735,9.51621,517100,1832,17543209
2017-11-30,9.51341,9.62267,9.41536,9.62267,1062800,3943,36240233
2017-12-01,9.60586,9.73472,9.56384,9.60586,1035600,3410,35642281
2017-12-04,9.63667,9.72071,9.52182,9.52182,617600,3125,21197750
2017-12-05,9.52462,9.58625,9.41817,9.41817,389600,1909,13216225
2017-12-06,9.40976,9.63387,9.39296,9.52462,381500,2654,12995651
2017-12-07,9.46579,9.52182,9.39576,9.44338,361400,1979,12194842
2017-12-08,9.49661,9.49661,9.34253,9.44338,468500,1677,15773204
2017-12-11,9.39856,9.52462,9.30051,9.4882,899400,2269,30329777
2017-12-12,9.477,9.53302,9.44898,9.52462,835300,1235,28314541
2017-12-13,9.54983,9.62827,9.25289,9.33693,398500,1806,13413743
2017-12-14,9.2725,9.40136,9.2697,9.39015,640400,2391,21368616
2017-12-15,9.40976,9.49661,9.25009,9.25009,3185600,2070,105567210
2017-12-18,9.30611,9.41256,8.98676,9.24448,315000,885,10437806
2017-12-19,9.24728,9.26689,9.13243,9.18845,215200,937,7042371
2017-12-20,9.15204,9.2753,9.03158,9.19686,2169600,3165,70379989
2017-12-21,9.24728,9.33693,9.18845,9.2865,1145700,2082,37892287
2017-12-22,9.2893,9.43497,9.21647,9.43497,725000,1024,24186403
2017-12-26,9.43778,9.56384,9.2725,9.52742,579400,1666,19670069
2017-12-27,9.52182,9.52462,9.44058,9.44058,430500,1845,14550702
2017-12-28,9.44338,9.53862,9.33693,9.52462,664900,1756,22502282
2018-01-02,9.37054,9.56104,9.37054,9.44338,582500,2033,19631694
2018-01-03,9.44618,9.4994,9.38735,9.44338,813200,2465,27439298
2018-01-04,9.44618,9.58065,9.37054,9.52462,1045500,1192,35455892
2018-01-05,9.46859,9.6899,9.44618,9.64788,361900,2059,12413094
2018-01-08,9.65348,9.85518,9.56104,9.80475,816100,1922,28169872
2018-01-09,9.84397,9.88599,9.75993,9.79075,962100,4265,33681402
2018-01-10,9.87759,9.88319,9.74032,9.78795,816100,3847,28594576
2018-01-11,9.80475,10.08489,9.75433,10.08489,1767200,4929,62870692
2018-01-12,10.00365,10.44626,9.99805,10.36222,1607500,4968,58815702
2018-01-15,10.47708,10.67318,10.47708,10.50509,794200,3125,30066349
2018-01-16,10.53871,10.64516,10.53871,10.57793,861700,2789,32557126
2018-01-17,10.58073,10.61155,10.47708,10.50509,645800,2628,24228544
2018-01-18,10.53031,10.64516,10.46587,10.50509,1056600,2146,39805964
2018-01-19,10.50509,10.63676,10.50509,10.50509,1324600,2217,49960646
2018-01-22,10.50509,10.85806,10.47708,10.68718,760300,2782,28802898
2018-01-23,10.58914,10.97572,10.58914,10.64516,1096500,4235,42189302
2018-01-24,10.718,10.86927,10.66197,10.70119,1040800,3678,39956040
2018-01-26,10.74321,10.97852,10.47988,10.67318,1927500,8210,73173021
2018-01-29,10.64516,10.81324,10.25857,10.43506,1099900,4414,41226197
2018-01-30,10.49669,10.50229,10.22776,10.43506,821100,3164,30415444
2018-01-31,10.53591,10.63956,10.45467,10.5191,2665600,5758,100068503
2018-02-01,10.64516,10.68158,10.50509,10.60314,1560500,5495,58974542
2018-02-02,10.54431,10.73481,10.5247,10.64236,846600,3981,32158799
2018-02-05,10.64236,10.9253,10.53871,10.89728,1262200,4041,48759985
2018-02-06,10.83845,10.9225,10.67318,10.84686,934400,5793,36020350
2018-02-07,10.86927,10.90569,10.68998,10.81324,826400,2991,31809648
2018-02-08,10.75161,11.141,10.75161,10.89168,1356000,5014,53001426
2018-02-09,10.89448,11.05976,10.49949,10.56112,1703000,3515,64688258
2018-02-14,10.57513,11.06536,10.57513,10.85246,1083300,2519,41673596
2018-02-15,10.95051,10.95331,10.732,10.732,660700,3282,25497538
2018-02-16,10.84126,10.87487,10.68718,10.84126,863800,2570,33184560
2018-02-19,10.89448,10.94491,10.70119,10.75441,679300,1907,26212574
2018-02-20,10.81884,10.9253,10.7292,10.83285,1474100,2314,56882517
2018-02-21,10.89168,10.99813,10.85806,10.89728,1159700,3892,45203672
2018-02-22,10.94211,11.03455,10.77402,10.9253,1509200,4119,58669186
2018-02-23,10.9281,11.06256,10.90009,10.90569,1261800,4054,49526924
2018-02-26,11.00654,11.03735,10.88608,10.90009,445600,2266,17363358
2018-02-27,10.90569,10.98132,10.73761,10.95331,617400,2574,24050617
2018-02-28,10.9253,10.99813,10.71239,10.84126,577600,2247,22389054
2018-03-01,10.84126,10.94491,10.74321,10.78523,442000,2286,17111272
2018-03-02,10.84126,10.9253,10.74041,10.89728,340500,2338,13188810
2018-03-05,10.91409,10.9393,10.76002,10.78523,547500,3154,21133714
2018-03-06,10.81324,11.00373,10.80204,10.96452,464300,2517,18142287
2018-03-07,10.91129,11.17742,10.91129,11.15781,560700,3377,22156571
2018-03-08,11.20543,11.42954,11.17742,11.3455,2764300,4173,111489710
2018-03-09,11.37912,11.93379,11.37632,11.83574,1365400,7705,57161224
2018-03-12,11.76571,12.13548,11.74049,12.09346,1439400,6952,61921721
2018-03-13,12.13548,12.21392,12.00102,12.21392,1871400,6093,80868072
2018-03-14,12.1579,12.1579,11.90857,11.98981,1211200,2847,51908874
2018-03-15,11.98981,12.07385,11.63684,11.63684,1129700,3572,47596185
2018-03-16,11.7545,11.79372,11.26146,11.35951,2534200,7010,104023931
2018-03-19,11.41553,11.83574,11.38752,11.73769,2040700,7483,84186816
2018-03-20,11.76571,11.93379,11.76571,11.90577,825800,4196,35025846
2018-03-21,11.99822,12.01783,11.94499,11.97861,905200,2985,38733606
2018-03-22,12.0572,12.37473,12.01059,12.33686,2022400,3690,84679289
2018-03-23,12.33686,12.5029,12.19994,12.24947,984200,3996,41786468
2018-03-26,12.3456,12.43882,12.31355,12.35142,624900,3001,26509456
2018-03-27,12.3689,12.41842,12.22907,12.22907,601900,2061,25417919
2018-03-28,12.23199,12.26403,12.01642,12.18246,461200,2113,19244905
2018-03-29,12.23199,12.32229,12.15625,12.19412,1022600,3379,42975429
2018-04-02,12.26694,12.26694,11.94651,12.11838,589800,3201,24672611
2018-04-03,12.13586,12.20286,12.07759,12.1009,540100,2062,22440693
2018-04-04,12.1009,12.39512,12.01642,12.17664,528400,1870,22016547
2018-04-05,12.46795,12.52621,12.42134,12.49999,646900,3269,27744732
2018-04-06,12.57282,12.62816,12.33977,12.37764,809300,2580,34535735
2018-04-09,12.42425,12.53786,12.33103,12.48251,553600,2723,23656054
2018-04-10,12.52621,12.59904,12.40969,12.49999,819700,4176,35203892
2018-04-11,12.55243,12.78256,12.54369,12.62525,384600,2076,16695398
2018-04-12,12.62525,12.63982,12.29607,12.35142,820900,4290,35099230
2018-04-13,12.35434,12.49708,12.2349,12.35142,1381800,4803,58582118
2018-04-16,12.47086,12.6136,12.31355,12.40969,1224800,5493,52487239
2018-04-17,12.52621,12.91947,12.48542,12.86121,3066800,6090,133566303
2018-04-18,12.93695,13.35643,12.93695,13.28652,1095000,5195,49656168
2018-04-19,13.29817,13.86622,13.29817,13.7497,1854100,5439,87172567
2018-04-20,13.74678,13.92448,13.58365,13.76426,772100,4438,36420471
2018-04-23,13.69726,13.82544,13.42926,13.44674,866000,4493,40614525
2018-04-24,13.42926,13.60405,13.33895,13.51083,547400,2562,25381198
2018-04-25,13.53996,13.79048,13.37682,13.74678,628900,3135,29309828
2018-04-26,13.69435,14.05557,13.69435,14.05557,1159200,5717,55466738
2018-04-27,14.21288,14.21579,13.78174,13.93322,1656600,6205,79201405
2018-04-30,13.93322,13.96235,13.70309,13.77883,506700,2396,24026065
2018-05-02,13.77883,13.92157,13.60405,13.83418,1200400,7212,56759214
2018-05-03,13.98274,14.06431,13.72639,14.03809,1124700,3608,53764669
2018-05-04,14.1284,14.65275,13.44383,14.65275,2582700,9292,126057603
2018-05-07,14.65275,14.65275,14.29444,14.43136,1268100,4676,62796954
2018-05-08,14.44884,14.45175,14.041,14.17209,1103500,5937,53674971
2018-05-09,14.21288,14.34979,13.98274,14.09927,806000,4390,39372231
2018-05-10,13.92448,13.92448,13.47004,13.8167,1673100,6386,79092656
2018-05-11,13.83709,14.30609,13.83709,14.041,722600,4347,34798401
2018-05-14,14.04683,14.3527,13.98274,13.98274,864700,4110,42155343
2018-05-15,14.09927,14.7314,14.09927,14.68188,3136900,14032,156306582
2018-05-16,14.76927,15.14797,14.76927,14.89454,1251700,6191,64579709
2018-05-17,14.96736,15.06349,14.64401,14.69645,885000,4909,45115704
2018-05-18,14.68188,14.68188,13.90992,14.20414,2379900,8357,116415226
2018-05-21,14.27405,14.56245,13.91283,14.041,1527500,7608,73792003
2018-05-22,14.03809,14.38766,14.03809,14.30318,1133200,5390,55500274
2018-05-23,14.29444,14.29444,13.64774,14.05266,1493500,7124,71404402
2018-05-24,13.78466,14.19831,13.78466,14.12548,1554400,7563,75046633
2018-05-25,14.1517,14.48962,13.92448,13.95361,2336500,11239,113021965
2018-05-28,13.85166,13.97692,13.47587,13.89535,1680700,8615,79648236
2018-05-29,13.98274,14.19248,13.56617,13.86622,2614200,10340,124018295
2018-05-30,13.83709,14.2187,13.75844,14.04683,16180700,17520,779547056
2018-06-01,14.24492,14.37601,13.88079,14.27405,1517200,7182,73979958
2018-06-04,14.4634,14.8421,14.41679,14.8421,1861900,7759,93119737
2018-06-05,14.7984,14.81588,14.3964,14.60905,1361000,5130,68292604
2018-06-06,14.43427,14.90619,14.42844,14.89745,1249600,5200,62994916
2018-06-07,14.87997,14.99649,14.12548,14.95571,2237100,10538,112472091
2018-06-08,14.82753,15.00232,14.5974,14.96736,2252300,8152,114610784
2018-06-11,15.08971,15.32276,14.4197,14.63819,2849600,5684,144273876
2018-06-12,14.56536,14.65566,13.98857,14.26822,1759800,7068,85907364
2018-06-13,14.24201,14.60031,14.07888,14.41096,884200,5529,43586953
2018-06-14,14.38183,14.55953,14.29153,14.5071,1252400,5833,62067598
2018-06-15,14.5071,14.62653,14.18957,14.62653,1888500,5928,94205292
2018-06-18,14.62653,14.67314,14.24783,14.48379,803900,4738,39634218
2018-06-19,14.27114,14.45757,14.11383,14.23909,1418400,6873,69550177
2018-06-20,14.38183,14.3964,14.05557,14.07014,608400,2942,29590168
2018-06-21,13.98566,14.21579,13.69144,13.81378,1230500,5761,58989723
2018-06-22,13.95361,14.01187,13.60696,13.69435,770500,3395,36323207
2018-06-25,13.69144,13.92739,13.63317,13.80213,1050100,5463,49623180
2018-06-26,13.79922,13.97983,13.79922,13.93905,893100,4350,42570336
2018-06-27,14.00605,14.06431,13.69435,13.88079,637200,3100,30285460
2018-06-28,13.95361,13.97401,13.74387,13.74387,901000,4046,42693739
2018-06-29,13.76135,14.0847,13.65648,14.0847,1457300,4952,69668952
2018-07-02,13.98274,14.1954,13.95361,14.05848,445000,1668,21483404
2018-07-03,14.05848,14.16044,13.92448,13.92448,434900,2080,20934149
2018-07-04,13.94196,14.02935,13.572,13.74678,483200,2374,22841338
2018-07-05,13.76426,14.09053,13.76426,14.02644,507000,2849,24364101
2018-07-06,13.95653,14.18666,13.92157,13.99731,436100,1982,21041722
2018-07-10,13.98566,14.41388,13.98566,14.38766,748000,4462,36760727
2018-07-11,14.27988,14.75471,14.27988,14.49836,592700,3260,29623535
2018-07-12,14.45757,15.13049,14.45757,15.00232,1212800,4949,62243814
2018-07-13,14.86832,15.50919,14.85084,15.29363,825100,4623,43264621
2018-07-16,15.32567,15.50919,15.18002,15.19167,557500,3078,29399582
2018-07-17,15.14797,15.34315,14.95862,15.29654,967800,3649,50095868
2018-07-18,15.29071,15.40141,15.18002,15.35189,786900,2538,41288524
2018-07-19,15.34024,15.63737,15.0431,15.63446,738700,3256,39246571
2018-07-20,15.66941,16.07724,15.64028,15.78011,1098000,4906,59898181
2018-07-23,15.72185,15.88207,15.54998,15.83837,419300,2326,22673695
2018-07-24,15.87915,16.01315,15.79468,15.83254,684400,2424,37271639
2018-07-25,15.81507,16.06559,15.64902,16.06559,671400,2952,36714179
2018-07-26,16.08307,16.18503,15.5325,15.58493,906400,3182,49090413
2018-07-27,15.69854,15.73059,15.13632,15.15089,821100,3234,43164684
2018-07-30,15.19167,15.43637,15.19167,15.29945,555700,2613,29264819
2018-07-31,15.46841,15.5995,15.41015,15.5558,755600,3189,40249437
2018-08-01,15.49754,15.80341,15.38393,15.54124,644200,3176,34406451
2018-08-02,15.54124,15.99568,15.43345,15.98694,518900,2465,28169011
2018-08-03,16.05102,16.24038,15.73641,16.15881,1484700,6261,81772601
2018-08-06,16.16755,16.49381,16.16755,16.34524,791100,4594,44465027
2018-08-07,16.4909,16.81425,16.45303,16.58703,945500,5116,53905652
2018-08-08,16.59868,17.34443,16.51712,17.10264,1189800,5137,69535326
2018-08-09,16.93951,17.28034,16.86086,16.92495,662200,2751,38788453
2018-08-10,16.92495,17.16964,16.77929,16.83755,667900,3259,38808795
2018-08-13,16.85503,16.93369,16.60451,16.76473,381500,1994,21951123
2018-08-14,16.94242,17.2483,16.78221,17.19877,633700,2609,37171404
2018-08-15,17.19877,17.46386,17.11721,17.28908,585100,2750,34800534
2018-08-16,17.44348,17.44348,17.09391,17.33278,526900,2984,31334882
2018-08-17,17.33569,17.42017,16.95116,17.20169,492800,3123,29073479
2018-08-20,17.18421,17.53669,16.91912,17.43473,589200,3048,35113980
2018-08-21,17.43473,17.67943,17.2716,17.27452,486800,2173,29020640
2018-08-22,17.24247,17.44348,17.15508,17.18712,464400,2102,27576960
2018-08-23,17.21043,17.31821,16.37729,16.62199,730400,4201,42151249
2018-08-24,16.71229,16.99195,16.48798,16.60451,845300,4737,48265491
2018-08-27,16.61033,16.91038,16.61033,16.8259,470700,2577,27210021
2018-08-28,16.92495,17.17547,16.92495,16.95699,355700,2173,20779541
2018-08-29,17.01234,17.24247,17.01234,17.17547,331600,1591,19543894
2018-08-30,17.16964,17.31238,17.05895,17.19004,504900,2867,29831096
2018-08-31,17.32986,17.41725,17.06186,17.3153,500700,2588,29715315
2018-09-03,17.30364,17.6066,17.20169,17.33278,258900,1274,15464456
2018-09-04,17.2046,17.47843,17.10556,17.41725,271300,1563,16168966
2018-09-05,17.4726,18.28826,17.4056,18.26787,823900,3881,50782883
2018-09-06,18.35526,19.21171,18.35526,19.0981,1074000,4834,69909956
2018-09-10,19.0777,19.21171,18.79514,18.93205,504700,2644,32750548
2018-09-11,18.87379,18.89127,18.50674,18.59122,439200,2819,28105467
2018-09-12,18.7864,18.78931,18.34944,18.39605,390100,1611,24815751
2018-09-13,18.34361,18.52714,18.14844,18.26787,588600,3343,37009897
2018-09-14,18.30865,18.80096,17.86878,18.35235,668900,3718,42301907
2018-09-17,18.44557,18.59996,18.297,18.35235,228800,1442,14448714
2018-09-18,18.43392,18.43974,17.88626,17.96783,552100,3476,34297705
2018-09-19,17.78139,18.25913,17.78139,18.15426,407600,2378,25333350
2018-09-20,18.25039,18.48344,18.1193,18.33196,421700,2516,26537882
2018-09-21,18.35235,18.565,18.23583,18.43974,788300,2158,49898442
2018-09-24,19.0544,19.33988,18.50092,18.64366,879700,4109,56775109
2018-09-25,18.70483,18.90584,18.62327,18.89418,589200,3112,38093106
2018-09-26,19.07479,19.22045,18.92331,19.08062,438400,2154,28665471
2018-09-27,19.10683,19.25249,18.93497,19.02236,854500,2487,55816883
2018-09-28,18.97866,19.42727,18.93497,19.35736,632100,3094,41955179
2018-10-01,19.51758,19.6341,19.02236,19.22627,589500,2721,39174262
2018-10-02,19.48845,19.80889,19.4098,19.5904,790000,4230,53030025
2018-10-03,19.84093,19.92541,18.78931,18.9204,1103900,4969,73010270
2018-10-04,18.96409,19.34862,18.27079,18.64366,1101000,4680,70873910
2018-10-05,18.6757,18.97284,18.06396,18.62618,1443600,7472,91786805
2018-10-08,18.93497,19.14762,17.80178,17.92996,1741900,9253,108399753
2018-10-09,17.91539,18.06396,17.44348,17.65321,1635300,7402,99995487
2018-10-10,17.73187,18.1193,17.63865,17.95326,1504200,5378,92741836
2018-10-11,17.95617,18.43683,17.91539,18.41644,924400,4397,57825178
2018-10-15,18.42518,19.05732,18.25622,18.43974,1863900,6575,119233289
2018-10-16,18.75727,19.55254,18.31448,19.39232,904200,4592,59362221
2018-10-17,19.19714,20.23128,19.02527,20.10602,1437700,5385,98049996
2018-10-18,20.1468,20.38859,20.03028,20.21089,1017000,3920,70559785
2018-10-19,20.10019,20.30993,19.82345,20.10019,670900,3082,46233261
2018-10-22,20.32741,20.34489,19.93707,20.01571,463900,2825,31951976
2018-10-23,20.24585,21.17512,19.93997,20.93042,1232200,6202,87260429
2018-10-24,20.97412,21.06151,19.98367,20.23711,827800,5039,57950869
2018-10-25,20.33033,20.60707,20.03902,20.34781,906300,4438,63277874
2018-10-26,20.04484,20.22837,19.45349,20.12932,1389700,4730,95158247
2018-10-29,20.53715,20.53715,19.53797,19.81763,957300,5985,64868777
2018-10-30,20.11476,20.93042,19.6341,20.77603,1003500,5187,70872539
2018-10-31,20.82846,21.27999,20.82846,21.10812,1071300,6486,77593666
2018-11-01,20.10019,20.46724,19.88463,20.21672,2057900,8126,143311708
2018-11-05,20.3915,20.53715,19.66323,19.95454,1177400,6388,80763009
2018-11-06,19.95454,19.98367,19.66615,19.86715,542300,2780,36893675
2018-11-07,19.92541,19.92541,18.76018,19.0777,1285800,7225,84713779
2018-11-08,19.15748,19.77764,19.13396,19.75119,1148200,4174,76268804
2018-11-09,19.75119,20.33314,19.6924,19.90696,1687300,5194,115079064
2018-11-12,19.92754,20.33902,19.74237,20.33902,518100,2875,35576845
2018-11-13,20.34784,21.07087,20.2626,20.86807,979100,5326,68944773
2018-11-14,20.86807,20.98858,20.61824,20.97094,792000,3462,56187633
2018-11-16,20.95625,21.36773,20.83868,21.36773,641300,3051,46111551
2018-11-19,21.25016,21.42651,21.10614,21.42357,506600,2876,36702806
2018-11-21,21.27955,21.66458,20.87101,21.66458,501900,3068,36658944
2018-11-22,21.63225,21.90854,21.44415,21.71749,422000,3020,31186829
2018-11-23,21.75276,22.13191,21.63225,21.75864,672000,2991,49994115
2018-11-26,21.76157,22.42583,21.76157,21.93793,923200,4919,69442924
2018-11-27,21.93793,22.51106,21.93793,22.48167,857100,5391,64790742
2018-11-28,22.45522,22.58454,22.19363,22.33765,524200,2789,39843313
2018-11-29,22.34353,22.43758,21.66458,22.22009,794900,3778,59865943
2018-11-30,22.21421,22.3935,21.99965,21.99965,1106500,2752,83027171
2018-12-03,22.07901,22.32589,21.61168,21.65577,1221900,6475,90494916
2018-12-04,21.81154,22.06137,21.45884,21.93793,870500,4064,64775230
2018-12-05,22.02904,22.19069,21.6734,21.86739,552700,2739,41169996
2018-12-06,21.74982,22.27299,21.69691,22.02904,613600,2611,46027517
2018-12-07,22.05549,22.44052,22.03492,22.30826,633200,3627,47988912
2018-12-10,22.33765,22.40819,22.0937,22.10252,514500,3278,38835337
2018-12-11,22.29945,22.29945,21.71161,22.1613,931600,3918,69938134
2018-12-12,22.1613,22.53752,22.07607,22.23478,939500,4935,71494961
2018-12-13,22.27887,22.3935,21.90559,22.33765,652000,3561,49238541
2018-12-14,22.20245,22.65508,22.13485,22.56985,583400,2831,44670524
2018-12-17,22.57279,22.97839,22.33765,22.3935,851300,5143,65612016
2018-12-18,22.58748,23.45454,22.33765,23.34285,1294400,6081,102026123
2018-12-19,23.30464,23.71024,23.05187,23.48687,1102100,5118,88060961
2018-12-20,23.51332,23.84838,23.21646,23.69261,1163800,6572,93295904
2018-12-21,23.64264,23.8572,23.33697,23.74845,2898900,4033,233989643
2018-12-26,23.59855,24.00416,23.46923,23.71906,905700,3253,73042275
2018-12-27,23.63089,23.89541,23.49569,23.89541,532000,3555,42927033
2018-12-28,23.88071,24.61845,23.72494,24.53027,1165700,5171,96403172
2019-01-02,24.52439,24.97996,24.28338,24.48324,957400,6213,80048229
2019-01-03,24.45385,24.54203,24.02767,24.1952,924600,4754,76323584
2019-01-04,24.46855,24.46855,23.59855,23.9248,1431700,6706,116694508
2019-01-07,24.02767,24.20402,23.54271,24.16581,630000,4322,51121074
2019-01-08,24.18933,24.58905,24.1423,24.39507,1633400,7853,135629779
2019-01-09,24.57436,24.5773,24.21872,24.3304,1129600,4611,93678920
2019-01-10,24.37743,24.43034,23.83075,23.83075,1004900,6597,82225030
2019-01-11,23.89541,24.02767,23.31346,23.35167,2974800,7338,238487408
2019-01-14,23.38399,23.79842,23.01366,23.24879,1321000,8089,104727710
2019-01-15,23.25173,23.65734,23.25173,23.51332,1320800,4840,105813352
2019-01-16,23.66027,24.53615,23.66027,24.39507,2628800,9691,216404644
2019-01-17,24.5097,24.74777,24.05119,24.57141,1696800,4305,140914607
2019-01-18,24.68604,25.36793,24.44797,25.33854,1109800,5081,94530001
2019-01-21,25.34736,25.44435,25.12104,25.29151,281500,1416,24217574
2019-01-22,25.30327,25.55604,25.13574,25.45023,430600,2071,37141229
2019-01-23,25.42671,25.54428,25.20922,25.42671,516900,2693,44578745
2019-01-24,25.36205,25.84408,25.24743,25.84408,599400,2884,52313556
2019-01-28,25.01523,26.66117,24.9829,25.91755,1228300,6445,109145724
2019-01-29,26.15857,26.33492,25.30327,25.39733,858900,4639,74964832
2019-01-30,25.55898,26.06451,25.05932,25.21803,1233700,6567,106616854
2019-01-31,25.42377,25.48549,24.60375,25.05932,1848100,8138,157466575
2019-02-01,25.24743,25.80587,25.24743,25.51489,1435500,8311,124556077
2019-02-04,25.71181,25.96752,25.27976,25.71769,1074600,5491,93775787
2019-02-05,25.94401,26.01161,25.02993,25.49726,968400,4568,83633293
2019-02-06,25.42377,25.64715,25.07989,25.27682,862700,4447,74456941
2019-02-07,25.4179,25.47668,24.69192,25.21803,801300,4712,68241923
2019-02-08,25.60012,26.22029,24.95645,26.22029,2069200,8688,181937964
2019-02-11,26.22029,26.58475,25.91168,26.2291,1220800,7946,109048822
2019-02-12,26.42015,27.39302,26.33492,27.30484,1502300,7979,138415727
2019-02-13,27.30484,27.39595,26.6112,26.64647,1401100,5958,128328247
2019-02-14,26.79343,27.33129,26.45836,27.04032,1013200,5564,92568640
2019-02-15,26.7464,27.01093,26.20559,26.79049,2420700,7131,219925061
2019-02-18,27.04032,27.20197,26.63177,26.95214,698400,3801,63894445
2019-02-19,27.01093,27.12555,26.64353,27.06971,1445800,4955,132582733
2019-02-20,27.12555,27.27545,26.5436,27.26075,1377200,5024,126430482
2019-02-21,27.15788,27.88092,27.15788,27.88092,1784900,5834,167178825
2019-02-22,27.75747,28.06021,27.44004,27.4518,1089000,5335,102392919
2019-02-25,27.71044,27.72808,27.0844,27.48119,1127300,6188,105149218
2019-02-26,27.54585,27.81038,26.97565,27.55467,1798500,4855,167538729
2019-02-27,27.3019,27.39008,26.45248,26.45248,3689700,12003,335671535
2019-02-28,26.70819,26.76697,25.95576,26.15857,2121800,8572,189464479
2019-03-01,26.18502,26.66998,26.18502,26.47306,1486800,7899,133472936
2019-03-06,26.67586,26.89042,25.15043,25.68536,1670000,8478,147894402
2019-03-07,25.57073,25.60012,24.63314,25.42377,2381300,10432,203203558
2019-03-08,25.42083,26.77579,25.02405,26.77579,4499100,11635,405156489
2019-03-11,26.59944,26.85221,26.26438,26.7464,1621700,7843,147466329
2019-03-12,26.81106,26.98153,26.17326,26.49657,939900,5929,84932553
2019-03-13,26.49069,26.72582,25.80587,26.22617,1115500,6170,99698281
2019-03-14,26.30552,26.6494,25.77647,26.15857,1387800,6326,123635533
2019-03-15,26.27907,26.53772,25.72063,25.8911,1851400,7773,164324492
2019-03-18,26.04394,26.39076,25.97928,26.39076,977100,5598,87193666
2019-03-19,26.42015,26.814,26.42015,26.7464,1332800,4381,120884646
2019-03-20,26.77579,26.93744,26.55535,26.7464,936000,4242,85218292
2019-03-21,26.7464,26.79049,26.45248,26.63177,1389100,6918,126010459
2019-03-22,26.49286,27.12608,25.99231,26.8728,1526100,7371,135713964
2019-03-25,26.83661,27.44571,26.78233,27.25876,1433900,7964,129157369
2019-03-26,27.28891,27.41556,26.93008,27.29494,1111500,4499,100473266
2019-03-27,27.37334,27.40349,26.78233,26.92104,1910500,5353,171201052
2019-03-28,26.8728,27.21051,26.38732,26.83661,1706800,6226,152061978
2019-03-29,26.96627,27.51506,26.96325,27.51506,1584400,5975,144087217
2019-04-01,27.53014,27.85881,27.21353,27.74121,1270100,3089,116015808
2019-04-02,27.71106,28.02767,27.45476,27.80152,897700,5596,82678102
2019-04-03,27.80152,28.49505,27.70503,28.19352,1219600,6206,113975221
2019-04-04,28.19954,28.39554,27.69598,27.75026,1216900,3695,112555557
2019-04-05,28.21161,28.7212,27.91007,28.66994,1101400,5564,104059393
2019-04-08,28.70311,29.11923,28.41062,29.11923,1021000,5110,97496214
2019-04-09,28.94735,29.074,28.56742,28.70612,545700,3097,51936455
2019-04-10,28.71819,28.85689,27.77137,28.16939,1755200,6415,163983127
2019-04-11,28.16336,28.70311,27.90103,28.49505,1285600,5087,120296001
2019-04-12,28.32318,28.79659,27.9945,28.79659,1032600,5028,97423629
2019-04-15,28.72422,28.93227,28.41665,28.73025,811000,4345,77066400
2019-04-16,28.88403,28.88403,28.36238,28.64281,556900,2700,52846704
2019-04-17,28.66391,28.85086,28.37444,28.64582,814700,2667,77404281
2019-04-18,28.64883,28.81468,28.00656,28.00656,964400,4759,90145919
2019-04-22,28.06988,28.76643,28.06687,28.5433,592400,2972,55850965
2019-04-23,28.5433,29.5655,28.5433,29.50218,1367000,6997,132336564
2019-04-24,29.5655,29.7615,29.25492,29.33935,1046200,4439,102177865
2019-04-25,29.33633,29.64089,29.10114,29.55042,1376700,6678,134267014
2019-04-26,29.55042,29.59867,28.5433,28.5433,2593100,6931,248612263
2019-04-29,28.5433,28.98655,27.54522,28.61567,1347100,7606,127105507
2019-04-30,28.7604,28.85086,28.29905,28.31413,1059000,6738,100101749
2019-05-02,28.24477,29.12526,28.24477,29.09812,2118100,12401,202014922
2019-05-03,29.2308,30.18666,28.85991,30.18365,5267700,13708,524181762
2019-05-06,29.85196,30.43694,29.41775,29.70119,1082500,5625,106969317
2019-05-07,29.61073,30.12334,29.37855,30.00273,2068100,7124,204631746
2019-05-08,30.07208,30.45201,29.64089,30.00273,1254400,6668,125195347
2019-05-09,30.00273,30.0962,29.40267,30.00273,2387200,5577,235511274
2019-05-10,30.06002,30.51232,29.75848,30.47915,998900,5766,100275117
2019-05-13,29.9967,30.35552,29.50218,29.50519,798700,4810,79043791
2019-05-14,29.7223,30.11128,29.47504,29.69818,1036100,5567,102288888
2019-05-15,29.48409,29.70119,29.12827,29.24889,1045700,5228,101920041
2019-05-16,29.24889,29.68913,28.7996,29.17953,1477500,7029,142990223
2019-05-17,29.17953,30.09921,29.15541,30.00273,1046700,6150,103705578
2019-05-20,30.01479,31.48326,29.88211,31.42295,1148800,7152,117314512
2019-05-21,30.90733,31.50135,30.68419,31.32948,1724900,10492,178175193
2019-05-22,31.32948,31.48025,30.5485,31.12444,857000,4832,88215773
2019-05-23,30.96462,31.27219,30.67213,30.9978,586700,3240,60285203
2019-05-24,31.0581,31.12444,29.70119,30.12334,1698400,7544,169341556
2019-05-27,30.37361,30.53343,29.93036,29.93036,737800,4844,73717836
2019-05-28,30.12334,30.87718,30.04795,30.7837,2511200,7200,255350736
2019-05-29,30.6058,31.05207,30.45503,31.03096,982100,5714,100375423
2019-05-30,31.0581,31.4501,30.76863,31.4501,892400,6047,92371051
2019-05-31,31.43501,31.92652,30.65404,30.72038,1739800,10169,180054532
2019-06-03,30.75656,30.77164,30.00273,30.12334,2049600,11681,205506702
2019-06-04,30.31934,30.75053,30.09319,30.5485,1964600,8371,197414640
2019-06-05,30.5485,30.69625,29.30316,29.30316,1610100,7687,159267998
2019-06-06,29.67707,29.9967,28.60059,28.60059,1737000,9129,167895351
2019-06-07,28.81166,29.77959,28.64582,29.71325,1445600,8958,140704373
2019-06-10,29.85196,29.96353,29.47806,29.7223,630500,4211,62184334
2019-06-11,29.9967,30.11128,28.98052,29.21874,1274000,7648,123807920
2019-06-12,29.22175,29.36347,28.87197,29.18255,2621500,8600,252326080
2019-06-13,29.33633,29.80975,28.7212,28.94735,1796900,8658,173875437
2019-06-14,28.94434,29.39664,28.22367,28.22367,1156100,6389,110003128
2019-06-17,28.34428,29.3695,28.07592,29.06797,2932200,8517,281555891
2019-06-18,29.12827,29.70722,29.074,29.61978,1029900,6580,100848351
2019-06-19,29.46297,29.81276,29.20366,29.6439,888300,5373,86944525
2019-06-21,29.79165,29.9967,29.58359,29.9967,1395000,7487,138036996
2019-06-24,30.02082,30.75656,30.01177,30.4701,1192000,6695,120630516
2019-06-25,30.5666,30.61484,29.79768,29.79768,1022200,4869,102541871
2019-06-26,30.00273,30.71435,29.96353,30.15349,997300,5536,100251953
2019-06-27,30.16857,30.29521,29.91528,29.97257,977600,4901,97678932
2019-06-28,30.15349,30.27411,29.63787,29.70119,1546400,7819,152997748
2019-07-01,30.06303,30.58469,29.96051,30.53041,1130400,5774,113950287
2019-07-02,30.51533,30.51533,29.1132,29.24889,2405100,11179,235702177
2019-07-03,29.15843,29.50519,28.84785,29.01972,2594000,5572,251197171
2019-07-04,29.3695,29.67104,28.95942,28.95942,1874600,6787,181912095
2019-07-05,29.02274,29.2911,28.59757,29.16747,1520000,8340,146192438
2019-07-08,29.26397,29.38156,28.19352,28.64582,3443400,11902,325185985
2019-07-10,28.94434,30.72339,28.85991,30.59072,3584800,16248,356094892
2019-07-11,30.15349,30.28315,28.99861,28.99861,2058000,10097,200538096
2019-07-12,29.1735,29.43283,28.35333,28.35333,1668500,7698,159484701
2019-07-15,28.49807,28.69406,27.96134,27.98244,1281600,6673,120001912
2019-07-16,27.97038,28.63376,27.74121,27.96134,1151300,6514,107208690
2019-07-17,28.18145,28.30508,27.32208,27.56029,2156200,8488,197176036
2019-07-18,27.69598,27.81057,26.80042,27.13814,3030300,11358,273790972
2019-07-19,26.67076,27.40349,26.47175,26.71599,5770800,22624,512967049
2019-07-22,26.98738,28.05783,26.94818,27.8166,6286800,28666,576755857
2019-07-23,28.05783,28.71819,27.86484,28.71819,17835800,19277,1687571929
2019-07-24,28.61567,28.9775,28.16336,28.79659,3713700,15279,352747615
2019-07-25,28.9172,28.9172,28.19954,28.79659,3290400,17602,310801493
2019-07-26,28.73628,28.79659,28.47696,28.71819,1647700,7827,156736322
2019-07-29,28.64582,28.75135,28.51013,28.56139,3612800,8122,342480082
2019-07-30,28.64582,28.67597,28.06687,28.24477,1950800,9315,183407701
2019-07-31,28.32318,28.64582,27.6206,28.64582,3761100,14651,354521789
2019-08-01,28.94735,29.09812,27.48792,27.68995,5990800,23968,559708610
2019-08-02,27.7985,27.97943,26.88485,27.59045,5237600,22008,473814149
2019-08-05,27.31605,27.74423,27.07784,27.62964,2602200,13030,237307368
2019-08-06,28.31413,29.33332,27.96435,29.24889,7157700,24309,684206954
2019-08-07,29.03782,30.12334,28.89911,29.84593,3836800,16158,376492564
2019-08-08,29.91226,30.13841,28.83578,29.20366,3266800,15915,318748007
2019-08-09,29.14335,30.3314,28.9956,30.06303,2614200,11829,259397711
2019-08-12,29.98765,29.98765,29.1735,29.61978,1715100,8501,168096200
2019-08-13,29.61978,30.32537,29.47806,30.32537,2405600,9567,240452125
2019-08-14,30.04795,30.89225,29.89719,30.31331,3560700,17913,359000578
2019-08-15,30.24395,30.88622,29.56852,30.02685,2281000,11732,227842930
2019-08-16,30.15349,30.84702,29.96955,30.72038,2178100,11745,220807427
2019-08-19,30.75958,31.0581,30.17158,30.33441,1601900,9074,162563896
2019-08-20,30.45804,30.65102,30.0359,30.34648,1375200,7340,138822406
2019-08-21,30.66912,30.85909,30.24998,30.79275,1208000,7549,122679095
2019-08-22,30.70229,30.85909,30.09921,30.39472,1447900,8256,146439118
2019-08-23,30.31633,30.75355,29.84291,30.30426,1395700,7832,139902619
2019-08-26,30.35854,30.50931,29.59867,29.70119,896700,5550,88657885
2019-08-27,29.55645,30.2138,29.05289,30.2138,2196700,8061,217179668
2019-08-28,29.85196,30.15349,29.6439,30.00273,1314900,7158,130499094
2019-08-29,30.03288,31.5496,30.03288,31.35963,2510600,11557,258497020
2019-08-30,31.32948,32.71654,31.17871,32.71654,5303000,12072,570350473
2019-09-02,32.26424,32.50245,31.57071,31.57071,2212000,10794,235739747
2019-09-03,31.5104,31.76068,30.80481,31.07921,1542700,9097,159751476
2019-09-04,31.5104,31.77575,31.08524,31.20886,1454500,8940,151157969
2019-09-05,31.45613,31.57372,30.80179,30.85909,1742200,8967,179523659
2019-09-06,31.07921,31.19077,30.50931,30.52136,1296400,7393,131774294
2019-09-09,30.50629,31.66117,30.50629,31.22696,2475900,14137,256558450
2019-09-10,31.14856,31.55865,30.88019,31.29933,1418600,8415,146945918
2019-09-11,31.38979,31.98381,31.38979,31.85717,1483500,7747,156022030
2019-09-12,31.85717,32.23409,31.35963,31.66117,2265400,9549,237772467
2019-09-13,31.87224,31.88732,31.0581,31.0581,1179900,6876,122466170
2019-09-16,31.08825,32.26424,30.69927,32.26424,1961600,12242,206098549
2019-09-17,31.9627,34.06139,31.71545,33.99203,3964000,20518,438355891
2019-09-18,33.62114,33.98902,33.26232,33.62114,2375500,10699,265118082
2019-09-19,33.62416,34.0252,33.50053,33.81413,874600,5627,97891747
2019-09-20,34.07345,34.48956,33.48545,33.5337,2519200,10774,281674602
2019-09-23,33.71161,33.89856,33.38595,33.73573,982700,6289,109740342
2019-09-24,33.89554,33.96791,33.0814,33.28946,1813900,9089,200552069
2019-09-25,33.31961,33.31961,32.81303,33.25026,1619600,8945,177508591
2019-09-26,33.78698,33.82317,32.88238,33.48847,3500200,11093,128811519
2019-09-27,33.46133,33.90459,33.17186,33.90459,2555900,8635,95095646
2019-09-30,33.96791,34.23929,33.48847,34.06741,4270900,14151,160302162
2019-10-01,34.37498,34.37498,33.48847,33.69653,3240400,16459,120762943
2019-10-02,33.56084,33.83222,32.93666,33.14472,3879800,17467,142535752
2019-10-03,33.21709,33.21709,32.01397,32.20393,5681700,19271,202991490
2019-10-04,32.33962,32.99094,32.11347,32.88238,2885300,14471,103870921
2019-10-07,32.57481,32.79192,31.67021,31.84208,6553700,11336,233529935
2019-10-08,32.00492,32.44817,31.52547,32.09538,3712100,11947,131494368
2019-10-09,32.29439,32.52054,31.79686,32.52054,1842200,7764,65572611
2019-10-10,32.67432,33.0814,32.05919,32.41199,5285500,9747,190555201
2019-10-11,32.75574,33.28946,32.42103,32.89143,3523800,10141,128377771
2019-10-14,32.89143,33.34373,32.55673,33.34373,1962900,9336,71908021
2019-10-15,33.02711,33.71462,32.88238,33.45229,3426100,14501,126699400
2019-10-16,33.37992,33.45229,32.98189,33.28946,3814600,16008,140059211
2019-10-17,33.36182,33.91364,33.14472,33.89554,2851200,11478,106163405
2019-10-18,33.68748,34.03123,33.60607,33.70557,1787100,7123,66719413
2019-10-21,33.70557,34.96297,33.24422,34.96297,3563700,15180,135674825
2019-10-22,34.92679,35.46051,34.60113,35.46051,6177300,22217,240035338
2019-10-23,35.35196,35.44241,34.61922,35.41528,5691000,32303,220553781
2019-10-24,35.32481,35.79521,34.99916,35.18913,3739900,20320,145943340
2019-10-25,35.41528,35.63238,34.86347,35.00821,6476700,18650,251446588
2019-10-28,35.18008,35.26149,34.14883,34.95393,2669100,13771,103165007
2019-10-29,34.86347,35.1258,33.986,34.19406,4244700,15696,161519242
2019-10-30,34.1036,34.46544,33.33468,33.78698,9540800,36136,355586589
2019-10-31,33.85031,34.36594,33.55179,34.18502,4963700,26531,185951826
2019-11-01,34.37498,35.1258,34.20311,34.69159,8032800,21589,307811578
2019-11-04,35.00821,35.2434,34.47449,34.95393,2859800,15313,110311594
2019-11-05,35.09867,35.56001,34.69159,35.00821,3844500,16055,149334897
2019-11-06,35.18008,35.31577,34.23929,34.38402,3541300,12602,135396627
2019-11-07,34.42021,34.61922,32.68337,32.88238,14969100,38662,548813476
2019-11-08,33.00903,33.03616,31.57071,31.75163,13086400,37461,466490983
2019-11-11,31.66117,33.10853,31.29932,32.97284,5792500,22813,209223572
2019-11-12,33.0633,33.27136,32.41199,33.0814,5273100,20123,191658563
2019-11-13,33.01807,33.13567,32.43913,33.02711,3644600,14157,131977483
2019-11-14,33.05426,33.87745,32.8462,33.87745,4137300,21055,152954830
2019-11-18,33.93172,34.05837,32.9457,32.95475,4851700,16576,178598241
2019-11-19,33.2285,33.46488,32.87394,33.45578,3059300,13892,111861219
2019-11-21,33.28305,34.40128,32.89213,34.11945,5901700,26427,221021808
2019-11-22,34.11945,34.28309,33.51942,34.21036,4036300,15756,150558644
2019-11-25,34.13763,34.13763,33.65579,34.10126,3607300,14972,134654701
2019-11-26,33.65579,33.91035,33.01031,33.56488,6763800,20620,248404399
2019-11-27,33.41033,33.71943,32.72849,33.65579,5265400,16316,192642775
2019-11-28,33.61943,34.25582,33.50124,34.18308,3846400,11096,143928588
2019-11-29,34.21036,34.54673,33.40124,33.7558,4850300,20114,181362390
2019-12-02,33.84671,34.25582,33.65579,33.81944,3735800,15119,139094591
2019-12-03,33.87398,34.13763,33.5467,33.83762,3226400,16004,119743837
2019-12-04,33.98308,33.98308,33.31942,33.5467,3417300,12687,126241860
2019-12-05,33.45578,33.82852,33.05577,33.81944,3789500,16805,139559273
2019-12-06,33.63761,34.04671,33.5467,33.70125,3300000,13064,122706025
2019-12-09,33.71943,33.77398,33.32851,33.47397,2754800,7471,101462966
2019-12-10,33.36488,33.73761,33.19213,33.50124,2431800,10844,89550032
2019-12-11,33.57397,33.67397,33.20123,33.40124,3301300,10138,121239202
2019-12-12,33.53761,34.18308,33.48306,34.12854,3431800,15780,128265521
2019-12-13,34.14672,34.35582,33.2285,33.34669,5001300,22581,184172719
2019-12-16,33.39215,33.61034,33.32851,33.40124,2631100,12345,96772406
2019-12-17,33.49215,33.91035,33.47397,33.83762,3035800,12394,112746576
2019-12-18,33.81944,34.73765,33.59216,34.73765,7308600,17788,274723324
2019-12-19,34.7831,34.95584,33.98308,34.77402,5074900,15906,193197202
2019-12-20,34.82856,35.42859,34.31036,35.4104,7186300,17589,277731950
2019-12-23,35.4104,35.84678,35.19221,35.56495,4316400,18113,169404647
2019-12-26,35.44677,36.33771,34.97402,36.33771,2733000,13595,107397628
2019-12-27,36.36498,36.36498,35.58313,35.9286,3549100,12120,140906807
2019-12-30,36.1377,36.35589,35.4104,35.4104,2788500,9167,109606489
2020-01-02,35.45586,36.42862,35.01039,36.26498,4279600,17839,169972338
2020-01-03,35.50131,36.41044,35.50131,35.98315,3557900,10217,141272985
2020-01-06,36.00133,36.12861,35.24676,35.64677,4771000,14839,187080856
2020-01-07,35.66496,35.94679,35.32858,35.88315,3077700,11808,120966210
2020-01-08,35.91042,36.15588,35.46495,36.01951,3048900,12326,120331799
2020-01-09,35.96497,37.63776,35.87405,37.41048,12787400,32019,522221801
2020-01-10,37.54684,37.62867,37.09228,37.42866,4825800,19917,198446926
2020-01-13,37.63776,38.58324,37.35593,37.74685,8633900,24026,361079782
2020-01-14,37.5923,37.98323,37.22865,37.4923,4126600,13393,171082632
2020-01-15,37.27411,38.62871,37.15592,38.37415,6045600,19703,253863165
2020-01-16,38.81962,38.81962,37.50139,38.00141,3124700,13336,130642810
2020-01-17,37.9105,39.28327,37.9105,39.28327,3121300,13947,133339615
2020-01-20,39.11963,40.17421,38.92871,39.86511,2537900,11220,110619896
2020-01-21,39.54692,39.82875,39.09236,39.10144,3340500,13792,144445736
2020-01-22,39.27419,40.81969,39.24691,40.81969,2885400,10744,127616539
2020-01-23,40.24694,40.7106,39.82875,39.89239,4533700,18482,200612665
2020-01-24,39.8742,40.15603,38.92871,38.92871,3502500,12781,152135408
2020-01-27,38.54688,38.89235,37.8014,38.09232,5595500,21506,235270749
2020-01-28,38.41051,40.41059,38.23778,40.28331,4181800,18062,182072778
2020-01-29,40.52878,40.7106,39.71965,40.00148,2972300,14543,131513428
2020-01-30,39.94693,40.59241,39.30146,40.15603,4634000,20338,203375664
2020-01-31,40.15603,40.99243,39.42873,40.75605,7663300,26088,340144253
2020-02-03,34.54673,39.07417,34.32854,37.06501,45143200,109841,1811745167
2020-02-04,38.00141,38.54688,36.45589,37.53775,13256600,43377,546106442
2020-02-05,37.78322,38.81962,37.1832,38.63779,14998000,35575,628534208
2020-02-06,38.9469,39.78329,38.51052,38.77417,9196400,31673,396038100
2020-02-07,38.39233,38.76507,35.70132,35.93769,8516700,31958,343708675
2020-02-10,34.50128,34.68311,29.74656,30.0102,42497300,105665,1483402347
2020-02-11,31.00115,31.81027,29.27381,31.50117,19701800,61114,673747382
2020-02-12,31.91937,32.00119,30.55568,30.6375,12128500,37465,413359065
2020-02-13,30.08293,30.37385,29.45564,29.81928,8913400,25210,293951531
2020-02-14,30.00111,31.71936,29.88292,31.50117,15703200,29059,535909925
2020-02-17,31.73754,33.63761,30.91023,33.27396,14941700,49684,531921359
2020-02-18,32.90122,34.2649,31.81936,33.00122,15764900,41632,568511322
2020-02-19,35.22858,35.45586,33.01031,33.3376,33586400,72533,1263679977
2020-02-20,33.27396,33.81944,31.01024,31.26479,16292900,52684,573589825
2020-02-21,31.30116,31.30116,29.37382,29.56473,20251300,57512,669146047
2020-02-26,27.40101,29.27381,27.01918,29.09199,16940600,54180,532532963
2020-02-27,29.13744,32.03755,29.13744,31.02842,29094200,74982,990952099
2020-02-28,30.01929,30.82841,28.91925,30.22839,23171300,65491,760312505
2020-03-02,29.81928,30.39203,27.59193,27.59193,18111600,65667,576498527
2020-03-03,28.04649,28.81016,25.45549,25.45549,28368300,88552,837264794
2020-03-04,19.18253,20.00074,14.82782,17.31882,150743400,203517,2925263137
2020-03-05,18.18249,18.31886,13.96415,14.51872,70820500,123671,1263177730
2020-03-06,14.09143,16.15515,13.96415,14.88237,44761300,84257,751423104
2020-03-09,13.63687,14.18234,12.37319,12.50955,18404500,43658,268702577
2020-03-10,13.77324,13.98234,11.84589,12.45501,27961400,55548,392471891
2020-03-11,12.27318,13.13685,11.05495,11.54588,24736500,48506,327408699
2020-03-12,10.00037,10.62767,8.01848,8.31849,30060900,43541,289946173
2020-03-13,10.00037,10.00037,8.19121,9.09125,31235700,53772,306706064
2020-03-16,8.04575,8.50941,7.82756,7.95484,26377800,51667,237224904
2020-03-17,8.27303,8.53668,7.72756,8.04575,24910700,39706,223807032
2020-03-18,7.56392,7.57301,6.13659,6.5457,24965900,49374,182404000
2020-03-19,6.27296,7.21845,5.84567,6.90026,30250600,59603,218560051
2020-03-20,7.34573,8.17303,6.55479,6.63661,36337400,75644,295542304
2020-03-23,6.77298,6.78207,5.96386,6.36387,30352000,44657,208635111
2020-03-24,7.07299,7.63665,6.6457,7.43664,29138100,49447,229981393
2020-03-25,7.43664,8.31849,7.21845,8.18212,54091000,89446,457665299
2020-03-26,7.7912,9.91855,7.7912,9.02761,45645800,75847,451756588
2020-03-27,8.67305,9.85491,8.42758,9.4549,32008000,52498,330423546
2020-03-30,9.81855,10.74585,9.62763,9.764,24692700,45551,270241061
2020-03-31,9.99128,9.99128,8.5185,8.80033,23123400,38040,233584846
2020-04-01,8.22758,8.50032,7.98211,8.46395,17660200,30184,160153114
2020-04-02,8.62759,8.89124,8.09121,8.33667,16376000,32909,152368998
2020-04-03,8.19121,8.27303,7.48209,7.80938,17607100,39700,151066015
2020-04-06,8.4094,9.25489,8.2094,9.25489,22064300,34719,214815335
2020-04-07,10.27311,10.41857,9.25489,9.27307,24093400,47630,258240118
2020-04-08,8.86397,9.27307,8.77305,9.21852,27272900,50061,270565082
2020-04-09,9.3458,9.72763,8.96397,9.18216,19437100,34092,198772843
2020-04-13,9.18216,9.56399,9.05488,9.4458,13120900,26498,135216717
2020-04-14,9.70036,11.28224,9.61854,10.89131,27814800,48765,316775035
2020-04-15,10.60948,11.66407,10.36402,10.76404,37757200,65110,460895541
2020-04-16,11.19132,11.26405,10.60039,10.73676,19751600,40113,237423688
2020-04-17,11.10041,11.25496,10.73676,10.83676,14208400,23949,171070024
2020-04-20,10.54585,11.07314,10.33675,10.84586,14423500,28431,170892985
2020-04-22,10.9095,11.03677,10.01855,10.05492,39345200,69529,447409328
2020-04-23,9.71854,9.95491,8.8276,9.20034,50588300,73273,520037620
2020-04-24,8.91851,8.97306,7.50937,8.24576,46158000,104893,413609333
2020-04-27,8.58214,8.86397,8.37304,8.60032,26145600,48233,246577439
2020-04-28,8.7185,8.86397,8.1003,8.18212,35358500,58566,323426376
2020-04-29,8.35485,9.40944,8.28212,9.31853,51111900,77003,506923859
2020-04-30,9.09125,9.68218,8.95488,9.29125,32121100,42440,327902992
2020-05-04,8.91851,9.04579,8.56395,8.7185,18263600,32114,175642853
2020-05-05,8.8276,8.97306,8.16394,8.19121,26598900,49320,247579162
2020-05-06,8.2003,8.45486,8.10939,8.3094,17963400,27273,163728522
2020-05-07,8.47304,8.5185,7.73665,7.73665,22102000,46074,193612217
2020-05-08,7.95484,8.35485,7.80029,8.21849,23477300,41450,210864461
2020-05-11,7.18208,7.26391,6.92753,7.00026,57126800,94948,443228601
2020-05-12,7.12754,7.7912,6.9548,7.30936,51028600,61554,416827691
2020-05-13,7.373,7.50937,6.68207,6.73661,31306300,38481,240159500
2020-05-14,6.61843,7.00026,6.37296,6.40024,49129300,52034,354156342
2020-05-15,6.39115,6.65479,6.09113,6.09113,69103600,37397,476204098
2020-05-18,6.25478,6.68207,6.10023,6.68207,39372400,43841,276117745
2020-05-19,6.57297,6.98208,6.40933,6.40933,33055800,42422,243157705
2020-05-20,6.56388,6.97299,6.50024,6.91844,29324700,33068,217929641
2020-05-21,6.94571,6.96389,6.3366,6.40933,50701200,57925,368620830
2020-05-22,6.49115,6.70025,6.40024,6.51842,32105000,39746,230952675
2020-05-25,6.36387,7.21845,6.32751,7.09117,52147300,47188,391199650
2020-05-26,7.39118,7.60937,6.70025,6.71843,45984900,49185,357730709
2020-05-27,6.77298,7.02753,6.57297,7.00026,38535800,36658,287713219
2020-05-28,7.00026,7.69119,6.8548,7.39118,55812800,55902,453974386
2020-05-29,7.30936,7.54573,7.12754,7.54573,40388000,46076,327216475
2020-06-01,7.57301,7.85484,7.49119,7.55483,31045100,32903,259571127
2020-06-02,7.61846,7.96393,7.60937,7.81847,32125200,36815,275496071
2020-06-03,8.1003,9.77309,8.03666,9.77309,83618100,96865,832112118
2020-06-04,10.29129,10.7004,9.28216,9.50035,85587900,95956,932546295
2020-06-05,10.13674,10.25492,9.4549,9.77309,46007400,53140,495369495
2020-06-08,10.00037,10.7004,9.864,10.68221,55030300,61566,627947278
2020-06-09,10.45493,12.63683,10.18219,12.01863,93930500,100910,1210987709
2020-06-10,12.81866,12.8823,11.60952,11.78226,65398500,85757,872726648
2020-06-12,11.09132,11.55497,10.44584,10.44584,70396200,89068,839698239
2020-06-15,9.764,10.16401,9.00943,9.40944,79862100,95099,839366962
2020-06-16,9.18216,10.06401,9.00943,9.28216,63474200,68543,667445567
2020-06-17,9.32762,9.60036,9.05488,9.16398,36090700,39581,368004618
2020-06-18,9.1367,9.62763,9.10034,9.22761,34000700,37663,350329286
2020-06-19,9.58217,9.61854,9.23671,9.4458,27925200,26334,288126778
2020-06-22,9.54581,11.03677,9.48217,11.00041,87811200,89762,1009601710
2020-06-23,11.50043,11.90044,10.30038,10.45493,99750900,105403,1210764738
2020-06-24,10.69131,11.04586,10.00037,10.05492,57518600,59539,657220167
2020-06-25,10.14583,10.43675,9.70036,10.22765,52447900,53268,584650135
2020-06-26,10.9095,11.06405,10.47312,10.78222,75200200,75814,892752653
2020-06-29,11.2186,11.60952,11.09132,11.32769,63596300,60188,792737648
2020-06-30,10.9095,11.85498,9.82764,10.00037,136630600,128894,1609873345
2020-07-01,9.4549,9.75491,9.10943,9.28216,91662700,97081,948088641
2020-07-02,9.40944,9.50035,8.10939,8.14576,107203100,115963,1010308659
2020-07-03,7.86393,8.80033,7.56392,8.80033,127618700,109677,1160764421
2020-07-06,9.07306,9.20034,8.5185,8.64577,68999200,69764,664911085
2020-07-07,8.54577,8.83669,8.41849,8.64577,34611400,40819,329559465
2020-07-08,8.65487,8.76396,8.43668,8.47304,37319200,38914,349839468
2020-07-09,7.63665,8.59123,7.55483,8.45486,86144200,72076,775433610
2020-07-10,8.50032,8.56395,8.29122,8.36395,28674900,33913,264317991
2020-07-13,8.46395,9.4549,8.45486,8.83669,84284800,87471,833929648
2020-07-14,8.96223,9.22785,8.62774,9.14915,61670800,60815,560445899
2020-07-15,9.39509,9.4246,8.9032,8.99174,37041200,38059,341571064
2020-07-16,8.92288,9.03109,8.75563,8.80482,29115500,32327,262546931
2020-07-17,8.89336,8.99174,8.81466,8.85401,25447700,28933,229622717
2020-07-20,8.88352,8.9032,8.66709,8.77531,24671300,25804,219428312
2020-07-21,8.7458,8.7458,8.3031,8.3818,35105300,35389,301366146
2020-07-22,8.32277,8.39164,7.90958,8.03748,36833400,38761,302222470
2020-07-23,8.03748,8.0965,7.70299,7.72267,32632800,36215,259734964
2020-07-24,7.62429,8.42115,7.43737,8.20472,57193600,44320,472918229
2020-07-27,8.32277,8.41131,7.91942,8.03748,29796200,25720,244481057
2020-07-28,8.03748,8.21456,7.92926,8.06699,22264300,24446,183291916
2020-07-29,7.91942,8.18504,7.91942,8.04731,20074400,18370,164570428
2020-07-30,7.96861,8.08667,7.82104,7.9391,20176500,18557,162960213
2020-07-31,7.98829,8.13585,7.84072,7.84072,29898700,27158,241108939
2020-08-03,7.62429,7.75218,7.50624,7.5751,35193500,36065,272943651
2020-08-04,7.4964,7.88991,7.32915,7.47672,36820900,36836,283467021
2020-08-05,7.5751,7.62429,7.37834,7.40786,21723400,23383,165009160
2020-08-06,7.45705,7.71283,7.34883,7.71283,28872400,26105,220546206
2020-08-07,7.67348,8.12602,7.56526,7.64396,47884200,41331,380292496
2020-08-10,7.70299,7.70299,7.45705,7.52591,23411800,23401,179618311
2020-08-11,7.59477,8.17521,7.53575,7.97845,50590300,47171,408233591
2020-08-12,8.06699,8.15553,7.62429,7.70299,41269500,46669,327164309
2020-08-13,7.75218,7.99812,7.51607,7.55542,35037800,41657,275833745
2020-08-14,7.62429,7.75218,7.45705,7.64396,23942800,27599,185009902
2020-08-17,7.7,7.77,7.39,7.47,26701800,25122,201913313
2020-08-18,7.6,7.64,7.43,7.55,15273800,19207,114845470
2020-08-19,7.54,7.58,7.16,7.19,29728600,28925,216221874
2020-08-20,7.05,7.35,7.0,7.31,21008000,21270,151485137
2020-08-21,7.32,8.25,7.27,8.21,67073900,55908,528544024
2020-08-24,8.12,8.2,7.75,7.93,42807900,37845,341043782
2020-08-25,7.96,8.25,7.81,7.94,37548800,38831,301286709
2020-08-26,8.14,8.19,7.62,7.69,35643500,40042,280939037
2020-08-27,7.71,7.8,7.6,7.62,15126600,18544,116375256
2020-08-28,7.64,7.7,7.44,7.5,20512600,21801,155198749
2020-08-31,7.0,7.28,6.95,7.13,39646700,33410,283276248
2020-09-01,7.2,7.23,6.91,6.97,32354200,38624,227307686
2020-09-02,7.0,7.08,6.86,7.01,23680800,23423,164785634
2020-09-03,7.03,7.16,6.83,6.84,28111900,26955,195384781
2020-09-04,6.91,7.04,6.66,6.95,45802800,32493,315489173
2020-09-08,6.86,6.86,6.68,6.72,20059300,22860,135549392
2020-09-09,6.77,6.8,6.46,6.51,29200100,29932,192066804
2020-09-10,6.5,6.65,6.26,6.3,32068200,35907,205563557
2020-09-11,6.34,6.37,6.03,6.04,30031900,28625,184229330
2020-09-14,6.09,6.18,5.94,6.12,29627000,25996,179453538
2020-09-15,6.19,6.27,5.92,5.92,25532800,24021,153707389
2020-09-16,5.96,6.02,5.9,5.92,19682400,19710,117234452
2020-09-17,5.88,6.0,5.81,5.91,18526100,19398,109560723
2020-09-18,5.93,5.93,5.56,5.62,29544800,28500,169107589
2020-09-21,5.51,5.52,5.33,5.41,27066600,22153,146441906
2020-09-22,5.4,5.79,5.35,5.75,33648400,25076,185888501
2020-09-23,6.0,6.48,5.99,6.3,94200400,56112,590189956
2020-09-24,6.6,7.3,6.41,7.08,128481700,76175,889656163
2020-09-25,7.0,7.69,6.95,7.17,140245700,92315,1039652740
2020-09-28,7.35,7.57,6.95,7.23,88882400,63138,647294861
2020-09-29,7.45,7.58,7.31,7.31,57153300,41539,423104019
2020-09-30,7.55,7.57,7.3,7.49,57825900,37481,430185314
2020-10-01,7.49,8.11,7.46,8.1,96153700,61395,753077489
2020-10-02,8.09,8.32,7.9,8.09,80839200,55493,660176493
2020-10-05,8.23,8.72,8.22,8.65,83441700,60827,708565227
2020-10-06,8.8,8.9,7.17,7.17,233194700,136868,1833962429
2020-10-07,6.95,7.06,6.36,6.44,159466800,96504,1059986358
2020-10-08,6.51,7.74,6.41,7.74,186357200,104172,1338505202
2020-10-09,7.83,7.85,7.05,7.18,156121800,97377,1156840002
2020-10-13,7.4,7.45,7.08,7.14,43851600,32406,315139331
2020-10-14,7.15,7.36,7.09,7.16,41506500,33774,298806092
2020-10-15,7.07,7.19,6.86,7.0,40630200,30086,285027042
2020-10-16,7.0,7.04,6.75,6.79,26291100,23561,180136483
2020-10-19,6.83,7.22,6.69,7.09,64886700,41202,450876770
2020-10-20,7.16,7.24,7.01,7.1,35598400,22799,252626302
2020-10-21,7.37,7.43,6.81,6.83,63080800,42095,449441335
2020-10-22,6.87,7.08,6.75,6.92,42521000,31872,294187011
2020-10-23,6.94,6.94,6.81,6.85,20350900,16300,139733846
2020-10-26,6.95,7.15,6.88,6.95,43025900,26391,301659879
2020-10-27,7.01,7.04,6.71,6.73,30239800,19758,206584510
2020-10-28,6.49,6.53,6.05,6.09,61213300,38330,384701672
2020-10-29,6.08,6.15,5.85,6.11,59143100,39276,356382352
2020-10-30,6.06,6.23,5.95,6.14,46381100,29984,282646775
2020-11-03,6.36,6.84,6.28,6.4,71894500,45907,472915917
2020-11-04,6.32,6.47,5.99,6.23,68879600,40146,426199628
2020-11-05,6.32,6.41,6.14,6.24,38354500,33108,239376708
2020-11-06,6.14,6.68,6.12,6.55,76927400,40963,497281165
2020-11-09,6.85,7.02,6.62,6.65,49048700,38336,331381401
2020-11-10,6.65,6.84,6.52,6.54,32502600,29639,216657690
2020-11-11,6.51,6.59,6.37,6.41,28252400,24501,182515772
2020-11-12,6.37,6.44,6.13,6.23,26666000,20234,167760746
2020-11-13,6.26,6.85,6.24,6.71,65104500,43059,430885937
2020-11-16,6.85,6.88,6.56,6.64,35328500,25356,236031641
2020-11-17,6.63,6.88,6.61,6.84,35903200,26025,243216966
2020-11-18,6.88,6.98,6.74,6.76,35101500,23441,240342548
2020-11-19,6.8,6.83,6.63,6.68,25475700,16942,170695205
2020-11-20,6.66,7.14,6.63,6.97,51722500,33439,357477695
2020-11-23,7.06,7.38,7.02,7.17,70456400,44528,506555503
2020-11-24,7.25,7.27,7.0,7.06,40688400,41246,289631131
2020-11-25,7.03,7.11,6.91,6.95,31196800,26737,217741655
2020-11-26,6.94,7.14,6.86,7.07,33053100,19824,232581320
2020-11-27,7.11,7.13,6.72,6.82,62314700,35502,429399102
2020-11-30,6.8,6.91,6.61,6.63,156905700,46978,1044430427
2020-12-01,6.77,6.83,6.62,6.68,30082400,24165,201816284
2020-12-02,6.72,7.03,6.71,6.76,44991500,31684,307334772
2020-12-03,6.82,7.01,6.75,6.91,40064800,33428,276518593
2020-12-04,7.01,7.06,6.78,6.89,34007700,23434,234415976
2020-12-07,6.89,7.78,6.85,7.36,139064500,71424,1030079063
2020-12-08,7.43,7.63,7.12,7.53,91900200,51037,676203674
2020-12-09,7.7,7.72,7.19,7.26,60786600,35226,448534332
2020-12-10,7.31,7.47,7.01,7.38,52784100,30227,383657506
2020-12-11,7.33,7.34,7.14,7.28,35262400,22770,255400739
2020-12-14,7.36,7.58,7.23,7.35,44734900,24548,332330827
2020-12-15,7.39,7.41,7.23,7.25,31416400,18151,229352424
2020-12-16,7.27,7.53,7.16,7.47,58809600,39936,433693156
2020-12-17,7.49,7.66,7.29,7.34,45803000,23132,338717583
2020-12-18,7.34,7.44,7.28,7.39,26211600,15500,192903784
2020-12-21,7.17,7.28,7.03,7.15,47858000,25141,342414543
2020-12-22,7.2,7.29,7.09,7.19,27814400,16284,199680418
2020-12-23,7.25,7.59,7.19,7.24,72652900,31927,533943808
2020-12-28,7.48,8.19,7.38,8.11,168623400,68263,1327712341
2020-12-29,8.21,8.52,7.83,8.21,152705900,76271,1253055391
2020-12-30,8.21,8.46,8.06,8.18,97979200,49585,809186619
2021-01-04,8.3,8.33,7.89,7.89,57265300,44454,461250769
2021-01-05,7.86,7.9,7.67,7.76,56600800,31071,440362334
2021-01-06,7.8,8.11,7.72,7.75,68815000,41630,544769643
2021-01-07,7.84,7.96,7.71,7.75,44530600,28506,347639059
2021-01-08,7.85,8.06,7.78,8.0,49464600,25146,391683537
2021-01-11,7.89,7.95,7.56,7.62,56549200,34354,436591997
2021-01-12,7.65,7.85,7.63,7.78,36069000,24838,279152315
2021-01-13,7.79,8.08,7.72,7.8,54500600,28047,428330845
2021-01-14,7.9,7.95,7.82,7.86,26555100,16090,208904555
2021-01-15,7.76,7.81,7.67,7.71,29694500,22816,229491242
2021-01-18,7.77,7.81,7.63,7.65,24808500,16056,191291061
2021-01-19,7.7,7.72,7.37,7.6,43538000,21551,326981305
2021-01-20,7.67,7.87,7.46,7.66,38266500,28934,293458116
2021-01-21,7.64,7.74,7.49,7.6,30669500,20752,233493530
2021-01-22,7.4,7.45,6.92,6.92,96583500,47868,686377627
2021-01-26,6.92,6.93,6.52,6.53,46334800,32510,312176158
2021-01-27,6.47,6.87,6.28,6.51,77002900,41912,506139018
2021-01-28,6.71,7.68,6.67,7.67,202523600,109349,1484779233
2021-01-29,7.9,7.94,7.08,7.2,41977300,21752,311432974
2021-02-01,7.29,7.58,7.25,7.33,34384400,30715,252957784
2021-02-02,7.4,7.57,7.22,7.24,40734100,32157,300503704
2021-02-03,7.28,7.44,7.24,7.29,27590700,20046,201830986
2021-02-04,7.26,7.34,7.06,7.12,26636400,17663,191645339
2021-02-05,7.14,7.18,6.9,6.91,37740900,25593,264429651
2021-02-08,6.9,6.97,6.68,6.72,36250000,24060,245972195
2021-02-09,6.7,6.84,6.62,6.65,31056600,19392,207927334
2021-02-10,6.68,6.75,6.52,6.58,32475900,31956,214689803
2021-02-11,6.6,6.69,6.52,6.55,16368500,14745,107882689
2021-02-12,6.55,6.7,6.49,6.64,21391900,12836,141319203
2021-02-17,6.64,6.82,6.57,6.77,18650300,14886,125227998
2021-02-18,6.79,6.81,6.62,6.65,19901100,21534,133070556
2021-02-19,6.26,6.48,6.23,6.39,41213300,31503,262818003
2021-02-22,6.22,6.33,6.05,6.1,33953500,33035,209655874
2021-02-23,6.15,6.43,6.15,6.28,24030100,23336,151310286
2021-02-24,6.33,6.38,6.24,6.29,15928500,13585,100342908
2021-02-25,6.3,6.34,6.05,6.08,31446200,20129,194907272
2021-02-26,6.13,6.26,6.0,6.0,28934600,24825,176660448
2021-03-01,6.12,6.14,5.8,5.83,29579400,19995,176483254
2021-03-02,5.8,5.97,5.64,5.96,32986100,25805,191053736
2021-03-03,5.88,6.15,5.72,5.89,40469800,29492,240016769
2021-03-04,6.04,6.26,5.86,5.97,46712500,30117,283235113
2021-03-05,5.97,6.24,5.88,6.16,30932900,20119,188358595
2021-03-08,6.09,6.19,5.76,5.85,33609200,22866,201215925
2021-03-09,5.85,5.94,5.78,5.82,25658300,16550,150131387
2021-03-10,5.84,6.15,5.75,6.08,34105900,19107,202749416
2021-03-11,6.13,6.23,5.98,6.1,27680500,15826,168499470
2021-03-12,6.05,6.26,6.03,6.19,28051700,19067,172487450
2021-03-15,6.18,6.23,6.01,6.03,26885700,14717,163520281
2021-03-16,6.04,6.17,5.99,6.06,26396700,14447,159923409
2021-03-17,6.05,6.2,5.97,6.16,30363000,23805,184761725
2021-03-18,6.17,6.51,6.09,6.17,61814500,31966,390760473
2021-03-19,6.27,6.34,6.09,6.18,39088100,16383,241239596
2021-03-22,6.14,6.22,6.06,6.09,24132200,15652,147750832
2021-03-23,6.39,6.63,6.24,6.45,74635000,33806,481362154
2021-03-24,6.45,6.52,6.03,6.05,59279900,27910,367762314
2021-03-25,6.05,6.16,5.97,6.1,29368700,17055,178825699
2021-03-26,6.11,6.21,6.05,6.12,28292600,11513,173186324
2021-03-29,6.08,6.17,6.07,6.08,19826500,11119,121005348
2021-03-30,6.07,6.22,6.06,6.16,26220400,16386,161114762
2021-03-31,6.17,6.26,6.12,6.13,24549000,11938,151608702
2021-04-01,6.18,6.18,6.03,6.05,21098400,10241,128349467
2021-04-05,6.1,6.13,6.04,6.07,20118900,14151,122258262
2021-04-06,6.08,6.1,6.05,6.08,14531000,10275,88241284
2021-04-07,6.35,6.62,6.21,6.22,72825100,33976,465115904
2021-04-08,6.25,6.28,6.11,6.15,30103200,16748,185508070
2021-04-09,6.11,6.2,6.1,6.17,17836900,10226,109875983
2021-04-12,6.18,6.26,6.15,6.17,23745100,12586,146939837
2021-04-13,6.17,6.3,6.13,6.25,29584400,13103,183591338
2021-04-14,6.25,6.54,6.25,6.44,50907600,23549,325980352
2021-04-15,6.44,6.45,6.21,6.25,31256200,15172,197354611
2021-04-16,6.22,6.25,6.14,6.17,23409800,11887,144712439
2021-04-19,6.19,6.44,6.18,6.31,35846900,17816,227250487
2021-04-20,6.3,6.36,6.22,6.25,20780500,10132,130489241
2021-04-22,6.5,6.63,6.33,6.36,49052100,22386,316778292
2021-04-23,6.36,6.42,6.31,6.38,20467900,19202,130374887
2021-04-26,6.41,6.51,6.39,6.43,20100700,11156,129561592
2021-04-27,6.43,6.44,6.26,6.27,21474100,13728,136177905
2021-04-28,6.34,6.34,6.19,6.25,17902500,12442,111789863
2021-04-29,6.25,6.26,6.14,6.15,17341100,10553,107071406
2021-04-30,6.13,6.16,6.05,6.09,26924100,25050,164122180
2021-05-03,6.14,6.15,6.05,6.05,23373600,13953,141992228
2021-05-04,6.07,6.09,5.99,5.99,18364200,20486,110724777
2021-05-05,6.04,6.2,6.01,6.16,21149500,12928,129403595
2021-05-06,6.15,6.2,6.06,6.08,14141100,12383,86396049
2021-05-07,6.11,6.2,6.08,6.18,15611700,12648,95957747
2021-05-10,6.19,6.24,6.1,6.12,13047900,10169,80147892
2021-05-11,6.08,6.28,6.03,6.25,23771400,14427,146864285
2021-05-12,6.22,6.37,6.19,6.34,26136900,17775,164632346
2021-05-13,6.35,6.56,6.35,6.49,28287800,21392,182788279
2021-05-14,6.53,6.55,6.16,6.16,40332400,22160,253208357
2021-05-17,6.15,6.16,6.09,6.09,21181700,17560,129496890
2021-05-18,6.11,6.14,6.07,6.08,13002300,11553,79328846
2021-05-19,6.07,6.12,6.05,6.08,17621200,13132,107173027
2021-05-20,6.08,6.1,6.05,6.09,15054500,12688,91425665
2021-05-21,6.09,6.09,6.0,6.01,17329100,10321,104528745
2021-05-24,6.02,6.06,6.0,6.01,17716100,11318,106704415
2021-05-25,6.03,6.05,6.01,6.02,14816400,13420,89256800
2021-05-26,6.05,6.08,6.01,6.04,16616900,15808,100348574
2021-05-27,6.04,6.24,6.03,6.24,28497400,16484,175251473
2021-05-28,6.24,6.29,5.99,6.0,48396100,21742,293998494
2021-05-31,6.02,6.04,5.91,5.94,33379600,25242,199237786
2021-06-01,5.99,6.03,5.96,5.98,24397400,16501,146278304
2021-06-02,6.01,6.07,5.98,6.05,21636800,12643,130507936
2021-06-04,6.04,6.16,6.04,6.1,22955100,14397,139943600
2021-06-07,6.11,6.35,6.11,6.3,57343500,27075,360257055
2021-06-08,6.3,6.31,6.07,6.09,31985600,18469,196816446
2021-06-09,6.12,6.15,6.07,6.1,13496300,9243,82244120
2021-06-10,6.12,6.17,6.07,6.1,13224600,8721,80737287
2021-06-11,6.09,6.1,6.05,6.08,12387700,7846,75183109
2021-06-14,6.1,6.13,6.06,6.09,13555400,8563,82555215
2021-06-15,6.09,6.13,6.07,6.1,9725500,6827,59280715
2021-06-16,6.11,6.28,6.1,6.12,39589800,21391,244720620
2021-06-17,6.16,6.34,6.15,6.17,43730500,17795,272577149
2021-06-18,6.19,6.2,6.08,6.1,31257500,13055,190896271
2021-06-21,6.11,6.12,6.07,6.1,17146100,10372,104435820
2021-06-22,6.05,6.05,5.98,6.04,35118200,25929,211213831
2021-06-23,6.04,6.14,6.0,6.03,26504100,11871,160167530
2021-06-24,6.04,6.08,6.0,6.02,17571200,10696,105755796
2021-06-25,6.02,6.03,5.96,5.99,21196900,13655,126915586
2021-06-28,6.0,6.0,5.9,5.92,27191600,11424,161187842
2021-06-29,5.93,5.94,5.83,5.85,17357800,13903,101787265
2021-06-30,5.85,5.85,5.74,5.77,23513300,15345,135630575
2021-07-01,5.79,5.81,5.7,5.72,18789000,14853,107639112
2021-07-02,5.74,5.78,5.68,5.72,17668800,11962,100969673
2021-07-05,5.71,5.75,5.68,5.72,10610300,7555,60629075
2021-07-06,5.7,5.72,5.61,5.64,15281700,12910,86358721
2021-07-07,5.66,5.67,5.56,5.65,15956800,16111,89685136
2021-07-08,5.56,5.62,5.53,5.57,14798400,13786,82406531
2021-07-12,5.57,5.64,5.53,5.64,17525900,18108,97956078
2021-07-13,5.61,5.63,5.54,5.57,15177200,10542,84611188
2021-07-14,5.59,5.72,5.58,5.69,19116300,14780,108082620
2021-07-15,5.68,5.73,5.58,5.59,14567500,11834,82037235
2021-07-16,5.61,5.67,5.58,5.58,14819400,13000,83220892
2021-07-19,5.55,5.56,5.48,5.5,22679800,23597,124906002
2021-07-20,5.5,5.56,5.46,5.53,14441100,8725,79605103
2021-07-21,5.58,6.02,5.57,6.0,66419700,38298,387477614
2021-07-22,6.03,6.11,5.85,5.91,53633400,32023,318826850
2021-07-23,5.92,5.95,5.77,5.78,17456500,12676,101826058
2021-07-26,5.8,6.08,5.79,5.88,25168200,20529,149914317
2021-07-27,5.84,5.9,5.72,5.74,18320300,11057,105942521
2021-07-28,5.8,5.89,5.75,5.81,17059100,13424,99421106
2021-07-29,5.83,5.86,5.72,5.72,14285100,10293,82222589
2021-07-30,5.7,5.73,5.59,5.68,30772200,13456,173528309
2021-08-02,5.71,5.81,5.67,5.67,17224100,12843,98553282
2021-08-03,5.63,5.7,5.53,5.67,19321300,12267,108566966
2021-08-04,5.63,5.69,5.55,5.6,15718200,12331,88110951
2021-08-05,5.63,5.7,5.6,5.64,18758500,11914,105690709
2021-08-06,5.66,5.9,5.63,5.82,34932700,17821,202881938
2021-08-09,5.82,5.9,5.75,5.85,17831100,13536,103946472
2021-08-10,5.85,5.93,5.82,5.82,23481600,13376,137828219
2021-08-11,5.83,5.83,5.73,5.77,11424800,8478,66073431
2021-08-12,5.78,5.78,5.57,5.6,14768300,11666,83457994
2021-08-13,5.64,5.66,5.55,5.62,14810600,14906,82854225
2021-08-16,5.58,5.63,5.46,5.46,23896000,16956,131745857
2021-08-17,5.05,5.29,5.05,5.26,34446700,25938,178961424
2021-08-18,5.21,5.35,5.14,5.22,19919000,22360,104398804
2021-08-19,5.15,5.17,5.11,5.11,13995600,14707,71870646
2021-08-20,5.09,5.19,5.08,5.16,15498400,15457,79715948
2021-08-23,5.17,5.23,5.04,5.04,18074100,18074,92284332
2021-08-24,5.08,5.13,5.06,5.06,15869000,13302,80783750
2021-08-25,5.08,5.25,5.06,5.24,20333700,19087,104906885
2021-08-26,5.24,5.31,5.15,5.15,12723500,13469,66346681
2021-08-27,5.21,5.29,5.17,5.27,11963600,10686,62684169
2021-08-30,5.26,5.34,5.21,5.23,11029400,12028,58040407
2021-08-31,5.24,5.42,5.23,5.34,17387300,18632,92827969
2021-09-01,5.35,5.41,5.28,5.3,10806200,11628,57803808
2021-09-02,5.28,5.31,5.12,5.18,10439100,16208,54307961
2021-09-03,5.2,5.23,5.13,5.15,13650300,14631,70469123
2021-09-06,5.16,5.3,5.16,5.27,8853500,11153,46510403
2021-09-08,5.22,5.27,5.08,5.2,17585600,20380,90579176
2021-09-09,5.14,5.27,5.1,5.2,13546900,15357,70029344
2021-09-10,5.28,5.33,5.21,5.21,10420700,14419,54872286
2021-09-13,5.31,5.55,5.26,5.5,15727700,15121,85825826
2021-09-14,5.52,5.57,5.39,5.4,10201100,10008,55695824
2021-09-15,5.42,5.44,5.33,5.33,8082100,7877,43327496
2021-09-16,5.3,5.39,5.26,5.27,9737300,7453,51603630
2021-09-17,5.27,5.3,5.17,5.18,11004100,10359,57243943
2021-09-20,5.11,5.17,4.87,4.88,25426100,24582,126427751
2021-09-21,4.93,4.99,4.71,4.79,25283500,20392,121906389
2021-09-22,4.79,4.91,4.76,4.82,22022000,16916,106183701
2021-09-23,4.84,4.98,4.82,4.93,11359100,12561,55809408
2021-09-24,4.89,5.03,4.87,5.0,9984300,9165,49621405
2021-09-27,5.0,5.07,4.9,4.92,9580600,10486,47666057
2021-09-28,4.9,4.95,4.76,4.79,10223100,13012,49379643
2021-09-29,4.83,4.95,4.79,4.83,8038900,14307,39127139
2021-09-30,4.84,4.87,4.72,4.73,11968500,13333,57133201
2021-10-01,4.78,4.94,4.75,4.94,11241500,11731,54594148
2021-10-04,4.88,4.97,4.79,4.85,12184200,11236,59272283
2021-10-05,4.86,4.95,4.83,4.83,6243400,8438,30472417
2021-10-06,4.79,4.84,4.73,4.84,12773800,11985,61124149
2021-10-07,4.85,4.94,4.81,4.82,8500000,11408,41254260
2021-10-08,4.87,5.2,4.85,5.11,20305000,17187,103003520
2021-10-11,5.08,5.14,4.98,5.0,12175000,9368,61267106
2021-10-13,5.03,5.21,5.0,5.16,14621700,18170,75207751
2021-10-14,5.18,5.2,5.07,5.15,9379900,8310,47955216
2021-10-15,5.13,5.24,5.13,5.18,7628300,8606,39605466
2021-10-18,5.16,5.29,5.07,5.22,11173200,11757,58148132
2021-10-19,5.24,5.36,5.11,5.13,20980500,19696,109243983
2021-10-20,5.17,5.39,5.15,5.22,17141700,16498,90338996
2021-10-21,5.16,5.25,5.0,5.05,24441900,20375,125062009
2021-10-22,4.99,5.06,4.75,5.01,30841000,30950,151152674
2021-10-25,5.02,5.13,5.0,5.05,14174300,21495,71854826
2021-10-26,5.03,5.05,4.85,4.86,13551500,17278,66584494
2021-10-27,4.87,4.97,4.84,4.85,12476400,11973,61347055
2021-10-28,4.85,4.93,4.77,4.77,13382600,13382,64635796
2021-10-29,4.83,4.85,4.68,4.69,18605700,16548,87948812
2021-11-01,4.74,4.92,4.72,4.86,16323300,14952,79312643
2021-11-03,4.82,4.95,4.78,4.89,15348100,18580,74881092
2021-11-04,4.9,4.98,4.77,4.8,12483500,13410,60753836
2021-11-05,4.86,4.94,4.77,4.79,11798900,13357,56975399
2021-11-08,4.81,4.81,4.73,4.76,9162300,9330,43669067
2021-11-09,4.78,4.94,4.77,4.89,12174800,11872,59261100
2021-11-10,4.88,5.01,4.85,4.86,11548100,12029,56850487
2021-11-11,4.9,5.15,4.88,5.01,22593800,14483,113887228
2021-11-12,4.9,4.95,4.7,4.72,27893600,18500,132884050
2021-11-16,4.74,4.76,4.56,4.56,17664600,12966,81817360
2021-11-17,4.62,4.65,4.3,4.3,20152800,19149,88618579
2021-11-18,4.31,4.38,4.21,4.21,18865500,16736,80620562
2021-11-19,4.23,4.3,4.12,4.12,16502700,13710,69366549
2021-11-22,4.15,4.17,3.99,4.0,16182000,12583,65706026
2021-11-23,4.04,4.12,3.96,4.09,15174400,15433,61141735
2021-11-24,4.07,4.23,4.05,4.2,11572100,13138,48088898
2021-11-25,4.19,4.27,4.18,4.25,6334200,14069,26778137
2021-11-26,4.07,4.23,4.07,4.14,11641000,12270,48292362
2021-11-29,4.2,4.26,4.14,4.19,6898200,12159,28957490
2021-11-30,4.19,4.31,4.09,4.31,13428300,11191,56309130
2021-12-01,4.35,4.37,4.12,4.16,11607500,13104,49300448
2021-12-02,4.2,4.35,4.2,4.25,12297900,16982,52846239
2021-12-03,4.24,4.35,4.16,4.18,17050500,15131,72217185
2021-12-06,4.18,4.42,4.17,4.33,14354300,13112,62124655
2021-12-07,4.4,4.41,4.21,4.23,12974900,9195,55548897
2021-12-08,4.26,4.37,4.19,4.35,12466400,12096,53527195
2021-12-09,4.34,4.44,4.26,4.29,9097000,7620,39414674
2021-12-10,4.31,4.39,4.31,4.37,7312800,10624,31828100
2021-12-13,4.38,4.49,4.36,4.4,8527700,9567,37813666
2021-12-14,4.43,4.47,4.34,4.36,8197500,10832,35996347
2021-12-15,4.4,4.4,4.25,4.34,10426200,12052,44872412
2021-12-16,4.36,4.49,4.36,4.44,14917900,9608,66243259
2021-12-17,4.41,4.42,4.2,4.34,17268500,13057,74200143
2021-12-20,4.27,4.28,4.19,4.19,9635000,8584,40642931
2021-12-21,4.18,4.23,4.04,4.06,15447100,8708,63720885
2021-12-22,4.05,4.1,3.99,4.02,11631100,10730,46818146
2021-12-23,4.03,4.03,3.91,3.91,9570100,14966,37903065
2021-12-27,3.93,4.02,3.93,4.02,8677300,12780,34610270
2021-12-28,4.01,4.09,4.0,4.05,8817600,10851,35640561
2021-12-29,4.08,4.12,3.93,3.93,11912200,8923,47476263
2021-12-30,3.95,4.04,3.95,4.02,8700800,8818,34921136
