Date,Open,High,Low,Close,Volume,Neg,Fin
2020-09-10,9.35663233812863,9.676595008423728,8.939697892086548,9.20148731686011,855100,3843,27567664
2020-09-11,9.017265492757478,9.2790647374577,8.726389445223148,8.842745756192874,1065700,5787,33445287
2020-09-14,8.842745756192874,8.98817886999671,8.842745756192874,8.920313356863806,1004900,4202,32144575
2020-09-15,9.211189404398135,9.211189404398135,8.774870423133311,8.920313356863806,715800,2954,22302077
2020-09-16,9.502065451932468,9.502065451932468,8.920313356863806,9.017265492757478,495800,2300,15239416
2020-09-17,8.968794334773971,9.172400694099345,8.852438023804245,9.065746470667642,431100,2298,13082205
2020-09-18,9.065746470667642,9.114227448577807,8.551859888731887,8.774870423133311,748500,735,6813968
2020-09-21,8.920313356863806,8.920313356863806,8.445205665300188,8.600340866642052,441600,1078,3902232
2020-09-22,8.639129576940846,8.842745756192874,8.435513397688817,8.503378910821722,339300,853,2977430
2020-09-23,8.503378910821722,8.910611269325779,8.154329617765857,8.387032419778652,267000,1096,2279388
2020-09-24,8.387032419778652,8.435513397688817,7.669529658590868,8.338551441868487,368700,845,3147431
2020-09-25,8.24158948604816,8.24158948604816,8.0476655744075,8.24158948604816,350600,368,2971906
2020-09-28,8.532465533582489,8.648821844552216,7.7083085489630045,7.902232460603664,247600,930,2045703
2020-09-29,8.0476655744075,8.0476655744075,7.805270504783334,7.873145837842896,702700,1268,5707612
2020-09-30,7.892530373065636,8.435513397688817,7.8246648599327315,8.076762017094925,379100,648,3126925
2020-10-01,8.076762017094925,8.260983841197557,7.931319083364431,8.0476655744075,478500,276,3996891
2020-10-02,8.0476655744075,8.0476655744075,7.776183882022567,7.950713438513828,253600,326,2077749
2020-10-05,7.960405706125198,8.173714152988596,7.814962772394703,7.950713438513828,459800,499,3801701
2020-10-06,7.950713438513828,8.338551441868487,7.950713438513828,8.183416240526624,271600,108,2293566
2020-10-07,8.338551441868487,8.619735221791448,7.902232460603664,8.338551441868487,462600,708,4003626
2020-10-08,8.338551441868487,9.114227448577807,8.338551441868487,8.871832378953643,494600,1054,4429897
2020-10-09,9.046352115518244,9.35663233812863,8.154329617765857,9.036659847906876,991300,1221,9210876
2020-10-13,8.920313356863806,8.920313356863806,8.648821844552216,8.726389445223148,171000,854,1549487
2020-10-14,8.871832378953643,8.871832378953643,8.648821844552216,8.774870423133311,56400,128,508815
2020-10-15,8.823351401043478,8.833043668654847,8.483994375598982,8.483994375598982,71200,277,639435
2020-10-16,8.726389445223148,8.726389445223148,8.018578951646733,8.14462753022783,144100,785,1222342
2020-10-19,8.387032419778652,8.765178155521943,7.999194416423993,7.999194416423993,595600,843,5216433
2020-10-20,8.319157086719091,8.726389445223148,8.067059929556898,8.726389445223148,212300,560,1829879
2020-10-21,8.629427489402818,8.910611269325779,8.561552156343257,8.61003313425342,54600,147,487718
2020-10-22,8.61003313425342,9.09483309342841,8.61003313425342,8.823351401043478,240200,746,2177975
2020-10-23,8.920313356863806,9.046352115518244,8.823351401043478,8.871832378953643,142600,210,1300824
2020-10-26,8.871832378953643,8.920313356863806,8.726389445223148,8.726389445223148,68400,181,617625
2020-10-27,8.910611269325779,8.910611269325779,8.726389445223148,8.726389445223148,33100,78,300616
2020-10-28,8.629427489402818,8.629427489402818,8.299762731569693,8.41611904253942,386500,175,3382104
2020-10-29,8.619735221791448,8.619735221791448,8.14462753022783,8.41611904253942,138700,449,1190281
2020-10-30,8.435513397688817,9.065746470667642,8.260983841197557,8.871832378953643,180200,648,1590989
2020-11-03,8.920313356863806,8.920313356863806,8.454897932911557,8.726389445223148,356600,1008,3210045
2020-11-04,8.852438023804245,8.871832378953643,8.600340866642052,8.629427489402818,622500,368,5599267
2020-11-05,8.774870423133311,8.774870423133311,8.571254243881283,8.629427489402818,82800,298,738297
2020-11-06,8.542167621120516,9.017265492757478,8.532465533582489,8.968794334773971,148300,441,1337778
2020-11-09,9.056054203056274,9.172400694099345,8.648821844552216,8.862130291415614,67900,215,617195
2020-11-10,9.056054203056274,9.114227448577807,8.736081712834519,8.736081712834519,41600,134,378081
2020-11-11,9.017265492757478,9.695989363573126,8.338551441868487,9.695989363573126,157100,389,1494179
2020-11-12,9.065746470667642,9.550546429842631,9.065746470667642,9.453584474022302,156400,375,1518483
2020-11-13,9.540854162231264,9.6862872760351,9.36632460574,9.550546429842631,123000,349,1211828
2020-11-16,9.637816118051592,9.744470341483291,9.434199938799564,9.599027407752796,140900,734,1387453
2020-11-17,9.599027407752796,9.705681631184495,9.405103496112138,9.453584474022302,852300,1454,8302911
2020-11-18,9.521459807081865,9.540854162231264,9.269362649919673,9.453584474022302,71400,310,696319
2020-11-19,9.405103496112138,9.5796330526034,9.269362649919673,9.35663233812863,60600,319,589147
2020-11-20,9.56024851738066,9.744470341483291,9.395411228500768,9.695989363573126,62200,256,615549
2020-11-23,9.705681631184495,9.938384433197292,9.405103496112138,9.550546429842631,203700,792,2013434
2020-11-24,9.511767539470496,9.64750838566296,9.511767539470496,9.550546429842631,163200,404,1615284
2020-11-25,9.550546429842631,9.66690274081236,9.550546429842631,9.64750838566296,55900,259,554646
2020-11-26,9.64750838566296,9.695989363573126,9.56994078499203,9.5796330526034,48000,188,475894
2020-11-27,9.521459807081865,9.6862872760351,9.521459807081865,9.64750838566296,134300,400,1329847
2020-11-30,9.64750838566296,10.083827366927784,9.550546429842631,9.84143229730362,142200,581,1429857
2020-12-01,9.792951319393456,10.103221722077183,9.715383718722524,9.802643587004823,177600,942,1821727
2020-12-02,9.754162609094662,10.074135099316416,9.599027407752796,9.637816118051592,193600,1302,1940543
2020-12-03,9.831730209765592,9.831730209765592,9.608719675364169,9.64750838566296,177200,325,1770332
2020-12-04,9.65720065327433,9.695989363573126,9.531152074693235,9.531152074693235,133400,348,1319088
2020-12-07,9.6862872760351,9.86081683252636,9.56024851738066,9.792951319393456,112700,304,1130513
2020-12-08,9.802643587004823,10.42318439237228,9.65720065327433,10.42318439237228,1315700,1081,13297411
2020-12-09,10.42318439237228,10.655887194385077,10.180789322748115,10.374703414462116,845400,714,9072443
2020-12-10,10.607406216474914,10.646194926773706,10.277751278568443,10.607406216474914,112200,456,1215696
2020-12-11,10.500751993043211,10.665589281923104,10.34561679170135,10.665589281923104,205400,1255,2225937
2020-12-14,10.704368172295242,11.150389241098097,10.384405502000144,10.655887194385077,353800,1696,3900347
2020-12-15,10.675281549534477,10.927378706696668,10.384405502000144,10.471665370282446,343500,1552,3768640
2020-12-16,10.481367457820474,10.568627326102776,10.384405502000144,10.51045408058124,152900,987,1657281
2020-12-17,10.53954070334201,10.626800571624308,10.209875945508882,10.384405502000144,230600,1187,2463665
2020-12-18,10.394097769611514,10.733454795056009,10.064433011778387,10.442578747521678,746600,1341,7906505
2020-12-21,10.277751278568443,10.694675904683873,9.996567498645485,10.694675904683873,204900,1160,2193824
2020-12-22,10.61710830401294,10.888589996397872,10.365011146850748,10.646194926773706,229800,1136,2507530
2020-12-23,10.636502659162336,10.684983637072502,10.442578747521678,10.655887194385077,211000,933,2299738
2020-12-28,10.665589281923104,10.801330128115572,10.500751993043211,10.51045408058124,352700,1504,3840144
2020-12-29,10.51045408058124,10.588021681252172,10.365011146850748,10.374703414462116,331100,1113,3551587
2020-12-30,10.52983861580398,10.578319593714143,10.384405502000144,10.491059725431844,152800,1001,1655976
2021-01-04,10.597713948863545,10.646194926773706,10.394097769611514,10.42318439237228,193900,908,2102097
2021-01-05,10.41349212476091,10.558935058491404,10.03534638901762,10.04504847655565,298200,1569,3140337
2021-01-06,10.238962568269647,10.238962568269647,9.5796330526034,9.5796330526034,1346300,1661,13602545
2021-01-07,9.645033764145165,9.674267685805802,9.196881771257544,9.528127537282597,1349400,1835,12973148
2021-01-08,9.528127537282597,9.80091527991303,9.430704044909342,9.742457256518415,398700,1625,3935890
2021-01-11,9.732715889273758,9.732715889273758,9.35276328702541,9.537868904527254,572800,1832,5545483
2021-01-12,9.537868904527254,9.732715889273758,9.362504654270069,9.362504654270069,247400,1145,2403790
2021-01-13,9.372246021514728,9.47941088113264,9.25533979465216,9.274822529141478,183800,834,1763239
2021-01-14,9.274822529141478,9.381987388759386,8.982552052021722,9.206623138502204,585500,1896,5503018
2021-01-15,9.187140404012885,9.274822529141478,9.02151752100036,9.060492809905654,378300,1355,3541929
2021-01-18,9.148174935034248,9.148174935034248,8.865636005232492,8.865636005232492,244200,1183,2249439
2021-01-19,8.904611294137789,8.963059497605744,8.602589629846715,8.816929169009196,258400,1177,2313519
2021-01-20,8.816929169009196,8.89486992689313,8.680530387730649,8.768212512859241,188200,872,1694675
2021-01-21,8.7779538801039,9.031258888245018,8.768212512859241,8.914352661382447,373000,1903,3407513
2021-01-22,8.914352661382447,8.953318130361085,8.680530387730649,8.797446434519877,233200,1190,2109044
2021-01-26,8.797446434519877,9.00203478651104,8.524648871962782,8.563624160868079,310300,1143,2780880
2021-01-27,8.768212512859241,9.47941088113264,8.768212512859241,9.206623138502204,896700,2330,8424784
2021-01-28,9.177399036768223,9.391728756004047,9.118941013373613,9.167657669523566,299600,1323,2831419
2021-01-29,9.02151752100036,9.313797818046773,9.00203478651104,9.313797818046773,309200,1828,2897938
2021-02-01,9.323539185291432,9.547610271771914,9.157916302278906,9.498903435548616,475100,1845,4550759
2021-02-02,9.606068295166528,9.898338772286284,9.206623138502204,9.567093006261231,465400,1900,4502609
2021-02-03,9.732715889273758,9.732715889273758,9.498903435548616,9.586585560677207,820600,1180,8106523
2021-02-04,9.722974522029098,9.888597405041622,9.518386170037935,9.70349178753978,366800,1008,3655952
2021-02-05,9.742457256518415,9.81065664715769,9.420962677664685,9.771691178179053,1294600,1834,12875945
2021-02-08,9.83013938164701,9.83013938164701,9.35276328702541,9.498903435548616,636400,2017,6210004
2021-02-09,9.547610271771914,9.547610271771914,8.875377372477153,9.02151752100036,1546100,2657,14431089
2021-02-10,9.060492809905654,9.157916302278906,8.914352661382447,9.157916302278906,306900,1018,2857038
2021-02-11,9.157916302278906,9.391728756004047,9.0117761537557,9.25533979465216,683100,1472,6413253
2021-02-12,9.25533979465216,9.489162068303957,9.12868238061827,9.430704044909342,722300,1153,6912482
2021-02-17,9.420962677664685,9.430704044909342,9.187140404012885,9.284563896386135,254100,1004,2424849
2021-02-18,9.284563896386135,9.313797818046773,9.089716911639632,9.177399036768223,247600,951,2331076
2021-02-19,9.343021919780751,9.343021919780751,9.109199646128951,9.196881771257544,318200,1403,3004239
2021-02-22,9.070234177150317,9.118941013373613,8.768212512859241,8.836411903498515,528300,1582,4850318
2021-02-23,8.865636005232492,8.963059497605744,8.729247043880603,8.816929169009196,1123400,1303,10169485
2021-02-24,9.138433567789589,9.391728756004047,9.041000255489678,9.372246021514728,450500,1973,4271756
2021-02-25,9.47941088113264,9.839890568818326,9.196881771257544,9.33328055253609,538200,1631,5261627
2021-02-26,9.323539185291432,9.430704044909342,8.982552052021722,9.187140404012885,321400,1500,3049928
2021-03-01,9.381987388759386,9.83013938164701,9.031258888245018,9.645033764145165,837200,3403,8233517
2021-03-02,9.761949810934397,9.761949810934397,9.372246021514728,9.537868904527254,856800,3734,8374788
2021-03-03,9.537868904527254,9.713233154784438,9.089716911639632,9.196881771257544,368000,1419,3531596
2021-03-04,9.196881771257544,9.450186779398662,9.109199646128951,9.35276328702541,307900,1233,2938192
2021-03-05,9.343021919780751,9.547610271771914,9.02151752100036,9.060492809905654,461700,2326,4346826
2021-03-08,9.060492809905654,9.391728756004047,8.388259910610893,9.070234177150317,510300,1605,4746440
2021-03-09,8.982552052021722,9.372246021514728,8.738988411125263,9.372246021514728,563000,2300,5170530
2021-03-10,9.33328055253609,9.33328055253609,8.865636005232492,9.196881771257544,332900,1374,3108088
2021-03-11,9.274822529141478,9.450186779398662,9.031258888245018,9.401470123248703,444900,1749,4211964
2021-03-12,9.294305263630797,9.440445412154002,8.875377372477153,8.875377372477153,331000,1449,3088180
2021-03-15,8.88512855964847,9.0117761537557,8.719505676635944,8.719505676635944,406700,1582,3669264
2021-03-16,8.826670536253856,8.826670536253856,8.631823551507352,8.670789020485989,209500,1006,1874229
2021-03-17,8.797446434519877,8.797446434519877,8.534400059134098,8.534400059134098,425000,1519,3756587
2021-03-18,8.622082184262691,8.64156491875201,8.3005777854823,8.64156491875201,478200,1806,4171170
2021-03-19,8.64156491875201,8.75847114561458,8.378518543366233,8.651306285996672,412200,1461,3625364
2021-03-22,8.622082184262691,8.748729778369922,8.505166137473463,8.563624160868079,234500,1050,2071305
2021-03-23,8.592848262602056,8.719505676635944,8.54414142637876,8.553882793623417,157000,783,1389573
2021-03-24,8.573365528112737,8.719505676635944,8.388259910610893,8.407742645100212,200000,921,1759050
2021-03-25,8.54414142637876,8.563624160868079,8.008307308362546,8.281095050992981,676400,2229,5746210
2021-03-26,8.378518543366233,8.417484012344872,7.9985561211912275,7.9985561211912275,396700,1854,3295055
2021-03-29,7.988814753946569,8.076496879075162,7.9108739960626355,7.940107917723272,241100,1163,1972925
2021-03-30,7.920625183233954,8.125213535225116,7.901132628817977,8.08623824631982,188400,736,1546834
2021-03-31,8.212895660353709,8.222637027598367,7.988814753946569,8.105730800735797,281900,1467,2347110
2021-04-01,8.203154293109048,8.232378394843028,7.9985561211912275,8.154437636959093,318700,2058,2661612
2021-04-05,8.466200668494826,8.466200668494826,8.154437636959093,8.18367155861973,249000,1576,2103888
2021-04-06,8.349284621705598,8.349284621705598,8.134954902469774,8.349284621705598,242300,1344,2041692
2021-04-07,8.29083641823764,8.514907504718122,8.261602496577005,8.446717934005509,443200,1740,3818906
2021-04-08,8.398001277855553,8.495424770228805,8.19341292586439,8.261602496577005,457700,1643,3902639
2021-04-09,8.261602496577005,8.31031915272696,8.115472167980457,8.261602496577005,697200,2814,5861513
2021-04-12,8.329801887216279,8.349284621705598,8.115472167980457,8.242119762087686,251900,1701,2129214
2021-04-13,8.3005777854823,8.64156491875201,8.105730800735797,8.553882793623417,528100,2668,4576229
2021-04-14,8.64156491875201,8.719505676635944,8.485683402984145,8.622082184262691,643600,3312,5703264
2021-04-15,8.670789020485989,8.914352661382447,8.485683402984145,8.573365528112737,679100,3225,6078844
2021-04-16,8.583106895357398,8.670789020485989,8.378518543366233,8.592848262602056,464900,2099,4065130
2021-04-19,8.592848262602056,9.0117761537557,8.475942035739486,8.914352661382447,645800,2683,5842840
2021-04-20,9.00203478651104,9.00203478651104,8.748729778369922,8.953318130361085,327200,1380,2989982
2021-04-22,9.0117761537557,9.25533979465216,8.89486992689313,9.25533979465216,414500,2121,3883618
2021-04-23,9.33328055253609,9.401470123248703,9.109199646128951,9.391728756004047,317200,1587,3024698
2021-04-26,9.265081161896816,9.489162068303957,9.206623138502204,9.450186779398662,282800,1117,2725192
2021-04-27,9.450186779398662,9.732715889273758,9.177399036768223,9.69375042029512,699500,3146,6833604
2021-04-28,9.606068295166528,9.93731406119158,9.606068295166528,9.917821506775605,503100,3542,5059385
2021-04-29,9.917821506775605,9.93731406119158,9.742457256518415,9.791173912668372,453700,2271,4577332
2021-04-30,9.81992665792277,9.918125924501997,9.53514878484301,9.790466877949004,343900,1911,3392485
2021-05-03,9.849386437896538,10.448401964029827,9.770827024633157,10.242183504213449,796100,3274,8257719
2021-05-04,10.310922990818908,10.752819690425431,10.114524457660451,10.232363577555526,761400,3038,8093860
2021-05-05,10.261823357529291,10.468041817345672,10.222543650897602,10.41894218405606,423900,1735,4479471
2021-05-06,10.448401964029827,10.63498057053036,10.360022624108522,10.63498057053036,426500,1607,4553235
2021-05-07,10.654620423846204,10.998317856873502,10.615340717214517,10.801919323715046,431900,1418,4748908
2021-05-10,11.263455876637416,11.27327580329534,10.860838883662584,10.998317856873502,559100,1602,6279930
2021-05-11,11.037597563505193,11.508954043085486,10.801919323715046,11.3420152899008,405100,1392,4653037
2021-05-12,11.48931418976964,11.48931418976964,10.978678003557656,11.047417490163117,323200,1475,3658454
2021-05-13,11.047417490163117,11.13579683008442,10.52696137729321,10.900118590294271,521500,2333,5797319
2021-05-14,11.037597563505193,11.06705734347896,10.67426027716205,10.998317856873502,237600,1151,2649702
2021-05-17,10.998317856873502,11.047417490163117,10.860838883662584,10.988497930215578,216800,779,2424268
2021-05-18,11.047417490163117,11.096517123452731,10.713539983793742,10.959038150241811,277800,1280,3103818
2021-05-19,10.900118590294271,11.008137783531426,10.752819690425431,10.968858076899734,381500,1195,4246780
2021-05-20,10.998317856873502,10.998317856873502,10.615340717214517,10.860838883662584,481700,1151,5312367
2021-05-21,10.85101895700466,10.939398296925964,10.507321523977362,10.801919323715046,405600,1174,4435653
2021-05-24,10.89029866363635,10.89029866363635,10.52696137729321,10.63498057053036,287200,945,3114564
2021-05-25,10.703720057135818,10.723359910451665,10.45822189068775,10.536781303951132,248200,888,2681512
2021-05-26,10.477861744003595,10.723359910451665,10.350202697450598,10.487681670661518,172600,821,1838587
2021-05-27,10.49750159731944,10.605520790556591,10.350202697450598,10.605520790556591,200700,850,2148440
2021-05-28,10.654620423846204,10.792099397057124,10.517141450635288,10.595700863898667,238200,780,2571265
2021-05-31,10.801919323715046,10.821559177030892,10.517141450635288,10.723359910451665,249400,1000,2727101
2021-06-01,10.860838883662584,11.292915656611186,10.723359910451665,11.047417490163117,972000,3789,10902376
2021-06-02,11.06705734347896,11.224176170005723,10.841199030346736,10.91975844361012,602300,2345,6727887
2021-06-04,11.05723741682104,11.086697196794804,10.831379103688814,11.037597563505193,318600,1241,3569262
2021-06-07,11.184896463374034,11.263455876637416,10.81173925037297,10.831379103688814,1045700,2660,11780358
2021-06-08,10.821559177030892,10.900118590294271,10.5662410839249,10.7822794703992,582100,1708,6360494
2021-06-09,10.762639617083355,10.841199030346736,10.438582037371903,10.507321523977362,447900,1558,4843854
2021-06-10,11.017957710189348,11.783911989507324,10.929578370268043,11.400934849848335,2287500,8691,26623907
2021-06-11,11.56787360303302,11.56787360303302,10.959038150241811,11.45003448313795,690500,3195,7917476
2021-06-14,11.538413823059257,11.882111256086551,11.332195363242874,11.410754776506256,559400,1955,6582871
2021-06-15,11.58751345634887,11.616973236322636,11.047417490163117,11.194716390031958,541000,1848,6199960
2021-06-16,11.292915656611186,11.616973236322636,10.998317856873502,11.48931418976964,1532000,3039,17504781
2021-06-17,11.48931418976964,11.84283154945486,11.3420152899008,11.391114923190411,1382500,2953,16340866
2021-06-18,11.459854409795872,11.58751345634887,11.263455876637416,11.48931418976964,1676000,2329,19481178
2021-06-21,11.479494263111716,11.58751345634887,11.332195363242874,11.479494263111716,486400,1785,5690320
2021-06-22,11.381294996532487,11.636613089638482,11.3420152899008,11.607153309664714,350600,1346,4097723
2021-06-23,11.538413823059257,12.039230082613315,11.538413823059257,11.774092062849402,524400,2205,6308531
2021-06-24,11.921390962718244,11.941030816034088,11.58751345634887,11.724992429559787,293100,1035,3503212
2021-06-25,11.724992429559787,11.724992429559787,11.31255550992703,11.66607286961225,270400,1276,3175595
2021-06-28,11.66607286961225,11.66607286961225,11.430394629822104,11.577693529690944,206700,985,2421650
2021-06-29,11.577693529690944,11.70535257624394,10.998317856873502,11.70535257624394,499600,1675,5800376
2021-06-30,11.66607286961225,11.783911989507324,11.499134116427564,11.783911989507324,378300,2039,4491914
2021-07-01,11.783911989507324,11.84283154945486,11.548233749717175,11.685712722928097,528500,2450,6307785
2021-07-02,12.333827882351,13.139061868300669,12.186528982482155,12.382927515640612,2159900,7982,27671846
2021-07-05,12.579326048799068,12.62842568208868,12.098149642560852,12.245448542429694,533900,1877,6701935
2021-07-06,12.284728249061384,12.353467735666843,11.931210889376166,11.931210889376166,423100,1875,5200831
2021-07-07,12.009770302639549,12.157069202508389,11.783911989507324,11.970490596007856,508900,1966,6213244
2021-07-08,11.783911989507324,11.931210889376166,11.410754776506256,11.931210889376166,829200,4310,9829898
2021-07-12,11.852651476112785,12.068689862587084,11.597333383006792,11.882111256086551,581700,2753,7025856
2021-07-13,11.803551842823168,12.107969569218774,11.70535257624394,11.91157103606032,386000,1822,4700847
2021-07-14,11.960670669349932,12.255268469087616,11.862471402770703,12.19634890914008,377600,1791,4660984
2021-07-15,12.19634890914008,12.37310758898269,12.068689862587084,12.176709055824237,246700,1308,3074222
2021-07-16,12.206168835798,12.353467735666843,12.078509789245008,12.26508839574554,229800,1039,2859771
2021-07-19,11.891931182744472,12.137429349192542,11.616973236322636,11.999950375981625,424100,2026,5142003
2021-07-20,11.999950375981625,12.34364780900892,11.901751109402396,12.255268469087616,213100,1219,2640547
2021-07-21,12.30436810237723,12.333827882351,11.990130449323702,12.078509789245008,770000,1930,9467224
2021-07-22,11.990130449323702,12.176709055824237,11.862471402770703,12.08832971590293,353100,2135,4326649
2021-07-23,12.029410155955391,12.098149642560852,11.931210889376166,12.029410155955391,328100,1402,4018189
2021-07-26,12.029410155955391,12.029410155955391,11.715172502901863,11.872291329428627,832400,1055,10024352
2021-07-27,11.715172502901863,11.891931182744472,11.263455876637416,11.58751345634887,521200,1605,6123879
2021-07-28,11.62679316298056,11.636613089638482,11.20453631668988,11.214356243347805,576000,1758,6654271
2021-07-29,11.233996096663647,11.381294996532487,10.77245954374128,11.076877270136883,400000,1721,4513023
2021-07-30,11.175076536716112,11.292915656611186,10.870658810320506,11.283095729953262,523200,1936,5934397
2021-08-02,11.58751345634887,11.607153309664714,11.106337050110652,11.13579683008442,612700,3196,7048415
2021-08-03,11.076877270136883,11.656252942954326,10.693900130477896,11.410754776506256,734300,2921,8442764
2021-08-04,11.597333383006792,11.724992429559787,11.371475069874569,11.636613089638482,516300,2951,6062660
2021-08-05,11.724992429559787,11.724992429559787,11.31255550992703,11.45003448313795,457700,1903,5352316
2021-08-06,11.391114923190411,11.70535257624394,11.194716390031958,11.48931418976964,581800,2755,6821292
2021-08-09,11.48931418976964,11.656252942954326,11.3420152899008,11.381294996532487,425500,2406,4954237
2021-08-10,11.479494263111716,11.479494263111716,10.949218223583888,11.184896463374034,1661000,2228,19117461
2021-08-11,11.263455876637416,11.263455876637416,10.733179837109589,10.81173925037297,532000,2281,5891783
2021-08-12,10.821559177030892,10.900118590294271,10.703720057135818,10.801919323715046,267200,1504,2938156
2021-08-13,10.77245954374128,10.801919323715046,10.340382770792676,10.546601230609054,329700,1438,3528957
2021-08-16,10.585880937240743,10.585880937240743,9.770827024633157,9.770827024633157,566300,2388,5763523
2021-08-17,9.839566511238615,9.957405631133687,9.456589371579629,9.721727391343542,965300,2622,9488509
2021-08-18,9.918125924501997,9.977045484449532,9.50568900486924,9.721727391343542,1159100,2310,11425747
2021-08-19,9.554788638158856,9.810106731264847,9.328930325026633,9.692267611369772,570100,2018,5525842
2021-08-20,9.790466877949004,9.908305997844074,9.50568900486924,9.869026291212384,254900,1305,2541058
2021-08-23,9.85920636455446,9.878846217870306,9.64316797808016,9.64316797808016,272500,1118,2697720
2021-08-24,9.81992665792277,10.114524457660451,9.770827024633157,10.006505264423302,463800,2029,4707195
2021-08-25,10.104704531002527,10.546601230609054,9.947585704475769,10.546601230609054,475400,2170,4977292
2021-08-26,10.693900130477896,10.723359910451665,10.222543650897602,10.222543650897602,417900,1838,4466204
2021-08-27,10.25200343087137,10.860838883662584,10.183263944265912,10.85101895700466,691800,3531,7473924
2021-08-30,10.85101895700466,10.85101895700466,10.330562844134754,10.438582037371903,354400,2015,3774003
2021-08-31,10.546601230609054,10.546601230609054,10.006505264423302,10.163624090950066,593400,2076,6164564
2021-09-01,10.261823357529291,10.654620423846204,10.026145117739148,10.49750159731944,1292000,6048,13740940
2021-09-02,10.477861744003595,10.477861744003595,9.721727391343542,9.947585704475769,1066300,3362,10804930
2021-09-03,9.967225557791611,9.967225557791611,9.53514878484301,9.672627758053927,1080900,5464,10620050
2021-09-06,9.623528124764317,9.81992665792277,9.387849884974168,9.81992665792277,488500,2758,4800751
2021-09-08,9.584248418132622,9.849386437896538,9.11289193855233,9.18163142515779,999800,3936,9466655
2021-09-09,9.220911131789482,9.446769444921705,8.945953185367642,9.446769444921705,494700,2534,4603050
2021-09-10,9.544968711500932,9.721727391343542,9.11289193855233,9.132531791868177,497600,2135,4712407
2021-09-13,9.378029958316246,9.525328858185086,9.122711865210253,9.525328858185086,433400,2454,4146537
2021-09-14,9.525328858185086,9.564608564816778,9.328930325026633,9.378029958316246,338800,1525,3254369
2021-09-15,9.407489738290014,9.43694951826378,9.07361223192064,9.348570178342476,216400,1299,2029809
2021-09-16,9.28965061839494,9.299470545052865,9.0146926719731,9.034332525288947,576200,1663,5344739
2021-09-17,9.220911131789482,9.328930325026633,8.857573845446337,9.328930325026633,380800,1451,3529744
2021-09-20,9.103072011894406,9.220911131789482,8.54333619239281,8.592435825682424,854300,3367,7566999
2021-09-21,8.661175312287883,9.053972378604794,8.612075678998268,8.945953185367642,1013800,1967,9061153
2021-09-22,9.230731058447404,9.270010765079094,9.00487274531518,9.093252085236484,346500,1655,3219114
2021-09-23,9.240550985105326,9.387849884974168,9.063792305262716,9.279830691737017,384300,1795,3604425
2021-09-24,9.132531791868177,9.18163142515779,8.916493405393874,9.18163142515779,372400,1298,3448944
2021-09-27,9.348570178342476,9.721727391343542,9.201271278473634,9.721727391343542,568500,2182,5512222
2021-09-28,9.672627758053927,9.672627758053927,9.11289193855233,9.328930325026633,638800,2247,6038128
2021-09-29,9.39766981163209,9.525328858185086,9.083432158578562,9.15217164518402,565400,2097,5303597
2021-09-30,9.132531791868177,9.319110398368707,9.093252085236484,9.132531791868177,300100,1572,2803657
2021-10-01,9.132531791868177,9.515508931527163,9.132531791868177,9.515508931527163,355500,1595,3380733
2021-10-04,9.53514878484301,9.544968711500932,8.93613325870972,8.93613325870972,314900,1581,2919371
2021-10-05,8.93613325870972,8.975412965341413,8.729914798893343,8.93613325870972,416100,1890,3755272
2021-10-06,8.739734725551266,8.739734725551266,8.464776779129426,8.54333619239281,707400,4046,6164436
2021-10-07,8.602255752340346,8.82811406547257,8.376397439208121,8.376397439208121,473400,2306,4123815
2021-10-08,8.435316999155658,8.82811406547257,8.425497072497736,8.54333619239281,586700,2367,5174033
2021-10-11,8.729914798893343,8.847753918788415,8.523696339076963,8.739734725551266,367900,1499,3272422
2021-10-13,8.779014432182956,8.995052818657257,8.661175312287883,8.995052818657257,487700,1864,4386936
2021-10-14,8.995052818657257,9.044152451946871,8.582615899024502,8.739734725551266,1164300,1805,10483838
2021-10-15,8.788834358840878,9.063792305262716,8.729914798893343,9.063792305262716,769300,1804,6944362
2021-10-18,8.906673478735952,9.093252085236484,8.82811406547257,8.985232891999335,212400,1259,1944705
2021-10-19,8.985232891999335,8.985232891999335,8.405857219181891,8.504056485761119,453700,2183,3963908
2021-10-20,8.582615899024502,8.582615899024502,8.278198172628894,8.415677145839814,656700,3058,5609344
2021-10-21,8.346937659234355,8.346937659234355,7.65954279317976,7.708642426469374,1167400,4130,9396612
2021-10-22,7.787201839732756,7.787201839732756,7.139086680309853,7.590803306574301,1313300,4265,9937697
2021-10-25,7.757742059758988,7.777381913074834,7.472964186679228,7.689002573153528,877700,3410,6816895
2021-10-26,7.65954279317976,7.65954279317976,7.19800624025739,7.227466020231159,606200,2558,4529430
2021-10-27,7.315845360152464,7.472964186679228,7.148906606967777,7.296205506836618,1085000,2134,8071083
2021-10-28,7.2863855801786945,7.2863855801786945,6.952508073809321,7.089987047020239,649100,2758,4681673
2021-10-29,7.031067487072703,7.2863855801786945,6.991787780441012,7.089987047020239,611200,2367,4437906
2021-11-01,7.119446826994008,7.335485213468308,7.02124756041478,7.335485213468308,736900,2843,5373494
2021-11-03,7.26674572686285,7.522063819968841,7.089987047020239,7.482784113337151,615800,2477,4607479
2021-11-04,7.561343526600533,7.561343526600533,7.119446826994008,7.217646093573236,779100,2468,5776834
2021-11-05,7.335485213468308,7.55152359994261,7.207826166915312,7.394404773415846,763600,2471,5712072
2021-11-08,7.404224700073768,7.443504406705459,7.178366386941544,7.384584846757923,682800,2284,5075749
2021-11-09,7.610443159890146,7.846121399680293,7.168546460283622,7.217646093573236,1472400,3941,11062177
2021-11-10,7.26674572686285,7.5318837466267645,7.168546460283622,7.472964186679228,1233300,4193,9296965
2021-11-11,7.561343526600533,7.7675619864169105,7.482784113337151,7.600623233232223,1039400,3437,8092177
2021-11-12,7.65954279317976,7.79702176639068,7.482784113337151,7.502423966652995,1113300,3588,8651160
2021-11-16,7.698822499811452,7.698822499811452,6.972147927125166,7.001607707098935,980600,2667,7165322
2021-11-17,7.099806973678163,7.139086680309853,6.824849027256325,6.932868220493475,922900,2723,6561533
2021-11-18,6.923048293835552,7.188186313599467,6.903408440519708,7.031067487072703,556400,2102,3975219
2021-11-19,7.070347193704394,7.1292667536519305,6.883768587203861,6.952508073809321,940600,3099,6723197
2021-11-22,7.040887413730625,7.040887413730625,6.569530934150333,6.628450494097869,926200,2415,6436586
2021-11-23,6.618630567439947,6.638270420755792,6.294572987728495,6.500791447544874,1181100,4037,7833617
2021-11-24,6.481151594229027,6.657910274071638,6.363312474333955,6.638270420755792,1160900,4335,7755770
2021-11-25,6.716829834019174,7.011427633756857,6.618630567439947,6.962328000467243,696700,1480,4835117
2021-11-26,6.657910274071638,7.011427633756857,6.589170787466179,7.011427633756857,981100,3517,6859756
2021-11-29,7.099806973678163,7.119446826994008,6.8150291005984025,6.873948660545938,501300,1853,3521782
2021-11-30,6.873948660545938,7.089987047020239,6.6480903474137145,7.089987047020239,962400,4621,6704543
2021-12-01,7.158726533625699,7.158726533625699,6.795389247282556,6.873948660545938,1142100,5539,7989218
2021-12-02,6.883768587203861,7.040887413730625,6.84448888057217,6.91322836717763,919500,2285,6467267
2021-12-03,6.824849027256325,7.649722866521837,6.824849027256325,7.453324333363382,960700,4161,7230193
2021-12-06,7.5318837466267645,7.649722866521837,7.3747649201,7.639902939863915,706900,3303,5434501
2021-12-07,7.708642426469374,7.826481546364447,7.443504406705459,7.472964186679228,529400,3174,4101866
2021-12-08,7.472964186679228,7.806841693048602,7.335485213468308,7.747922133101065,685100,3734,5350610
2021-12-09,7.747922133101065,7.79702176639068,7.472964186679228,7.512243893310919,259700,1268,2009024
2021-12-10,7.5318837466267645,8.032700006180825,7.5318837466267645,7.924680812943675,459600,1724,3686037
2021-12-13,7.895221032969906,8.091619566128362,7.718462353127297,7.718462353127297,448500,2109,3577765
2021-12-14,7.806841693048602,7.806841693048602,7.472964186679228,7.580983379916378,371700,2013,2879007
2021-12-15,7.5318837466267645,7.72828227978522,7.364944993442077,7.639902939863915,278000,1604,2151610
2021-12-16,7.826481546364447,7.826481546364447,7.433684480047537,7.482784113337151,480300,2381,3693716
2021-12-17,7.453324333363382,7.630083013205992,7.26674572686285,7.492604039995073,324500,1433,2477519
2021-12-20,7.502423966652995,7.620263086548069,7.384584846757923,7.502423966652995,526500,2783,4006983
2021-12-21,7.580983379916378,7.630083013205992,7.237285946889081,7.433684480047537,316300,1591,2388021
2021-12-22,7.541703673284687,7.610443159890146,7.355125066784154,7.502423966652995,241000,1312,1830917
2021-12-23,7.492604039995073,7.590803306574301,7.3747649201,7.3747649201,274700,1100,2091728
2021-12-27,7.34,7.45,7.14,7.25,338000,1281,2469031
2021-12-28,7.23,7.33,7.12,7.22,232400,1337,1676810
2021-12-29,7.25,7.29,7.12,7.25,229400,1414,1650116
2021-12-30,7.34,7.53,7.19,7.53,306300,1210,2265780
