Date,Open,High,Low,Close,Volume,Neg,Fin
2020-09-02,7.5308273643625,8.16595937416026,7.303995159524716,8.16595937416026,28617800,33158,241128677.0
2020-09-03,7.939127169322475,8.338346708331484,7.902833649298038,8.038927463444823,6823600,8542,60927163.0
2020-09-04,8.084301249420227,8.120594769444665,7.576191969078095,7.830246609249162,4466000,6097,38197906.0
2020-09-08,7.71229496448469,7.71229496448469,7.449169239622467,7.503604929029219,2424200,4647,20143705.0
2020-09-09,7.5308273643625,7.630636839744657,7.3584308489314685,7.503604929029219,2285500,3626,18840518.0
2020-09-10,7.503604929029219,7.576191969078095,7.349359764240311,7.440098154931309,1459400,912,12031445.0
2020-09-11,7.440098154931309,7.458240324313624,7.149749994735807,7.195114599451402,1700200,1243,13557747.0
2020-09-14,7.258630554809121,7.494533844338062,7.204185684142558,7.367511114882434,2456700,6321,19713034.0
2020-09-15,7.367511114882434,7.385653284264748,7.113456474711368,7.303995159524716,1367400,2805,10951970.0
2020-09-16,7.231408119475839,7.576191969078095,7.16789216411812,7.440098154931309,4338600,5660,35279280.0
2020-09-17,7.440098154931309,7.476391674955749,7.313066244215872,7.340288679549153,1293300,1108,10509827.0
2020-09-18,7.340288679549153,7.340288679549153,6.913846705206864,7.303995159524716,1999600,3301,15688903.0
2020-09-21,7.07716295468693,7.258630554809121,6.677934234418113,7.258630554809121,2530900,3612,19382009.0
2020-09-22,7.258630554809121,7.313066244215872,6.922917789898021,7.07716295468693,3820400,3331,29728968.0
2020-09-23,7.195114599451402,7.195114599451402,6.895695354564741,7.022727265280178,1118600,1315,8608474.0
2020-09-24,7.031798349971335,7.240479204166997,6.931988874589179,7.186043514760244,1256100,1917,9912187.0
2020-09-25,7.16789216411812,7.222337034784682,7.013646999329212,7.16789216411812,2069200,5106,16263452.0
2020-09-28,7.16789216411812,7.431017888980344,7.059020785304615,7.195114599451402,1810400,2698,14411089.0
2020-09-29,7.195114599451402,7.294924074833558,6.841259665157987,6.841259665157987,2260600,3379,17225098.0
2020-09-30,6.904766439255898,7.258630554809121,6.759601540417956,7.258630554809121,1176500,2060,9108285.0
2020-10-01,7.258630554809121,7.349359764240311,7.031798349971335,7.349359764240311,1658300,2078,13172710.0
2020-10-02,7.258630554809121,7.521756279671344,7.240479204166997,7.349359764240311,685500,2238,5562856.0
2020-10-05,7.267701639500277,7.267701639500277,6.968282394613617,7.204185684142558,1420200,2625,11155093.0
2020-10-06,7.176972430069087,7.412875719598029,7.07716295468693,7.186043514760244,985600,3314,7817659.0
2020-10-07,7.186043514760244,7.186043514760244,6.777743709800269,6.777743709800269,2158400,3953,16336147.0
2020-10-08,6.868482100491269,7.204185684142558,6.541840420271328,7.204185684142558,2613100,3779,19586550.0
2020-10-09,7.068091869995773,7.394724368955906,6.868482100491269,7.049940519353649,1453900,4284,11278476.0
2020-10-13,7.049940519353649,7.122527559402525,6.841259665157987,7.122527559402525,877100,3475,6777222.0
2020-10-14,7.158821079426963,7.294924074833558,6.950140225231301,7.158821079426963,1103700,3732,8689701.0
2020-10-15,7.258630554809121,7.3584308489314685,6.941059959280336,7.07716295468693,1994200,6227,15579713.0
2020-10-16,7.095305124069245,7.421946804289186,7.031798349971335,7.16789216411812,1328500,2568,10606435.0
2020-10-19,7.158821079426963,7.285843808882592,6.750521274466989,6.750521274466989,2510000,6164,19058117.0
2020-10-20,6.804966145133551,6.877553185182426,6.587205024986923,6.795895060442392,1787300,3440,13206402.0
2020-10-21,6.777743709800269,6.913846705206864,6.641649895653484,6.705156669751394,1012500,2656,7484711.0
2020-10-22,6.71422775444255,6.804966145133551,6.62349854501136,6.750521274466989,960000,2232,7093519.0
2020-10-23,6.759601540417956,6.859401834540303,6.550911504962484,6.677934234418113,1334000,3899,9797554.0
2020-10-26,6.677934234418113,6.832188580466831,6.550911504962484,6.677934234418113,911000,2759,6698873.0
2020-10-27,6.71422775444255,6.922917789898021,6.578133940295765,6.786814794491427,1324200,3520,9840692.0
2020-10-28,6.71422775444255,6.71422775444255,6.405737424864732,6.4873955496047655,1389000,2053,9916199.0
2020-10-29,6.405737424864732,6.53276933558017,6.305937130742385,6.53276933558017,714200,1705,5088488.0
2020-10-30,6.4873955496047655,6.650720980344642,6.369443904840295,6.650720980344642,716300,1386,5173354.0
2020-11-03,6.650720980344642,6.650720980344642,6.242421175384666,6.360372820149137,1750300,4928,12228726.0
2020-11-04,6.378524170791261,6.605356375629046,6.233350090693508,6.523689069629204,2339800,3176,16462473.0
2020-11-05,6.405737424864732,6.941059959280336,6.405737424864732,6.922917789898021,3069000,3226,22394462.0
2020-11-06,6.804966145133551,7.049940519353649,6.677934234418113,7.049940519353649,643800,2084,4924451.0
2020-11-09,7.095305124069245,7.32213732890703,6.895695354564741,6.941059959280336,910300,4072,7073056.0
2020-11-10,6.941059959280336,7.385653284264748,6.814037229824708,7.249559470117963,628200,1937,4936583.0
2020-11-11,7.412875719598029,7.412875719598029,6.950140225231301,7.122527559402525,1450700,3728,11356315.0
2020-11-12,7.0408694346624925,7.249559470117963,6.941059959280336,6.995504829946897,1093400,4265,8489687.0
2020-11-13,7.07716295468693,7.158821079426963,7.022727265280178,7.031798349971335,1059500,2635,8231021.0
2020-11-16,7.140678910044649,7.149749994735807,6.922917789898021,6.922917789898021,1144700,3898,8800129.0
2020-11-17,6.895695354564741,7.186043514760244,6.859401834540303,6.931988874589179,3337100,1839,25516399.0
2020-11-18,6.968282394613617,6.968282394613617,6.641649895653484,6.804966145133551,3376100,1734,24918814.0
2020-11-19,6.823108314515864,6.904766439255898,6.741450189775832,6.804966145133551,2246000,2301,16879386.0
2020-11-20,6.859401834540303,6.922917789898021,6.587205024986923,6.71422775444255,2221900,2555,16263954.0
2020-11-23,6.71422775444255,6.777743709800269,6.523689069629204,6.614427460320203,715200,1889,5234479.0
2020-11-24,6.705156669751394,6.705156669751394,6.451102029580327,6.62349854501136,2911300,2955,21063959.0
2020-11-25,6.614427460320203,6.759601540417956,6.578133940295765,6.62349854501136,2895900,4154,21291850.0
2020-11-26,6.62349854501136,6.659792065035799,6.505546900246889,6.541840420271328,475500,2420,3430674.0
2020-11-27,6.559982589653641,6.868482100491269,6.53276933558017,6.777743709800269,1162700,2252,8538177.0
2020-11-30,6.71422775444255,7.013646999329212,6.71422775444255,7.013646999329212,843400,2045,6445714.0
2020-12-01,7.013646999329212,7.276772724191434,6.913846705206864,7.16789216411812,2324800,2521,18320746.0
2020-12-02,7.222337034784682,7.267701639500277,7.004575914638054,7.186043514760244,678200,1385,5341531.0
2020-12-03,7.186043514760244,7.340288679549153,7.140678910044649,7.231408119475839,1048000,1945,8360166.0
2020-12-04,7.186043514760244,7.349359764240311,7.049940519353649,7.131598644093683,508100,1296,3983124.0
2020-12-07,7.204185684142558,7.349359764240311,7.031798349971335,7.349359764240311,615100,1925,4920344.0
2020-12-08,7.394724368955906,7.939127169322475,7.303995159524716,7.793953089224723,874800,1891,7305497.0
2020-12-09,7.848388778631475,8.066149898778104,7.666930359769095,8.066149898778104,594300,1780,5168652.0
2020-12-10,8.066149898778104,8.220395063567013,7.948198254013633,8.211323978875855,612800,2003,5472763.0
2020-12-11,8.147808023518136,8.374640228355922,8.075220983469261,8.34742697428245,971800,2058,8894869.0
2020-12-14,8.34742697428245,8.528885393144831,8.238546414209136,8.438156183713641,787300,2198,7293771.0
2020-12-15,8.392791578998045,8.528885393144831,8.338346708331484,8.492591873120393,452400,1344,4231598.0
2020-12-16,8.492591873120393,8.492591873120393,8.265759668282607,8.438156183713641,457200,1140,4231288.0
2020-12-17,8.383720494306887,8.492591873120393,8.302053188307045,8.383720494306887,1021800,3478,9444568.0
2020-12-18,8.302053188307045,8.438156183713641,8.220395063567013,8.429085099022483,547000,1107,5049728.0
2020-12-21,8.238546414209136,8.492591873120393,8.066149898778104,8.492591873120393,466600,1538,4280215.0
2020-12-22,8.547036743786954,8.583330263811392,8.120594769444665,8.34742697428245,932500,2972,8509524.0
2020-12-23,8.420014014331327,8.465378619046922,8.274839934233574,8.302053188307045,969300,2034,8925648.0
2020-12-28,8.329275623640326,8.447227268404797,8.302053188307045,8.34742697428245,887600,1842,8186876.0
2020-12-29,8.302053188307045,8.528885393144831,8.28391101892473,8.34742697428245,1185200,3454,10947803.0
2020-12-30,8.365569143664764,8.474449703738077,8.338346708331484,8.338346708331484,957900,2178,8838014.0
2021-01-04,8.501672139071358,8.574259179120235,8.265759668282607,8.29298210361589,3147800,4984,29233765.0
2021-01-05,8.365569143664764,8.365569143664764,7.939127169322475,8.156888289469103,820900,2467,7350211.0
2021-01-06,8.302053188307045,8.302053188307045,7.784882004533567,7.803024173915881,902400,3048,7884640.0
2021-01-07,7.857469044582443,8.038927463444823,7.639707924435815,7.730437133867005,681300,2309,5863151.0
2021-01-08,7.866540129273599,8.057078814086946,7.657850093818129,7.930056084631317,591800,2060,5154880.0
2021-01-11,7.875611213964757,8.057078814086946,7.5943433197202195,7.62155657379369,760400,3169,6482124.0
2021-01-12,7.6941436138425665,7.89376256460688,7.630636839744657,7.89376256460688,825100,1786,7014427.0
2021-01-13,7.939127169322475,8.057078814086946,7.703223879793533,8.057078814086946,491400,1248,4274020.0
2021-01-14,8.057078814086946,8.29298210361589,7.875611213964757,8.229466148258169,848000,1654,7582784.0
2021-01-15,8.129665854135823,8.19318180949354,7.7758017385826,7.948198254013633,1323100,4572,11546889.0
2021-01-18,8.029856378753665,8.211323978875855,7.757659569200286,7.757659569200286,937900,3204,8140543.0
2021-01-19,7.848388778631475,7.848388778631475,7.630636839744657,7.6941436138425665,608300,2883,5192045.0
2021-01-20,7.848388778631475,7.98449177403807,7.676001444460252,7.784882004533567,2067000,6023,17795985.0
2021-01-21,7.784882004533567,7.848388778631475,7.421946804289186,7.567120884386939,977000,2827,8180008.0
2021-01-22,7.494533844338062,7.539898449053658,7.376582199573591,7.539898449053658,592800,2602,4878406.0
2021-01-26,7.5943433197202195,7.666930359769095,7.294924074833558,7.376582199573591,1523000,6143,12443143.0
2021-01-27,7.412875719598029,7.476391674955749,7.186043514760244,7.476391674955749,1272300,3322,10347698.0
2021-01-28,7.394724368955906,7.603414404411376,7.3584308489314685,7.512676013720377,1156400,2988,9507682.0
2021-01-29,7.485462759646904,7.5943433197202195,7.367511114882434,7.485462759646904,594800,2238,4904107.0
2021-02-01,7.757659569200286,7.757659569200286,7.567120884386939,7.603414404411376,1483800,5832,12472425.0
2021-02-02,7.68507252915141,7.7758017385826,7.603414404411376,7.721366049175847,714800,2910,6046280.0
2021-02-03,7.721366049175847,7.803024173915881,7.585263053769253,7.648779009126971,1512000,6962,12857834.0
2021-02-04,7.630636839744657,7.830246609249162,7.548969533744814,7.666930359769095,1113300,4319,9412904.0
2021-02-05,7.71229496448469,7.7758017385826,7.431017888980344,7.539898449053658,1126600,3971,9393075.0
2021-02-08,7.548969533744814,7.648779009126971,7.376582199573591,7.440098154931309,919300,4200,7609127.0
2021-02-09,7.440098154931309,7.548969533744814,7.294924074833558,7.521756279671344,1039600,3427,8560318.0
2021-02-10,7.55804979969578,7.585263053769253,7.303995159524716,7.521756279671344,619900,2604,5090590.0
2021-02-11,7.55804979969578,7.68507252915141,7.394724368955906,7.440098154931309,909100,3251,7507063.0
2021-02-12,7.440098154931309,7.467311409004782,7.313066244215872,7.458240324313624,609800,2688,4975882.0
2021-02-17,7.458240324313624,7.458240324313624,7.140678910044649,7.176972430069087,913700,4091,7262293.0
2021-02-18,7.158821079426963,7.213265950093525,6.995504829946897,6.995504829946897,777100,3349,6054435.0
2021-02-19,7.004575914638054,7.068091869995773,6.804966145133551,6.904766439255898,744900,3739,5678612.0
2021-02-22,6.786814794491427,6.823108314515864,6.496475815555732,6.705156669751394,1005200,3722,7346987.0
2021-02-23,6.687014500369079,6.7686726251091125,6.53276933558017,6.71422775444255,1115200,3996,8134118.0
2021-02-24,6.71422775444255,6.795895060442392,6.550911504962484,6.550911504962484,1084300,5105,7883730.0
2021-02-25,6.559982589653641,6.804966145133551,6.305937130742385,6.705156669751394,709400,2721,5146727.0
2021-02-26,6.677934234418113,6.750521274466989,6.378524170791261,6.53276933558017,991500,3980,7104910.0
2021-03-01,6.405737424864732,6.414817690815699,5.89763732578241,6.079104925904599,8683500,10495,57756453.0
2021-03-02,6.033731139929196,6.160763050644633,5.6254405162290295,6.160763050644633,3049600,13694,19595245.0
2021-03-03,6.088176010595758,6.088176010595758,5.707098640969063,6.05188249057132,2421900,6152,15662285.0
2021-03-04,6.106318179978072,6.315008215433542,6.006517885855724,6.224279006002352,1026600,3280,7019737.0
2021-03-05,6.224279006002352,6.333150384815857,5.970224365831286,6.333150384815857,985800,3145,6713999.0
2021-03-08,6.160763050644633,6.305937130742385,5.997446801164567,6.042811405880163,892400,2789,6015774.0
2021-03-09,5.988366535213601,6.160763050644633,5.834121370424692,5.879485975140287,781400,3108,5117025.0
2021-03-10,5.89763732578241,6.115398445929038,5.598218080895749,6.115398445929038,1561600,5138,10161901.0
2021-03-11,6.079104925904599,6.296856864791419,5.970224365831286,6.106318179978072,1241200,3962,8354800.0
2021-03-12,6.079104925904599,6.2605633447669815,5.924859761115691,6.2151987400513855,1961500,5829,13297186.0
2021-03-15,6.197056570669071,6.423888775506856,6.106318179978072,6.387595255482418,1611000,4390,11289434.0
2021-03-16,6.342230650766823,6.396666340173575,6.088176010595758,6.2605633447669815,1479200,4653,10107691.0
2021-03-17,6.178905220026948,6.759601540417956,6.124469530620195,6.759601540417956,1556700,5228,11009579.0
2021-03-18,6.71422775444255,6.71422775444255,6.469253380222451,6.641649895653484,1337200,6145,9689190.0
2021-03-19,6.814037229824708,7.059020785304615,6.641649895653484,6.950140225231301,2108900,5626,15922459.0
2021-03-22,6.959211309922459,7.149749994735807,6.841259665157987,7.004575914638054,1040500,3603,8068502.0
2021-03-23,7.022727265280178,7.149749994735807,6.913846705206864,7.086234039378088,807700,3322,6285906.0
2021-03-24,7.140678910044649,7.16789216411812,6.904766439255898,7.059020785304615,1151400,3616,8944059.0
2021-03-25,7.059020785304615,7.213265950093525,6.850330749849146,7.086234039378088,1272100,4763,9812348.0
2021-03-26,7.022727265280178,7.158821079426963,6.941059959280336,6.98643374525574,655000,2650,5065921.0
2021-03-29,6.98643374525574,6.995504829946897,6.687014500369079,6.705156669751394,1874200,4251,13957557.0
2021-03-30,6.750521274466989,6.913846705206864,6.650720980344642,6.850330749849146,1345600,4681,10114739.0
2021-03-31,6.850330749849146,7.049940519353649,6.723308020393517,7.049940519353649,922500,3654,6991960.0
2021-04-01,7.022727265280178,7.0408694346624925,6.759601540417956,6.859401834540303,1098400,2882,8278416.0
2021-04-05,6.895695354564741,6.98643374525574,6.795895060442392,6.841259665157987,908100,2275,6890233.0
2021-04-06,6.814037229824708,6.913846705206864,6.723308020393517,6.750521274466989,1007700,2741,7546603.0
2021-04-07,6.786814794491427,6.832188580466831,6.650720980344642,6.71422775444255,791800,1846,5853079.0
2021-04-08,6.71422775444255,6.741450189775832,6.59627610967808,6.71422775444255,1091400,3237,8005068.0
2021-04-09,6.71422775444255,6.777743709800269,6.559982589653641,6.7686726251091125,3217700,7154,23641924.0
2021-04-12,6.786814794491427,6.795895060442392,6.614427460320203,6.687014500369079,883000,2824,6511496.0
2021-04-13,6.62349854501136,6.759601540417956,6.614427460320203,6.62349854501136,927900,3348,6810214.0
2021-04-14,6.62349854501136,6.723308020393517,6.559982589653641,6.641649895653484,3418500,2616,24858864.0
2021-04-15,6.659792065035799,7.07716295468693,6.578133940295765,7.013646999329212,5883200,4615,44226005.0
2021-04-16,7.113456474711368,7.485462759646904,7.004575914638054,7.485462759646904,1655000,5151,13173489.0
2021-04-19,7.476391674955749,7.539898449053658,7.32213732890703,7.494533844338062,1346400,4365,11063742.0
2021-04-20,7.394724368955906,7.666930359769095,7.376582199573591,7.55804979969578,1051200,4263,8723639.0
2021-04-22,7.55804979969578,7.639707924435815,7.485462759646904,7.612485489102534,1012900,3098,8460541.0
2021-04-23,7.612485489102534,7.830246609249162,7.548969533744814,7.830246609249162,1265300,4255,10707866.0
2021-04-26,7.803024173915881,7.866540129273599,7.676001444460252,7.866540129273599,978200,2865,8407344.0
2021-04-27,7.866540129273599,7.98449177403807,7.748588484509128,7.98449177403807,987100,3982,8553589.0
2021-04-28,7.969333514093636,8.015239813137955,7.703076979636592,7.9785147739025,1216000,3684,10455857.0
2021-04-29,8.079508631800001,8.079508631800001,7.813252097342954,7.895883435622727,1554200,4865,13349642.0
2021-04-30,7.987696033711363,8.070327371991135,7.822433357151818,7.877520916005,4638900,16589,39961925.0
2021-05-03,8.042783592564545,8.042783592564545,7.776527058107501,7.822433357151818,1133600,3813,9686382.0
2021-05-04,7.739802018872045,7.960152254284773,7.730620759063182,7.840795876769545,1183800,4123,10125438.0
2021-05-05,8.042783592564545,8.042783592564545,7.794889577725228,7.886702175813864,2372100,5939,20317415.0
2021-05-06,7.840795876769545,7.905064695431591,7.629626901165682,7.895883435622727,1224600,4729,10425351.0
2021-05-07,7.923427215049319,8.125414930844318,7.840795876769545,7.895883435622727,1621700,3994,13978105.0
2021-05-10,7.950970994475909,7.960152254284773,7.739802018872045,7.767345798298638,903600,2760,7680388.0
2021-05-11,7.721439499254318,7.721439499254318,7.583720602121364,7.638808160974546,985000,3299,8212861.0
2021-05-12,7.60208312173909,7.647989420783409,7.390914146135228,7.436820445179546,1289100,3955,10480313.0
2021-05-13,7.482726744223864,7.54699556288591,7.390914146135228,7.510270523650455,612800,2309,4997841.0
2021-05-14,7.583720602121364,7.684714460018863,7.482726744223864,7.638808160974546,1410300,2321,11632064.0
2021-05-17,7.620445641356819,7.831614616960682,7.491908004032727,7.703076979636592,982200,4680,8203805.0
2021-05-18,7.776527058107501,7.776527058107501,7.537814303077046,7.54699556288591,628100,2612,5193343.0
2021-05-19,7.491908004032727,7.666351940401136,7.3633703667086365,7.592901861930227,806000,3143,6594578.0
2021-05-20,7.629626901165682,7.703076979636592,7.501089263841591,7.657170680592273,616800,2427,5104495.0
2021-05-21,7.675533200209999,7.703076979636592,7.345007847090909,7.345007847090909,1421900,3341,11495849.0
2021-05-24,7.345007847090909,7.345007847090909,7.124657611678182,7.152201391104773,2017700,4748,15762861.0
2021-05-25,7.1613826509136365,7.207288949957954,7.023663753780682,7.069570052825,1537000,3571,11853345.0
2021-05-26,7.115476351869319,7.143020131295909,7.04202627339841,7.078751312633864,803700,2190,6208783.0
2021-05-27,7.133838871487045,7.207288949957954,6.977757454736364,7.207288949957954,2226700,2696,17126701.0
2021-05-28,7.207288949957954,7.225651469575682,7.115476351869319,7.179745170531364,854700,2034,6680108.0
2021-05-31,7.179745170531364,7.308282807855455,7.124657611678182,7.308282807855455,1025000,2764,8081485.0
2021-06-01,7.5745393423125,7.822433357151818,7.482726744223864,7.730620759063182,10352300,14499,85933919.0
2021-06-02,7.895883435622727,7.895883435622727,7.491908004032727,7.5745393423125,1728900,7098,14289105.0
2021-06-04,7.611264381547954,7.776527058107501,7.528633043268181,7.666351940401136,1381900,6346,11525088.0
2021-06-07,7.657170680592273,7.776527058107501,7.60208312173909,7.693895719827728,1143700,5350,9555993.0
2021-06-08,7.684714460018863,8.116233671035454,7.647989420783409,7.758164538489773,1803800,5358,15366962.0
2021-06-09,7.950970994475909,8.299858867212727,7.932608474858182,8.061146112182273,3781100,6947,33200684.0
2021-06-10,8.033602332755683,8.097871151417728,7.895883435622727,7.987696033711363,1155800,6423,10036669.0
2021-06-11,7.969333514093636,7.969333514093636,7.721439499254318,7.804070837534091,824200,3395,7031103.0
2021-06-14,7.84997713657841,7.84997713657841,7.721439499254318,7.758164538489773,961600,2889,8153553.0
2021-06-15,7.785708317916364,8.033602332755683,7.666351940401136,8.033602332755683,850500,3176,7272586.0
2021-06-16,8.015239813137955,8.015239813137955,7.785708317916364,7.923427215049319,1749600,3697,15059599.0
2021-06-17,7.941789734667046,7.9785147739025,7.730620759063182,7.914245955240454,783200,2830,6695586.0
2021-06-18,7.950970994475909,7.987696033711363,7.785708317916364,7.840795876769545,1075200,3262,9206906.0
2021-06-21,7.895883435622727,8.079508631800001,7.831614616960682,8.061146112182273,743300,2378,6474924.0
2021-06-22,8.033602332755683,8.107052411226592,7.905064695431591,7.941789734667046,621000,2560,5404313.0
2021-06-23,7.895883435622727,8.143777450462045,7.895883435622727,7.969333514093636,982000,3533,8584221.0
2021-06-24,8.042783592564545,8.134596190653182,7.950970994475909,8.079508631800001,917200,4227,8015997.0
2021-06-25,8.107052411226592,8.107052411226592,7.7489832786809085,7.868339656196137,1133800,3675,9715436.0
2021-06-28,7.84997713657841,7.941789734667046,7.611264381547954,7.666351940401136,953500,3673,8007887.0
2021-06-29,7.703076979636592,7.703076979636592,7.326645327473182,7.657170680592273,1623400,5882,13293535.0
2021-06-30,7.657170680592273,7.657170680592273,7.3633703667086365,7.620445641356819,2424400,4437,19800372.0
2021-07-01,7.657170680592273,7.840795876769545,7.253195249002273,7.317464067664318,3869800,5333,30982447.0
2021-07-02,7.345007847090909,7.482726744223864,7.299101548046591,7.390914146135228,766100,2518,6143783.0
2021-07-05,7.409276665752955,7.409276665752955,7.253195249002273,7.27155776862,628700,1966,4992919.0
2021-07-06,7.280739028428863,7.280739028428863,7.060388793016137,7.060388793016137,1218200,5227,9487642.0
2021-07-07,7.097113832251591,7.152201391104773,6.931851155692045,6.9685761949275005,1230000,5386,9414852.0
2021-07-08,6.867582337030001,6.941032415500909,6.794132258559092,6.858401077221136,1053900,4604,7907131.0
2021-07-12,6.931851155692045,7.087932572442727,6.867582337030001,7.023663753780682,2600500,8010,19811567.0
2021-07-13,7.051207533207273,7.216470209766818,7.023663753780682,7.078751312633864,1275700,6334,9855296.0
2021-07-14,7.143020131295909,7.3541891068997725,7.143020131295909,7.198107690149091,1498400,3745,11795016.0
2021-07-15,7.345007847090909,7.390914146135228,7.133838871487045,7.1613826509136365,2066300,3826,16238855.0
2021-07-16,7.207288949957954,7.244013989193409,7.115476351869319,7.133838871487045,745000,3950,5822089.0
2021-07-19,7.097113832251591,7.1705639107225,6.977757454736364,7.051207533207273,684900,3354,5288330.0
2021-07-20,7.069570052825,7.188926430340228,6.950213675309773,7.1613826509136365,963200,3733,7434446.0
2021-07-21,7.198107690149091,7.207288949957954,7.014482493971818,7.04202627339841,635700,2901,4903081.0
2021-07-22,7.060388793016137,7.179745170531364,6.959394935118636,7.179745170531364,589200,3690,4544448.0
2021-07-23,7.198107690149091,7.207288949957954,7.0328450135895455,7.152201391104773,986200,2969,7625718.0
2021-07-26,7.124657611678182,7.143020131295909,6.858401077221136,6.895126116456591,1143800,5757,8644327.0
2021-07-27,6.849219817412273,6.913488636074319,6.546238243719773,6.582963282955228,1918900,5576,13866630.0
2021-07-28,6.582963282955228,6.711500920279318,6.527875724102046,6.6472321016172735,1402100,3590,10093543.0
2021-07-29,6.6472321016172735,6.885944856647727,6.592144542764091,6.885944856647727,788800,3129,5768129.0
2021-07-30,6.8400385576034095,6.922669895883182,6.656413361426137,6.922669895883182,1066400,3894,7862885.0
2021-08-02,7.0328450135895455,7.106295092060455,6.784950998750227,6.885944856647727,1678100,6685,12720655.0
2021-08-03,6.876763596838864,6.986938714545228,6.592144542764091,6.711500920279318,1727900,3946,12588436.0
2021-08-04,6.702319660470455,6.867582337030001,6.665594621235,6.812494778176818,638600,3736,4702618.0
2021-08-05,6.885944856647727,6.996119974354091,6.683957140852728,6.683957140852728,781100,4755,5774264.0
2021-08-06,6.702319660470455,6.849219817412273,6.656413361426137,6.775769738941364,1112700,4623,8160293.0
2021-08-09,6.784950998750227,6.913488636074319,6.7665884791325,6.913488636074319,597100,3435,4448501.0
2021-08-10,6.913488636074319,6.913488636074319,6.610507062381818,6.656413361426137,1633700,4925,11918008.0
2021-08-11,6.656413361426137,6.711500920279318,6.537056983910909,6.683957140852728,2076800,4299,14992422.0
2021-08-12,6.674775881043863,6.720682180088183,6.500331944675454,6.592144542764091,640700,2877,4598476.0
2021-08-13,6.656413361426137,6.711500920279318,6.500331944675454,6.592144542764091,933400,2945,6711510.0
2021-08-16,6.5646007633375,6.5646007633375,6.133081552320909,6.178987851365227,2183700,7651,14834249.0
2021-08-17,6.178987851365227,6.178987851365227,5.876006277672728,6.022906434614545,1164500,4703,7594906.0
2021-08-18,5.995362655187955,6.188169111174092,5.866825017863864,6.105537772894318,1978400,3921,12928170.0
2021-08-19,6.004543914996819,6.261619189645001,6.004543914996819,6.151444071938637,1436600,4597,9583252.0
2021-08-20,6.087175253276591,6.371794307351364,6.05963147385,6.2524379298361366,2192500,4771,14739866.0
2021-08-23,6.2524379298361366,6.33506926811591,6.068812733658864,6.188169111174092,2944800,4865,19718070.0
2021-08-24,6.270800449453864,6.546238243719773,6.206531630791818,6.509513204484319,745900,4152,5238227.0
2021-08-25,6.518694464293182,6.518694464293182,6.188169111174092,6.206531630791818,3231900,7069,22001340.0
2021-08-26,6.178987851365227,6.178987851365227,5.912731316908182,5.9586376159525,1646400,4581,10777891.0
2021-08-27,6.004543914996819,6.032087694423409,5.894368797290455,5.912731316908182,1033800,3545,6693556.0
2021-08-30,5.876006277672728,5.912731316908182,5.802556199201819,5.848462498246136,912000,3792,5831454.0
2021-08-31,5.839281238437273,5.9219125767170455,5.811737459010682,5.866825017863864,1505100,5733,9617224.0
2021-09-01,5.839281238437273,5.9586376159525,5.747468640348636,5.7841936795840905,1164000,4774,7418620.0
2021-09-02,5.848462498246136,5.967818875761364,5.775012419775227,5.866825017863864,1383900,4054,8872288.0
2021-09-03,5.876006277672728,5.940275096334773,5.830099978628409,5.857643758055,1068200,4499,6839472.0
2021-09-06,5.93109383652591,5.940275096334773,5.866825017863864,5.894368797290455,469200,2654,3015834.0
2021-09-08,5.894368797290455,5.93109383652591,5.618931003024546,5.683199821686592,1131900,4768,7012436.0
2021-09-09,5.683199821686592,5.9586376159525,5.563843444171363,5.857643758055,1443600,7290,8942994.0
2021-09-10,5.967818875761364,6.013725174805682,5.802556199201819,5.876006277672728,930300,4925,5954923.0
2021-09-13,5.885187537481591,6.169806591556363,5.885187537481591,6.123900292512046,1261600,6066,8267176.0
2021-09-14,6.123900292512046,6.151444071938637,5.995362655187955,6.105537772894318,909200,4232,6023207.0
2021-09-15,6.087175253276591,6.096356513085454,5.903550057099318,6.096356513085454,937000,4006,6122664.0
2021-09-16,6.05963147385,6.077993993467728,5.857643758055,5.9219125767170455,1791400,5062,11528641.0
2021-09-17,5.866825017863864,6.087175253276591,5.820918718819545,6.087175253276591,1290400,4841,8337911.0
2021-09-20,5.995362655187955,6.004543914996819,5.7841936795840905,5.885187537481591,1596500,7744,10222960.0
2021-09-21,5.885187537481591,6.123900292512046,5.839281238437273,6.05963147385,1232600,5254,8115781.0
2021-09-22,6.133081552320909,6.344250527924773,6.068812733658864,6.261619189645001,1495800,5699,10165705.0
2021-09-23,6.279981709262727,6.344250527924773,6.169806591556363,6.169806591556363,941900,4374,6397671.0
2021-09-24,6.1606253317475,6.1606253317475,5.977000135570227,6.0504502140411365,580700,3263,3821494.0
2021-09-27,6.105537772894318,6.105537772894318,5.912731316908182,5.967818875761364,443100,2523,2883357.0
2021-09-28,5.967818875761364,5.967818875761364,5.646474782451137,5.683199821686592,731500,3375,4551180.0
2021-09-29,5.692381081495455,5.747468640348636,5.637293522642272,5.646474782451137,1328000,4387,8216399.0
2021-09-30,5.646474782451137,5.903550057099318,5.646474782451137,5.885187537481591,2404500,8689,15154593.0
2021-10-01,5.710743601113181,5.7291061207309095,5.371036988185227,5.65565604226,13228400,18139,80011752.0
2021-10-04,5.674018561877727,5.674018561877727,5.426124547038409,5.444487066656136,1258800,3388,7540571.0
2021-10-05,5.444487066656136,5.481212105891591,5.371036988185227,5.380218247994091,1408100,4228,8298266.0
2021-10-06,5.3526744685675,5.3526744685675,5.178230532199091,5.242499350861136,1094300,4221,6258380.0
2021-10-07,5.306768169523182,5.435305806847273,5.270043130287728,5.270043130287728,872500,2831,5068014.0
2021-10-08,5.3985807676118185,5.65565604226,5.371036988185227,5.508755885318182,1629700,4950,9811453.0
2021-10-11,5.508755885318182,5.600568483406818,5.389399507802954,5.481212105891591,746500,3987,4452400.0
2021-10-13,5.490393365700455,5.664837302068864,5.453668326465,5.527118404935909,735600,3205,4458493.0
2021-10-14,6.05963147385,6.077993993467728,5.820918718819545,5.967818875761364,3250000,7226,21013749.0
2021-10-15,6.068812733658864,6.206531630791818,5.9219125767170455,6.114719032703182,3317600,7252,21891276.0
2021-10-18,6.178987851365227,6.481969425057727,6.123900292512046,6.46360690544,5149100,9639,35402389.0
2021-10-19,6.29,6.29,5.88,5.93,3572100,9915,21528756.0
2021-10-20,5.99,5.99,5.82,5.85,1127800,3699,6650478.0
2021-10-21,5.78,5.78,5.42,5.52,1759400,4498,9779441.0
2021-10-22,5.35,5.43,5.0,5.24,3225000,6330,16692663.0
2021-10-25,5.32,5.49,5.28,5.38,1766400,7056,9553099.0
2021-10-26,5.36,5.36,5.1,5.16,1159200,2994,6007612.0
2021-10-27,5.14,5.32,5.09,5.18,1186500,3389,6193395.0
2021-10-28,5.17,5.19,5.0,5.0,770600,2975,3914972.0
2021-10-29,5.02,5.09,4.9,5.0,1635200,5455,8159051.0
2021-11-01,5.05,5.29,5.0,5.25,1191100,5566,6161188.0
2021-11-03,5.22,5.56,5.17,5.56,1157000,5724,6275266.0
2021-11-04,5.54,5.6,5.34,5.4,793300,3373,4312912.0
2021-11-05,5.45,5.55,5.37,5.49,868500,2931,4737508.0
2021-11-08,5.42,5.51,5.19,5.27,929400,4309,4930195.0
2021-11-09,5.29,5.45,5.28,5.32,834600,4094,4474948.0
2021-11-10,5.32,5.57,5.27,5.41,1082000,3694,5871315.0
2021-11-11,5.48,5.65,5.45,5.52,935600,3566,5194753.0
2021-11-12,5.61,5.61,5.37,5.42,699100,2975,3803545.0
2021-11-16,5.46,5.46,4.96,5.02,1428800,4158,7256891.0
2021-11-17,5.12,5.2,4.96,5.0,1029500,5332,5179772.0
2021-11-18,5.0,5.12,4.93,4.99,815900,3134,4074134.0
2021-11-19,5.0,5.17,4.98,5.15,598600,2513,3047772.0
2021-11-22,5.12,5.12,4.82,4.86,1289900,5375,6336375.0
2021-11-23,4.9,4.95,4.64,4.75,2577500,10670,12194608.0
2021-11-24,4.75,4.87,4.72,4.86,974900,3986,4696893.0
2021-11-25,4.87,5.1,4.82,5.1,674900,3233,3326809.0
2021-11-26,4.89,4.89,4.69,4.75,1216800,4621,5802284.0
2021-11-29,4.7,4.82,4.65,4.76,1090000,4064,5146758.0
2021-11-30,4.8,4.8,4.57,4.63,1618400,6289,7533485.0
2021-12-01,4.7,4.9,4.54,4.56,4686200,7428,21709279.0
2021-12-02,4.62,4.94,4.57,4.92,1627400,4441,7823403.0
2021-12-03,4.92,5.16,4.92,5.05,923000,2967,4665363.0
2021-12-06,5.05,5.16,5.0,5.1,1197200,4266,6076718.0
2021-12-07,5.13,5.21,5.06,5.07,728900,1961,3731343.0
2021-12-08,5.15,5.39,5.0,5.32,931200,3530,4932806.0
2021-12-09,5.24,5.38,5.16,5.16,643500,2908,3357470.0
2021-12-10,5.24,5.46,5.24,5.44,511400,1695,2762032.0
2021-12-13,5.55,5.55,5.24,5.3,633900,2546,3366526.0
2021-12-14,5.37,5.39,5.04,5.14,480400,2063,2467626.0
2021-12-15,5.14,5.14,4.93,5.13,818300,3162,4122074.0
2021-12-16,5.17,5.21,5.05,5.05,413600,1910,2118543.0
2021-12-17,5.15,5.4,5.01,5.4,1038200,3371,5425426.0
2021-12-20,5.22,5.3,5.04,5.18,738200,2964,3806332.0
2021-12-21,5.27,5.27,4.96,5.19,781400,2867,3956269.0
2021-12-22,5.1,5.15,4.97,5.15,616300,2070,3140604.0
2021-12-23,5.15,5.17,5.03,5.08,364700,1600,1860193.0
2021-12-27,5.19,5.24,5.07,5.17,513000,2641,2647772.0
2021-12-28,5.17,5.33,5.15,5.31,552400,1938,2903909.0
2021-12-29,5.32,5.35,5.07,5.07,708600,3369,3685582.0
2021-12-30,5.08,5.27,5.03,5.19,2591500,3723,13407935.0
