Date,Open,High,Low,Close,Volume,Neg,Fin
2018-12-21,15.22219,17.79094,15.22219,16.64927,4317900,5900,75888912
2018-12-26,17.02983,17.91462,16.75393,16.93469,841200,2384,15252261
2018-12-27,17.12497,17.50552,17.06788,17.45795,345800,1793,6276761
2018-12-28,17.63872,17.88608,17.13448,17.144,574800,2860,10513065
2019-01-02,17.38184,17.50552,15.85011,16.03087,1591500,5800,27126689
2019-01-03,16.17358,16.35435,15.51712,15.79303,1025300,4514,17112415
2019-01-04,15.85011,16.08796,15.26976,15.30782,1095800,3226,17934616
2019-01-07,15.4315,15.56469,14.55622,14.86067,982900,3026,15590078
2019-01-08,14.97483,15.17463,14.64185,15.09851,1171500,2867,18419575
2019-01-09,15.21268,16.13552,15.14608,15.45053,712200,2551,11728055
2019-01-10,16.10282,17.02771,15.83996,17.02771,691000,2776,11641425
2019-01-11,18.01101,19.50057,17.8163,19.08194,1359000,3494,26148394
2019-01-14,19.3448,20.83436,19.17929,19.86079,1379400,3429,28556695
2019-01-15,19.96788,20.25022,19.15982,19.37401,491100,1743,9951125
2019-01-16,19.66608,19.95815,18.69251,18.69251,475600,1642,9288429
2019-01-17,18.88722,19.06247,15.6063,17.71894,1155600,3963,21435524
2019-01-18,18.09863,18.41991,17.90392,18.26414,592200,3068,11071833
2019-01-21,18.26414,19.03326,13.75652,18.63409,453600,1528,8509178
2019-01-22,18.68277,18.84828,18.2544,18.65356,806100,2588,15387540
2019-01-23,18.83854,18.83854,18.2544,18.69251,613500,3786,11672946
2019-01-24,18.57568,18.83854,18.30308,18.30308,509300,2214,9694735
2019-01-28,18.30308,18.74119,18.01101,18.35176,407100,1855,7697524
2019-01-29,18.55621,18.55621,18.20572,18.22519,304300,1342,5747744
2019-01-30,18.2544,18.88722,18.2544,18.88722,502000,1463,9510088
2019-01-31,18.98458,19.41295,18.69251,18.74119,566600,1647,11083611
2019-02-01,18.98458,19.37401,18.74119,19.27665,554000,2548,10855103
2019-02-04,19.27665,19.72449,19.10141,19.52004,339700,1333,6799937
2019-02-05,19.76343,19.81211,19.01379,19.17929,320300,1387,6390940
2019-02-06,19.24744,19.29612,18.61463,18.74119,480700,2752,9354978
2019-02-07,18.98458,18.98458,17.62158,17.91365,527900,2759,9837166
2019-02-08,17.89418,18.15705,17.52423,17.57291,465900,2491,8477795
2019-02-11,17.66053,17.86497,17.52423,17.69947,130700,747,2369592
2019-02-12,17.8455,17.96233,17.67026,17.67026,249700,1308,4563839
2019-02-13,17.74815,17.8163,17.51449,17.8163,492700,2350,8949268
2019-02-14,17.73841,18.10837,17.67026,17.8455,505600,1526,9299244
2019-02-15,17.73841,17.73841,17.4074,17.55343,293000,1331,5284135
2019-02-18,17.67026,17.67026,12.73427,17.32951,443600,1256,7431598
2019-02-19,17.21269,17.47555,17.06665,17.11533,259200,1681,4574677
2019-02-20,17.14454,17.18348,16.96929,17.02771,210500,1347,3690253
2019-02-21,17.05692,17.1348,16.83299,17.01797,196900,1113,3430101
2019-02-22,16.74537,17.22242,16.7259,17.03744,160500,831,2796681
2019-02-25,17.08612,17.31004,16.76484,16.89141,184000,963,3199790
2019-02-26,17.03744,17.03744,16.73564,16.84273,165600,728,2867042
2019-02-27,16.84273,17.03744,16.79405,16.94009,161300,690,2800703
2019-02-28,16.98876,17.12506,16.76484,17.00824,199400,707,3474407
2019-03-01,17.18348,17.32951,16.94009,17.19321,119200,697,2100151
2019-03-06,17.36846,17.36846,16.67722,16.95956,286500,2150,4962457
2019-03-07,16.94982,16.95956,16.68696,16.77458,265100,1774,4569372
2019-03-08,16.78432,16.82326,16.50198,16.69669,275400,1833,4698808
2019-03-11,16.75511,16.97903,16.64802,16.64802,183200,1013,3153879
2019-03-12,16.81352,16.93035,16.59934,16.80379,108500,548,1869014
2019-03-13,16.93035,17.03744,16.59934,16.94009,128800,882,2220634
2019-03-14,16.94009,17.14454,16.78432,16.88167,186400,1196,3230536
2019-03-15,16.94982,17.33925,16.88167,17.03744,210900,819,3704348
2019-03-18,17.22242,17.70921,17.07639,17.43661,264500,779,4742388
2019-03-19,17.52423,17.91365,17.52423,17.61185,235600,901,4294887
2019-03-20,17.68,17.79683,17.2711,17.52423,279700,1422,5062814
2019-03-21,17.60211,17.69947,17.05692,17.32951,216200,1080,3864230
2019-03-22,17.11533,17.31004,16.64802,16.64802,416100,2106,7237501
2019-03-25,16.83299,17.03744,16.5604,16.5604,197500,889,3397265
2019-03-26,16.65775,16.84273,16.5604,16.69669,140300,796,2405319
2019-03-27,16.66749,16.84273,16.30727,16.30727,253000,1386,4262820
2019-03-28,16.32674,16.94009,16.16123,16.94009,331400,1681,5616047
2019-03-29,16.94009,17.21269,16.27806,16.53119,287300,1169,4917878
2019-04-01,16.75511,16.92061,16.50198,16.55066,318000,1036,5424529
2019-04-02,16.7259,16.88167,16.53119,16.78432,246300,1251,4228763
2019-04-03,16.93035,17.15427,16.84273,16.94982,300200,1273,5249052
2019-04-04,17.96233,17.96233,17.42687,17.47555,966000,3323,17502857
2019-04-05,17.5437,17.87471,17.53396,17.68974,323100,1564,5885673
2019-04-08,17.85524,18.01101,17.73841,17.79683,183400,1065,3361215
2019-04-09,17.8163,17.90392,17.57291,17.70921,134300,752,2445608
2019-04-11,17.58264,17.76762,17.32951,17.5437,142500,768,2558276
2019-04-12,17.56317,17.61185,16.89141,16.89141,345900,1621,6114135
2019-04-15,17.05692,17.1348,16.66749,16.89141,162300,846,2811528
2019-04-16,16.8622,17.1348,16.64802,16.68696,232100,1078,4028170
2019-04-17,16.78432,16.92061,16.5604,16.92061,261500,1206,4497476
2019-04-18,16.91088,17.03744,16.73564,16.77458,177000,923,3060862
2019-04-22,16.91088,16.94009,16.74537,16.90114,71500,419,1238674
2019-04-23,17.07639,17.19321,17.00824,17.10559,153400,702,2692895
2019-04-24,17.18348,17.34898,16.96929,17.08612,242300,1119,4257066
2019-04-25,17.09586,17.25163,17.03744,17.1348,176400,894,3099968
2019-04-26,17.22242,17.46581,17.04718,17.06665,146900,925,2602546
2019-04-29,17.08612,17.5437,17.02771,17.17374,163500,874,2888079
2019-04-30,17.17374,17.38793,17.03744,17.07639,176900,931,3115343
2019-05-02,17.03744,17.18348,16.52145,17.05692,512300,1860,8896813
2019-05-03,17.03744,17.18348,16.66749,16.66749,833900,1600,14314745
2019-05-06,16.5604,17.12506,16.5604,16.93035,230600,1334,4016615
2019-05-07,16.98876,17.32951,16.74537,17.32951,259400,1392,4535397
2019-05-08,17.32951,17.62158,17.26136,17.42687,200700,813,3605742
2019-05-09,17.63132,17.86497,17.47555,17.83577,220400,1029,4026649
2019-05-10,17.85524,17.85524,17.73841,17.8163,121700,564,2227708
2019-05-13,17.8455,17.85524,17.44634,17.52423,122200,608,2210208
2019-05-14,17.64106,17.68974,17.42687,17.52423,227800,798,4096804
2019-05-15,17.51449,17.52423,17.00824,17.03744,204800,1006,3615038
2019-05-16,17.16401,17.42687,16.9985,17.22242,194500,720,3450473
2019-05-17,17.22242,17.39766,17.09586,17.23216,240500,1125,4263452
2019-05-20,17.18348,17.44634,17.08612,17.28083,155200,783,2761235
2019-05-21,17.42687,17.44634,17.10559,17.28083,316500,1328,5620407
2019-05-22,17.46581,17.67026,17.16401,17.42687,135600,620,2413887
2019-05-23,17.42687,17.59238,17.42687,17.52423,134900,711,2428742
2019-05-24,17.61185,17.77736,17.28083,17.28083,102300,463,1850035
2019-05-27,17.50475,17.61185,17.43661,17.43661,63500,284,1141823
2019-05-28,17.47555,17.80656,17.47555,17.80656,197400,593,3594514
2019-05-29,17.8163,17.88445,17.57291,17.75788,124700,780,2279891
2019-05-30,17.68974,17.86497,17.57291,17.86497,147800,812,2694037
2019-05-31,17.86497,18.92617,17.8163,18.48806,423600,1659,8070808
2019-06-03,18.63516,19.32171,17.9486,18.53708,310600,1361,5960082
2019-06-04,18.694,18.694,18.39977,18.53708,98500,565,1860100
2019-06-05,18.54688,18.63516,18.14476,18.16437,140700,806,2621834
2019-06-06,18.26245,18.40957,17.98783,18.10552,136600,904,2524507
2019-06-07,18.10552,18.58612,18.09572,18.439,118400,749,2225356
2019-06-10,18.48804,18.54688,18.14476,18.439,86700,474,1625587
2019-06-11,18.51746,18.57631,18.27226,18.38996,147600,523,2763743
2019-06-12,18.38015,18.40957,18.14476,18.14476,120800,679,2253280
2019-06-13,18.33111,18.42919,18.06629,18.06629,80300,459,1488488
2019-06-14,18.12514,18.29188,17.99764,18.10552,67200,462,1241279
2019-06-17,18.09572,18.33111,18.02706,18.24284,159500,375,2949205
2019-06-18,18.3213,18.72343,18.14476,18.64496,458000,1185,8627736
2019-06-19,18.67439,18.78227,18.62535,18.62535,126000,473,2402966
2019-06-21,18.62535,19.32171,18.58612,18.95882,292100,1186,5671127
2019-06-24,18.99805,19.27267,18.99805,19.25306,132400,621,2583541
2019-06-25,19.25306,19.32171,18.86074,19.32171,110900,728,2165460
2019-06-26,19.32171,19.56692,19.24325,19.56692,157200,1126,3119493
2019-06-27,19.46884,19.56692,19.31191,19.37075,73200,468,1449771
2019-06-28,19.56692,19.66499,19.28248,19.5473,75600,456,1505605
2019-07-01,19.80231,19.92981,19.56692,19.85135,110600,680,2229212
2019-07-02,19.86115,20.63598,19.85135,20.23386,239600,1395,4968961
2019-07-03,20.25347,20.75368,20.20443,20.59675,225400,1029,4709816
2019-07-04,20.71445,21.06753,20.69483,20.97926,170000,704,3627027
2019-07-05,21.03811,21.11658,20.84195,21.03811,183600,896,3939249
2019-07-08,21.08715,21.73448,21.03811,21.5187,174100,1166,3820251
2019-07-10,21.74428,22.51912,21.67563,22.15622,574100,2064,12829688
2019-07-11,22.30334,22.30334,21.79333,22.01891,222600,1398,5016787
2019-07-12,22.02872,22.22488,21.87179,22.09737,108900,872,2447401
2019-07-15,22.09737,22.30334,21.87179,22.09737,128200,730,2890990
2019-07-16,22.11699,22.55835,21.38139,21.38139,367800,1905,8168530
2019-07-17,21.42062,22.21507,21.3912,22.21507,218500,1264,4867674
2019-07-18,22.33276,23.09778,22.33276,22.55835,359000,1562,8355360
2019-07-19,22.66623,23.33318,22.65643,23.1174,252400,1218,5901111
2019-07-22,23.24491,23.53914,22.51912,22.51912,221000,1318,5216088
2019-07-23,22.6172,23.08798,22.41123,22.66623,126600,891,2928115
2019-07-24,22.78393,22.9899,22.50931,22.75451,81000,566,1880094
2019-07-25,22.75451,22.95067,21.6364,22.11699,227500,1268,5149070
2019-07-26,22.17584,22.58777,21.8816,22.56816,134800,940,3050869
2019-07-29,22.56816,22.8722,22.54854,22.8722,67500,378,1563687
2019-07-30,23.12721,23.14683,22.81335,22.95067,121400,625,2848792
2019-07-31,22.99971,23.33318,22.65643,23.07817,189000,953,4450257
2019-08-01,23.09778,23.46068,22.65643,22.85259,228900,1382,5383284
2019-08-02,22.86239,23.2351,21.67563,22.85259,257200,1473,5968061
2019-08-05,22.83297,22.97028,22.47008,22.92124,153800,892,3571792
2019-08-06,23.12721,23.12721,22.70547,22.75451,159100,931,3714550
2019-08-07,22.78393,22.8722,22.27391,22.46027,168600,1087,3858986
2019-08-08,22.55835,23.34298,22.55835,23.34298,257600,1613,6073428
2019-08-09,23.41164,23.89223,23.13702,23.84319,322900,1995,7795746
2019-08-12,23.78435,24.57879,23.39202,24.48071,422500,1726,10377658
2019-08-13,24.48071,24.85341,24.03935,24.12762,231400,1589,5768241
2019-08-14,24.0982,24.51994,23.42145,23.7353,185500,1337,4554658
2019-08-15,23.853,24.10801,22.50931,22.78393,312100,1499,7294891
2019-08-16,22.79374,23.3626,22.06795,22.27391,196200,1055,4482712
2019-08-19,22.59758,22.84278,21.68544,22.10718,129700,730,2934638
2019-08-20,22.01891,22.44065,21.57755,22.44065,201600,1231,4528637
2019-08-21,22.73489,22.96047,22.17584,22.84278,99800,620,2304776
2019-08-22,22.95067,24.42186,22.54854,24.42186,258400,1062,6169398
2019-08-23,24.36301,24.36301,23.04875,23.04875,196100,990,4692914
2019-08-26,23.17625,23.24491,21.72467,21.93064,129200,627,2931887
2019-08-27,22.26411,22.29353,21.62659,22.15622,86600,432,1944626
2019-08-28,22.21507,23.01932,21.77371,22.65643,75500,411,1720768
2019-08-29,22.67604,23.03894,22.39161,22.55835,101200,678,2342981
2019-08-30,22.70547,24.02954,22.39161,24.02954,287900,1068,6835168
2019-09-02,23.7353,23.7353,22.97028,23.1174,202300,1230,4814474
2019-09-03,23.1174,23.46068,22.57796,22.76431,115800,707,2719220
2019-09-04,22.93105,23.50972,22.67604,22.70547,89500,492,2093435
2019-09-05,22.75451,23.03894,22.41123,22.48969,111800,590,2570177
2019-09-06,22.55835,22.73489,22.26411,22.41123,84900,487,1947230
2019-09-09,22.42104,22.59758,22.16603,22.4995,72500,550,1657931
2019-09-10,22.21507,22.57796,21.90121,21.96006,138500,843,3146906
2019-09-11,21.89141,22.85259,21.89141,22.85259,108600,698,2498506
2019-09-12,22.85259,22.97028,22.53873,22.53873,52300,383,1210440
2019-09-13,22.69566,22.8722,22.31315,22.32296,48600,370,1117138
2019-09-16,22.21507,23.19587,22.21507,23.19587,207400,772,4788329
2019-09-17,23.13702,24.02954,22.95067,23.69607,201600,1281,4867798
2019-09-18,23.58818,24.49052,23.58818,24.41205,181300,1190,4502299
2019-09-19,24.42186,24.66706,24.15705,24.42186,95800,571,2388342
2019-09-20,24.4611,24.63764,24.2257,24.63764,318900,446,7993778
2019-09-23,24.62783,24.62783,24.23551,24.4709,69300,387,1729473
2019-09-24,24.4709,25.49093,24.30417,24.89264,137700,737,3493972
2019-09-25,24.67687,24.9613,24.36301,24.36301,101100,463,2536082
2019-09-26,24.42186,25.25554,23.67646,24.42186,144600,611,3631900
2019-09-27,24.32378,24.61802,23.66665,23.78435,225000,1298,5487451
2019-09-30,23.61761,24.12762,23.29395,23.78435,133600,722,3230982
2019-10-01,23.90204,23.90204,23.29395,23.77454,140700,750,3382836
2019-10-02,23.77454,23.77454,22.7447,22.99971,162800,858,3840433
2019-10-03,23.24491,23.24491,22.26411,22.69566,82000,495,1896468
2019-10-04,22.73489,23.09778,22.57796,23.04875,79400,539,1849034
2019-10-07,22.95067,23.07817,22.85259,22.99971,64100,296,1500924
2019-10-08,23.00951,23.39202,22.55835,23.14683,117100,475,2754411
2019-10-09,23.2351,23.6078,23.2351,23.37241,150600,719,3604641
2019-10-10,23.07817,23.66665,23.05855,23.34298,70600,310,1687989
2019-10-11,23.54895,24.32378,23.04875,23.53914,109600,761,2676990
2019-10-14,24.04916,24.04916,23.44106,23.7353,68100,343,1641872
2019-10-15,23.83338,24.49052,23.69607,24.49052,171400,792,4209107
2019-10-16,24.32378,24.41205,24.02954,24.32378,81300,624,2008801
2019-10-17,24.38263,24.42186,24.02954,24.37282,66800,453,1653050
2019-10-18,24.37282,24.37282,23.76473,23.853,84800,503,2074094
2019-10-21,23.56857,24.24532,23.43126,23.853,84200,393,2048940
2019-10-22,23.853,24.2159,23.68626,24.11782,146500,712,3580509
2019-10-23,24.02954,24.02954,22.9899,23.05855,630200,2893,15037282
2019-10-24,23.19587,23.24491,22.66623,22.90163,609200,2163,14243337
2019-10-25,22.85259,23.40183,22.55835,22.65643,647600,2188,15146136
2019-10-28,22.68585,23.62742,22.68585,23.62742,357100,1998,8416113
2019-10-29,23.52934,23.7353,23.02913,23.53914,474700,1553,11359138
2019-10-30,23.65684,24.31398,23.41164,24.31398,318300,1364,7684568
2019-10-31,24.48071,25.15746,24.08839,24.81418,666000,3114,16732436
2019-11-01,24.92207,25.99114,24.92207,25.58901,360500,1092,9391002
2019-11-04,25.58901,26.97194,25.25554,26.97194,545900,1653,14720689
2019-11-05,26.83463,26.85424,26.1873,26.48154,645800,1596,17429026
2019-11-06,26.51096,26.51096,25.72632,26.38346,483100,3031,12919352
2019-11-07,26.20691,26.4325,26.05979,26.4325,168800,914,4520496
2019-11-08,25.95191,26.47173,25.92248,26.28538,225200,1256,6028850
2019-11-11,26.27557,26.35403,26.01076,26.23634,269100,1269,7187507
2019-11-12,26.23634,26.66789,26.11864,26.46192,432200,1682,11573353
2019-11-13,26.52077,26.52077,25.31439,25.59882,433800,2067,11394991
2019-11-14,25.60863,26.48154,25.50074,26.38346,525300,2600,13955010
2019-11-18,26.39326,26.63847,25.67728,25.6969,443600,1566,11813099
2019-11-19,25.76555,26.32461,25.76555,25.89306,400000,1247,10654424
2019-11-21,25.99114,26.27557,25.93229,26.02056,290000,1294,7690771
2019-11-22,26.02056,26.24615,25.93229,26.08922,215300,1212,5724569
2019-11-25,25.8244,26.07941,25.65767,25.83421,182900,894,4829034
2019-11-26,25.83421,26.97194,24.92207,26.97194,743900,2779,20041923
2019-11-27,26.96213,27.57022,26.48154,27.46234,562300,2208,15524745
2019-11-28,27.47215,27.97235,27.36426,27.97235,227500,1141,6405332
2019-11-29,27.97235,27.97235,27.33483,27.59965,281700,1638,7908364
2019-12-02,27.59965,27.84484,27.11905,27.4133,381800,1397,10675591
2019-12-03,27.4133,27.6683,26.87386,27.10925,210000,1439,5792411
2019-12-04,27.10925,27.31522,26.99155,27.14848,249700,1167,6923999
2019-12-05,27.32502,27.58003,27.21714,27.51138,212700,1233,5936171
2019-12-06,27.69773,27.75657,27.28579,27.33483,317300,1735,8886077
2019-12-09,27.40349,28.42352,27.10925,28.11947,528300,2231,15093692
2019-12-10,28.11947,28.44313,27.43291,28.35486,353400,1839,10105582
2019-12-11,28.35486,28.62949,27.88408,28.46275,254200,1311,7331214
2019-12-12,28.61968,29.16892,28.18813,29.16892,585100,2458,17156338
2019-12-13,29.16892,29.56124,28.96296,29.56124,628600,3210,18793095
2019-12-16,29.45335,31.38553,29.37489,31.38553,597500,3586,18669416
2019-12-17,31.37572,31.37572,30.61069,30.89513,403200,2596,12685326
2019-12-18,30.89513,31.00302,30.20857,30.94417,343300,1867,10762033
2019-12-19,30.96378,30.9834,30.68916,30.68916,286100,1625,8987969
2019-12-20,30.68916,30.89513,30.45377,30.89513,299300,1785,9375408
2019-12-23,30.89513,31.21879,30.56166,31.21879,441600,2323,13923834
2019-12-26,31.2286,31.37572,30.97359,31.1109,531700,2265,16850428
2019-12-27,30.96378,31.74842,30.92455,31.49342,400400,1952,12874066
2019-12-30,31.68958,31.83669,31.05206,31.83669,513500,1827,16533211
2020-01-02,31.86612,32.01324,31.4836,31.72881,349700,1934,11318930
2020-01-03,31.13052,32.10151,30.68916,30.68916,694400,2244,21984957
2020-01-06,30.68916,31.57187,29.77702,31.57187,398600,2107,12613101
2020-01-07,31.57187,31.89554,31.34629,31.87592,512700,1327,16638293
2020-01-08,31.88573,31.88573,30.99321,31.39533,357800,1703,11452289
2020-01-09,31.74842,31.74842,31.09129,31.31687,448800,2512,14318616
2020-01-10,31.43456,31.43456,31.12071,31.28745,247700,1485,7898635
2020-01-13,31.12071,31.70919,30.99321,31.07167,328500,1740,10475148
2020-01-14,31.10109,31.87592,30.88532,31.86612,399600,1763,12772098
2020-01-15,31.92496,33.2,31.92496,32.66056,531300,2349,17715621
2020-01-16,32.9548,33.73944,32.38594,32.86653,408900,2156,13768187
2020-01-17,33.27847,33.73944,31.89554,33.73944,471900,2171,15828780
2020-01-20,33.72963,33.72963,32.85672,33.64136,372300,1471,12640662
2020-01-21,33.73944,33.83752,33.00385,33.37654,737000,2255,25060859
2020-01-22,33.12154,33.38635,32.25843,33.3177,521700,2877,17476320
2020-01-23,33.43539,33.50405,32.55267,33.34712,367500,2035,12404466
2020-01-24,33.33732,33.33732,32.8273,33.05288,292000,1599,9868140
2020-01-27,32.51345,32.55267,31.55226,31.83669,395000,2197,12932826
2020-01-28,31.89554,32.8273,31.39533,32.79787,386800,2229,12680099
2020-01-29,32.78807,33.05288,31.95439,31.95439,297200,1763,9834989
2020-01-30,31.38553,31.66996,30.51262,31.08148,467600,2482,14782997
2020-01-31,31.09129,31.85631,30.65974,30.99321,373800,2204,11894353
2020-02-03,30.89513,32.16036,30.69897,31.66015,197000,1263,6376393
2020-02-04,31.974,32.83711,31.974,32.35652,321000,1448,10606729
2020-02-05,32.41536,33.15096,31.85631,32.15055,460400,1888,15215323
2020-02-06,32.22901,32.34671,30.55185,30.64993,730100,4329,23094458
2020-02-07,30.89513,31.21879,29.92414,30.20857,289500,1706,8951079
2020-02-10,30.20857,30.68916,28.45294,28.97276,424200,2659,12671472
2020-02-11,29.57105,30.33607,29.57105,29.73779,873600,3649,26627964
2020-02-12,30.08106,31.15013,30.0026,31.15013,501000,3095,15621166
2020-02-13,30.63031,31.38553,30.40473,31.38553,434400,2697,13714106
2020-02-14,31.38553,31.39533,30.31646,30.40473,404100,2126,12606963
2020-02-17,30.45377,30.65974,30.01241,30.40473,222900,1458,6912731
2020-02-18,30.29684,30.39492,30.01241,30.39492,235300,1406,7239319
2020-02-19,30.11049,30.43415,29.54163,30.18895,470100,2982,14425606
2020-02-20,29.95356,30.05164,29.67894,29.89471,274700,1959,8369395
2020-02-21,29.89471,30.18895,29.23758,30.03203,240200,1750,7317292
2020-02-26,29.03161,29.12969,27.47215,27.72715,489300,2288,14214337
2020-02-27,27.31522,27.83504,26.55019,27.33483,1070000,3773,29815185
2020-02-28,27.32502,27.32502,26.49134,27.0504,741500,3633,20287946
2020-03-02,26.70712,28.06062,26.6875,26.99155,517400,3266,14479696
2020-03-03,27.36426,29.267,27.36426,28.7668,684400,4327,19974894
2020-03-04,29.18854,29.20816,28.09985,29.15911,386900,3035,11290588
2020-03-05,29.08065,29.08065,26.62866,27.53099,297600,1643,8387278
2020-03-06,26.6777,26.9327,25.80479,26.21672,542100,3672,14569871
2020-03-09,25.00053,25.00053,21.87179,21.87179,598200,3138,14579908
2020-03-10,23.54895,25.01034,23.54895,24.39244,488700,2404,12065644
2020-03-11,23.70588,24.28455,21.01849,22.79374,416100,2227,9530925
2020-03-12,20.40059,20.59675,18.45861,19.24325,507900,2452,10173710
2020-03-13,21.57755,22.29353,18.68419,22.06795,923500,4074,19624844
2020-03-16,19.12556,20.47906,18.99805,19.63557,312600,1659,6286598
2020-03-17,19.64538,20.00827,18.38996,18.68419,816400,3710,15704374
2020-03-18,17.65436,17.77206,14.89832,15.2416,766300,2587,12399736
2020-03-19,14.85909,18.20361,14.36869,17.06588,565500,2226,9013369
2020-03-20,17.65436,18.37034,15.83988,15.95758,1552300,3975,26233475
2020-03-23,15.59468,16.07527,14.74139,15.57507,403600,1708,6366778
2020-03-24,16.67356,17.05607,15.59468,15.69276,1584600,2349,25637432
2020-03-25,15.88892,20.05731,15.88892,19.75326,925800,4503,17629591
2020-03-26,19.62576,21.87179,19.41979,21.87179,453700,1891,9739565
2020-03-27,20.55752,21.83256,20.05731,21.10677,329700,1491,7035688
2020-03-30,20.40059,21.7639,20.20443,21.47947,312500,1723,6664485
2020-03-31,20.31232,21.87179,20.31232,21.47947,575100,2457,12531934
2020-04-01,20.36136,20.51829,18.03687,18.34092,1074300,4929,20597752
2020-04-02,18.53708,18.88036,17.55628,17.74263,811000,3791,15103293
2020-04-03,17.75244,17.8309,16.51663,17.24242,476300,2058,8247530
2020-04-06,18.03687,20.09654,18.03687,19.46884,1121000,3269,21872346
2020-04-07,20.15539,21.21465,19.64538,20.00827,703800,3776,14748225
2020-04-08,20.00827,21.19504,19.95923,20.73406,561500,3216,11706440
2020-04-09,20.9008,21.38139,20.10635,20.4104,430800,2150,9038571
2020-04-13,20.44963,20.71445,19.52768,20.44963,439000,2377,9012201
2020-04-14,20.58694,21.54812,20.58694,21.35197,619800,1668,13456170
2020-04-15,21.60697,21.60697,20.58694,21.20485,200700,1159,4357740
2020-04-16,21.43043,22.40142,21.07734,21.46966,257800,1637,5733662
2020-04-17,22.15622,22.15622,21.20485,21.90121,363600,2168,8078349
2020-04-20,21.19504,22.18564,21.08715,21.19504,475500,2944,10446158
2020-04-22,21.20485,22.2543,21.13619,21.5187,464600,2980,10319232
2020-04-23,21.94044,22.53873,20.4104,21.30293,591800,3391,12800005
2020-04-24,21.23427,22.53873,19.59634,22.53873,639300,2680,13666645
2020-04-27,22.65643,23.24491,21.58736,22.75451,261700,1485,5924404
2020-04-28,22.89182,23.18606,22.17584,23.18606,334100,1707,7756509
2020-04-29,23.25471,23.99031,22.89182,23.76473,438400,2117,10582069
2020-04-30,23.83338,24.02954,21.98948,22.44065,735300,2930,16987811
2020-05-04,22.28372,22.28372,21.13619,21.33235,368500,2635,8068521
2020-05-05,22.05814,22.69566,21.57755,22.08756,236100,1398,5344792
2020-05-06,22.41123,23.02913,21.33235,22.65643,644300,3760,14785556
2020-05-07,23.04875,23.19587,21.66582,21.66582,339900,2339,7835383
2020-05-08,21.73448,22.81335,21.66582,22.07775,295800,2250,6660567
2020-05-11,22.20526,22.93105,21.67563,22.60739,292700,1476,6717815
2020-05-12,22.73489,23.13702,21.35197,21.74428,310000,2194,7050273
2020-05-13,21.7639,22.0091,20.79291,21.13619,362100,2574,7878426
2020-05-14,21.07734,21.57755,20.55752,20.84195,433600,2542,9268149
2020-05-15,20.85176,21.5187,20.5281,21.08715,279700,2007,5998582
2020-05-18,21.29312,23.10759,21.29312,23.10759,496400,3419,11390136
2020-05-19,23.10759,23.53914,22.77412,22.79374,610200,2419,14402242
2020-05-20,23.26068,24.1911,22.84495,23.35966,450400,2808,10745355
2020-05-21,23.10231,23.84467,23.09241,23.72589,408600,2440,9708240
2020-05-22,22.95383,23.85457,22.95383,23.21119,357100,2840,8525515
2020-05-25,23.92385,24.58703,23.75558,23.75558,244800,1510,5956177
2020-05-26,23.89416,24.33958,23.60711,23.75558,570600,2895,13740959
2020-05-27,23.32006,24.54744,23.31017,24.54744,495900,2677,12069948
2020-05-28,24.39896,24.7355,23.75558,23.75558,796100,2314,19362386
2020-05-29,23.75558,23.90406,22.5777,23.16169,839800,2321,19655290
2020-06-01,23.6368,25.26011,23.31017,23.59721,609800,3529,15010170
2020-06-02,23.96344,25.27,23.95355,25.27,586200,2910,14563338
2020-06-03,25.33929,27.12096,25.2997,27.12096,933900,4670,24614228
2020-06-04,27.17045,27.4377,26.04206,26.59636,352000,2118,9495535
2020-06-05,27.22984,27.61587,26.82401,27.51688,463400,2694,12824352
2020-06-08,27.70495,28.36813,26.83391,28.36813,322900,2142,9017454
2020-06-09,27.83363,29.26886,27.02198,29.20947,412500,2876,11798745
2020-06-10,29.29855,29.29855,27.47729,28.20976,478800,3037,13543315
2020-06-12,27.01208,28.55619,26.54687,28.11077,718000,3726,20380438
2020-06-15,26.72503,29.12039,26.62605,28.32854,521200,2639,14815569
2020-06-16,28.74426,29.29855,27.9722,28.95212,326400,2260,9474184
2020-06-17,28.66507,29.69448,28.39782,29.41733,523500,2730,15337012
2020-06-18,29.41733,29.69448,28.91253,28.95212,302700,1794,8941174
2020-06-19,29.061,30.6843,28.89273,30.6843,803700,2406,24352292
2020-06-22,30.6744,30.95155,29.71428,29.75387,443700,2769,13559091
2020-06-23,29.96173,31.11982,29.6054,31.08022,667100,3123,20561972
2020-06-24,30.69419,31.1792,29.80336,31.1792,624200,2018,19223406
2020-06-25,30.61501,31.66421,30.59521,31.15941,467200,3047,14710805
2020-06-26,31.46625,31.57513,30.39725,30.39725,532600,2467,16677531
2020-06-29,30.40715,31.26829,29.39754,30.90206,362700,1558,11169142
2020-06-30,30.78328,32.61444,30.77338,32.61444,719300,3958,23281051
2020-07-01,32.66393,34.13876,32.66393,33.26772,944900,4811,32007834
2020-07-02,33.65374,34.30702,32.66393,32.73322,370600,2706,12404276
2020-07-03,32.76291,33.15884,32.56495,33.14894,176200,996,5865841
2020-07-06,33.65374,33.96059,32.22841,32.66393,339700,2031,11272257
2020-07-07,32.2581,33.47558,32.10963,33.47558,402600,1645,13474805
2020-07-08,33.55476,34.84153,33.50527,34.74254,891100,2924,30498087
2020-07-09,35.37603,35.37603,34.14865,34.64356,505800,2031,17736403
2020-07-10,34.54458,35.22755,34.23774,34.95041,259100,1696,9087542
2020-07-13,35.33643,35.33643,34.28723,34.28723,223300,1649,7811095
2020-07-14,34.4357,34.99989,33.57456,34.99989,197100,1108,6837558
2020-07-15,34.99989,35.73236,34.4159,34.4555,339300,1987,11934268
2020-07-16,34.4555,34.93061,33.60426,34.44559,634200,3415,21934893
2020-07-17,34.51488,34.88112,33.86161,33.86161,653200,2268,22662954
2020-07-20,33.86161,35.11867,33.65374,35.11867,258000,1607,8981328
2020-07-21,35.13847,35.73236,33.20833,34.44559,460400,2350,16136417
2020-07-22,34.69305,35.23745,34.21794,34.4357,405700,2493,14196787
2020-07-23,34.4555,34.78214,32.2977,33.46568,251300,1565,8499575
2020-07-24,33.02026,34.04967,31.7533,33.3271,388300,2429,12903274
2020-07-27,33.53497,34.08926,32.71342,33.58446,242900,1628,8186341
2020-07-28,33.66364,33.83191,32.97077,33.64385,168800,1049,5714114
2020-07-29,33.76262,34.62376,33.76262,34.38621,259800,1667,8981813
2020-07-30,34.64356,37.1181,34.52478,36.52421,771500,4434,28093848
2020-07-31,36.87065,37.61301,35.81154,36.42523,588300,4045,21721664
2020-08-03,37.59321,38.39496,36.93004,38.13761,706500,4571,27069145
2020-08-04,37.36555,39.02845,37.1181,37.93965,436400,2859,16793593
2020-08-05,37.90995,38.60283,37.59321,38.1871,222000,1550,8560416
2020-08-06,38.39496,39.71142,38.1871,39.71142,414900,2855,16425228
2020-08-07,39.59264,39.8203,38.24649,38.24649,231400,1405,9090207
2020-08-10,38.60283,38.63252,37.30616,37.56352,288700,2040,11027760
2020-08-11,37.90995,37.90995,35.74226,35.74226,574800,3746,21242602
2020-08-12,35.99961,36.10849,34.79203,35.03949,622500,2917,22225476
2020-08-13,35.19786,35.52449,34.35651,34.77224,344200,2221,12188060
2020-08-14,34.60397,35.69277,33.74283,34.83162,379500,2347,13361414
2020-08-17,34.82173,34.82173,32.93118,33.04006,412000,2583,14056143
2020-08-18,33.01036,34.13876,33.01036,33.98038,691300,3726,23445292
2020-08-19,33.80222,34.09916,32.8124,33.15884,309400,1932,10406096
2020-08-20,32.46597,33.3568,32.21851,32.94107,649000,3565,21518267
2020-08-21,32.97077,33.61415,32.09974,32.09974,368000,2135,12159812
2020-08-24,32.22841,32.79261,31.61472,31.67411,423600,2643,13761899
2020-08-25,32.15912,33.14894,31.84238,31.95126,555500,3442,18206228
2020-08-26,32.07994,32.59464,30.99114,31.50584,330000,2103,10579814
2020-08-27,31.7335,31.91167,30.62491,30.6447,270700,1858,8469577
2020-08-28,30.78328,31.34747,30.42694,30.78328,341300,2105,10620755
2020-08-31,30.54572,31.61472,30.28837,30.6645,419700,2167,13105981
2020-09-01,30.49623,32.15912,30.43684,31.95126,413500,2568,13214064
2020-09-02,32.47586,33.45578,32.16902,32.61444,637600,3619,21171889
2020-09-03,32.79261,33.29741,31.51574,31.92157,378200,2543,12324905
2020-09-04,32.03045,32.13933,30.44674,31.47615,306100,1963,9684785
2020-09-08,31.04063,32.75301,30.78328,32.12943,561700,3708,18212333
2020-09-09,32.71342,32.71342,31.55533,31.92157,570300,3553,18421440
2020-09-10,32.06014,32.06014,30.83277,30.83277,278400,1452,8779724
2020-09-11,30.92185,30.99114,30.06071,30.28837,431200,2607,13291623
2020-09-14,30.28837,31.29798,30.28837,30.79318,282800,1664,8868233
2020-09-15,30.91195,31.45635,30.44674,31.08022,268300,1694,8403429
2020-09-16,31.67411,32.98067,31.1792,31.88197,539000,3221,17652898
2020-09-17,31.67411,32.86189,31.43656,31.64442,367600,2305,11971357
2020-09-18,31.48605,33.55476,31.48605,31.69391,956600,4583,31135022
2020-09-21,31.31778,31.32768,30.28837,30.56552,434500,2722,13444552
2020-09-22,30.44674,30.87236,29.85285,30.37745,336800,2356,10328373
2020-09-23,30.29827,30.60511,28.80365,28.80365,411200,2538,12205348
2020-09-24,28.86304,29.15998,28.30874,28.47701,621300,3854,18031901
2020-09-25,28.34833,28.40772,27.9722,28.23945,386300,2950,10988436
2020-09-28,28.47701,28.69477,27.23974,27.9821,543400,3146,15313532
2020-09-29,27.9425,28.06129,27.46739,27.46739,634600,3933,17771666
2020-09-30,27.71485,29.76377,27.71485,29.76377,819300,3295,23742281
2020-10-01,29.74397,31.03073,28.96202,30.79318,402100,2514,12285181
2020-10-02,30.34776,30.52593,29.15008,29.32825,357500,2151,10736637
2020-10-05,29.36784,30.77338,29.01151,30.77338,336500,1863,10219210
2020-10-06,30.94165,31.45635,29.38764,30.03102,367000,2560,11177719
2020-10-07,30.1102,30.29827,29.53611,30.18939,636000,2273,19197665
2020-10-08,30.31806,30.31806,29.5856,29.62519,317400,1336,9581301
2020-10-09,29.69448,31.40686,29.46682,31.40686,674300,4134,20572826
2020-10-13,31.42666,31.94136,30.92185,31.81269,539900,3446,17188807
2020-10-14,31.83248,31.83248,30.94165,31.30788,512900,2579,16230805
2020-10-15,30.89216,31.25839,30.52593,31.1792,208400,1450,6519387
2020-10-16,31.23859,31.45635,30.63481,31.07032,291400,2013,9138197
2020-10-19,31.27819,31.42666,30.76348,30.84267,384600,2436,12059533
2020-10-20,31.09012,31.65432,30.91195,31.36727,431800,2717,13613986
2020-10-21,31.55533,32.76291,31.08022,32.39668,704900,3443,22968146
2020-10-22,32.37688,32.86189,32.16902,32.43627,487600,2577,16035610
2020-10-23,32.54515,32.98067,32.33729,32.98067,317400,1883,10495372
2020-10-26,32.87179,33.68344,32.64413,33.3469,679700,3932,22807224
2020-10-27,33.3469,33.3469,32.2581,32.71342,464200,2596,15472680
2020-10-28,32.11953,32.11953,31.02083,31.37717,696700,3794,22141706
2020-10-29,31.37717,32.41647,29.53611,32.41647,740300,4043,23329169
2020-10-30,32.55505,32.98067,30.73379,31.03073,906300,5494,29166661
2020-11-03,32.16902,34.17834,31.92157,33.3568,1176200,6853,39758002
2020-11-04,34.33672,36.27676,33.98038,36.27676,1114700,5213,39554692
2020-11-05,36.37574,37.53382,36.29655,37.20718,564100,3590,21144114
2020-11-06,37.0983,37.0983,35.87093,36.5737,774000,4075,28602411
2020-11-09,37.47443,37.84066,36.10849,36.52421,799400,5056,29571356
2020-11-10,36.32625,36.92014,35.94022,36.12828,579100,3233,21238668
2020-11-11,36.12828,36.5836,35.57399,36.25696,488800,2866,17879768
2020-11-12,36.25696,36.45493,35.31664,35.5146,576000,2894,20770810
2020-11-13,35.64327,37.07851,35.64327,36.39553,641900,2521,23733308
2020-11-16,36.82116,36.92014,35.88083,36.92014,338800,2264,12526336
2020-11-17,36.78156,37.04881,36.32625,36.62319,225300,1429,8347470
2020-11-18,36.63309,37.38535,36.40543,37.05871,630200,2450,23552217
2020-11-19,37.02902,37.1577,36.08869,36.62319,725400,1896,26842768
2020-11-20,36.62319,36.69248,35.92043,35.96991,286300,1839,10493770
2020-11-23,36.08869,36.08869,34.406,34.406,535100,2661,18857280
2020-11-24,34.34661,34.84153,33.67354,34.64356,504000,2930,17536221
2020-11-25,34.46539,34.99989,34.22784,34.93061,322400,1990,11278592
2020-11-26,34.81183,34.89101,34.29713,34.87122,236100,1602,8242147
2020-11-27,34.84153,34.84153,34.29713,34.74254,270000,1444,9452839
2020-11-30,34.69305,34.81183,33.96059,34.01997,590100,3150,20399420
2020-12-01,33.72303,34.86132,33.01036,34.27733,1642700,5687,56097939
2020-12-02,33.86161,34.82173,33.77252,34.04967,406600,2419,14018789
2020-12-03,34.04967,34.24763,33.26772,33.28751,659300,2627,22481546
2020-12-04,33.65374,33.78242,32.04034,32.68372,602200,3393,19839936
2020-12-07,32.56495,33.43598,32.32739,32.91138,346600,2312,11579558
2020-12-08,32.90149,32.92128,32.47586,32.65403,221600,1422,7318440
2020-12-09,32.8025,33.12914,32.16902,32.63424,271000,1827,8921745
2020-12-10,33.12914,33.23802,31.87208,33.23802,281000,1740,9281225
2020-12-11,33.14894,33.14894,32.44617,32.44617,266300,1582,8805056
2020-12-14,32.57484,32.97077,32.36699,32.51545,233600,1662,7723359
2020-12-15,32.85199,32.85199,32.17892,32.53525,239200,1675,7833459
2020-12-16,32.55505,33.3568,32.32739,33.3568,608200,2442,20282885
2020-12-17,33.38649,34.21794,33.03016,34.21794,561400,2315,19165185
2020-12-18,34.14865,34.36641,33.55476,33.79232,696700,2856,23755395
2020-12-21,33.27761,33.60426,32.14922,33.05986,392200,2523,13093297
2020-12-22,32.85199,33.10934,32.20861,32.32739,239700,1354,7868447
2020-12-23,32.2779,32.94107,31.71371,32.67382,371300,2369,12145934
2020-12-28,32.7827,33.48548,32.68372,33.28751,201900,1470,6773443
2020-12-29,33.24792,33.3667,32.68372,32.92128,164500,1255,5471953
2020-12-30,32.73322,34.00018,32.73322,33.86161,363800,2109,12350797
2021-01-04,34.01997,34.26743,33.10934,33.337,390300,2536,13210909
2021-01-05,33.337,33.337,32.22841,32.66393,308300,2179,10189026
2021-01-06,32.72332,33.11924,32.31749,32.73322,324500,1993,10745228
2021-01-07,33.24792,33.25782,32.09974,32.2878,332000,2341,10937874
2021-01-08,32.55505,34.98999,32.49566,34.4357,525800,2546,18014681
2021-01-11,34.31692,34.31692,32.89159,32.95098,478600,2935,16086441
2021-01-12,32.97077,34.11896,32.96087,33.27761,270100,1889,9149649
2021-01-13,33.50527,33.64385,33.10934,33.22812,229000,1546,7691849
2021-01-14,33.42609,34.11896,33.19843,34.11896,219600,1249,7471519
2021-01-15,34.09916,34.09916,33.337,33.50527,184700,1125,6257207
2021-01-18,33.45578,34.29713,33.45578,33.73293,153500,1066,5255477
2021-01-19,33.99028,34.03977,33.12914,33.29741,179700,1147,6042575
2021-01-20,33.3568,33.91109,33.15884,33.40629,252000,1335,8528123
2021-01-21,33.38649,33.95069,32.8322,33.82201,318600,1818,10686681
2021-01-22,33.3667,33.3667,32.84209,33.13904,243200,1447,8124678
2021-01-26,33.13904,33.77252,32.76291,33.20833,220000,1366,7394771
2021-01-27,33.18853,33.86161,32.97077,33.19843,269800,1447,9089374
2021-01-28,33.61415,34.49509,33.02026,34.24763,322300,1783,11100517
2021-01-29,33.87151,34.84153,32.41647,33.15884,389300,2042,13223098
2021-02-01,33.65374,33.77252,33.08955,33.15884,216000,1267,7282997
2021-02-02,33.3766,34.22784,32.98067,33.45578,311900,1841,10586177
2021-02-03,33.48548,33.65374,33.12914,33.22812,264600,1693,8918130
2021-02-04,33.40629,34.04967,33.3271,33.42609,207800,1425,7044918
2021-02-05,33.63395,34.03977,33.01036,33.24792,252200,1671,8506477
2021-02-08,33.25782,34.27733,33.19843,33.54486,489700,2798,16756950
2021-02-09,33.44588,33.77252,33.01036,33.3271,396900,2240,13371402
2021-02-10,33.3271,33.52507,32.45607,32.77281,598200,2859,19900402
2021-02-11,33.14894,33.14894,31.71371,31.7533,438800,2483,14312415
2021-02-12,31.7632,31.77309,31.01093,31.22869,308800,1851,9779635
2021-02-17,31.27819,31.48605,30.74368,31.03073,325700,2436,10206039
2021-02-18,31.12971,31.43656,30.83277,31.03073,384600,2728,12099660
2021-02-19,31.04063,32.60454,30.93175,32.57484,790700,2278,25235223
2021-02-22,31.53554,32.34719,31.39696,31.78299,483300,3067,15555234
2021-02-23,32.03045,32.11953,31.28808,31.67411,369800,2407,11843819
2021-02-24,32.09974,32.55505,31.77309,31.98096,671900,1918,21787385
2021-02-25,31.98096,32.50556,31.57513,31.87208,385500,2110,12427476
2021-02-26,32.01065,32.55505,31.28808,31.47615,463800,2626,14882850
2021-03-01,32.13933,32.13933,31.48605,31.67411,491200,3452,15718501
2021-03-02,31.79289,31.79289,30.61501,31.31778,472900,3384,14922374
2021-03-03,31.31778,31.53554,30.6843,31.10002,507800,2976,15986500
2021-03-04,31.67411,32.98067,31.199,31.85228,867500,3646,28354204
2021-03-05,31.42666,32.54515,30.72389,31.62462,513500,2878,16362467
2021-03-08,31.62,31.76,29.48,29.53,1098800,3773,33440348
2021-03-09,29.53,29.64,27.97,28.18,594400,3311,17082930
2021-03-10,28.37,29.48,27.98,29.29,455600,2832,13127618
2021-03-11,29.16,30.58,29.16,30.58,284200,1992,8578101
2021-03-12,30.73,30.73,30.15,30.35,249300,1616,7584204
2021-03-15,30.08,31.6,30.08,31.42,233200,1640,7249868
2021-03-16,31.58,31.6,30.5,30.64,190300,1360,5908377
2021-03-17,30.68,32.11,30.4,31.41,299700,2079,9362136
2021-03-18,31.5,31.69,30.08,30.49,239800,1577,7437824
2021-03-19,30.53,31.34,30.24,31.34,285200,1767,8811239
2021-03-22,31.38,31.9,30.94,31.31,303600,2163,9520470
2021-03-23,31.25,31.65,30.59,30.7,285900,2066,8899906
2021-03-24,31.14,31.14,29.87,30.07,206800,1571,6337425
2021-03-25,29.83,31.25,28.98,30.84,834800,4211,24856089
2021-03-26,31.19,31.19,30.19,30.89,831400,1790,25425969
2021-03-29,30.78,30.78,29.54,29.76,305400,2084,9140000
2021-03-30,29.65,30.88,29.6,30.59,486300,3124,14796321
2021-03-31,30.4,30.5,28.64,28.64,979000,5345,28730126
2021-04-01,29.76,31.25,29.64,30.2,1073700,5610,32718888
2021-04-05,30.21,30.61,29.65,30.48,560700,3219,16966463
2021-04-06,30.59,30.69,30.1,30.44,393700,2633,11973131
2021-04-07,30.2,30.71,29.64,29.66,368300,2558,11037378
2021-04-08,29.8,29.8,29.1,29.4,730700,3857,21468293
2021-04-09,29.3,29.75,28.77,29.49,361000,2369,10579088
2021-04-12,29.78,30.01,28.95,29.4,402400,2488,11806408
2021-04-13,29.4,29.91,29.11,29.3,343300,2235,10083096
2021-04-14,29.38,29.64,28.9,28.96,303500,1723,8851876
2021-04-15,28.98,29.85,28.98,29.59,339500,2120,10026749
2021-04-16,29.59,29.82,29.3,29.6,242800,1299,7171148
2021-04-19,29.6,30.58,29.45,30.19,281900,1808,8493103
2021-04-20,30.2,30.58,29.98,30.58,276500,1563,8369006
2021-04-22,30.66,30.76,30.15,30.21,718600,1990,21844516
2021-04-23,30.35,30.5,29.24,29.24,251100,1557,7465103
2021-04-26,29.48,29.87,29.18,29.8,172800,1078,5118264
2021-04-27,29.72,30.07,29.0,29.0,287000,1597,8436090
2021-04-28,29.1,30.24,28.83,29.94,415200,2100,12319984
2021-04-29,30.5,31.72,30.04,30.04,815100,3997,24976972
2021-04-30,30.09,30.37,29.5,29.51,599300,2943,17805736
2021-05-03,29.59,30.55,29.45,30.49,375300,2364,11320709
2021-05-04,30.48,30.65,29.42,29.45,228100,1422,6850143
2021-05-05,29.57,30.04,29.51,29.55,188100,1391,5595982
2021-05-06,29.55,29.61,29.29,29.39,171200,1135,5039533
2021-05-07,29.61,30.18,29.47,29.58,353400,2620,10498892
2021-05-10,29.79,30.42,29.4,30.42,287800,1958,8625708
2021-05-11,30.22,30.24,29.47,29.48,268000,1644,7958125
2021-05-12,29.32,29.53,28.47,28.61,291200,2000,8411484
2021-05-13,28.71,29.9,28.59,29.83,355100,2650,10437712
2021-05-14,29.92,30.17,29.63,29.64,187200,1246,5583007
2021-05-17,29.22,30.18,29.22,30.11,173500,1082,5196127
2021-05-18,30.11,30.39,29.83,30.02,177600,1047,5345664
2021-05-19,29.81,30.21,28.99,29.09,298200,1913,8773346
2021-05-20,29.19,29.44,28.83,29.39,238200,1792,6928622
2021-05-21,29.48,29.48,28.52,28.81,270600,1701,7788102
2021-05-24,28.91,29.0,28.56,28.69,199600,1139,5735788
2021-05-25,28.89,29.14,28.49,28.49,337500,1878,9707335
2021-05-26,28.68,29.85,28.54,29.4,444600,2400,12995297
2021-05-27,29.74,29.92,29.21,29.92,294500,1499,8719798
2021-05-28,29.63,30.25,29.31,30.2,353400,2127,10574845
2021-05-31,30.2,30.69,29.65,29.65,322200,1811,9669187
2021-06-01,30.1,31.91,30.06,31.72,585900,3133,18361423
2021-06-02,31.72,32.34,31.37,31.58,330400,2105,10499563
2021-06-04,31.5,32.2,31.27,32.2,400200,2674,12794164
2021-06-07,32.02,33.48,31.94,33.38,674400,3579,22279023
2021-06-08,33.37,33.37,31.62,31.62,580900,3437,18684141
2021-06-09,31.8,32.64,31.45,32.28,467200,2916,14982145
2021-06-10,32.29,32.39,31.55,32.32,316000,2006,10104765
2021-06-11,32.59,32.59,31.5,31.69,335700,1797,10673438
2021-06-14,31.64,32.38,31.4,31.71,341800,2029,10860354
2021-06-15,31.71,31.73,30.87,31.26,254300,1713,7924544
2021-06-16,31.26,31.26,30.51,30.72,321700,2200,9945263
2021-06-17,30.79,31.29,30.59,30.97,276100,1938,8531246
2021-06-18,30.89,32.8,30.36,32.8,1048200,2442,33492074
2021-06-21,32.58,33.03,32.26,32.34,602900,3148,19636535
2021-06-22,32.44,32.44,31.54,32.0,276500,1304,8809016
2021-06-23,32.05,32.57,31.78,31.85,283800,1360,9099048
2021-06-24,31.85,34.23,31.85,33.85,817100,3940,27560025
2021-06-25,33.85,34.3,32.61,32.61,543800,2604,18079431
2021-06-28,32.71,33.18,32.04,32.1,435300,2025,14098995
2021-06-29,32.15,32.27,30.93,30.93,587900,2623,18490029
2021-06-30,30.82,31.78,30.75,31.78,479700,2173,15069797
2021-07-01,31.92,32.33,31.1,31.36,377500,1997,11878990
2021-07-02,31.65,31.69,31.16,31.51,202900,1222,6375499
2021-07-05,31.51,31.98,31.24,31.34,180100,1001,5702429
2021-07-06,31.3,31.37,30.36,30.89,348500,2052,10767310
2021-07-07,30.88,32.25,30.66,31.95,450200,2500,14254895
2021-07-08,31.48,31.88,31.01,31.34,292600,1476,9205448
2021-07-12,31.71,32.05,31.46,31.68,242300,1359,7689060
2021-07-13,31.77,31.8,31.01,31.07,305900,1806,9580159
2021-07-14,31.4,32.4,31.27,31.66,387700,1931,12393581
2021-07-15,31.63,32.0,31.03,31.26,411000,2201,12913770
2021-07-16,31.48,31.8,31.08,31.31,237100,1391,7435985
2021-07-19,31.03,31.14,30.46,30.56,363300,1682,11153350
2021-07-20,30.63,31.06,30.04,30.33,365500,1714,11151493
2021-07-21,30.8,30.8,30.17,30.49,307400,1536,9345406
2021-07-22,30.6,30.8,30.48,30.5,291300,1581,8915359
2021-07-23,30.45,30.65,29.89,30.14,244100,1661,7371327
2021-07-26,30.06,30.07,29.46,29.71,387800,2027,11520550
2021-07-27,29.71,30.04,28.95,29.1,379900,2340,11120161
2021-07-28,29.3,29.84,29.06,29.45,440800,2935,13009332
2021-07-29,28.12,29.94,28.12,29.87,471500,2472,13778482
2021-07-30,29.72,29.8,28.59,28.71,511000,3228,14976124
2021-08-02,29.16,29.8,28.99,29.48,629100,4544,18563704
2021-08-03,29.25,29.61,28.76,29.22,634400,3560,18434661
2021-08-04,29.19,29.56,28.87,29.09,574200,2643,16779638
2021-08-05,29.1,29.45,28.59,28.59,292600,2081,8497224
2021-08-06,28.59,28.94,28.2,28.2,602400,3593,17240928
2021-08-09,28.2,28.7,28.2,28.24,342200,2763,9752205
2021-08-10,28.25,28.4,27.7,27.9,344900,2372,9695015
2021-08-11,27.81,27.89,27.47,27.65,217000,1273,6004164
2021-08-12,27.66,27.68,26.77,26.79,230400,1421,6241926
2021-08-13,26.81,27.06,26.57,26.7,288000,1464,7703337
2021-08-16,26.62,26.87,25.77,25.81,411100,2808,10714052
2021-08-17,25.66,25.85,24.72,25.03,1324800,5460,33425311
2021-08-18,25.06,25.33,24.91,25.25,586300,3331,14768263
2021-08-19,25.11,26.27,24.82,25.95,719000,3394,18627518
2021-08-20,25.75,26.53,25.73,26.53,433700,3324,11389771
2021-08-23,26.53,26.92,26.28,26.92,295900,2102,7861055
2021-08-24,26.92,27.39,26.82,27.15,279900,1751,7586995
2021-08-25,26.9,27.33,26.71,27.15,266200,1854,7195734
2021-08-26,27.11,27.28,26.66,26.97,323000,2161,8705165
2021-08-27,26.97,27.45,26.9,27.41,141600,941,3863263
2021-08-30,27.35,27.94,27.24,27.51,333200,1994,9178558
2021-08-31,27.52,28.18,26.88,28.18,779600,3157,21432894
2021-09-01,27.89,28.12,27.21,27.51,410800,2098,11279459
2021-09-02,27.45,27.64,27.03,27.08,361100,1766,9884866
2021-09-03,27.02,27.46,26.79,26.93,382300,2386,10377078
2021-09-06,26.87,27.79,26.7,27.79,140600,827,3858396
2021-09-08,27.69,27.69,26.41,26.75,331900,2306,8949049
2021-09-09,26.5,27.11,26.28,26.88,282900,2234,7523373
2021-09-10,27.32,27.9,27.1,27.1,426000,2071,11699332
2021-09-13,27.44,28.28,27.25,28.08,325200,2141,9061881
2021-09-14,28.09,28.8,28.04,28.58,571400,1973,16302509
2021-09-15,28.5,28.91,28.19,28.7,340000,1786,9751798
2021-09-16,28.46,29.36,28.17,28.95,478700,2999,13829527
2021-09-17,28.95,28.95,27.79,27.79,531400,2568,15008473
2021-09-20,27.46,28.18,27.1,27.83,519500,3635,14368990
2021-09-21,27.85,28.14,27.3,28.03,361500,2382,10033770
2021-09-22,28.08,28.44,27.34,27.49,739700,2213,20505816
2021-09-23,27.73,27.75,27.06,27.26,372300,1844,10227468
2021-09-24,27.07,27.5,26.65,27.1,414900,2570,11251304
2021-09-27,27.15,27.15,25.88,26.44,1967000,4207,52362175
2021-09-28,26.31,26.56,25.69,26.15,610400,3739,15992050
2021-09-29,26.26,26.71,26.1,26.29,328000,1632,8650591
2021-09-30,26.59,26.67,25.75,25.92,323600,2208,8439966
2021-10-01,25.85,26.5,25.81,26.41,276600,1667,7266129
2021-10-04,26.42,26.42,25.43,25.89,498500,3604,12897200
2021-10-05,26.0,26.05,25.16,25.16,347600,2120,8880578
2021-10-06,25.02,25.05,24.13,24.51,1227500,5897,30091148
2021-10-07,24.6,25.25,24.32,24.77,2047300,5229,50627183
2021-10-08,24.81,26.64,24.81,26.52,527700,2129,13790623
2021-10-11,26.5,26.74,26.06,26.5,405700,2254,10740589
2021-10-13,26.5,26.87,26.31,26.45,279800,1799,7424525
2021-10-14,26.17,27.09,26.16,26.54,264000,1691,6984305
2021-10-15,26.61,27.4,26.4,27.04,237000,1277,6391775
2021-10-18,26.68,27.25,26.61,27.0,259500,1685,6989313
2021-10-19,27.25,27.25,25.71,25.9,429200,2711,11279411
2021-10-20,26.39,26.49,25.66,25.66,351200,2544,9103607
2021-10-21,25.59,25.59,23.92,24.25,610900,3766,15077812
2021-10-22,24.0,24.11,22.6,22.82,712200,3830,16460771
2021-10-25,23.06,24.68,22.96,24.32,543000,2951,13057684
2021-10-26,24.11,24.18,23.08,23.08,352100,2156,8202854
2021-10-27,23.17,24.11,23.15,23.43,213000,1465,5036765
2021-10-28,23.33,26.76,23.04,25.13,1231300,5423,31591352
2021-10-29,25.23,25.31,23.43,23.43,581500,2960,14069346
2021-11-01,23.68,24.74,23.48,24.16,303700,2016,7375063
2021-11-03,23.86,25.11,23.86,24.55,375400,2376,9261713
2021-11-04,24.61,25.22,23.68,24.0,368400,2644,8969892
2021-11-05,24.31,25.17,24.24,24.87,320200,1860,7907929
2021-11-08,24.41,25.17,24.04,25.0,501400,2881,12340054
2021-11-09,25.05,25.46,24.32,24.32,501500,2910,12384805
2021-11-10,24.46,25.33,24.37,24.95,423600,2163,10548954
2021-11-11,25.0,25.89,25.0,25.35,430000,2487,11034518
2021-11-12,25.34,25.6,24.87,25.05,451600,2266,11374474
2021-11-16,25.05,25.31,23.02,23.38,1595200,3368,38058726
2021-11-17,23.66,24.26,22.51,23.06,1233600,7131,28585221
2021-11-18,23.28,24.02,23.02,23.91,675400,3760,15930639
2021-11-19,23.76,24.95,23.68,23.7,515200,2564,12514197
2021-11-22,23.72,24.34,23.42,23.61,491500,2444,11726289
2021-11-23,24.01,24.01,22.96,23.39,797200,3991,18647352
2021-11-24,23.43,24.29,23.19,23.94,387100,1995,9192809
2021-11-25,23.81,24.81,23.79,24.31,392900,1697,9508199
2021-11-26,23.56,23.79,22.64,23.61,780800,3911,18155752
2021-11-29,23.74,24.18,23.02,23.02,334500,1697,7852148
2021-11-30,23.0,23.06,21.83,22.01,1088900,4162,24283489
2021-12-01,22.36,23.58,21.96,22.08,568300,2826,12960803
2021-12-02,22.3,23.13,22.11,22.8,740000,3419,16726044
2021-12-03,22.8,24.35,22.62,23.2,840700,3988,19766924
2021-12-06,23.19,24.52,23.17,24.43,664200,3363,15852154
2021-12-07,24.54,24.95,23.22,23.29,735600,3645,17598090
2021-12-08,23.11,24.9,22.89,24.7,972100,4324,23504898
2021-12-09,24.52,24.8,23.51,24.06,641400,3513,15410882
2021-12-10,24.18,25.44,24.18,25.34,716600,3639,17928409
2021-12-13,25.31,25.83,24.88,25.02,911900,3810,23138322
2021-12-14,25.35,25.39,24.07,24.4,935000,5537,22877280
2021-12-15,24.02,24.3,23.3,23.65,783700,4230,18512275
2021-12-16,23.48,24.24,23.33,24.24,926100,5001,21990718
2021-12-17,23.75,24.83,23.21,24.8,1046600,5411,25215786
2021-12-20,24.29,24.71,23.61,23.65,1063500,6285,25570637
2021-12-21,23.78,24.13,23.07,23.25,866700,4295,20284744
2021-12-22,23.39,24.1,22.99,23.93,818700,4337,19314083
2021-12-23,23.99,23.99,23.09,23.11,648700,3188,15202922
2021-12-27,23.39,24.18,23.16,24.06,741700,3500,17610999
2021-12-28,23.65,24.69,23.6,24.54,659900,3192,16059973
2021-12-29,24.51,25.04,24.01,24.15,633700,2950,15463195
2021-12-30,24.31,25.29,23.91,25.29,1133700,4946,27927521
