Date,Open,High,Low,Close,Volume,Neg,Fin
2020-02-06,4.94161,5.43327,4.91166,5.14127,21739200,42038,444477112
2020-02-07,5.11631,5.49067,5.04892,5.06639,3117900,7748,64421268
2020-02-10,5.14127,5.14127,4.84178,5.04144,3036700,6239,59974941
2020-02-11,5.07887,5.11381,4.86673,5.04144,3299000,6187,65947788
2020-02-12,5.08387,5.47071,5.06639,5.47071,2389000,3195,49696607
2020-02-13,5.32096,5.6529,5.22612,5.49067,1099200,3122,24225485
2020-02-14,5.49317,5.75772,5.49067,5.5905,1215600,2389,27427702
2020-02-17,5.64292,5.89499,5.64292,5.81512,724500,1821,16902516
2020-02-18,5.81512,6.03974,5.76521,5.89,821600,1983,19359893
2020-02-19,5.92993,5.99981,5.66538,5.98983,1559300,2209,36507628
2020-02-20,6.07718,6.40163,5.83758,6.36419,458100,1669,11207322
2020-02-21,6.21444,6.32176,6.03475,6.13957,1682700,3196,41366101
2020-02-26,5.74025,5.91246,5.25358,5.46572,1964300,6420,43764064
2020-02-27,5.37337,5.37337,5.0065,5.19617,1581500,5795,32986973
2020-02-28,5.13877,5.3584,4.94161,5.31597,1257900,5726,25777898
2020-03-02,5.2386,5.98983,5.20366,5.98983,699500,3041,16244688
2020-03-03,6.0073,6.2394,5.65539,6.11212,819800,3325,19607287
2020-03-04,6.27185,6.35171,5.6529,6.03725,1871000,5216,43971612
2020-03-05,5.93991,5.93991,5.45823,5.49067,910700,2764,20418261
2020-03-06,5.20366,5.20366,4.90167,4.96656,2149200,8248,43081432
2020-03-09,4.14296,4.712,4.14296,4.36758,1052800,4923,18619190
2020-03-10,4.74195,4.94161,4.52232,4.74195,587400,2829,11026255
2020-03-11,4.71699,4.80434,4.37257,4.80434,506900,2174,9350606
2020-03-12,4.14047,4.61716,3.66877,4.01568,290800,677,4872689
2020-03-13,4.90417,4.90417,3.90587,4.37756,1636400,2958,27201724
2020-03-16,3.78357,3.83099,3.43167,3.7686,5484000,2293,82932697
2020-03-17,3.97824,3.97824,3.64631,3.74364,481700,1753,7295534
2020-03-18,3.37427,3.49407,2.78277,2.99491,1238600,1617,14861612
2020-03-19,2.99491,3.19457,2.71289,3.02237,2193600,2584,25115074
2020-03-20,3.16962,3.3568,2.87013,2.89758,708800,2166,8483930
2020-03-23,2.90007,2.90007,2.42588,2.54568,1344500,1329,13559416
2020-03-24,2.8252,3.2944,2.64551,3.2944,869500,4995,10186653
2020-03-25,3.19957,3.74115,3.19957,3.69622,1113600,2853,15657078
2020-03-26,3.74115,4.13797,3.65629,4.08057,399400,1196,6337497
2020-03-27,3.84347,4.43996,3.71369,4.3551,514400,2526,8360827
2020-03-30,4.3551,4.58721,4.1804,4.57972,362500,1939,6392668
2020-03-31,4.57723,4.57972,4.41999,4.49237,328900,1479,5923277
2020-04-01,4.28023,4.44245,3.65629,3.74364,1129800,2713,18019976
2020-04-02,3.86843,3.86843,3.43666,3.60887,1659600,3359,23630968
2020-04-03,3.55646,4.30768,3.33434,4.17291,3887500,2860,55756065
2020-04-06,4.2977,4.44245,4.05561,4.38006,1836600,3245,31009035
2020-04-07,4.61716,4.74195,4.37756,4.63712,2516100,3364,45468985
2020-04-08,4.74195,4.92414,4.43746,4.74444,1618500,2490,30029722
2020-04-09,4.79186,5.12879,4.79186,4.98154,1476400,1673,29500393
2020-04-13,4.99152,5.11381,4.66458,4.66458,2557200,2547,49858566
2020-04-14,4.84178,4.90167,4.70451,4.90167,1018400,1578,19750068
2020-04-15,4.85176,4.99152,4.72697,4.84178,201500,977,3948567
2020-04-16,4.99152,5.01648,4.77938,4.86673,398500,1101,7764055
2020-04-17,5.03645,5.03645,4.68454,4.8293,897900,2775,17466807
2020-04-20,4.78937,5.11881,4.7095,5.11881,902100,3678,17935754
2020-04-22,5.18869,6.19947,5.18619,5.61546,1178600,3754,26759427
2020-04-23,5.74025,5.87003,5.34093,5.49067,421300,2361,9371581
2020-04-24,5.48568,5.62545,5.02896,5.62545,775600,3167,16699477
2020-04-27,5.63792,5.86504,5.48818,5.79017,679800,2973,15453655
2020-04-28,6.03475,6.1246,5.91495,5.91495,1670800,6276,40052244
2020-04-29,5.93991,6.03225,5.83509,5.87752,826300,3249,19552730
2020-04-30,5.87003,5.95239,5.62295,5.68035,1364600,5159,31431186
2020-05-04,5.58551,5.73027,5.37337,5.4757,369000,2342,8138210
2020-05-05,5.51563,5.81512,5.4183,5.56056,580500,3183,13167283
2020-05-06,5.60298,6.05472,5.50814,6.05472,1275700,1943,29670053
2020-05-07,6.15205,6.18949,5.82011,6.08966,480300,2270,11586908
2020-05-08,6.14456,6.14456,5.87253,5.99232,660000,2436,15947509
2020-05-11,5.99232,6.0647,5.86753,5.93991,296300,1806,7054291
2020-05-12,5.93991,6.11461,5.90497,5.92743,312700,1492,7496249
2020-05-13,5.91495,6.11461,5.89499,6.01478,876500,4563,21183891
2020-05-14,5.86504,5.9449,5.69283,5.92743,1102800,3238,25891975
2020-05-15,5.82011,6.05472,5.61796,6.03974,660400,3193,15392074
2020-05-18,6.15205,6.2394,5.94989,6.18949,602000,3653,14695826
2020-05-19,6.15205,6.2419,6.05472,6.2394,789900,2997,19565392
2020-05-20,6.2419,6.45154,6.14456,6.22942,706300,3104,17704458
2020-05-21,6.22942,6.33674,6.14207,6.14207,1000900,4454,24935481
2020-05-22,5.98983,6.19947,5.89,6.11461,721600,3099,17499519
2020-05-25,6.33674,6.40662,6.20197,6.2394,836700,3066,21031695
2020-05-26,6.29431,6.44405,6.182,6.33424,840700,5067,21281357
2020-05-27,6.34173,6.8284,6.34173,6.61377,1159500,5835,30947990
2020-05-28,6.66618,6.80594,6.54139,6.61377,893500,4789,23880724
2020-05-29,6.62125,6.67117,6.1221,6.53889,5396500,11859,138263379
2020-06-01,6.56385,6.78847,6.56385,6.7111,1067700,5644,28641257
2020-06-02,6.86085,6.98813,6.76601,6.98813,2566200,5221,70437852
2020-06-03,7.01309,7.48728,7.01309,7.36249,1107400,6006,32546353
2020-06-04,7.36249,7.40742,7.27015,7.36249,981800,3522,28879099
2020-06-05,7.46732,7.48728,7.26266,7.36249,631500,3309,18712407
2020-06-08,7.42489,7.48728,7.34003,7.4748,1199500,5173,35760266
2020-06-09,7.38496,7.63703,7.2402,7.63703,717100,4588,21402667
2020-06-10,7.73686,7.96647,7.41491,7.49976,776600,4056,23674528
2020-06-12,7.20027,7.5971,6.98813,7.58711,1131700,5272,33453479
2020-06-15,7.48728,8.02387,7.37497,7.93402,881900,4847,27017777
2020-06-16,8.07628,8.1861,7.77929,8.10124,1258000,5079,40155534
2020-06-17,8.02138,8.19608,7.98394,8.16114,816200,4084,26576446
2020-06-18,8.16363,8.47061,8.14367,8.33335,1325000,5651,44206567
2020-06-19,8.56046,8.82251,8.44815,8.56046,5204800,11504,179749878
2020-06-22,8.70272,8.87992,8.36579,8.48559,811500,3393,27808044
2020-06-23,8.58043,9.14696,8.36579,9.0696,992400,4667,34777393
2020-06-24,9.03465,9.03465,8.72518,8.95978,901600,4119,32090419
2020-06-25,8.98474,9.97556,8.98474,9.82831,2259600,8039,86619618
2020-06-26,9.8308,10.59201,9.8308,10.35741,2570600,9745,106598578
2020-06-29,10.35491,10.67936,10.33994,10.63943,1153700,6421,48547341
2020-06-30,10.68186,10.96637,10.65939,10.78169,1290500,6149,55901782
2020-07-01,11.17851,11.94721,10.93143,11.90478,3507500,15679,160565620
2020-07-02,12.35402,12.58113,11.63524,11.78998,2729200,12269,131477057
2020-07-03,11.81743,12.22923,11.81743,12.04454,1097600,4744,53008632
2020-07-06,12.25419,12.3041,11.45055,11.58033,2202800,10250,103655419
2020-07-07,11.58033,11.65021,10.93143,10.97885,2533100,11700,112688624
2020-07-08,11.02877,11.47052,11.0113,11.40064,2231200,6833,100654878
2020-07-09,11.54289,11.81244,11.43807,11.71261,1709100,5765,79631580
2020-07-10,11.7775,12.09196,11.71261,12.05702,1456700,7124,69831797
2020-07-13,12.15685,12.29911,11.77001,11.86734,1280100,5440,61643560
2020-07-14,11.80745,11.97965,11.43058,11.76502,1470400,7396,68821026
2020-07-15,11.91476,12.03955,11.25838,11.45554,1882200,9894,86497262
2020-07-16,11.32327,11.65271,11.04873,11.18101,1219600,6559,55107997
2020-07-17,11.23092,11.37568,11.18101,11.23092,928800,4815,41845893
2020-07-20,11.33076,11.70761,11.3058,11.69264,1268500,6115,58639263
2020-07-21,11.79247,12.03456,11.55537,11.60529,1344800,6271,63153967
2020-07-22,11.62775,11.91476,11.43058,11.84987,1478300,5452,69262746
2020-07-23,11.86235,11.9522,11.25588,11.3033,854500,4272,39455599
2020-07-24,11.29332,11.29332,10.51714,10.98135,1563000,7351,68188486
2020-07-27,11.02877,11.20347,10.81164,10.94391,652300,4139,28684061
2020-07-28,10.90398,10.96637,10.69433,10.8316,557300,2615,24189280
2020-07-29,10.82911,11.57284,10.7717,11.37069,1312100,6153,59194466
2020-07-30,11.26836,11.7725,11.05622,11.71011,691100,3813,31851596
2020-07-31,11.77999,12.19678,11.62775,11.95469,2082200,8544,99134951
2020-08-03,12.19179,12.78079,11.98714,12.4788,2909100,11546,144577373
2020-08-04,12.31408,12.90808,12.07948,12.73088,2063300,6856,103937367
2020-08-05,12.92305,13.35731,12.4788,13.27246,2440100,9848,126565040
2020-08-06,13.30989,13.72668,12.94052,13.62685,2379800,11694,127761311
2020-08-07,13.47711,14.2458,13.40723,13.70173,2168400,10209,120000397
2020-08-10,13.75663,14.05613,13.51954,13.7167,1481900,7800,81941856
2020-08-11,13.70922,13.70922,13.07779,13.4222,2228800,8465,119041931
2020-08-12,13.48959,13.56196,12.73337,12.89809,1245600,6992,64840996
2020-08-13,12.92804,13.5395,12.76582,13.20258,2558400,14574,135451199
2020-08-14,13.07779,13.31488,12.94801,13.25249,911200,4961,48258145
2020-08-17,13.25249,13.67677,12.95799,13.30241,2034900,10587,109037088
2020-08-18,13.32237,14.14847,13.32237,14.00122,1686200,9394,92679956
2020-08-19,14.0137,14.5428,14.0137,14.40054,1795900,10192,103504139
2020-08-20,14.22085,14.41302,13.80655,14.35063,960200,5829,54863122
2020-08-21,14.39305,14.47042,13.99124,14.30071,698700,4798,39896066
2020-08-24,14.47292,14.69504,14.22584,14.55029,912800,5313,52901561
2020-08-25,14.70003,15.22913,14.57025,15.22414,1849900,7946,111181002
2020-08-26,15.27156,16.00781,15.23163,16.00781,3074800,12575,194855615
2020-08-27,16.19499,16.40464,14.76991,15.17423,3830500,20423,236615731
2020-08-28,15.17423,15.40384,14.49538,14.93463,2178600,10394,130401662
2020-08-31,14.97706,15.53112,14.73497,15.33395,1374600,7561,83211464
2020-09-01,15.54859,16.18251,15.4238,16.08518,2121200,12136,135089612
2020-09-02,16.15506,16.68915,16.12012,16.57684,2137400,11825,141527140
2020-09-03,16.66669,17.10595,15.26407,15.30401,4255100,22877,271803147
2020-09-04,15.7183,15.93044,14.14847,15.64842,6212900,24794,376658638
2020-09-08,15.22165,15.69834,14.51784,14.84978,3520300,17480,212432212
2020-09-09,15.17922,15.31648,14.61268,14.76243,1527200,8277,90869973
2020-09-10,14.80236,14.99952,14.15096,14.22334,1555000,7716,90929706
2020-09-11,14.30071,14.83231,13.55448,14.57025,3032400,18037,173844692
2020-09-14,14.8972,15.31399,14.73497,15.23163,1437500,7673,86784801
2020-09-15,15.37638,15.65092,14.87473,15.22414,1571800,9970,96704605
2020-09-16,15.23413,15.47372,15.14677,15.22664,795600,4657,48900762
2020-09-17,14.89969,15.08687,14.64513,14.90468,1045200,6113,62300670
2020-09-18,14.82482,15.02199,14.52533,14.65012,962600,5225,57013952
2020-09-21,14.22584,14.69254,13.91387,14.58023,1128500,7162,65033080
2020-09-22,14.52533,14.96209,14.34563,14.93713,1351200,7235,80055601
2020-09-23,14.93962,15.19918,14.50037,14.53282,1404200,8403,83797674
2020-09-24,14.61518,14.82981,14.19339,14.42799,1334200,7659,77807742
2020-09-25,14.38307,14.47292,14.05113,14.26327,1127700,6777,64367473
2020-09-28,14.44796,14.64263,14.20088,14.31818,938400,5398,54355986
2020-09-29,14.33066,14.45794,14.05113,14.05113,763100,3735,43468900
2020-09-30,14.32567,15.0719,14.07609,14.87723,1747500,8028,102154995
2020-10-01,15.02448,15.97287,14.79487,15.93543,2816800,15373,176260055
2020-10-02,15.72579,16.36221,15.29901,15.59601,2046800,11021,129286884
2020-10-05,15.69584,15.94791,15.22414,15.3639,1086700,6965,67527503
2020-10-06,15.42879,15.57854,14.88971,15.15176,924000,5639,56378832
2020-10-07,15.2516,15.61098,14.94462,15.52363,913900,5096,56064338
2020-10-08,15.61598,15.92295,15.51365,15.6035,951700,5582,59953743
2020-10-09,15.63345,15.99034,15.53861,15.71082,811800,4725,51160561
2020-10-13,15.87304,16.4845,15.86056,16.37469,1476600,8001,96216070
2020-10-14,16.22245,17.40793,16.01031,17.18331,2867800,14905,192992765
2020-10-15,16.93374,17.09097,16.7216,16.82892,1364100,7812,92334650
2020-10-16,16.8988,17.56017,16.76153,17.368,1580900,8378,108985731
2020-10-19,17.49528,17.84469,17.24072,17.44787,1459300,8206,102559125
2020-10-20,17.68496,17.76483,17.08848,17.16335,1182900,7502,82131370
2020-10-21,17.17084,17.75484,17.00362,17.44537,1280700,6916,89985290
2020-10-22,17.69494,17.91956,17.30311,17.50277,827800,5112,58595641
2020-10-23,17.55768,17.74236,17.23822,17.7199,926200,4816,65043144
2020-10-26,17.63754,18.09427,17.24321,17.51026,784700,4938,55547139
2020-10-27,17.61508,17.99943,17.40544,17.4279,916300,5154,64584373
2020-10-28,17.09596,17.09596,16.15506,16.38467,1581500,8830,105327821
2020-10-29,16.19749,17.71491,15.72329,17.62007,2341000,13056,159007362
2020-10-30,17.61009,17.61009,16.75654,17.25819,2084800,11562,143464896
2020-11-03,17.76982,18.58593,17.5427,18.49608,2244600,14160,163369747
2020-11-04,18.76812,19.6042,18.39875,18.46114,2465700,14013,187795289
2020-11-05,18.91787,19.39206,18.74316,19.0751,1593800,9327,122235817
2020-11-06,18.90539,19.23483,18.61089,18.86795,1428000,8658,107692836
2020-11-09,19.31469,19.32717,17.92955,17.96948,2665400,13660,195006761
2020-11-10,18.06931,18.08928,16.56187,16.72409,2495200,13752,171707512
2020-11-11,16.87384,17.41542,16.29482,16.68416,2552600,13318,173149410
2020-11-12,16.84639,17.40544,16.14757,17.04605,2785700,13822,188759357
2020-11-13,17.13839,17.59511,16.86136,17.22075,1930800,10422,133063126
2020-11-16,17.38297,17.50527,16.66669,16.88382,1106300,7212,75046561
2020-11-17,16.73408,16.91377,16.56187,16.78898,1706900,6583,114692527
2020-11-18,16.79897,17.13589,16.59931,16.98615,1330100,5874,90059373
2020-11-19,16.93873,16.93873,16.47701,16.61927,1156300,6341,77236394
2020-11-20,16.64922,16.71661,16.27985,16.3073,823400,4797,54085104
2020-11-23,16.45954,16.47202,15.3664,15.93543,1776400,9849,112496588
2020-11-24,15.94292,16.25489,15.52862,15.93294,2305800,7704,147935304
2020-11-25,15.97037,16.7191,15.92795,16.61178,1584500,6474,104247784
2020-11-26,16.60929,17.06601,16.31229,16.93124,907600,4307,61147624
2020-11-27,17.02109,17.21326,16.80645,16.85138,588500,3469,39988880
2020-11-30,16.87134,17.15836,16.24241,16.50696,1138900,5967,75660973
2020-12-01,16.47202,16.76402,15.7757,16.16754,1915800,11192,123398435
2020-12-02,15.97287,16.24491,15.65092,15.78319,990900,5999,63202691
2020-12-03,15.898,16.04275,15.72829,15.75574,961200,5217,61226544
2020-12-04,16.09766,16.09766,15.55358,15.67338,703500,4204,44442796
2020-12-07,15.76073,16.20997,15.64842,15.72829,976800,4360,62027188
2020-12-08,15.87304,16.00032,15.58603,15.90299,644000,3799,40826099
2020-12-09,15.9975,16.9025,15.9075,15.9225,2542300,9630,166796913
2020-12-10,15.95,16.3,15.2525,16.2075,1973500,11735,124650999
2020-12-11,16.24,16.7175,15.83,15.9,1870800,10008,121738208
2020-12-14,16.2475,17.1225,16.0375,16.775,1898200,9853,126404310
2020-12-15,16.845,17.0825,16.3825,16.7625,972400,5778,64977244
2020-12-16,16.8225,17.07,16.675,16.995,753900,4457,51078081
2020-12-17,16.995,18.1125,16.9875,17.6975,1754100,9436,124359211
2020-12-18,17.6975,18.58,17.575,18.5425,1640200,8211,119970332
2020-12-21,18.0,19.0,17.8275,18.1425,1720800,8432,126915522
2020-12-22,18.3625,18.91,18.3225,18.4625,1417100,7595,105835290
2020-12-23,18.6325,19.265,18.6025,19.225,1581800,5724,120123286
2020-12-28,19.2625,19.875,19.25,19.6925,965700,5060,75572527
2020-12-29,19.78,19.9175,18.8125,18.975,1181500,6388,90754951
2020-12-30,19.1025,20.375,19.0,20.1175,2197600,9839,174886500
2021-01-04,20.25,20.6175,19.85,20.16,2119600,9855,170808537
2021-01-05,20.1625,20.8225,19.695,20.6625,1355000,7673,111069083
2021-01-06,20.39,20.6625,20.0275,20.0275,1042300,5279,85061982
2021-01-07,20.205,20.5,19.64,19.6775,992000,5368,78902181
2021-01-08,19.72,20.23,19.3425,19.7625,1103000,6311,87340732
2021-01-11,20.34,22.2225,20.1,22.0375,3716200,16683,318977794
2021-01-12,22.4075,24.85,22.3625,24.525,4209200,19049,407455600
2021-01-13,25.025,25.775,23.25,25.775,3716400,17759,368102691
2021-01-14,26.0575,27.35,25.3775,27.25,2580300,12386,276201710
2021-01-15,26.9,28.1,26.5,27.07,1916400,9658,209558122
2021-01-18,27.3725,28.3375,27.1275,27.6825,1544000,6108,171110303
2021-01-19,27.7525,27.9375,26.1225,26.2825,1808500,8729,193636771
2021-01-20,26.725,27.485,26.2875,27.35,961900,5272,103691295
2021-01-21,27.5,29.4475,27.5,29.4025,2290300,10998,263082867
2021-01-22,29.14,29.3975,28.4025,28.565,2035300,9311,234381485
2021-01-26,28.9075,30.045,27.7825,27.7825,2321100,11937,267714086
2021-01-27,28.475,28.475,24.525,24.525,3363600,15181,354014166
2021-01-28,24.525,25.9425,23.875,25.9175,2879200,14424,286760282
2021-01-29,25.3875,25.85,25.025,25.555,1091300,5517,111076292
2021-02-01,26.3,27.3,25.9,26.66,5036600,15876,133577210
2021-02-02,27.0,28.35,26.12,27.84,4652100,15252,128043774
2021-02-03,27.75,28.62,27.3,27.7,3508000,10864,98073970
2021-02-04,27.56,29.45,27.02,28.98,4333400,12550,123167342
2021-02-05,29.34,30.25,28.72,29.96,5360000,17554,157816887
2021-02-08,30.15,32.0,30.01,31.99,6007200,21416,187339763
2021-02-09,32.07,33.35,30.6,30.7,8540500,29614,268945383
2021-02-10,30.0,30.33,27.63,27.63,12875400,52367,368956679
2021-02-11,28.06,29.93,26.47,29.29,14976600,51921,428133746
2021-02-12,29.18,29.82,28.47,29.14,6840300,23311,200249936
2021-02-17,28.7,30.05,28.28,30.05,11107200,22097,330131833
2021-02-18,30.5,31.75,30.15,30.53,10590400,42594,327466686
2021-02-19,31.29,35.06,30.93,34.99,21335200,51630,707506825
2021-02-22,33.59,33.99,32.2,32.86,12742800,44522,422885521
2021-02-23,33.1,33.58,30.77,31.46,8180800,27169,259054520
2021-02-24,32.05,32.15,30.49,31.88,7521800,21200,235238941
2021-02-25,32.25,32.75,29.25,29.81,10412700,36188,319974657
2021-02-26,30.2,30.29,27.8,28.78,8530800,24376,245529714
2021-03-01,29.28,29.81,28.08,29.16,6000200,23300,173860550
2021-03-02,29.0,29.5,26.5,27.73,11479400,32521,317480557
2021-03-03,27.73,28.2,25.22,26.21,16107300,36677,422301718
2021-03-04,26.47,28.1,25.56,25.87,12592800,34531,337665951
2021-03-05,26.0,26.25,24.6,25.79,11938200,37294,303558586
2021-03-08,25.02,25.38,22.75,23.07,15312800,39690,367162889
2021-03-09,23.67,24.67,22.6,22.9,12512000,32265,292079083
2021-03-10,23.07,24.24,22.32,23.55,10949100,41063,254456738
2021-03-11,23.9,25.5,23.07,24.23,16720100,34363,402258322
2021-03-12,23.86,24.2,22.42,22.67,13890500,40245,317802621
2021-03-15,22.7,24.04,22.46,23.7,8225300,22646,191371842
2021-03-16,23.75,26.12,23.75,25.2,13796300,41267,348371080
2021-03-17,25.0,25.68,24.3,25.43,10658500,29874,266971544
2021-03-18,25.44,25.44,23.53,23.86,9712000,30313,234768007
2021-03-19,24.11,24.93,23.76,24.17,11339700,22529,275898742
2021-03-22,24.22,25.3,23.85,24.81,5612800,16440,139177206
2021-03-23,24.8,25.45,23.91,24.74,8578000,24260,209759379
2021-03-24,24.95,25.02,23.17,24.1,6012200,17054,145882195
2021-03-25,23.46,24.3,22.86,23.5,8156200,26187,192797672
2021-03-26,23.64,24.02,22.62,23.0,8662900,26392,200585335
2021-03-29,22.76,23.22,21.33,21.49,9336500,21932,206819436
2021-03-30,21.28,23.35,20.9,22.71,9653800,26828,216999748
2021-03-31,22.91,23.77,22.2,22.85,7641900,20883,174352336
2021-04-01,23.5,25.49,23.2,24.01,15547900,37343,377943201
2021-04-05,24.64,24.94,23.75,24.0,6315900,20380,152665686
2021-04-06,24.2,25.94,24.05,25.46,9874100,26744,250301491
2021-04-07,25.67,26.23,24.85,25.76,6700500,18300,171393801
2021-04-08,26.3,27.89,25.94,27.49,11302900,30222,304004498
2021-04-09,27.18,27.35,25.85,26.06,10318500,29241,272620680
2021-04-12,26.19,26.48,25.2,26.17,8414100,25785,216610817
2021-04-13,26.62,27.67,26.2,27.2,11933200,36547,323543634
2021-04-14,27.6,28.1,26.41,26.91,7467600,19243,201766981
2021-04-15,27.0,27.79,26.5,26.75,6908200,19135,187418512
2021-04-16,26.87,27.41,26.63,26.94,3960900,12089,107458619
2021-04-19,27.16,27.6,26.7,27.14,5437600,14714,147861977
2021-04-20,27.28,27.96,27.16,27.44,5610000,16322,154366484
2021-04-22,29.0,29.8,27.71,27.84,16497600,43159,475212074
2021-04-23,28.12,29.41,28.12,28.77,9777500,28306,283058537
2021-04-26,28.9,29.19,28.22,28.8,5185700,16564,149395051
2021-04-27,28.85,29.04,27.53,28.11,3607400,12961,101944084
2021-04-28,28.38,29.48,28.32,28.55,5042500,16570,145165785
2021-04-29,28.82,29.08,28.1,28.9,4185000,13888,120401405
2021-04-30,28.9,29.77,28.65,28.77,21657300,29723,626770147
2021-05-03,28.7,29.39,26.9,28.05,12448300,43795,348383366
2021-05-04,27.73,27.73,26.36,26.61,7460500,26123,199837081
2021-05-05,26.63,27.59,25.98,26.98,6179100,20037,166335057
2021-05-06,26.95,26.98,25.1,25.48,6889300,17708,177812657
2021-05-07,25.96,26.24,24.22,24.81,8865000,21867,222118747
2021-05-10,24.94,24.96,22.95,23.5,16037100,43443,377576717
2021-05-11,22.76,23.73,21.92,23.53,14993200,38746,342933368
2021-05-12,22.87,23.34,22.41,22.98,9065700,23527,207322066
2021-05-13,23.26,23.85,21.9,22.17,13296100,35372,300181392
2021-05-14,22.51,23.0,22.13,22.82,7438000,19810,168641191
2021-05-17,23.4,23.44,22.6,22.77,4662000,13605,106675507
2021-05-18,22.87,23.49,22.58,23.23,5451700,12771,126293099
2021-05-19,22.84,23.35,22.52,23.09,6328400,17569,145451088
2021-05-20,23.03,23.83,22.85,23.43,5347100,14802,125009904
2021-05-21,23.48,24.11,22.91,22.95,5019500,15029,117051105
2021-05-24,23.1,24.85,22.84,24.68,8185500,27273,198806662
2021-05-25,24.97,25.4,24.17,24.17,7155800,21265,176096549
2021-05-26,24.33,25.81,24.33,25.8,10942300,26461,278920338
2021-05-27,25.94,26.75,25.5,26.24,8465700,24469,221923624
2021-05-28,25.9,26.45,25.64,26.18,4632000,12415,120842498
2021-05-31,26.16,26.45,25.25,26.16,5041100,14339,130277194
2021-06-01,26.35,26.41,24.48,24.71,13127600,36429,327860288
2021-06-02,24.9,25.14,23.9,23.93,9442000,22076,230000630
2021-06-04,23.96,24.55,23.51,24.29,8549800,19876,206931431
2021-06-07,24.29,24.39,23.84,23.92,3941400,12254,94858395
2021-06-08,23.93,24.36,23.75,23.95,5550300,12503,133194970
2021-06-09,24.11,24.84,23.9,24.65,5862100,15908,143363725
2021-06-10,24.84,26.33,24.35,26.03,11470200,35222,293731518
2021-06-11,26.08,26.33,25.06,25.16,4324200,15328,110458814
2021-06-14,25.26,27.06,25.26,26.73,9403800,26708,249665402
2021-06-15,26.92,27.61,25.74,26.06,7731300,24248,204138500
2021-06-16,26.26,27.03,25.8,26.1,9556700,33408,251979088
2021-06-17,25.97,27.5,25.41,27.35,8969200,24073,240907609
2021-06-18,27.34,27.84,26.77,27.09,10326900,25746,280716260
2021-06-21,27.57,28.27,27.35,27.92,8507600,21514,236830007
2021-06-22,27.94,28.17,27.11,27.8,5413900,20868,149698142
2021-06-23,27.78,28.12,27.14,27.76,4558600,13987,125995519
2021-06-24,27.85,28.35,26.83,27.08,7328000,20307,200128709
2021-06-25,27.15,27.46,25.86,26.31,6463300,19981,170392068
2021-06-28,26.44,27.62,26.36,27.08,7881800,22595,214333453
2021-06-29,27.21,28.26,26.37,27.65,9230100,21675,254297986
2021-06-30,27.45,27.51,26.67,27.06,7633100,18270,206131137
2021-07-01,27.07,27.23,25.93,26.11,6908600,20588,181545725
2021-07-02,26.31,27.06,26.16,26.8,5557300,12887,148915086
2021-07-05,27.08,27.08,25.95,26.07,5525200,12162,144397343
2021-07-06,25.9,26.03,25.08,25.38,5539600,20417,140814858
2021-07-07,25.99,26.66,25.84,26.16,7258400,20560,190803607
2021-07-08,25.93,25.93,24.83,25.23,8563300,27137,216425933
2021-07-12,25.34,26.04,25.05,25.81,6726100,15453,172496508
2021-07-13,25.61,26.42,25.32,26.23,3822500,11898,99310648
2021-07-14,26.5,27.22,25.6,26.05,8595400,23363,227101568
2021-07-15,25.96,26.46,25.67,25.96,3804600,11092,98793554
2021-07-16,25.96,26.54,25.55,26.0,3984800,11382,103712570
2021-07-19,25.49,26.55,24.9,26.36,7256700,19003,187791052
2021-07-20,26.36,26.75,25.85,26.49,5376300,12844,141544725
2021-07-21,26.41,26.8,26.25,26.4,4014100,13488,106299317
2021-07-22,26.44,28.05,26.44,27.85,12153700,29821,335328983
2021-07-23,27.83,28.24,27.23,27.63,4041900,13304,111673027
2021-07-26,27.65,27.83,26.92,27.23,5653100,14816,153749117
2021-07-27,26.91,27.13,25.85,26.16,6954600,17854,182476158
2021-07-28,26.17,26.59,25.51,25.87,6300600,20318,163208431
2021-07-29,25.87,26.15,25.31,25.55,4039500,13582,103259610
2021-07-30,25.31,25.69,24.67,24.91,5040500,15933,126441204
2021-08-02,25.26,25.68,25.06,25.28,3985600,15629,100984353
2021-08-03,25.81,25.98,24.36,25.36,5773900,20280,145209438
2021-08-04,25.1,25.42,24.85,25.19,3492800,13703,87844034
2021-08-05,25.32,25.87,25.25,25.6,4314600,15524,110456343
2021-08-06,25.53,25.78,25.02,25.55,4504800,16996,114517539
2021-08-09,25.56,26.28,25.25,25.94,5685000,20879,146985064
2021-08-10,25.97,26.48,25.65,25.69,4108900,14770,106573293
2021-08-11,25.74,25.9,25.18,25.72,7034100,16810,179777298
2021-08-12,25.82,26.19,25.0,25.09,9073800,25330,230974169
2021-08-13,25.01,25.26,23.94,24.85,7768100,25681,191466967
2021-08-16,24.5,24.64,23.6,23.75,9362300,38344,224068376
2021-08-17,23.51,23.51,21.56,22.11,13538300,41288,304370285
2021-08-18,22.27,23.09,21.35,22.6,13228900,45793,296975144
2021-08-19,21.56,24.5,21.56,24.36,10169800,33705,238635422
2021-08-20,23.94,25.1,23.76,24.9,6951500,24136,171352226
2021-08-23,24.92,25.05,24.3,24.51,4394100,17453,108309963
2021-08-24,24.85,25.32,24.6,24.67,4398500,15510,109216075
2021-08-25,24.8,25.11,24.36,24.97,5094100,18306,125572027
2021-08-26,24.98,25.65,24.35,24.39,5868700,19960,146286552
2021-08-27,24.37,25.05,24.14,24.87,3157600,12672,77929692
2021-08-30,24.8,25.21,24.55,24.77,2157800,10144,53602869
2021-08-31,24.87,25.04,23.95,24.49,5526100,16557,136089835
2021-09-01,24.55,25.83,24.33,24.81,6292500,25804,158521608
2021-09-02,24.68,25.06,24.18,24.22,5233400,20630,128694463
2021-09-03,24.5,24.86,23.41,23.98,5867700,18043,140788545
2021-09-06,23.9,24.78,23.64,24.51,2904300,10219,70444355
2021-09-08,24.34,24.34,22.23,22.55,7296400,27182,168728601
2021-09-09,22.55,23.48,22.23,23.12,4928500,17450,112023382
2021-09-10,23.62,23.8,22.59,22.76,4921600,17794,113653329
2021-09-13,23.01,23.64,22.84,23.4,4198000,14794,98053597
2021-09-14,23.48,25.59,23.47,25.32,12007500,35587,299724812
2021-09-15,25.27,25.43,24.32,24.86,5792800,19118,143932213
2021-09-16,24.72,24.72,23.81,24.08,4220500,15922,101761973
2021-09-17,24.06,24.51,23.3,24.24,7563500,16565,182023529
2021-09-20,23.76,23.94,22.76,22.96,3817000,17365,88539512
2021-09-21,23.22,23.45,22.65,23.2,3258300,13851,75447079
2021-09-22,23.43,24.06,23.21,23.4,3945200,15486,92910888
2021-09-23,23.65,24.5,23.35,23.64,4766100,18983,113475432
2021-09-24,23.31,24.01,23.18,23.72,4084000,21254,96720965
2021-09-27,23.74,23.77,22.47,23.0,7991500,26102,182027977
2021-09-28,22.54,22.66,21.61,21.93,8687200,30025,191245622
2021-09-29,22.2,22.49,21.8,21.82,5162200,20177,113508259
2021-09-30,22.05,23.07,21.67,22.88,8421200,25624,189291601
2021-10-01,22.88,23.5,22.64,23.36,6159600,30181,142346568
2021-10-04,23.2,23.22,22.31,22.83,4096400,16105,92970295
2021-10-05,23.25,23.36,22.3,22.4,5508200,16320,123918255
2021-10-06,21.9,21.97,20.95,21.4,11786400,26435,252295617
2021-10-07,21.7,21.83,21.1,21.32,4499300,15894,95941979
2021-10-08,21.36,22.7,21.36,22.15,4205900,18986,93490623
2021-10-11,22.07,22.37,21.42,21.5,4515600,17685,98305397
2021-10-13,21.49,22.08,21.32,21.72,7798300,25598,169284357
2021-10-14,21.88,22.64,21.48,22.34,4049000,14181,88762512
2021-10-15,22.45,22.52,21.77,22.05,3773700,10328,83094484
2021-10-18,21.58,23.41,21.3,22.99,4953900,13017,110692645
2021-10-19,22.68,22.68,21.1,21.37,7827900,27925,170384604
2021-10-20,21.46,22.86,21.39,22.48,8770900,28421,195335728
2021-10-21,21.79,22.7,21.53,22.15,7537000,23575,166645580
2021-10-22,21.55,22.2,19.53,20.18,19306700,66075,393072808
2021-10-25,20.35,21.52,19.95,20.94,8533800,29330,178086951
2021-10-26,20.55,20.83,19.45,19.67,6977700,24837,138493252
2021-10-27,19.74,20.79,19.47,20.4,6275300,19068,127671767
2021-10-28,19.99,20.91,19.81,20.0,5956400,18174,121211799
2021-10-29,20.2,20.2,18.3,18.3,6245900,19113,118878069
2021-11-01,18.6,19.2,18.44,18.63,5561700,10897,103920632
2021-11-03,18.61,20.4,18.43,20.32,8044100,29920,158413806
2021-11-04,20.17,21.68,20.07,20.62,5823700,23644,121584953
2021-11-05,21.08,22.39,20.67,22.05,5377200,19935,115517975
2021-11-08,22.05,22.59,21.3,21.35,3824300,12271,83415967
2021-11-09,21.51,22.26,21.15,21.72,3995800,12491,87071519
2021-11-10,21.62,22.07,20.87,21.0,4432300,17549,94803389
2021-11-11,21.0,21.5,19.04,20.9,9753500,29748,200040972
2021-11-12,21.1,21.26,18.84,19.1,7980800,20089,156218370
2021-11-16,19.16,19.43,16.22,16.85,19063000,46194,329043987
2021-11-17,16.97,17.48,15.26,15.26,19219500,37948,306588628
2021-11-18,15.35,15.9,14.87,15.72,20238300,30826,313322989
2021-11-19,15.71,16.26,14.96,15.05,10818600,25389,168151799
2021-11-22,15.29,15.29,13.56,13.66,11334800,28960,160624809
2021-11-23,13.67,13.86,12.12,13.21,25637500,49184,331574728
2021-11-24,13.09,14.56,13.0,13.85,19116400,40684,264721561
2021-11-25,14.06,14.6,13.85,14.31,8169300,22779,116817997
2021-11-26,13.72,14.68,13.38,13.74,8155000,22875,113428079
2021-11-29,14.11,14.9,13.95,14.67,6737000,17947,98030775
2021-11-30,14.5,14.55,12.94,13.19,11912200,19873,160307185
2021-12-01,13.68,13.94,11.81,11.88,16944300,33368,213928132
2021-12-02,12.05,12.64,11.34,11.74,14026400,33632,167992988
2021-12-03,11.81,13.12,11.81,12.75,16293700,30352,207194040
2021-12-06,12.9,12.96,12.2,12.92,8840500,19567,111598132
2021-12-07,13.23,13.92,13.02,13.82,10361400,18323,140687741
2021-12-08,13.81,14.96,13.26,14.55,11237900,21177,161427897
2021-12-09,14.28,14.5,13.6,13.8,9067500,18277,127345886
2021-12-10,14.0,14.96,13.92,14.86,6134800,16971,89479956
2021-12-13,15.01,15.9,14.63,14.85,9188200,23775,140026639
2021-12-14,15.0,15.16,13.13,13.2,11118100,23823,152639657
2021-12-15,13.2,13.97,12.54,13.84,12039000,27546,160828087
2021-12-16,14.0,14.37,13.48,13.55,7527100,19645,103682957
2021-12-17,13.19,13.82,12.91,13.74,6359500,17902,85294846
2021-12-20,13.21,13.48,12.69,12.76,5782200,15819,74766099
2021-12-21,13.03,13.65,12.85,13.59,7134600,17988,94850556
2021-12-22,13.47,13.95,13.17,13.5,7976400,18497,107706976
2021-12-23,13.59,14.03,13.04,13.48,6690900,16196,90169766
2021-12-27,13.52,13.85,12.96,13.21,5048300,15711,66822455
2021-12-28,13.26,13.76,12.75,12.9,4090400,12085,53672189
2021-12-29,12.98,13.19,12.39,12.51,4765800,11368,60513508
2021-12-30,12.59,13.43,12.59,13.16,6079900,16131,79912346
