Date,Open,High,Low,Close,Volume,Neg,Fin
2021-04-16,17.26,17.35,16.33,16.8,9010800,18150,152113520
2021-04-19,16.88,17.0,16.16,16.19,3070300,4809,50170287
2021-04-20,16.3,16.49,15.94,16.27,2405100,2334,38971509
2021-04-22,16.3,16.58,15.9,15.99,1416000,2859,22920688
2021-04-23,16.13,16.25,15.19,15.45,4021900,6058,62368093
2021-04-26,15.52,15.55,15.11,15.33,1398500,2453,21326131
2021-04-27,15.4,15.74,15.1,15.68,1323800,2432,20374707
2021-04-28,15.68,16.15,15.5,16.1,916000,1678,14629114
2021-04-29,16.11,16.3,16.01,16.28,721500,811,11671877
2021-04-30,16.3,16.39,15.9,16.2,1357100,2856,21762013
2021-05-03,16.3,16.3,15.4,15.7,1437000,1470,22664891
2021-05-04,15.87,15.97,15.3,15.35,1559500,2361,24028914
2021-05-05,15.57,15.78,15.36,15.7,287900,879,4506922
2021-05-06,15.7,15.89,15.45,15.89,363300,1288,5713002
2021-05-07,15.89,16.1,15.65,15.8,373300,400,5909351
2021-05-10,15.8,16.0,15.3,15.65,521500,1938,8087937
2021-05-11,15.65,15.8,15.5,15.76,362100,727,5672430
2021-05-12,15.76,15.92,15.65,15.76,736000,934,11645017
2021-05-13,15.77,16.1,15.75,15.75,1090400,561,17304717
2021-05-14,15.9,16.64,15.81,16.56,1551600,2376,25379548
2021-05-17,16.54,16.54,16.02,16.2,153200,559,2487460
2021-05-18,16.11,16.31,15.96,16.0,164800,675,2659762
2021-05-19,16.01,16.04,15.66,15.85,164700,253,2611390
2021-05-20,15.67,15.9,15.58,15.86,101400,363,1598397
2021-05-21,15.9,16.02,15.8,15.89,151000,555,2400504
2021-05-24,15.94,16.22,15.6,16.18,287300,1223,4590458
2021-05-25,16.01,16.15,15.65,15.74,487000,1111,7674684
2021-05-26,15.94,16.09,15.47,15.56,2650900,2430,41540705
2021-05-27,15.69,15.9,15.45,15.48,645300,1257,10060128
2021-05-28,15.64,16.05,15.58,16.05,519900,1137,8211427
2021-05-31,16.5,16.51,16.1,16.38,466400,2388,7596385
2021-06-01,16.61,16.86,15.93,16.06,901800,4456,14546183
2021-06-02,16.06,16.26,15.82,16.0,580700,2919,9276295
2021-06-04,16.24,16.24,15.9,16.05,214900,751,3442675
2021-06-07,16.13,16.15,15.65,15.79,933700,2259,14677858
2021-06-08,15.92,15.92,15.56,15.7,206700,748,3241544
2021-06-09,15.72,15.79,15.32,15.43,392700,1994,6054818
2021-06-10,15.44,15.52,15.33,15.46,154500,446,2382574
2021-06-11,15.56,15.69,15.35,15.46,170100,661,2636277
2021-06-14,15.5,15.5,15.25,15.25,213800,666,3276872
2021-06-15,15.34,15.39,15.15,15.22,183800,684,2803900
2021-06-16,15.3,15.36,15.16,15.36,200000,1068,3054463
2021-06-17,15.36,15.95,15.34,15.79,1197100,3275,18744346
2021-06-18,15.99,15.99,15.53,15.86,344500,1333,5437163
2021-06-21,15.96,16.28,15.51,16.28,453600,1384,7248495
2021-06-22,16.29,16.44,16.07,16.19,266900,933,4343482
2021-06-23,16.19,16.32,15.98,16.3,206300,829,3339982
2021-06-24,16.36,16.54,16.29,16.54,663000,3147,10875783
2021-06-25,16.51,16.59,16.35,16.5,627900,1231,10355371
2021-06-28,16.49,16.86,16.38,16.86,411000,1348,6837533
2021-06-29,16.86,16.86,16.34,16.5,380700,1037,6298759
2021-06-30,16.46,16.78,16.4,16.78,813800,3379,13485042
2021-07-01,16.88,16.93,16.23,16.25,434400,1673,7096908
2021-07-02,16.4,16.57,16.28,16.4,431900,530,7054421
2021-07-05,16.57,16.91,16.0,16.07,528400,1549,8639954
2021-07-06,16.2,16.6,16.03,16.6,888900,2545,14531370
2021-07-07,17.5,17.73,17.1,17.65,4765500,8071,83462715
2021-07-08,17.4,18.44,17.4,18.0,3705900,6214,66443519
2021-07-12,18.04,18.94,17.72,18.85,2435300,2786,44702027
2021-07-13,18.73,19.0,18.68,18.8,2832800,1443,53560901
2021-07-14,18.89,18.95,18.51,18.8,494900,2057,9290845
2021-07-15,18.79,19.1,18.35,18.83,1174300,2768,22125523
2021-07-16,18.67,19.04,18.52,18.89,630600,2529,11813613
2021-07-19,18.64,18.9,18.45,18.78,618000,1609,11547852
2021-07-20,18.81,18.87,18.03,18.55,376300,1380,6994601
2021-07-21,18.59,18.78,18.07,18.5,571400,1814,10587588
2021-07-22,18.41,19.11,18.41,19.08,653800,1775,12395464
2021-07-23,19.08,19.3,18.81,19.15,373200,1204,7118845
2021-07-26,19.24,19.43,18.91,19.12,664500,1225,12790220
2021-07-27,19.0,19.1,18.12,18.5,600100,1546,11025870
2021-07-28,18.56,18.6,17.83,18.43,587100,1562,10666782
2021-07-29,18.39,18.89,18.17,18.86,350400,1022,6543172
2021-07-30,18.66,18.99,18.21,18.59,603800,1826,11209788
2021-08-02,18.82,18.88,18.44,18.52,322600,875,5994364
2021-08-03,18.57,18.8,17.9,18.48,243200,1136,4483117
2021-08-04,18.36,18.47,17.86,18.11,462800,2640,8398101
2021-08-05,18.3,18.32,17.73,17.73,234500,1192,4201105
2021-08-06,17.73,17.9,17.21,17.21,268600,1261,4663384
2021-08-09,17.05,17.48,17.02,17.48,347800,1932,6006706
2021-08-10,17.48,17.53,17.2,17.35,399200,2267,6940403
2021-08-11,17.19,17.33,17.01,17.23,207400,890,3548059
2021-08-12,17.09,18.35,17.09,18.02,1245100,4423,22330894
2021-08-13,18.02,19.32,18.02,19.32,1214600,2900,23009272
2021-08-16,19.32,19.86,19.01,19.86,845400,4216,16422065
2021-08-17,19.84,19.84,19.07,19.59,557600,2638,10872026
2021-08-18,19.59,20.2,19.23,20.17,1310200,2352,25725148
2021-08-19,19.94,20.99,19.64,20.97,678900,2031,13829341
2021-08-20,20.6,21.29,20.43,21.19,529700,1953,11156321
2021-08-23,21.2,21.51,20.8,21.05,332500,2025,7018775
2021-08-24,21.27,21.6,21.0,21.2,234000,1158,4978210
2021-08-25,21.35,21.79,21.21,21.5,851300,2866,18269038
2021-08-26,21.28,21.46,21.13,21.3,654500,1469,13915633
2021-08-27,21.01,21.56,20.6,21.55,897200,5363,19017069
2021-08-30,21.43,21.77,20.84,21.2,536200,2399,11308242
2021-08-31,20.98,21.32,20.76,21.15,631400,3197,13270173
2021-09-01,21.24,21.69,21.06,21.3,708600,2647,15099801
2021-09-02,21.16,21.41,20.73,20.73,215700,1116,4535375
2021-09-03,20.85,20.95,20.05,20.3,304500,1830,6206389
2021-09-06,20.49,20.85,20.04,20.45,119500,742,2431755
2021-09-08,20.12,20.2,19.43,19.8,399500,1906,7921473
2021-09-09,19.8,19.88,19.05,19.64,485300,2879,9470062
2021-09-10,19.7,19.7,19.02,19.02,339600,2203,6559756
2021-09-13,19.16,19.24,18.73,18.76,836400,2970,15819447
2021-09-14,18.81,19.18,18.77,19.0,420800,2295,7981941
2021-09-15,18.83,19.01,18.41,19.0,613100,2104,11575817
2021-09-16,18.84,19.2,18.5,19.2,398800,1943,7522672
2021-09-17,19.2,19.26,18.48,18.93,737100,2783,13863541
2021-09-20,18.58,18.68,17.76,18.4,400700,1844,7282684
2021-09-21,18.73,18.73,18.17,18.6,260600,1542,4829776
2021-09-22,18.84,18.91,18.24,18.79,490300,2760,9134850
2021-09-23,18.79,18.8,18.41,18.8,283000,1102,5291881
2021-09-24,18.62,19.06,18.32,19.0,403900,2229,7591988
2021-09-27,19.01,19.45,18.86,19.45,669600,2344,12887117
2021-09-28,19.28,19.33,18.84,19.15,1423300,2938,27109624
2021-09-29,19.23,19.23,18.72,18.8,491600,3031,9292181
2021-09-30,18.8,18.9,18.1,18.4,664000,3189,12197931
2021-10-01,18.66,18.66,17.9,17.94,479300,1862,8639678
2021-10-04,18.0,18.0,16.61,16.61,534800,2422,9081148
2021-10-05,16.65,17.33,16.52,17.1,1341500,5106,22738207
2021-10-06,17.01,17.01,16.19,16.3,596400,2839,9780059
2021-10-07,16.48,16.53,15.82,16.22,744300,3466,11956254
2021-10-08,16.21,16.62,15.99,16.32,758000,3455,12378899
2021-10-11,16.52,16.52,15.98,16.15,345100,1814,5580761
2021-10-13,16.25,16.36,15.9,16.15,451200,2525,7276418
2021-10-14,16.2,16.4,16.04,16.4,383200,2171,6204119
2021-10-15,16.4,17.22,16.16,17.22,603700,2701,10202065
2021-10-18,16.95,17.46,16.72,17.4,608200,3438,10461380
2021-10-19,17.15,17.2,16.06,16.3,869600,4442,14313397
2021-10-20,16.3,16.56,15.95,16.4,574000,3789,9338365
2021-10-21,16.0,16.31,15.2,15.4,926100,3917,14478533
2021-10-22,15.24,15.4,14.38,15.4,466800,2515,7006007
2021-10-25,15.4,16.14,15.25,15.95,621400,3640,9787334
2021-10-26,15.81,15.81,15.0,15.35,485000,2319,7401094
2021-10-27,15.4,15.65,15.16,15.65,220600,937,3421187
2021-10-28,15.52,15.65,14.88,15.13,396100,1738,6010780
2021-10-29,15.31,15.31,14.45,14.63,672300,3467,9829418
2021-11-01,14.68,14.95,14.27,14.91,710700,2161,10460857
2021-11-03,14.7,15.88,14.7,15.79,347200,1872,5407581
2021-11-04,15.69,16.25,15.5,15.88,775700,3862,12316657
2021-11-05,16.06,16.4,15.84,16.4,718200,2746,11659554
2021-11-08,16.29,16.36,15.95,16.1,611200,2483,9869201
2021-11-09,16.12,16.68,16.12,16.59,602000,2715,9908263
2021-11-10,16.7,16.7,15.7,15.7,1676800,4395,26642321
2021-11-11,15.87,16.4,15.82,16.15,490100,2327,7914040
2021-11-12,16.21,16.44,15.86,15.94,449800,1841,7234851
2021-11-16,16.09,16.39,15.84,16.39,517700,3117,8317288
2021-11-17,16.39,16.49,15.28,15.58,496400,3707,7748999
2021-11-18,15.58,16.0,15.53,16.0,197300,1226,3122018
2021-11-19,15.8,16.22,15.58,15.58,315500,1872,4974371
2021-11-22,15.65,16.12,15.24,15.99,796000,4453,12523968
2021-11-23,15.84,15.98,15.28,15.28,323200,1875,5012909
2021-11-24,15.5,15.5,15.02,15.05,284400,1964,4314629
2021-11-25,15.15,15.41,15.0,15.02,311300,1990,4713569
2021-11-26,14.7,15.02,14.5,14.6,415400,2184,6149020
2021-11-29,14.81,15.34,14.78,15.3,518800,2932,7867195
2021-11-30,15.26,15.62,14.44,14.44,2264100,5689,33125920
2021-12-01,14.69,14.83,13.78,13.97,771900,3930,10929900
2021-12-02,14.15,14.67,13.85,14.46,1369900,3169,19618290
2021-12-03,14.55,15.51,14.52,15.5,573300,3629,8796219
2021-12-06,15.58,16.25,15.41,16.25,783200,5095,12526759
2021-12-07,16.3,16.62,15.9,16.62,441400,2591,7240441
2021-12-08,16.67,17.36,16.39,17.23,966300,5206,16463152
2021-12-09,17.06,17.46,16.87,17.3,638400,3843,11033792
2021-12-10,17.12,17.44,16.9,17.0,645200,2178,10995410
2021-12-13,16.9,17.08,16.66,16.7,403100,2414,6790427
2021-12-14,16.7,17.0,15.91,15.91,390800,2407,6415029
2021-12-15,15.86,16.08,15.03,15.15,891400,5186,13712088
2021-12-16,15.22,15.77,15.02,15.24,1109600,5673,16954577
2021-12-17,15.25,15.45,14.85,15.05,3146900,3803,47469223
2021-12-20,14.87,15.34,14.54,14.75,667700,2108,9830292
2021-12-21,14.79,15.01,14.55,14.97,286900,1031,4236656
2021-12-22,15.0,15.13,13.16,13.2,1978500,6731,26950087
2021-12-23,13.4,13.55,12.78,12.98,797600,3964,10426577
2021-12-27,13.12,13.19,12.88,13.0,572500,2931,7442553
2021-12-28,13.09,13.09,12.54,12.93,529100,2741,6760285
2021-12-29,12.95,13.16,12.66,13.01,596600,3085,7735124
2021-12-30,13.21,14.0,13.1,13.5,2231600,5086,30312567
