Date,Open,High,Low,Close,Volume,Neg,Fin
2021-02-05,26.0,28.33,24.71,26.4,13274300,33922,347089123
2021-02-08,26.55,27.0,25.0,25.12,2325700,7555,58936682
2021-02-09,25.0,26.4,22.71,26.4,2560200,9736,62178599
2021-02-10,25.87,26.12,23.7,23.81,1907900,9211,46474705
2021-02-11,23.85,24.34,22.56,22.56,1219100,4990,28257648
2021-02-12,22.55,22.55,21.31,21.55,1050700,4053,22617690
2021-02-17,21.55,21.55,20.66,21.0,764700,2719,16074507
2021-02-18,21.0,21.0,20.2,20.86,280200,853,5783562
2021-02-19,20.86,23.01,20.37,23.01,669600,1994,14948550
2021-02-22,22.0,23.23,21.74,23.17,333100,1416,7517750
2021-02-23,23.27,24.67,22.84,23.8,595200,1594,13968743
2021-02-24,23.6,25.39,23.2,24.4,686800,1322,16869884
2021-02-25,24.4,24.99,23.42,24.48,299000,1013,7271844
2021-02-26,24.49,24.71,23.18,24.0,394500,794,9573167
2021-03-01,24.5,25.0,23.33,23.33,412600,1049,9876998
2021-03-02,23.97,24.05,22.09,23.99,460100,1241,10648593
2021-03-03,23.66,24.72,22.4,22.4,689000,2437,15745351
2021-03-04,22.8,25.25,22.15,23.5,687100,3035,16056978
2021-03-05,23.8,24.39,22.42,22.8,920400,3719,21045174
2021-03-08,22.11,22.85,20.54,21.34,353500,1495,7619933
2021-03-09,21.5,21.86,20.72,21.4,100400,356,2146941
2021-03-10,22.0,22.26,21.09,21.85,111100,553,2427813
2021-03-11,21.88,21.97,20.98,21.8,410100,948,8832660
2021-03-12,21.77,22.35,21.28,21.65,139200,677,3047548
2021-03-15,22.3,22.48,21.7,21.8,65300,320,1428731
2021-03-16,22.4,23.0,21.92,23.0,308500,887,6899648
2021-03-17,23.0,24.42,22.5,24.42,154700,861,3633271
2021-03-18,24.5,24.57,23.52,23.74,258900,1238,6221694
2021-03-19,23.69,24.13,22.84,23.6,909600,1923,21388510
2021-03-22,23.1,23.69,23.1,23.3,59100,324,1385592
2021-03-23,22.99,23.75,22.73,23.75,59800,286,1398144
2021-03-24,23.46,24.0,23.0,23.0,97300,417,2277228
2021-03-25,22.85,23.3,22.4,23.15,148500,711,3386981
2021-03-26,22.7,24.22,22.44,23.59,82500,483,1902050
2021-03-29,23.2,23.44,22.75,23.15,93400,307,2151679
2021-03-30,23.0,23.42,22.8,23.13,104500,471,2415693
2021-03-31,22.99,23.2,21.7,22.0,404800,1519,8945708
2021-04-01,22.49,22.6,21.65,22.26,136500,671,3050100
2021-04-05,21.97,22.26,21.32,21.35,226300,1157,4855978
2021-04-06,21.32,21.35,20.86,20.86,66300,313,1397778
2021-04-07,20.98,21.59,20.45,21.45,171900,963,3592034
2021-04-08,21.65,21.85,20.99,21.6,160200,855,3458638
2021-04-09,21.45,21.47,20.87,20.99,180600,721,3796885
2021-04-12,21.05,21.34,20.55,21.0,124200,652,2587435
2021-04-13,21.1,21.1,20.6,20.78,110600,869,2297684
2021-04-14,20.99,20.99,20.6,20.84,129800,644,2699862
2021-04-15,20.99,20.99,20.26,20.39,240000,1273,4916265
2021-04-16,20.38,20.64,19.47,19.9,395400,2417,7956593
2021-04-19,20.32,20.93,19.69,20.78,164700,1141,3374036
2021-04-20,20.31,20.9,20.1,20.65,256400,720,5199112
2021-04-22,20.48,20.84,20.25,20.45,165500,991,3382340
2021-04-23,20.49,20.8,20.31,20.55,205500,1241,4229198
2021-04-26,20.51,21.3,20.43,21.24,82300,432,1729611
2021-04-27,20.95,21.79,20.89,21.79,146100,735,3129628
2021-04-28,21.79,22.88,21.19,22.83,142100,866,3162230
2021-04-29,22.83,22.98,22.14,22.7,139500,911,3156364
2021-04-30,22.64,23.0,21.72,21.8,421300,805,9250412
2021-05-03,21.8,21.91,21.1,21.1,56300,247,1200505
2021-05-04,21.01,21.49,20.63,20.63,54700,300,1143880
2021-05-05,20.63,21.25,20.6,20.97,85100,394,1784304
2021-05-06,20.97,21.08,20.45,20.45,90600,568,1874173
2021-05-07,20.45,20.76,19.69,20.4,93100,360,1882448
2021-05-10,20.61,20.61,19.77,19.99,250500,663,5024779
2021-05-11,19.77,20.5,19.77,20.0,96800,431,1937312
2021-05-12,20.0,20.21,19.01,19.18,93400,405,1814989
2021-05-13,19.03,19.38,18.1,18.26,223500,1201,4143553
2021-05-14,18.31,18.55,17.72,18.46,436400,1132,7868958
2021-05-17,18.45,18.45,17.53,17.58,111100,667,1973011
2021-05-18,17.82,17.82,16.93,16.96,251700,1748,4327599
2021-05-19,16.95,17.3,16.71,17.3,208900,1270,3579171
2021-05-20,17.56,17.6,17.09,17.09,96000,462,1655945
2021-05-21,17.04,17.28,16.8,17.0,65900,353,1125401
2021-05-24,16.75,17.49,16.5,17.11,105600,434,1800392
2021-05-25,16.91,17.4,16.91,17.25,143400,571,2465062
2021-05-26,17.25,17.25,16.73,16.84,1319600,1013,22300697
2021-05-27,17.0,17.21,16.8,16.8,131900,528,2245438
2021-05-28,17.05,17.27,16.65,17.27,119900,467,2038447
2021-05-31,17.36,17.66,17.08,17.55,209200,772,3636200
2021-06-01,17.68,18.19,17.06,17.4,180400,696,3181455
2021-06-02,17.36,17.77,17.11,17.58,220100,745,3823595
2021-06-04,17.36,17.99,17.17,17.75,167200,987,2926780
2021-06-07,17.64,17.8,17.41,17.63,162500,379,2865292
2021-06-08,17.59,17.75,17.1,17.5,208800,957,3628284
2021-06-09,17.27,18.09,17.24,17.8,248400,448,4392080
2021-06-10,17.55,18.26,17.55,17.6,163100,414,2909072
2021-06-11,17.57,17.73,17.15,17.23,46700,225,810262
2021-06-14,17.58,17.6,17.11,17.2,27500,101,475486
2021-06-15,17.2,17.67,16.8,16.95,98900,376,1697162
2021-06-16,16.92,17.08,16.5,16.65,260900,1240,4393667
2021-06-17,16.97,17.05,16.33,16.45,76800,322,1265862
2021-06-18,16.59,16.59,16.08,16.2,137500,379,2235610
2021-06-21,16.17,16.47,15.73,15.85,120400,530,1918729
2021-06-22,16.17,16.49,15.76,16.28,120000,393,1942091
2021-06-23,16.44,17.25,16.36,17.0,936100,985,15823926
2021-06-24,17.18,17.53,16.66,17.29,178400,558,3042131
2021-06-25,17.12,17.3,16.39,16.73,194500,609,3279600
2021-06-28,16.46,17.69,16.46,17.6,187300,611,3211944
2021-06-29,17.35,17.58,17.01,17.5,243600,1024,4229530
2021-06-30,17.66,17.89,17.1,17.89,584800,1392,10284540
2021-07-01,17.85,17.89,17.2,17.2,107500,585,1872522
2021-07-02,17.65,17.7,17.22,17.4,116800,680,2028114
2021-07-05,17.4,17.74,16.92,17.43,122700,503,2121794
2021-07-06,17.43,17.43,16.7,16.7,321700,1411,5468631
2021-07-07,16.7,16.86,16.1,16.3,138100,499,2252231
2021-07-08,16.09,16.58,15.8,16.36,119600,702,1937043
2021-07-12,16.36,16.36,16.01,16.11,92000,561,1489281
2021-07-13,16.12,16.37,16.11,16.37,112400,319,1817479
2021-07-14,16.3,16.43,15.83,15.85,936300,1012,14904827
2021-07-15,15.95,16.66,15.75,16.5,2564300,833,41036955
2021-07-16,16.5,16.84,15.92,15.92,214700,642,3481933
2021-07-19,15.82,15.82,15.13,15.39,185200,746,2845932
2021-07-20,15.38,15.58,15.0,15.06,111400,673,1686830
2021-07-21,15.16,15.17,14.74,15.1,136100,689,2034819
2021-07-22,15.16,15.17,14.39,14.54,201400,537,2944840
2021-07-23,14.52,14.62,14.13,14.2,226500,996,3233174
2021-07-26,14.25,14.26,13.75,13.75,168600,843,2355971
2021-07-27,13.76,13.8,13.4,13.5,164000,804,2224528
2021-07-28,13.39,14.7,13.27,14.5,154100,622,2135373
2021-07-29,14.3,14.31,13.95,14.23,133900,602,1894634
2021-07-30,13.95,14.47,13.5,13.9,170500,655,2351881
2021-08-02,13.9,14.41,13.7,14.35,61000,277,866274
2021-08-03,14.15,14.15,13.28,14.0,241000,861,3275374
2021-08-04,13.99,14.83,13.85,14.6,82600,458,1176025
2021-08-05,14.79,15.0,14.38,14.9,102000,429,1503860
2021-08-06,14.9,14.96,14.63,14.63,64200,330,945047
2021-08-09,14.59,14.6,13.86,14.18,182800,626,2589737
2021-08-10,14.2,14.2,12.8,12.8,488700,1364,6419643
2021-08-11,12.8,13.17,12.27,13.0,212400,746,2717353
2021-08-12,13.11,13.18,12.28,12.31,62200,324,792207
2021-08-13,12.51,12.59,11.83,12.15,104500,378,1259554
2021-08-16,12.12,12.12,11.65,11.98,119700,603,1424486
2021-08-17,12.11,12.28,11.35,11.5,90800,567,1053912
2021-08-18,11.62,12.26,11.62,11.9,109700,607,1310951
2021-08-19,11.72,12.58,11.63,12.4,67500,329,816399
2021-08-20,12.25,12.47,11.94,11.94,58300,354,705137
2021-08-23,11.93,12.04,11.53,11.53,39400,262,468948
2021-08-24,11.8,12.0,11.67,12.0,113800,420,1354246
2021-08-25,12.01,12.07,11.65,11.7,109100,467,1298947
2021-08-26,11.9,12.0,11.53,11.53,36800,223,432309
2021-08-27,11.73,11.73,11.19,11.47,83900,391,958229
2021-08-30,11.4,11.47,11.08,11.23,40400,268,455553
2021-08-31,11.29,11.3,10.68,10.68,199500,650,2166605
2021-09-01,10.7,10.79,10.3,10.3,77600,305,818582
2021-09-02,10.31,10.47,9.79,9.9,274400,888,2735628
2021-09-03,9.98,10.22,9.72,9.99,144000,361,1436386
2021-09-06,9.9,10.2,9.71,10.2,131300,383,1312803
2021-09-08,9.99,10.18,9.49,9.8,124900,451,1229003
2021-09-09,9.81,9.81,9.25,9.5,114800,562,1082000
2021-09-10,9.7,9.85,9.17,9.43,357200,1013,3335648
2021-09-13,9.56,9.72,8.92,8.92,280100,1040,2564157
2021-09-14,9.0,9.06,8.7,9.0,283900,1039,2540803
2021-09-15,8.91,9.71,8.9,9.17,173900,472,1623645
2021-09-16,9.15,9.4,8.82,8.85,175400,462,1597973
2021-09-17,8.8,9.23,8.7,8.94,134300,615,1194800
2021-09-20,8.81,8.81,8.39,8.71,74000,320,635406
2021-09-21,8.75,8.92,8.51,8.51,58600,266,511092
2021-09-22,8.52,8.7,8.32,8.53,128500,471,1090504
2021-09-23,8.65,8.81,8.42,8.5,83300,399,713225
2021-09-24,8.59,8.59,8.24,8.29,116700,402,972106
2021-09-27,8.38,8.49,7.95,7.96,115400,445,939602
2021-09-28,8.01,8.03,7.55,7.7,153400,445,1179421
2021-09-29,7.61,7.7,7.23,7.3,346800,1540,2590567
2021-09-30,7.21,7.26,6.71,6.8,481700,1752,3312204
2021-10-01,6.91,7.09,6.86,6.94,278000,963,1934814
2021-10-04,7.1,7.79,6.85,6.85,626900,1923,4496930
2021-10-05,6.97,7.11,6.56,6.79,526500,1187,3581548
2021-10-06,6.63,6.63,5.85,5.85,6376200,2641,39206175
2021-10-07,6.0,6.1,5.88,6.0,631700,1510,3795330
2021-10-08,6.01,6.15,5.61,5.8,1391900,2180,8263285
2021-10-11,5.8,6.19,5.78,6.0,599400,1376,3595235
2021-10-13,6.0,6.27,5.95,6.03,735400,1877,4454130
2021-10-14,6.05,6.29,6.05,6.25,900400,2717,5569895
2021-10-15,6.25,6.85,6.25,6.71,761700,1199,4949205
2021-10-18,6.6,7.14,6.55,7.0,478300,1168,3310932
2021-10-19,6.95,7.11,6.82,6.82,584300,1967,4068086
2021-10-20,6.81,7.0,6.67,6.89,273700,1419,1884850
2021-10-21,6.78,7.08,6.45,6.92,908900,2224,6234716
2021-10-22,6.92,6.92,6.27,6.79,913400,3938,6009217
2021-10-25,6.8,7.14,6.63,6.64,436900,1349,2971974
2021-10-26,6.64,6.84,6.51,6.8,370700,1052,2490895
2021-10-27,6.8,6.96,6.29,6.3,589600,1732,3860188
2021-10-28,6.21,6.59,5.96,6.49,730100,2229,4607764
2021-10-29,6.56,6.61,6.17,6.21,613900,1322,3911116
2021-11-01,6.39,6.39,6.13,6.16,1541300,1990,9638707
2021-11-03,6.15,6.44,6.13,6.24,1367900,2285,8587964
2021-11-04,6.29,6.93,6.29,6.48,560200,1719,3691372
2021-11-05,6.48,6.65,6.26,6.44,984900,1406,6364351
2021-11-08,6.44,6.61,6.28,6.57,224900,578,1459442
2021-11-09,6.62,6.89,6.45,6.79,245500,890,1643252
2021-11-10,6.66,6.69,6.24,6.25,3110700,3998,19985881
2021-11-11,6.36,6.43,6.24,6.35,1819800,1887,11500863
2021-11-12,6.42,6.47,6.13,6.23,2198200,1191,13731804
2021-11-16,6.27,6.34,6.0,6.27,792000,1772,4951384
2021-11-17,6.35,6.35,6.12,6.3,856900,2577,5365729
2021-11-18,6.32,6.34,5.85,6.02,973300,1707,5969366
2021-11-19,6.04,6.4,6.04,6.19,443500,941,2750859
2021-11-22,6.1,6.29,5.95,6.15,219300,804,1340575
2021-11-23,6.15,6.23,5.79,6.11,683700,1917,4073632
2021-11-24,5.92,6.07,5.73,5.78,720800,1690,4232319
2021-11-25,5.88,5.95,5.77,5.95,349500,806,2051636
2021-11-26,5.73,5.97,5.63,5.97,422000,1097,2435689
2021-11-29,5.95,6.19,5.31,5.31,757700,1801,4225860
2021-11-30,5.19,5.19,4.66,4.8,872200,2568,4247051
2021-12-01,4.82,4.91,4.42,4.42,827900,2013,3818637
2021-12-02,4.47,4.76,4.34,4.69,847200,2081,3895485
2021-12-03,4.86,5.2,4.71,5.1,234800,544,1166257
2021-12-06,5.04,5.58,5.03,5.37,217300,628,1153000
2021-12-07,5.57,5.61,5.36,5.44,189200,505,1035979
2021-12-08,5.55,5.58,5.43,5.49,112800,397,619832
2021-12-09,5.58,5.58,5.2,5.56,180700,831,973964
2021-12-10,5.6,5.72,5.54,5.7,130200,398,736594
2021-12-13,5.82,5.82,5.52,5.75,151900,426,858309
2021-12-14,5.75,5.85,5.2,5.37,197900,696,1073510
2021-12-15,5.37,5.45,5.22,5.45,140700,615,752516
2021-12-16,5.31,5.44,5.07,5.2,249400,794,1303136
2021-12-17,5.21,5.21,4.9,4.9,367300,1160,1827088
2021-12-20,4.87,4.88,4.77,4.85,475700,1608,2289979
2021-12-21,4.9,4.99,4.74,4.83,308800,1028,1481144
2021-12-22,4.83,4.89,4.62,4.75,318900,1751,1516543
2021-12-23,4.8,4.8,4.67,4.75,708900,1711,3387422
2021-12-27,4.75,4.93,4.69,4.9,235100,789,1148642
2021-12-28,4.95,5.0,4.87,4.9,173400,914,850110
2021-12-29,5.04,5.04,4.5,4.52,733300,2038,3407621
2021-12-30,4.6,4.88,4.43,4.88,772100,2043,3623620
