Date,Open,High,Low,Close,Volume,Neg,Fin
2020-02-13,18.31,18.8,17.93,18.5,15222400,20336,277105327
2020-02-14,18.5,18.65,18.07,18.16,2943100,4512,53550735
2020-02-17,18.29,18.42,17.79,18.1,2041900,4691,36737826
2020-02-18,17.84,18.3,17.82,18.3,412500,1031,7467718
2020-02-19,18.4,18.5,18.26,18.5,366500,512,6747661
2020-02-20,18.47,18.5,18.26,18.41,386300,465,7097328
2020-02-21,18.44,18.5,17.77,17.96,1045500,3089,18742516
2020-02-26,17.0,17.45,16.3,16.56,1188700,2032,19763077
2020-02-27,16.3,16.42,15.84,16.13,907800,1229,14733880
2020-02-28,15.8,16.88,15.09,16.88,1883900,2881,29282264
2020-03-02,16.64,17.0,15.9,16.29,1029400,2091,16780906
2020-03-03,16.17,17.3,15.96,16.04,1339600,4193,21960676
2020-03-04,16.3,16.99,16.1,16.99,558300,1039,9168548
2020-03-05,17.0,17.3,15.78,16.05,461500,516,7521049
2020-03-06,15.11,15.81,14.65,15.8,1676500,2926,25721699
2020-03-09,14.96,14.96,12.16,12.8,2170600,3560,28612977
2020-03-10,13.44,13.89,12.17,13.4,1932500,3328,25227837
2020-03-11,13.18,13.18,11.06,13.0,1242400,2308,15353122
2020-03-12,11.47,11.7,9.02,9.75,800900,1184,8227291
2020-03-13,11.06,11.39,9.02,10.88,1937300,6517,19472735
2020-03-16,8.75,9.34,7.69,7.69,836200,2717,6784854
2020-03-17,7.96,8.01,7.0,7.06,691900,1262,5021993
2020-03-18,6.67,6.67,3.87,5.01,776400,1019,3713651
2020-03-19,4.9,5.59,3.68,5.0,1076600,1981,5012579
2020-03-20,5.61,5.66,5.0,5.4,927400,3044,4976544
2020-03-23,5.57,5.89,4.31,4.31,552500,2044,2516052
2020-03-24,4.64,4.9,4.21,4.35,1370200,1511,6128230
2020-03-25,4.5,5.65,4.35,5.65,3324900,2004,16587105
2020-03-26,6.0,6.9,5.7,6.33,776600,2046,4799619
2020-03-27,6.01,6.69,5.82,6.41,842700,2789,5220171
2020-03-30,6.51,6.9,6.12,6.29,620500,1777,4003923
2020-03-31,6.29,6.29,5.87,6.18,735200,1565,4440734
2020-04-01,6.0,6.28,5.45,5.96,1516400,6199,8683218
2020-04-02,6.2,6.2,5.34,5.39,2942200,4392,16020181
2020-04-03,5.5,5.5,4.75,5.0,2418300,2782,12099837
2020-04-06,5.3,5.75,5.24,5.32,337900,822,1837388
2020-04-07,5.94,5.94,5.35,5.45,215900,782,1198120
2020-04-08,5.45,6.19,5.4,6.0,197400,652,1168536
2020-04-09,6.14,6.99,6.04,6.43,571000,1639,3728947
2020-04-13,6.78,6.82,6.4,6.42,175700,838,1160106
2020-04-14,6.69,6.89,6.54,6.65,160900,489,1071618
2020-04-15,6.45,6.84,6.31,6.39,195200,984,1271636
2020-04-16,6.48,6.53,5.9,6.3,346200,967,2156037
2020-04-17,6.3,6.45,5.86,6.0,696300,2594,4241442
2020-04-20,5.88,6.22,5.71,6.22,168300,567,1019624
2020-04-22,6.23,6.79,6.06,6.77,1114400,3299,7241845
2020-04-23,7.05,7.05,6.51,6.99,298900,1297,2043558
2020-04-24,6.68,6.75,5.83,6.0,913400,1895,5751276
2020-04-27,6.16,6.23,5.72,6.12,366600,1244,2174466
2020-04-28,6.1,6.75,5.95,6.65,1252200,4383,7891233
2020-04-29,6.87,7.27,6.65,6.91,761900,1889,5243580
2020-04-30,6.83,7.19,6.53,6.68,570400,1648,3838112
2020-05-04,6.55,6.75,6.45,6.56,78300,361,512122
2020-05-05,6.56,6.67,6.16,6.37,335700,998,2125395
2020-05-06,6.3,6.71,6.05,6.52,174900,686,1130433
2020-05-07,6.65,6.68,6.03,6.03,131700,513,819277
2020-05-08,6.08,6.44,6.06,6.2,105100,400,650849
2020-05-11,6.2,6.49,5.89,6.03,261100,999,1592901
2020-05-12,6.2,6.35,5.78,6.0,102300,359,623106
2020-05-13,5.93,6.11,5.61,5.8,388400,1106,2289510
2020-05-14,5.8,5.84,5.55,5.75,598200,598,3390516
2020-05-15,5.86,6.44,5.61,6.3,344200,1861,2129270
2020-05-18,6.35,6.89,6.12,6.89,441300,1151,2931454
2020-05-19,6.89,7.04,6.66,6.89,214900,782,1472888
2020-05-20,6.93,7.01,6.57,7.0,554400,2268,3753841
2020-05-21,6.95,7.1,6.71,6.97,616500,1796,4258957
2020-05-22,6.81,6.99,6.71,6.89,136400,571,938555
2020-05-25,6.99,7.4,6.9,7.4,970200,2450,6885990
2020-05-26,7.35,7.68,6.83,7.34,1471100,3811,10501379
2020-05-27,7.27,7.71,7.22,7.7,495900,1600,3739470
2020-05-28,7.55,7.67,7.21,7.45,1189300,4704,8776817
2020-05-29,7.4,7.4,7.02,7.02,886500,2944,6374554
2020-06-01,7.0,7.24,6.8,7.0,301400,865,2120078
2020-06-02,7.06,7.43,7.0,7.43,685300,1950,4979381
2020-06-03,7.4,8.32,7.38,8.32,772400,1867,6021100
2020-06-04,8.3,8.86,8.06,8.11,484400,1715,4078816
2020-06-05,8.4,8.85,8.06,8.06,1058400,1436,8821304
2020-06-08,8.29,8.56,8.0,8.22,446700,1488,3672834
2020-06-09,8.14,8.4,7.95,8.12,318500,1190,2604331
2020-06-10,8.22,8.28,7.84,8.1,191100,752,1544575
2020-06-12,7.64,7.92,7.51,7.79,282800,981,2177373
2020-06-15,7.57,7.62,7.15,7.16,620100,2637,4568098
2020-06-16,7.44,7.5,7.07,7.25,872900,3051,6305589
2020-06-17,7.25,7.58,7.17,7.47,308900,1080,2292001
2020-06-18,7.5,7.78,7.38,7.48,322000,1501,2441055
2020-06-19,7.62,7.76,7.03,7.05,1245400,2125,9120770
2020-06-22,7.12,7.4,7.12,7.33,690400,1281,5045629
2020-06-23,7.41,7.62,7.35,7.56,318800,915,2392630
2020-06-24,7.51,7.6,7.12,7.35,1005300,3514,7375515
2020-06-25,7.31,7.43,7.01,7.16,1741400,4195,12521755
2020-06-26,7.15,7.25,7.04,7.14,375300,1250,2669234
2020-06-29,7.25,7.39,6.92,7.23,211000,920,1502049
2020-06-30,7.3,7.53,7.2,7.45,435500,805,3222429
2020-07-01,7.51,8.27,7.48,8.26,1079000,1457,8326591
2020-07-02,8.32,8.69,7.98,8.37,769300,2033,6441813
2020-07-03,8.37,9.19,8.24,9.18,505400,1356,4482391
2020-07-06,9.45,10.0,9.45,10.0,561200,1874,5488376
2020-07-07,9.89,10.82,9.84,10.34,1015900,2465,10596344
2020-07-08,10.35,10.96,10.32,10.9,370800,1089,3980057
2020-07-09,11.0,11.47,11.0,11.47,436400,1882,4898554
2020-07-10,11.5,12.25,11.0,11.99,1704900,3451,20235197
2020-07-13,12.0,12.4,11.2,11.2,1301600,4254,15327207
2020-07-14,11.45,11.67,10.72,11.34,586400,1875,6564944
2020-07-15,11.5,11.87,11.29,11.58,481000,1723,5560357
2020-07-16,11.54,11.73,11.1,11.15,611800,2898,6874869
2020-07-17,11.29,11.79,11.1,11.79,668400,2983,7756870
2020-07-20,11.79,12.09,11.71,11.98,379500,1368,4513582
2020-07-21,12.1,12.29,11.65,12.06,1520800,2647,18200109
2020-07-22,11.96,12.2,11.82,12.2,798600,3398,9619618
2020-07-23,12.2,12.85,11.84,11.91,906300,3373,11136306
2020-07-24,11.76,11.86,11.11,11.35,685900,2825,7846155
2020-07-27,11.27,11.6,11.21,11.34,432600,2085,4913405
2020-07-28,11.37,11.47,11.13,11.33,585100,1807,6625175
2020-07-29,11.45,11.74,11.39,11.67,373200,1021,4350963
2020-07-30,11.67,11.73,11.22,11.6,403000,1601,4604125
2020-07-31,11.61,11.75,11.16,11.53,376600,1711,4291079
2020-08-03,11.54,11.63,11.0,11.0,397800,1688,4467271
2020-08-04,10.91,11.0,10.37,10.42,889200,4357,9434008
2020-08-05,10.56,10.78,10.42,10.72,187000,1194,1986197
2020-08-06,10.93,11.07,10.74,11.05,996900,974,10923100
2020-08-07,10.99,11.05,10.45,10.86,454700,1628,4886283
2020-08-10,10.86,11.01,10.59,10.89,455300,1255,4932719
2020-08-11,10.85,11.32,10.82,10.93,535100,2088,5903503
2020-08-12,10.94,11.1,10.53,10.8,257300,1016,2750895
2020-08-13,10.79,10.96,10.59,10.59,206300,721,2205645
2020-08-14,10.49,10.49,9.75,9.98,2194700,2691,21717996
2020-08-17,9.98,10.37,9.43,9.43,319300,1533,3098245
2020-08-18,9.55,9.88,9.34,9.88,328800,1278,3213015
2020-08-19,9.95,9.96,9.71,9.77,820800,926,8043517
2020-08-20,9.6,9.87,9.39,9.7,636500,1152,6205656
2020-08-21,9.7,10.02,9.4,9.4,467600,1919,4464330
2020-08-24,9.5,9.64,9.21,9.32,367400,1461,3433145
2020-08-25,9.42,9.55,9.23,9.48,200300,860,1886478
2020-08-26,9.7,9.7,8.98,9.18,427000,1894,3915713
2020-08-27,9.49,9.49,8.82,8.87,437600,1833,3933876
2020-08-28,8.88,9.03,8.82,8.93,200700,1213,1791495
2020-08-31,8.92,8.93,8.65,8.85,325000,971,2865376
2020-09-01,8.9,9.29,8.89,9.29,519300,1804,4761172
2020-09-02,9.4,9.42,8.97,9.15,289400,1920,2633932
2020-09-03,9.05,9.28,8.97,9.25,487700,1528,4464108
2020-09-04,9.16,9.32,8.69,9.09,623900,1822,5567833
2020-09-08,8.92,9.0,8.72,8.89,455500,2017,4028190
2020-09-09,8.93,9.04,8.82,8.85,361100,1476,3208557
2020-09-10,8.9,8.95,8.63,8.87,257500,899,2270958
2020-09-11,8.81,8.93,8.46,8.83,357500,1849,3145006
2020-09-14,8.85,9.18,8.74,8.85,627300,2500,5654956
2020-09-15,8.94,9.03,8.72,8.85,156400,595,1384074
2020-09-16,8.85,8.99,8.67,8.8,221200,917,1942869
2020-09-17,8.72,8.82,8.66,8.7,189200,801,1654155
2020-09-18,8.79,8.82,8.25,8.55,475000,1655,4056132
2020-09-21,8.4,8.63,8.08,8.21,759100,5017,6332951
2020-09-22,8.22,9.13,8.22,8.88,748100,2902,6643995
2020-09-23,8.81,9.35,8.78,9.2,598300,2770,5423669
2020-09-24,9.13,9.39,8.91,9.39,590400,1459,5438463
2020-09-25,9.38,9.84,9.16,9.77,408500,1985,3936972
2020-09-28,9.98,10.08,9.39,9.5,409200,2522,3987638
2020-09-29,9.51,10.0,9.14,10.0,489000,2794,4717777
2020-09-30,10.05,10.25,9.76,9.79,599100,2035,5943067
2020-10-01,9.9,10.12,9.66,9.99,277100,1004,2750698
2020-10-02,9.9,10.16,9.73,10.06,219800,693,2198144
2020-10-05,10.12,10.2,9.53,9.78,347400,1342,3413435
2020-10-06,9.85,10.46,9.69,10.2,570200,3432,5814299
2020-10-07,10.65,11.65,10.65,11.24,1246000,3924,13941447
2020-10-08,11.3,11.85,11.03,11.57,496900,1864,5676507
2020-10-09,11.68,11.93,11.5,11.84,327800,853,3848002
2020-10-13,11.84,12.09,11.45,12.0,457900,2735,5423209
2020-10-14,12.05,12.11,11.19,11.45,788200,2730,9006637
2020-10-15,11.32,11.83,11.23,11.26,562300,2613,6449448
2020-10-16,11.35,11.6,10.7,11.5,522200,2575,5807013
2020-10-19,11.64,12.08,11.0,11.0,570200,2558,6467500
2020-10-20,11.12,11.27,10.85,11.11,263100,1290,2907807
2020-10-21,11.18,11.33,10.9,10.9,171000,946,1902228
2020-10-22,10.91,11.14,10.84,10.88,444700,1227,4849990
2020-10-23,10.92,11.23,10.86,10.91,379000,1515,4186863
2020-10-26,10.95,11.0,10.56,10.91,179600,1013,1939495
2020-10-27,11.0,11.0,10.45,10.45,132000,726,1410932
2020-10-28,10.3,10.37,9.38,9.51,650800,2381,6336547
2020-10-29,9.5,10.14,9.09,9.77,257400,1193,2497236
2020-10-30,9.82,9.82,9.23,9.55,306700,1135,2911780
2020-11-03,9.73,9.85,9.05,9.05,488900,1605,4531554
2020-11-04,9.15,9.3,8.91,9.3,286800,1065,2626134
2020-11-05,9.31,9.86,9.3,9.77,212800,933,2049594
2020-11-06,9.74,10.45,9.53,10.3,174700,587,1764313
2020-11-09,10.46,10.95,9.99,10.13,301100,816,3091089
2020-11-10,10.1,10.69,9.95,10.3,247600,765,2548059
2020-11-11,10.17,10.44,10.0,10.44,165800,594,1699140
2020-11-12,10.26,10.41,10.01,10.01,203800,922,2080395
2020-11-13,10.14,10.75,10.14,10.7,285000,932,2990633
2020-11-16,10.74,10.98,10.44,10.98,289200,667,3106608
2020-11-17,10.9,11.2,10.7,11.13,255200,1329,2815828
2020-11-18,11.06,11.42,10.79,10.8,436900,942,4849793
2020-11-19,10.71,10.81,10.28,10.65,260400,1150,2733301
2020-11-20,10.59,10.7,10.26,10.26,72700,314,759866
2020-11-23,10.41,10.66,10.25,10.46,337800,1218,3519075
2020-11-24,10.47,10.72,10.2,10.48,229900,707,2395180
2020-11-25,10.5,10.9,10.48,10.5,213800,710,2267137
2020-11-26,10.5,10.59,10.24,10.53,69000,305,723949
2020-11-27,10.6,10.65,10.26,10.26,299700,1334,3118990
2020-11-30,10.32,10.35,9.9,9.99,410200,1891,4103468
2020-12-01,9.99,10.12,9.82,10.0,267300,1326,2659746
2020-12-02,9.93,10.57,9.92,10.57,446100,2244,4531791
2020-12-03,10.61,10.74,10.41,10.69,326300,1088,3471006
2020-12-04,10.71,10.96,10.54,10.72,292700,1331,3140201
2020-12-07,10.73,10.9,10.63,10.85,155000,785,1671598
2020-12-08,10.85,11.04,10.75,10.75,252600,1422,2747142
2020-12-09,10.83,10.87,10.56,10.85,108200,540,1163105
2020-12-10,10.9,11.29,10.72,11.2,198100,690,2193500
2020-12-11,11.26,11.42,10.89,11.25,241000,1292,2668514
2020-12-14,11.25,11.35,10.89,11.16,310200,1137,3423702
2020-12-15,11.1,11.29,10.98,11.19,339700,1612,3795577
2020-12-16,11.2,11.55,10.96,11.32,402300,1088,4543750
2020-12-17,11.43,11.59,11.1,11.59,200600,754,2285572
2020-12-18,11.45,11.73,11.37,11.6,145400,647,1678444
2020-12-21,11.3,11.45,10.91,11.3,214500,876,2400844
2020-12-22,11.2,11.3,11.07,11.2,109400,396,1223111
2020-12-23,11.15,11.39,11.1,11.19,172200,924,1929818
2020-12-28,11.29,11.47,11.07,11.44,306600,1312,3466403
2020-12-29,11.44,11.48,11.05,11.39,581200,1942,6519535
2020-12-30,11.3,11.6,11.05,11.6,518300,1947,5869944
2021-01-04,11.5,11.89,11.44,11.77,273000,840,3178267
2021-01-05,11.79,11.84,11.06,11.06,585800,3141,6598742
2021-01-06,11.24,11.24,10.18,10.18,531400,2037,5606701
2021-01-07,10.25,10.39,9.92,9.95,504000,2349,5056183
2021-01-08,10.0,10.5,9.8,10.21,316000,1247,3224352
2021-01-11,10.2,10.3,9.84,10.01,247800,1001,2482804
2021-01-12,10.91,11.32,10.27,10.27,808200,2719,8667776
2021-01-13,10.34,10.5,10.08,10.18,339400,1279,3478229
2021-01-14,10.34,10.37,9.98,10.0,549400,1353,5548213
2021-01-15,9.9,10.33,9.9,10.0,639400,1895,6446588
2021-01-18,10.16,10.31,10.01,10.1,276100,884,2796790
2021-01-19,10.23,10.66,10.1,10.58,448100,1693,4654317
2021-01-20,10.64,10.74,10.35,10.49,152900,540,1608782
2021-01-21,10.51,10.59,10.06,10.06,242900,526,2481932
2021-01-22,10.01,10.11,9.8,9.9,203600,572,2019039
2021-01-26,9.9,10.12,9.62,9.69,187200,555,1851650
2021-01-27,9.69,9.77,9.33,9.58,210100,971,2007009
2021-01-28,9.5,9.99,9.5,9.87,156000,678,1528061
2021-01-29,9.85,10.0,9.51,9.58,247600,508,2393805
2021-02-01,9.73,9.95,9.66,9.82,339100,883,3324346
2021-02-02,9.91,10.1,9.84,9.92,321900,1070,3203281
2021-02-03,10.05,10.2,9.98,10.2,398000,1664,4011363
2021-02-04,10.13,10.41,10.11,10.16,583200,2176,5971330
2021-02-05,10.16,10.4,10.12,10.28,209900,1176,2144209
2021-02-08,10.13,10.41,10.1,10.4,451800,2417,4659351
2021-02-09,10.43,10.46,10.24,10.25,292000,985,3012070
2021-02-10,10.25,10.44,9.85,10.13,269400,1678,2712567
2021-02-11,10.19,10.36,9.95,10.36,857300,1900,8653662
2021-02-12,10.25,10.64,10.2,10.35,215200,507,2263241
2021-02-17,10.49,10.64,10.16,10.62,116800,492,1217578
2021-02-18,10.62,10.62,10.07,10.11,226600,1064,2309596
2021-02-19,10.11,10.23,10.0,10.05,167800,845,1694059
2021-02-22,9.91,10.32,9.64,10.14,434200,2470,4372978
2021-02-23,10.11,10.41,9.94,10.41,189500,892,1931721
2021-02-24,10.41,10.45,10.14,10.14,119200,672,1220801
2021-02-25,10.13,10.24,9.71,9.81,217500,814,2147796
2021-02-26,9.74,9.94,9.02,9.38,365100,1473,3422963
2021-03-01,9.38,9.75,8.91,8.95,543000,2388,4988944
2021-03-02,8.91,9.18,8.5,9.15,178400,779,1603872
2021-03-03,9.15,9.38,8.79,9.38,130400,573,1184553
2021-03-04,9.44,9.69,9.07,9.53,198200,1018,1860124
2021-03-05,9.55,9.89,9.28,9.89,92900,412,895322
2021-03-08,9.6,9.74,9.16,9.4,257000,605,2426777
2021-03-09,9.4,9.59,8.95,9.03,538900,788,4938356
2021-03-10,9.09,9.16,8.65,8.98,349800,1482,3130865
2021-03-11,9.12,9.47,8.93,9.41,538100,2075,4942211
2021-03-12,9.34,9.43,9.01,9.38,390400,654,3603357
2021-03-15,9.38,9.75,9.21,9.75,269400,1098,2570008
2021-03-16,9.64,9.78,9.33,9.33,111900,347,1065049
2021-03-17,9.33,9.53,9.21,9.29,144600,475,1360381
2021-03-18,9.26,9.37,8.86,8.86,192400,454,1750163
2021-03-19,8.94,9.16,8.84,8.95,132200,686,1190548
2021-03-22,8.97,9.26,8.79,8.9,215300,875,1929394
2021-03-23,8.86,8.87,8.51,8.51,221300,1127,1916681
2021-03-24,8.57,8.66,8.13,8.15,223000,1132,1879198
2021-03-25,8.19,8.83,8.04,8.76,309900,1943,2638616
2021-03-26,8.84,8.84,8.42,8.7,132000,592,1140395
2021-03-29,8.71,8.8,8.39,8.39,56500,339,484014
2021-03-30,8.29,8.77,8.29,8.57,94000,538,806235
2021-03-31,8.39,8.75,8.39,8.69,196800,1327,1696607
2021-04-01,8.7,8.9,8.32,8.48,2933500,467,24888680
2021-04-05,8.66,8.8,8.39,8.51,462500,903,3949642
2021-04-06,8.73,9.1,8.56,9.09,157700,754,1395616
2021-04-07,9.0,9.17,8.82,8.87,178200,763,1595594
2021-04-08,8.98,8.98,8.66,8.66,79500,307,695646
2021-04-09,8.75,9.31,8.6,9.14,291100,1304,2612722
2021-04-12,9.19,9.19,8.89,9.14,104400,693,942462
2021-04-13,9.5,9.59,9.03,9.03,403300,1974,3726629
2021-04-14,9.17,9.18,8.8,8.91,325100,739,2907979
2021-04-15,8.99,9.21,8.85,8.88,384200,1155,3451189
2021-04-16,8.9,9.13,8.84,8.9,569700,980,5081798
2021-04-19,8.95,9.03,8.81,8.98,384800,1358,3435263
2021-04-20,9.13,9.29,8.84,9.09,491000,2314,4438013
2021-04-22,9.14,9.55,9.06,9.19,389800,1675,3623480
2021-04-23,9.29,9.36,9.06,9.14,289400,1239,2653589
2021-04-26,9.24,9.34,9.04,9.17,248300,1395,2276432
2021-04-27,9.23,9.31,9.04,9.08,576700,1077,5260023
2021-04-28,9.2,9.46,9.14,9.27,259300,893,2408930
2021-04-29,9.18,9.47,9.11,9.22,178600,1035,1658916
2021-04-30,9.11,9.19,8.79,9.04,673400,1701,6067075
2021-05-03,8.96,9.25,8.83,9.11,231200,993,2097144
2021-05-04,9.12,9.17,8.96,9.04,79800,520,723465
2021-05-05,9.15,9.17,8.95,9.12,222500,851,2026445
2021-05-06,9.02,9.23,9.02,9.17,87800,622,803130
2021-05-07,9.24,9.4,9.05,9.05,173700,746,1602682
2021-05-10,9.2,9.26,8.93,9.1,224900,1116,2033430
2021-05-11,9.06,9.16,8.9,9.09,250700,1234,2260510
2021-05-12,9.06,9.08,8.54,9.06,359600,1169,3169603
2021-05-13,8.98,9.11,8.75,8.75,412400,1633,3678163
2021-05-14,8.84,9.07,8.84,8.94,261700,1158,2350922
2021-05-17,9.0,9.05,8.7,8.9,297400,997,2648135
2021-05-18,8.8,9.14,8.8,8.9,267900,1158,2401615
2021-05-19,8.87,9.0,8.52,8.52,245600,898,2145826
2021-05-20,8.62,8.74,8.37,8.65,313500,1694,2685162
2021-05-21,8.68,8.75,8.31,8.31,237600,900,2004292
2021-05-24,8.33,8.4,8.11,8.32,967300,1585,7959892
2021-05-25,8.41,8.44,8.22,8.25,312700,1017,2595095
2021-05-26,8.32,8.42,8.22,8.42,98400,444,821811
2021-05-27,8.42,8.56,8.37,8.41,327800,1289,2775952
2021-05-28,8.41,8.56,8.4,8.49,134400,645,1140611
2021-05-31,8.49,8.62,8.37,8.62,408100,2046,3465294
2021-06-01,8.65,8.99,8.53,8.53,568100,3780,4951116
2021-06-02,8.64,8.94,8.57,8.87,511600,2568,4466837
2021-06-04,8.91,9.01,8.75,8.75,401800,2335,3572994
2021-06-07,8.82,9.14,8.72,8.91,431900,1993,3864637
2021-06-08,8.94,9.13,8.77,8.8,501300,2383,4487837
2021-06-09,8.9,9.45,8.77,8.8,1153900,5391,10478589
2021-06-10,8.89,9.38,8.89,9.34,789000,2550,7173809
2021-06-11,9.33,9.42,9.1,9.29,296800,1340,2749533
2021-06-14,9.35,9.65,9.25,9.64,400200,1814,3785092
2021-06-15,9.64,9.81,9.38,9.63,322700,1190,3115746
2021-06-16,9.64,9.84,9.51,9.61,209200,998,2025699
2021-06-17,9.64,9.92,9.52,9.74,344600,1541,3353014
2021-06-18,9.74,10.27,9.63,10.27,411700,1340,4120782
2021-06-21,10.32,10.5,10.19,10.47,351900,1773,3643101
2021-06-22,10.52,10.67,10.14,10.51,338300,1112,3537165
2021-06-23,10.54,10.72,10.44,10.45,245400,1095,2588821
2021-06-24,10.55,10.75,10.37,10.49,615400,1940,6491502
2021-06-25,10.5,10.67,10.28,10.5,327500,861,3434880
2021-06-28,10.51,10.61,10.29,10.3,131300,588,1370462
2021-06-29,10.24,10.28,9.88,10.18,170100,568,1711723
2021-06-30,10.06,10.09,9.78,10.09,408400,1551,4061074
2021-07-01,10.09,10.17,9.5,9.5,256100,920,2497177
2021-07-02,9.52,9.91,9.51,9.53,251200,1846,2434280
2021-07-05,9.54,9.54,9.29,9.3,220100,1149,2070256
2021-07-06,9.29,9.3,8.8,8.8,538200,2036,4816734
2021-07-07,8.91,9.15,8.82,8.88,432000,1881,3873663
2021-07-08,8.76,8.99,8.64,8.93,431300,2301,3829267
2021-07-12,8.93,9.28,8.85,9.14,322400,1042,2924998
2021-07-13,9.2,9.4,9.07,9.17,344500,1229,3176631
2021-07-14,9.29,9.46,9.18,9.27,255000,1507,2363109
2021-07-15,9.3,9.55,9.01,9.21,297900,1598,2758466
2021-07-16,9.21,9.3,9.04,9.13,166800,573,1530717
2021-07-19,9.06,9.28,8.95,9.27,429000,1702,3936844
2021-07-20,9.29,9.79,9.06,9.2,585600,2698,5476381
2021-07-21,9.25,9.42,9.15,9.24,305900,1320,2841069
2021-07-22,9.28,9.37,9.19,9.37,156400,785,1447014
2021-07-23,9.38,9.5,9.24,9.34,119000,763,1112674
2021-07-26,9.32,9.36,9.12,9.2,167500,763,1544654
2021-07-27,9.21,9.21,9.03,9.17,108300,661,987474
2021-07-28,9.12,9.5,9.0,9.0,365400,1243,3356545
2021-07-29,9.04,9.17,8.96,9.0,315600,903,2858481
2021-07-30,8.99,9.1,8.79,8.93,263400,1072,2354509
2021-08-02,9.09,9.24,8.97,8.97,179400,987,1629118
2021-08-03,9.01,9.01,8.61,8.62,408100,1531,3594487
2021-08-04,8.65,8.79,8.52,8.58,209600,1282,1811002
2021-08-05,8.6,8.83,8.41,8.45,213900,940,1842474
2021-08-06,8.44,8.67,8.41,8.67,230200,1165,1967633
2021-08-09,8.68,8.76,8.45,8.6,204600,842,1762330
2021-08-10,8.66,8.69,8.24,8.24,323800,1318,2739450
2021-08-11,8.38,8.38,8.09,8.34,645600,1211,5321465
2021-08-12,8.45,8.55,8.09,8.31,552800,2417,4599902
2021-08-13,8.26,8.48,8.09,8.28,403700,1731,3372466
2021-08-16,8.28,8.3,7.67,7.96,483400,2091,3790388
2021-08-17,7.87,8.0,7.15,7.2,973700,4181,7125020
2021-08-18,7.27,7.75,7.21,7.55,418500,2761,3153626
2021-08-19,7.45,7.88,7.3,7.88,580500,2572,4415749
2021-08-20,7.79,8.18,7.6,8.12,390700,2632,3083043
2021-08-23,8.13,8.34,7.77,7.89,338100,1540,2687473
2021-08-24,7.85,8.32,7.85,8.32,332100,1748,2700875
2021-08-25,8.32,8.36,8.06,8.21,194900,798,1604015
2021-08-26,8.14,8.3,7.82,8.0,394000,1260,3176037
2021-08-27,8.09,8.65,8.08,8.58,352800,1148,2959384
2021-08-30,8.5,8.56,8.14,8.2,175600,780,1451342
2021-08-31,8.18,8.7,8.08,8.7,416500,1842,3469505
2021-09-01,8.79,8.9,8.45,8.68,606900,1748,5243758
2021-09-02,8.66,8.66,8.19,8.2,324900,1395,2700472
2021-09-03,8.31,8.39,7.85,8.01,558500,1561,4518285
2021-09-06,8.02,8.07,7.81,7.95,178500,908,1419751
2021-09-08,7.9,7.93,7.37,7.49,311500,1285,2350439
2021-09-09,7.48,7.7,7.23,7.61,232600,1137,1727129
2021-09-10,7.76,7.91,7.57,7.6,201300,1042,1557660
2021-09-13,7.71,8.18,7.68,7.94,261200,1887,2063760
2021-09-14,7.94,8.0,7.75,7.81,310400,1547,2441592
2021-09-15,7.81,7.96,7.59,7.88,334200,1389,2587430
2021-09-16,7.88,7.88,7.45,7.52,358600,1522,2719420
2021-09-17,7.56,7.61,7.4,7.47,392700,1602,2944638
2021-09-20,7.37,7.55,7.08,7.26,272800,1188,1983237
2021-09-21,7.3,7.79,7.25,7.28,353300,1710,2639169
2021-09-22,7.34,7.64,7.34,7.58,298500,1572,2247274
2021-09-23,7.77,7.82,7.35,7.47,405300,1508,3079298
2021-09-24,7.48,7.67,7.36,7.63,367000,1284,2779298
2021-09-27,7.63,7.94,7.55,7.74,191400,1282,1482768
2021-09-28,7.64,7.67,7.4,7.42,242400,935,1813487
2021-09-29,7.51,7.6,7.26,7.26,206600,755,1532510
2021-09-30,7.29,7.43,6.93,7.17,612000,1803,4404230
2021-10-01,7.17,7.64,7.15,7.33,412400,1425,3043209
2021-10-04,7.33,7.39,6.99,7.02,230200,1025,1640622
2021-10-05,7.12,7.23,6.92,6.94,254200,1052,1787055
2021-10-06,6.91,6.91,6.52,6.75,411300,1554,2760175
2021-10-07,6.85,6.94,6.51,6.51,738200,1626,4904397
2021-10-08,6.58,6.99,6.58,6.8,444500,2371,3029270
2021-10-11,6.78,7.13,6.74,7.0,284000,1378,1971355
2021-10-13,7.02,7.21,7.01,7.01,235600,1036,1669006
2021-10-14,7.08,7.19,6.73,6.77,345800,1475,2369963
2021-10-15,6.78,7.01,6.78,6.97,134500,526,933807
2021-10-18,6.95,7.05,6.78,6.91,156400,805,1079483
2021-10-19,6.9,6.94,6.29,6.31,681700,2592,4401718
2021-10-20,6.4,6.44,6.15,6.36,512600,1882,3222382
2021-10-21,6.25,6.26,5.82,5.96,579800,2334,3493107
2021-10-22,5.92,6.04,5.55,5.93,494200,1841,2858117
2021-10-25,6.04,6.22,5.86,6.14,227200,1176,1380828
2021-10-26,6.06,6.06,5.6,5.6,272400,1220,1579650
2021-10-27,5.64,5.85,5.44,5.56,229900,959,1305420
2021-10-28,5.54,5.64,5.17,5.2,416300,1512,2251319
2021-10-29,5.27,5.44,4.81,4.81,618200,2222,3125353
2021-11-01,4.93,5.72,4.9,5.71,657600,3864,3576012
2021-11-03,5.69,6.04,5.47,5.8,467400,2002,2675462
2021-11-04,5.82,5.82,5.36,5.48,426600,1343,2336825
2021-11-05,5.59,5.96,5.52,5.94,274300,1100,1603237
2021-11-08,5.9,5.94,5.47,5.47,303600,1103,1706537
2021-11-09,5.48,5.66,5.43,5.55,225100,1135,1247394
2021-11-10,5.57,5.85,5.41,5.63,470300,1531,2648831
2021-11-11,5.7,6.0,5.61,5.82,887400,4109,5157594
2021-11-12,5.81,5.93,5.64,5.89,191900,864,1110468
2021-11-16,5.92,5.92,5.33,5.35,393400,1406,2141275
2021-11-17,5.39,5.39,4.94,5.05,316300,1192,1619608
2021-11-18,5.09,5.24,5.02,5.05,208000,745,1060608
2021-11-19,5.13,5.44,5.13,5.44,135200,910,718191
2021-11-22,5.3,5.41,5.01,5.04,170300,488,887284
2021-11-23,5.1,5.3,4.88,5.13,302500,1022,1523324
2021-11-24,5.11,5.35,5.0,5.32,137900,525,714333
2021-11-25,5.39,5.56,5.22,5.3,185900,660,999696
2021-11-26,5.0,5.12,4.84,5.05,393000,1170,1952580
2021-11-29,5.12,5.14,4.91,4.91,139200,392,697303
2021-11-30,4.84,4.95,4.63,4.69,398200,1838,1894180
2021-12-01,4.77,4.88,4.5,4.5,208400,892,978190
2021-12-02,4.58,4.68,4.45,4.57,289100,1074,1326234
2021-12-03,4.6,5.1,4.6,5.09,269100,1045,1309332
2021-12-06,5.09,5.33,4.96,5.19,151000,941,781461
2021-12-07,5.27,5.37,5.17,5.17,133500,773,705606
2021-12-08,5.18,5.69,5.09,5.69,214300,1036,1176263
2021-12-09,5.58,5.64,5.4,5.56,141600,863,780225
2021-12-10,5.54,5.86,5.54,5.85,234000,1129,1345950
2021-12-13,5.85,6.14,5.78,5.96,195700,934,1167111
2021-12-14,5.98,6.0,5.64,5.75,239100,1070,1387240
2021-12-15,5.69,5.78,5.5,5.74,222400,1322,1257077
2021-12-16,5.74,6.14,5.71,5.89,532200,1508,3178636
2021-12-17,5.85,5.96,5.65,5.71,264300,1203,1523761
2021-12-20,5.67,5.71,5.47,5.6,439500,1225,2461857
2021-12-21,5.72,5.72,5.29,5.46,207500,948,1137668
2021-12-22,5.5,5.65,5.37,5.65,144500,428,796789
2021-12-23,5.65,5.69,5.41,5.49,1029100,894,5656137
2021-12-27,5.45,5.8,5.45,5.71,188700,710,1074803
2021-12-28,5.71,5.9,5.71,5.73,71300,416,414123
2021-12-29,5.72,5.9,5.67,5.7,134600,648,772423
2021-12-30,5.82,6.05,5.74,5.84,251100,1221,1484628
