Date,Open,High,Low,Close,Volume,Neg,Fin
2010-01-04,1.44,1.48,1.34,1.36,38217100,4757,53601626
2010-01-05,1.36,1.38,1.26,1.3,22377100,3595,29562945
2010-01-06,1.55,1.59,1.42,1.55,62927000,8857,94893916
2010-01-07,1.5,2.15,1.5,2.04,147848200,25530,278218078
2010-01-08,2.2,3.55,2.16,2.68,211917600,39327,611359342
2010-01-11,3.25,3.45,2.77,2.86,88882800,20870,271147832
2010-01-12,2.72,2.78,2.11,2.37,50670000,13385,123493373
2010-01-13,2.28,2.76,2.12,2.75,69308500,15043,167030446
2010-01-14,2.9,2.93,2.62,2.65,55542600,11425,153287794
2010-01-15,2.5,2.82,2.39,2.5,26514100,6065,68565045
2010-01-18,2.59,2.65,2.47,2.52,14353000,3726,36670711
2010-01-19,2.5,2.62,2.42,2.5,16854300,5762,42564221
2010-01-20,2.5,2.71,2.46,2.53,48906100,11483,127983406
2010-01-21,2.6,2.63,2.41,2.43,10783200,2831,27118431
2010-01-22,2.42,2.57,2.41,2.42,8986800,2547,22322403
2010-01-26,2.52,2.7,2.46,2.62,22980900,5892,59720637
2010-01-27,2.61,2.64,2.46,2.47,9668200,3499,24471702
2010-01-28,2.55,2.69,2.47,2.59,11642700,3276,30073744
2010-01-29,2.62,2.85,2.55,2.55,48243100,15065,131310787
2010-02-01,2.66,2.72,2.57,2.58,10742200,3382,28293499
2010-02-02,2.63,2.68,2.58,2.61,7180800,3531,18795776
2010-02-03,2.62,2.62,2.52,2.55,5898100,2274,15097218
2010-02-04,2.51,2.54,2.05,2.18,15765000,4524,36508347
2010-02-05,2.1,2.15,1.85,2.0,15222700,3765,30718368
2010-02-08,2.11,2.28,2.06,2.18,28807200,10689,63079996
2010-02-09,2.27,2.33,2.11,2.12,14706500,3570,32890219
2010-02-10,2.15,2.19,2.01,2.05,10309300,2325,21391802
2010-02-11,2.05,2.05,1.91,1.95,15143100,4130,29983795
2010-02-12,1.93,1.95,1.67,1.76,16535900,3578,29786359
2010-02-17,1.78,1.93,1.76,1.81,11285100,2102,20836387
2010-02-18,1.84,1.97,1.79,1.85,21909000,4505,41414398
2010-02-19,2.1,2.26,1.9,1.9,61627000,10527,128441609
2010-02-22,1.95,2.11,1.83,1.92,57785900,10915,115740765
2010-02-23,1.94,1.97,1.87,1.89,16366100,3068,31286520
2010-02-24,1.96,2.02,1.88,1.88,20561400,2988,39849024
2010-02-25,1.88,1.89,1.76,1.89,13827400,3117,25453107
2010-02-26,1.92,1.93,1.86,1.86,7263600,1205,13686408
2010-03-01,1.87,1.89,1.82,1.84,6021300,1100,11124358
2010-03-02,1.84,1.92,1.82,1.84,13012300,1664,24366182
2010-03-03,1.87,1.88,1.77,1.79,7347600,1227,13428323
2010-03-04,1.8,1.81,1.69,1.72,12119800,2011,21025193
2010-03-05,1.74,1.77,1.55,1.6,15879500,2821,26015778
2010-03-08,1.52,1.54,1.23,1.24,35994700,5199,49420862
2010-03-09,1.12,1.45,1.01,1.45,67208500,10634,77122199
2010-03-10,1.7,1.74,1.39,1.39,129745400,17071,202675119
2010-03-11,1.29,1.49,1.23,1.33,113476400,13742,156555992
2010-03-12,1.31,1.72,1.28,1.65,160760100,23415,240957845
2010-03-15,1.85,1.99,1.72,1.73,192069800,29887,357133866
2010-03-16,1.66,1.86,1.6,1.63,129977000,18626,226997596
2010-03-17,1.68,1.78,1.59,1.66,144362900,19059,242516146
2010-03-18,1.69,1.76,1.66,1.71,63509200,7418,108477329
2010-03-19,1.72,1.73,1.6,1.63,25281100,3039,41947909
2010-03-22,1.58,1.62,1.52,1.53,28911800,4457,45443670
2010-03-23,1.55,1.57,1.41,1.43,50393300,7418,73808316
2010-03-24,1.42,1.44,1.37,1.39,29006600,4056,40708452
2010-03-25,1.4,1.43,1.32,1.32,18322100,2101,25261092
2010-03-26,1.33,1.34,1.26,1.29,33213300,3957,42584115
2010-03-29,1.3,1.65,1.3,1.65,77180900,9415,111673042
2010-03-30,1.59,1.63,1.45,1.45,70997200,8994,109626736
2010-03-31,1.42,1.63,1.39,1.5,104022300,15006,157870305
2010-04-01,1.55,1.58,1.46,1.5,40917500,4585,61691273
2010-04-05,1.51,1.58,1.47,1.48,37357300,4380,56831048
2010-04-06,1.5,1.53,1.46,1.47,39966600,5619,59742659
2010-04-07,1.47,1.48,1.41,1.43,28496400,3069,41270215
2010-04-08,1.61,1.63,1.49,1.53,79408700,8685,124707570
2010-04-09,1.53,1.54,1.47,1.47,19147900,2562,28616457
2010-04-12,1.47,1.47,1.42,1.42,14750600,2598,21211307
2010-04-13,1.41,1.48,1.39,1.43,33369400,3125,47976234
2010-04-14,1.43,1.44,1.37,1.39,11185000,1485,15748216
2010-04-15,1.38,1.4,1.35,1.37,21172200,3459,29039739
2010-04-16,1.36,1.36,1.3,1.31,15605800,1983,20592766
2010-04-19,1.28,1.37,1.24,1.32,55099300,5605,72085797
2010-04-20,1.34,1.36,1.29,1.29,21208000,2706,28159051
2010-04-22,1.26,1.39,1.26,1.36,39426400,6264,52637751
2010-04-23,1.35,1.37,1.3,1.3,24771900,3213,32927701
2010-04-26,1.31,1.32,1.27,1.27,16545900,3758,21443844
2010-04-27,1.28,1.35,1.16,1.16,42491000,5614,54715800
2010-04-28,1.2,1.24,1.12,1.16,28147500,3401,32834934
2010-04-29,1.2,1.21,1.15,1.18,15068200,1472,17743541
2010-04-30,1.18,1.18,1.14,1.16,7696000,867,8896695
2010-05-03,1.15,1.16,1.08,1.1,15666200,2296,17444188
2010-05-04,1.07,1.15,1.03,1.1,27537300,3694,29869537
2010-05-05,1.07,1.17,1.05,1.09,25739900,2282,28411367
2010-05-06,1.09,1.13,0.95,1.01,28138300,3051,29975009
2010-05-07,1.05,1.05,0.96,0.97,20541300,2168,20404210
2010-05-10,1.05,1.06,1.0,1.02,18709100,1692,19243532
2010-05-11,0.99,1.04,0.98,0.98,15144700,1687,15259493
2010-05-12,1.0,1.01,0.98,1.01,11901000,834,11873162
2010-05-13,1.01,1.03,0.98,0.98,11595400,969,11612827
2010-05-14,0.97,0.97,0.89,0.9,21094600,2124,19618522
2010-05-17,0.88,0.9,0.83,0.86,26936300,2605,23322045
2010-05-18,0.88,0.92,0.81,0.81,21086800,2225,18264667
2010-05-19,0.77,0.78,0.7,0.72,28925200,2240,21286928
2010-05-20,0.66,0.72,0.64,0.67,32875000,2758,21936952
2010-05-21,0.66,0.74,0.65,0.73,27830500,2944,19502871
2010-05-24,0.71,1.02,0.71,0.95,127874300,18570,114904712
2010-05-25,0.88,1.03,0.85,0.99,154769800,17853,149330353
2010-05-26,1.06,1.09,0.86,0.88,121915100,15410,120535583
2010-05-27,0.95,1.02,0.91,0.96,85527000,8411,82663841
2010-05-28,0.96,1.05,0.94,1.03,71245500,10946,71109248
2010-05-31,1.05,1.23,1.04,1.17,209983200,32362,240688035
2010-06-01,1.12,1.32,1.08,1.08,273342500,31775,327363579
2010-06-02,1.11,1.16,1.06,1.11,64803700,7287,72132970
2010-06-04,1.09,1.14,1.07,1.13,26831100,2392,29590743
2010-06-07,1.16,1.23,1.16,1.2,86257300,8055,103465755
2010-06-08,1.24,1.27,1.18,1.18,80105400,8708,97671538
2010-06-09,1.22,1.23,1.15,1.16,40725500,2828,48184695
2010-06-10,1.16,1.18,1.13,1.15,34394300,2182,39559379
2010-06-11,1.15,1.17,1.12,1.16,27053300,3425,31072628
2010-06-14,1.18,1.22,1.13,1.14,44038400,5355,51935081
2010-06-15,1.16,1.16,1.09,1.12,29563800,2727,33121747
2010-06-16,1.11,1.12,1.06,1.08,31135100,3654,33835936
2010-06-17,1.07,1.07,0.98,0.98,52657600,5325,53880268
2010-06-18,1.01,1.09,0.99,1.02,90868300,6975,93992574
2010-06-21,1.05,1.06,0.97,0.97,49335900,14462,49428413
2010-06-22,0.98,0.98,0.91,0.92,40797500,4542,38144496
2010-06-23,0.91,0.95,0.88,0.95,65247300,7237,59846199
2010-06-24,0.96,0.96,0.9,0.9,33113500,3510,30605325
2010-06-25,0.91,1.01,0.9,0.96,86107500,10469,82646561
2010-06-28,0.96,0.99,0.94,0.94,42626100,4305,41149465
2010-06-29,0.91,0.93,0.9,0.9,22814200,1963,20732236
2010-06-30,0.91,0.94,0.89,0.9,21042300,1987,19246125
2010-07-01,0.91,0.94,0.86,0.9,35303800,2869,31630134
2010-07-02,0.91,0.91,0.88,0.89,10889500,920,9739758
2010-07-05,0.89,0.91,0.86,0.87,18635800,1578,16486761
2010-07-06,0.9,0.9,0.82,0.84,31274700,2910,26971199
2010-07-07,0.83,0.98,0.8,0.98,74347800,11099,65355443
2010-07-08,1.0,1.02,0.89,0.9,92434200,8949,88375013
2010-07-12,0.91,0.93,0.86,0.86,31985300,2959,28590117
2010-07-13,0.88,0.94,0.87,0.91,51425500,4776,46429919
2010-07-14,0.9,0.94,0.88,0.9,47318800,4591,42764343
2010-07-15,0.9,0.92,0.89,0.89,17878800,2943,16113440
2010-07-16,0.94,0.97,0.89,0.89,76618500,8823,71311178
2010-07-19,0.9,0.92,0.88,0.89,19015300,1516,17050343
2010-07-20,0.88,0.92,0.88,0.89,35681300,5336,32010748
2010-07-21,0.9,0.91,0.89,0.89,9935700,573,8908887
2010-07-22,0.9,0.93,0.89,0.91,31772800,1644,28867240
2010-07-23,0.92,0.93,0.9,0.9,18527700,1303,16849388
2010-07-26,0.92,0.94,0.89,0.9,66007100,6917,60279170
2010-07-27,0.93,0.94,0.89,0.9,65461500,5453,59590241
2010-07-28,0.9,0.91,0.86,0.89,54624000,4349,48251426
2010-07-29,0.89,0.9,0.87,0.87,27055300,1431,23853838
2010-07-30,0.86,0.88,0.85,0.88,17807100,1379,15471509
2010-08-02,0.88,0.89,0.86,0.86,21938700,1293,19127198
2010-08-03,0.86,0.87,0.84,0.85,28800900,1629,24625497
2010-08-04,0.86,0.87,0.84,0.85,25218600,1427,21540556
2010-08-05,0.85,0.91,0.84,0.88,84693500,7574,74730605
2010-08-06,0.87,0.88,0.85,0.86,27157100,1838,23520467
2010-08-09,0.87,0.88,0.85,0.85,12865500,1000,11040325
2010-08-10,0.85,0.86,0.83,0.85,20747500,1597,17564861
2010-08-11,0.84,0.85,0.83,0.84,11039900,754,9303657
2010-08-12,0.84,0.87,0.84,0.85,18524000,1037,15845967
2010-08-13,0.85,0.86,0.84,0.84,7892700,614,6695248
2010-08-16,0.84,0.86,0.82,0.83,24756700,1438,20838392
2010-08-17,0.83,0.85,0.82,0.82,15854700,1678,13193522
2010-08-18,0.83,0.84,0.82,0.82,10576900,1139,8741920
2010-08-19,0.83,0.83,0.8,0.81,17769400,1749,14439297
2010-08-20,0.81,0.82,0.79,0.8,15507700,1651,12465199
2010-08-23,0.81,0.84,0.8,0.8,26401300,1524,21551236
2010-08-24,0.8,0.81,0.77,0.77,11665100,1479,9158826
2010-08-25,0.77,0.77,0.74,0.74,20163900,1765,15193227
2010-08-26,0.75,0.81,0.73,0.78,60173200,5570,46836076
2010-08-27,0.78,0.8,0.76,0.76,20395800,1417,15781435
2010-08-30,0.76,0.76,0.73,0.74,8587100,687,6394903
2010-08-31,0.74,0.76,0.72,0.73,14437600,996,10625338
2010-09-01,0.74,0.76,0.73,0.73,12691500,1302,9408375
2010-09-02,0.74,0.74,0.71,0.71,12425700,1267,8951858
2010-09-03,0.72,0.72,0.68,0.69,16355600,2080,11427384
2010-09-06,0.69,0.72,0.67,0.7,21600000,1793,15091802
2010-09-08,0.7,0.71,0.67,0.67,18306400,1487,12550210
2010-09-09,0.68,0.72,0.66,0.72,39742800,3025,27400503
2010-09-10,0.71,0.73,0.69,0.69,25082100,1814,17755362
2010-09-13,0.7,0.71,0.67,0.69,16826100,1016,11596398
2010-09-14,0.69,0.69,0.67,0.67,12503000,977,8477710
2010-09-15,0.67,0.69,0.65,0.66,21015700,1271,14034753
2010-09-16,0.66,0.68,0.65,0.66,13278900,980,8795512
2010-09-17,0.66,0.67,0.65,0.66,9650000,692,6365886
2010-09-20,0.66,0.68,0.66,0.66,12078600,1172,8067128
2010-09-21,0.66,0.67,0.65,0.65,12206500,1468,7991763
2010-09-22,0.65,0.67,0.64,0.64,25442200,1301,16643959
2010-09-23,0.65,0.69,0.63,0.65,48979700,3377,32413209
2010-09-24,0.66,0.66,0.63,0.63,20919000,1343,13364524
2010-09-27,0.63,0.64,0.59,0.6,34047400,2873,20837881
2010-09-28,0.6,0.61,0.57,0.57,26262100,2068,15303366
2010-09-29,0.58,0.6,0.57,0.58,25800000,2171,15072639
2010-09-30,0.59,0.6,0.57,0.57,15680400,908,9138253
2010-10-01,0.58,0.58,0.55,0.56,17430400,2326,9826284
2010-10-04,0.56,0.56,0.54,0.54,14910300,855,8159370
2010-10-05,0.54,0.57,0.54,0.56,17515800,2511,9760359
2010-10-06,0.6,0.62,0.57,0.58,49022200,3124,29274182
2010-10-07,0.58,0.59,0.56,0.58,16024500,830,9234702
2010-10-08,0.57,0.58,0.56,0.58,6964500,575,4007128
2010-10-11,0.59,0.61,0.58,0.6,17960400,3445,10691289
2010-10-13,0.61,0.76,0.6,0.75,129512800,9622,88831740
2010-10-14,0.76,0.77,0.67,0.68,100953600,10949,71896842
2010-10-15,0.69,0.69,0.63,0.66,32023200,2329,21110127
2010-10-18,0.65,0.79,0.65,0.73,125840600,14880,92875427
2010-10-19,0.72,0.78,0.7,0.71,99984500,7367,73753100
2010-10-20,0.73,0.74,0.71,0.72,35989000,2027,26122732
2010-10-21,0.73,0.74,0.68,0.69,26356700,1825,18586336
2010-10-22,0.7,0.71,0.67,0.68,14568200,1585,10019745
2010-10-25,0.68,0.72,0.65,0.7,34053600,2247,23113284
2010-10-26,0.71,0.73,0.68,0.7,33094500,2053,23418147
2010-10-27,0.7,0.73,0.69,0.72,30113700,1702,21471617
2010-10-28,0.74,0.84,0.74,0.82,135335500,14524,106619769
2010-10-29,0.82,0.86,0.77,0.78,109404100,7906,88558748
2010-11-01,0.8,0.83,0.8,0.83,44524000,3763,36469847
2010-11-03,0.86,0.92,0.83,0.89,91508100,8989,79962168
2010-11-04,0.91,0.93,0.85,0.92,101480700,10527,90936639
2010-11-05,0.9,0.97,0.88,0.94,89273000,9951,82910453
2010-11-08,0.97,1.02,0.95,0.98,111334400,12464,109532184
2010-11-09,0.97,0.99,0.9,0.91,133817500,15305,125916013
2010-11-10,0.88,0.96,0.87,0.96,86024200,6762,78284338
2010-11-11,0.96,0.99,0.93,0.93,100772300,9839,96521582
2010-11-12,0.9,0.95,0.87,0.91,95678700,11035,87178673
2010-11-16,0.9,0.91,0.83,0.83,93243800,8215,80198452
2010-11-17,0.87,0.89,0.8,0.8,93377900,7166,79502166
2010-11-18,0.82,0.84,0.79,0.84,87218500,4550,71212203
2010-11-19,0.83,0.89,0.83,0.89,74634400,10041,64243680
2010-11-22,0.91,0.92,0.86,0.88,78038600,5680,69536610
2010-11-23,0.86,0.94,0.86,0.93,85109800,9421,76621194
2010-11-24,0.94,0.95,0.9,0.9,73371500,8301,67372410
2010-11-25,0.9,0.9,0.87,0.89,40079500,2269,35449208
2010-11-26,0.88,0.9,0.87,0.88,25745600,3765,22781819
2010-11-29,0.88,0.89,0.81,0.82,56686200,5895,47477327
2010-11-30,0.83,0.93,0.81,0.9,88703300,9947,78844892
2010-12-01,0.9,0.92,0.87,0.88,72060200,5235,64557231
2010-12-02,0.88,0.92,0.87,0.9,58964700,6571,52726218
2010-12-03,0.91,0.91,0.86,0.87,32121400,2533,28505158
2010-12-06,0.87,0.89,0.85,0.87,34811500,1991,30154578
2010-12-07,0.88,0.89,0.86,0.86,21542900,2077,18795452
2010-12-08,0.85,0.88,0.84,0.86,23544600,2028,20168355
2010-12-09,0.87,0.88,0.81,0.83,52013300,2816,43589744
2010-12-10,0.84,0.84,0.82,0.84,14024600,875,11681123
2010-12-13,0.85,0.86,0.83,0.83,15531600,1049,13074495
2010-12-14,0.82,0.84,0.79,0.8,36029500,1688,29358604
2010-12-15,0.79,0.8,0.75,0.75,38051800,2347,29383903
2010-12-16,0.76,0.82,0.76,0.79,45820400,3153,36299497
2010-12-17,0.83,0.83,0.8,0.81,33596900,1852,27372977
2010-12-20,0.82,0.86,0.81,0.85,35899300,2305,30057062
2010-12-21,0.86,0.9,0.85,0.88,44041800,3305,38419288
2010-12-22,0.87,0.88,0.83,0.83,43525000,2690,37239290
2010-12-23,0.93,0.98,0.84,0.84,179757100,12536,163758968
2010-12-27,0.79,0.8,0.76,0.77,88484800,5502,69100247
2010-12-28,0.78,0.79,0.67,0.68,90231100,6640,65225563
2010-12-29,0.67,0.72,0.63,0.7,92552600,6148,62697424
2010-12-30,0.7,0.72,0.69,0.7,14137800,1137,9910939
2011-01-03,0.69,0.7,0.66,0.68,22471100,2006,15294095
2011-01-04,0.67,0.69,0.66,0.68,16098000,1388,10879647
2011-01-05,0.67,0.68,0.66,0.66,14397700,1735,9628985
2011-01-06,0.66,0.67,0.64,0.64,16293600,1381,10657932
2011-01-07,0.64,0.65,0.6,0.62,31526500,5189,19584955
2011-01-10,0.62,0.66,0.6,0.66,34585900,2633,22130455
2011-01-11,0.66,0.68,0.64,0.64,22180200,2006,14714227
2011-01-12,0.65,0.67,0.64,0.66,11263700,929,7348814
2011-01-13,0.66,0.68,0.65,0.65,12383400,1611,8181905
2011-01-14,0.66,0.72,0.64,0.7,50062800,2761,34699314
2011-01-17,0.68,0.69,0.66,0.66,36332500,2257,24462960
2011-01-18,0.65,0.67,0.65,0.65,13431300,909,8819286
2011-01-19,0.66,0.66,0.63,0.65,14567400,957,9417491
2011-01-20,0.64,0.65,0.63,0.65,13750400,1029,8802481
2011-01-21,0.65,0.66,0.63,0.63,13199400,1217,8483711
2011-01-24,0.64,0.64,0.62,0.63,11113900,979,7015134
2011-01-26,0.63,0.64,0.61,0.61,18791900,1024,11728550
2011-01-27,0.62,0.63,0.61,0.61,9220300,672,5680960
2011-01-28,0.64,0.67,0.62,0.62,38085500,2387,24444811
2011-01-31,0.63,0.63,0.61,0.62,13876300,1122,8615896
2011-02-01,0.62,0.62,0.6,0.61,16775800,1418,10222162
2011-02-02,0.61,0.62,0.58,0.59,24627500,3198,14692594
2011-02-03,0.58,0.59,0.56,0.58,18177800,1455,10494824
2011-02-04,0.57,0.58,0.56,0.56,11610100,751,6579711
2011-02-07,0.57,0.62,0.57,0.6,39105800,3739,23338544
2011-02-08,0.59,0.61,0.57,0.58,17716500,1012,10490791
2011-02-09,0.57,0.58,0.56,0.57,10684700,725,6088764
2011-02-10,0.57,0.58,0.56,0.57,7215900,684,4118200
2011-02-11,0.58,0.62,0.57,0.58,32197100,1778,19020106
2011-02-14,0.59,0.6,0.58,0.58,12033800,1120,7074903
2011-02-15,0.59,0.6,0.58,0.59,12807900,845,7568349
2011-02-16,0.6,0.61,0.58,0.6,20747000,1013,12351282
2011-02-17,0.6,0.64,0.59,0.63,34906300,2762,21496044
2011-02-18,0.63,0.64,0.61,0.61,23052800,2831,14319546
2011-02-21,0.61,0.62,0.59,0.59,11696800,726,7009986
2011-02-22,0.59,0.6,0.58,0.58,11095900,708,6530425
2011-02-23,0.59,0.6,0.57,0.58,15903500,1010,9270341
2011-02-24,0.58,0.58,0.57,0.57,5427600,384,3118630
2011-02-25,0.58,0.59,0.56,0.56,12370600,1386,7114918
2011-02-28,0.57,0.58,0.56,0.57,8475000,777,4818501
2011-03-01,0.57,0.58,0.56,0.57,8003600,1060,4532751
2011-03-02,0.56,0.57,0.55,0.56,17434100,1321,9786837
2011-03-03,0.56,0.57,0.55,0.56,6194300,411,3448749
2011-03-04,0.56,0.56,0.55,0.56,1845000,176,1028216
2011-03-09,0.56,0.56,0.54,0.54,8506500,583,4660777
2011-03-10,0.56,0.58,0.54,0.55,21681200,1898,12113744
2011-03-11,0.54,0.54,0.52,0.53,16823000,1456,8940835
2011-03-14,0.53,0.54,0.5,0.52,18283000,2454,9468378
2011-03-15,0.5,0.51,0.49,0.5,27227500,1787,13608098
2011-03-16,0.5,0.53,0.49,0.5,29678200,3068,15037487
2011-03-17,0.5,0.51,0.48,0.48,19231200,1778,9393971
2011-03-18,0.48,0.48,0.46,0.47,14819200,1675,6971139
2011-03-21,0.47,0.48,0.44,0.44,27458600,2582,12606801
2011-03-22,0.44,0.45,0.4,0.42,45669700,3887,19195244
2011-03-23,0.42,0.45,0.41,0.42,39831600,2910,17044677
2011-03-24,0.43,0.44,0.42,0.42,9886600,637,4226463
2011-03-25,0.43,0.44,0.42,0.43,7703100,519,3305305
2011-03-28,0.43,0.45,0.4,0.42,38381800,2191,16163600
2011-03-29,0.42,0.43,0.41,0.41,12666100,725,5328809
2011-03-30,0.42,0.42,0.4,0.41,10756200,754,4402159
2011-03-31,0.41,0.41,0.4,0.41,7051200,863,2855536
2011-04-01,0.41,0.42,0.4,0.41,13285000,1338,5436931
2011-04-04,0.41,0.42,0.39,0.41,21462500,1993,8676957
2011-04-05,0.4,0.41,0.4,0.4,6825100,752,2739366
2011-04-06,0.4,0.4,0.38,0.38,22379900,1556,8687370
2011-04-07,0.38,0.39,0.35,0.36,27348500,2166,10027611
2011-04-08,0.36,0.37,0.35,0.35,12582200,2194,4458710
2011-04-11,0.35,0.37,0.34,0.35,25568100,1926,9007999
2011-04-12,0.35,0.36,0.34,0.34,7979800,1105,2743632
2011-04-13,0.35,0.36,0.34,0.34,14808000,2122,5126021
2011-04-14,0.34,0.35,0.32,0.32,17337100,2306,5746502
2011-04-15,0.33,0.34,0.3,0.32,44926100,2615,14250298
2011-04-18,0.32,0.32,0.3,0.31,18524100,893,5759535
2011-04-19,0.31,0.31,0.28,0.29,20716500,2513,6132505
2011-04-20,0.29,0.31,0.28,0.29,21186600,1806,6228575
2011-04-25,0.28,0.29,0.27,0.27,30767600,1956,8537557
2011-04-26,0.27,0.27,0.25,0.25,28916300,1979,7504593
2011-04-27,0.26,0.26,0.25,0.26,11945700,1354,3051767
2011-04-28,0.26,0.26,0.24,0.25,11643000,1080,2894662
2011-04-29,0.24,0.25,0.23,0.24,18380400,1124,4405135
2011-05-02,2.21,2.35,2.11,2.12,3946700,1422,8680613
2011-05-03,2.1,2.12,1.76,1.94,6427200,2460,12553213
2011-05-04,1.87,1.92,1.74,1.74,3510800,1504,6388763
2011-05-05,1.68,2.3,1.61,2.3,19620900,6018,37306382
2011-05-06,2.36,2.65,2.05,2.08,30143400,10982,70760728
2011-05-09,2.11,2.21,2.04,2.09,10239600,3983,21720102
2011-05-10,2.13,2.16,1.97,1.97,6010600,2388,12426780
2011-05-11,2.0,2.22,1.87,2.14,13253100,5854,26915779
2011-05-12,2.16,2.24,2.01,2.03,11693900,3407,24838775
2011-05-13,2.06,2.11,1.95,1.96,6177800,3445,12539157
2011-05-16,1.94,2.01,1.86,1.87,5501000,2326,10610179
2011-05-17,1.9,1.91,1.82,1.83,6536800,2234,12153302
2011-05-18,1.85,1.86,1.76,1.77,3907300,1428,7058856
2011-05-19,1.77,1.82,1.72,1.73,2964300,1091,5243949
2011-05-20,1.74,1.91,1.7,1.76,18215600,6905,32804636
2011-05-23,1.74,1.83,1.71,1.75,8354800,1907,14796735
2011-05-24,1.77,1.82,1.75,1.77,7918900,1327,14097144
2011-05-25,1.78,1.8,1.71,1.72,6688800,1591,11709602
2011-05-26,1.73,1.77,1.71,1.73,6789800,953,11839221
2011-05-27,1.74,1.76,1.72,1.73,3334400,1802,5783910
2011-05-30,1.75,1.77,1.73,1.74,3350300,765,5873830
2011-05-31,1.76,2.05,1.76,2.05,13816300,5104,26132833
2011-06-01,2.0,2.16,1.87,1.88,28020900,6625,56674338
2011-06-02,1.92,1.96,1.85,1.87,9926100,3778,18856222
2011-06-03,1.88,2.03,1.86,1.95,12517200,2763,24456637
2011-06-06,1.98,2.02,1.88,1.88,6329800,1434,12326513
2011-06-07,1.9,1.93,1.8,1.83,4681300,1940,8790423
2011-06-08,1.84,1.88,1.81,1.82,4726200,2719,8684583
2011-06-09,1.84,1.9,1.83,1.84,3602800,896,6701931
2011-06-10,1.86,1.86,1.81,1.82,2372400,594,4341788
2011-06-13,1.84,1.86,1.77,1.79,3219100,1016,5834848
2011-06-14,1.81,1.83,1.75,1.75,3452000,948,6127246
2011-06-15,1.75,1.78,1.72,1.72,3507100,781,6112358
2011-06-16,1.72,1.74,1.64,1.66,4226700,1168,7195890
2011-06-17,1.68,1.69,1.55,1.57,5346700,1313,8611170
2011-06-20,1.58,1.64,1.53,1.54,5455000,1604,8649052
2011-06-21,1.57,1.68,1.54,1.62,13448000,2758,21662262
2011-06-22,1.61,1.63,1.52,1.52,5927400,1558,9304062
2011-06-24,1.53,1.58,1.47,1.47,5524100,1246,8415586
2011-06-27,1.49,1.51,1.22,1.22,13600300,2588,18528523
2011-06-28,1.27,1.33,1.14,1.31,17751700,3833,22129093
2011-06-29,1.37,1.38,1.24,1.24,9616100,2563,12443083
2011-06-30,1.25,1.28,1.19,1.22,5640300,1595,6940094
2011-07-01,1.24,1.33,1.19,1.25,9891700,2467,12442919
2011-07-04,1.25,1.31,1.22,1.24,6717500,1364,8430346
2011-07-05,1.25,1.28,1.21,1.22,6847600,1672,8510251
2011-07-06,1.22,1.23,1.17,1.19,6954800,1159,8321991
2011-07-07,1.2,1.22,1.17,1.17,6138600,926,7291373
2011-07-08,1.17,1.17,1.07,1.08,6618400,1609,7400164
2011-07-11,1.07,1.07,1.0,1.01,6112800,1569,6281755
2011-07-12,1.01,1.05,0.95,0.98,8916000,2482,8870902
2011-07-13,1.0,1.05,0.98,0.98,10101600,1591,10195593
2011-07-14,0.98,1.25,0.97,1.25,32329800,5402,35488513
2011-07-15,1.23,1.3,1.15,1.16,18311900,3002,22355304
2011-07-18,1.12,1.33,1.12,1.3,22444600,3846,28177661
2011-07-19,1.34,1.41,1.29,1.29,18158500,3364,24352682
2011-07-20,1.32,1.33,1.2,1.2,7801100,1848,9781972
2011-07-21,1.21,1.25,1.18,1.19,4646100,1058,5634880
2011-07-22,1.22,1.24,1.11,1.13,5557200,1381,6549912
2011-07-25,1.15,1.21,1.07,1.09,9863000,1955,11321403
2011-07-26,1.09,1.11,1.02,1.04,6705500,1825,7056737
2011-07-27,1.0,1.01,0.97,0.98,6094100,1002,6027670
2011-07-28,1.01,1.05,0.97,1.02,4498300,1083,4552993
2011-07-29,1.03,1.08,1.02,1.02,7551600,1408,7892074
2011-08-01,1.03,1.07,1.0,1.01,4101800,766,4202830
2011-08-02,1.02,1.03,0.97,0.98,5415000,1072,5371098
2011-08-03,0.97,0.97,0.89,0.91,5383900,1169,4984416
2011-08-04,0.87,0.89,0.77,0.77,5807000,1593,4782828
2011-08-05,0.75,0.82,0.72,0.81,7397200,3957,5715532
2011-08-08,0.74,0.74,0.65,0.67,6233000,1747,4361628
2011-08-09,0.71,0.72,0.66,0.7,6093900,1223,4215772
2011-08-10,0.68,0.88,0.67,0.82,17827500,3604,14249358
2011-08-11,0.8,0.84,0.78,0.78,6954000,1202,5588282
2011-08-12,0.78,0.8,0.76,0.78,1874200,448,1464551
2011-08-15,0.8,0.88,0.78,0.78,10386800,1690,8630399
2011-08-16,0.78,0.84,0.77,0.79,5831300,891,4648520
2011-08-17,0.82,0.83,0.78,0.8,2218300,535,1777702
2011-08-18,0.78,0.78,0.74,0.75,2561500,520,1931296
2011-08-19,0.76,0.79,0.76,0.78,1800500,375,1389703
2011-08-22,0.8,0.8,0.75,0.76,3042300,515,2350485
2011-08-23,0.75,0.79,0.74,0.75,8973900,742,6827308
2011-08-24,0.76,0.77,0.72,0.73,4412300,708,3280403
2011-08-25,0.73,0.73,0.7,0.71,1884600,374,1351995
2011-08-26,0.71,0.74,0.7,0.72,2726100,647,1950048
2011-08-29,0.74,0.78,0.73,0.75,8558800,1126,6483268
2011-08-30,0.75,0.8,0.73,0.76,9061900,1128,6927625
2011-08-31,0.79,0.81,0.76,0.76,11074700,1316,8724336
2011-09-01,0.77,0.79,0.76,0.77,5268800,658,4063614
2011-09-02,0.75,0.76,0.74,0.75,1612000,319,1212168
2011-09-05,0.74,0.77,0.73,0.75,2190000,799,1638145
2011-09-06,0.77,0.79,0.75,0.76,4434400,516,3417651
2011-09-08,0.79,0.79,0.76,0.78,2880200,500,2241900
2011-09-09,0.77,0.87,0.76,0.84,18164600,3507,14906674
2011-09-12,0.83,0.89,0.81,0.87,22147800,2242,18993387
2011-09-13,0.88,0.91,0.84,0.84,16038400,1907,14015478
2011-09-14,0.85,0.99,0.84,0.96,35295100,5020,32955339
2011-09-15,0.98,1.02,0.93,0.95,29800400,2703,28957743
2011-09-16,0.97,1.03,0.96,1.01,25601500,2749,25615317
2011-09-19,1.03,1.15,1.01,1.08,43214900,4086,46864549
2011-09-20,1.12,1.15,0.98,0.98,48671300,4578,52509838
2011-09-21,1.0,1.03,0.89,0.89,40722400,3823,38352171
2011-09-22,0.86,0.94,0.84,0.92,28766600,2398,25551563
2011-09-23,0.93,1.0,0.9,1.0,22730700,1987,21371854
2011-09-26,1.05,1.06,0.97,1.0,35290200,3099,35545469
2011-09-27,1.02,1.03,0.95,0.97,21363100,1545,21250961
2011-09-28,0.95,0.97,0.91,0.92,14852200,1319,13949391
2011-09-29,0.94,0.96,0.87,0.88,13880000,1216,12730345
2011-09-30,0.86,0.93,0.85,0.88,13131000,1152,11610587
2011-10-03,0.88,0.93,0.84,0.85,15215300,1384,13440037
2011-10-04,0.85,0.87,0.81,0.87,12298200,1170,10368768
2011-10-05,0.87,0.88,0.84,0.86,10802700,956,9327381
2011-10-06,0.87,0.9,0.86,0.86,14406200,1153,12678449
2011-10-07,0.88,0.89,0.82,0.82,7676900,654,6580823
2011-10-10,0.84,0.86,0.81,0.82,7366700,860,6132742
2011-10-11,0.83,0.84,0.81,0.83,4600200,686,3799319
2011-10-13,0.84,0.88,0.81,0.87,14615800,1007,12454734
2011-10-14,0.88,0.97,0.85,0.97,23816300,2507,21458108
2011-10-17,0.98,1.05,0.95,1.01,43205700,5495,43511620
2011-10-18,0.88,0.9,0.77,0.77,68984900,6148,57067856
2011-10-19,0.74,0.76,0.71,0.73,22936400,2342,16756889
2011-10-20,0.75,0.78,0.73,0.73,13001000,1078,9825652
2011-10-21,0.75,0.76,0.72,0.74,6818000,591,5033640
2011-10-24,0.75,0.76,0.73,0.73,4041800,449,3002830
2011-10-25,0.73,0.74,0.7,0.72,4927000,623,3537399
2011-10-26,0.75,0.75,0.72,0.73,7601600,796,5600923
2011-10-27,0.74,0.74,0.72,0.73,4876300,506,3584569
2011-10-28,0.74,0.78,0.73,0.74,11252100,965,8531458
2011-10-31,0.74,0.75,0.73,0.73,2515000,278,1855877
2011-11-01,0.72,0.74,0.71,0.73,4047800,374,2932270
2011-11-03,0.73,0.74,0.71,0.72,4364400,340,3151873
2011-11-04,0.72,0.73,0.7,0.73,3516200,853,2508947
2011-11-07,0.72,0.73,0.71,0.71,3356300,487,2409253
2011-11-08,0.71,0.71,0.65,0.66,18486900,2521,12451678
2011-11-09,0.65,0.66,0.62,0.63,14202600,2160,9001602
2011-11-10,0.63,0.64,0.6,0.62,9183800,668,5712584
2011-11-11,0.63,0.65,0.62,0.64,3830000,394,2445986
2011-11-14,0.64,0.64,0.62,0.62,1376800,188,867518
2011-11-16,0.63,0.63,0.59,0.6,5600500,1362,3404507
2011-11-17,0.59,0.6,0.52,0.53,10588700,1528,5904525
2011-11-18,0.53,0.56,0.46,0.46,10558000,1290,5392915
2011-11-21,0.46,0.46,0.42,0.45,9773900,1059,4351071
2011-11-22,0.45,0.5,0.45,0.48,18862500,1706,9004009
2011-11-23,0.49,0.52,0.47,0.49,12196400,986,6015491
2011-11-24,0.49,0.49,0.45,0.47,6559200,780,3098318
2011-11-25,0.5,0.53,0.49,0.49,10662600,1230,5399709
2011-11-28,0.51,0.51,0.48,0.49,4953600,492,2453909
2011-11-29,0.49,0.5,0.46,0.47,4455400,1146,2114000
2011-11-30,0.47,0.48,0.45,0.46,5722800,827,2661779
2011-12-01,0.47,0.47,0.43,0.44,6065300,1556,2728574
2011-12-02,0.44,0.45,0.43,0.44,2314300,699,1013308
2011-12-05,0.44,0.45,0.42,0.44,4565700,838,1977945
2011-12-06,0.43,0.47,0.43,0.45,10351300,764,4668044
2011-12-07,0.45,0.46,0.43,0.43,4389200,376,1943742
2011-12-08,0.43,0.44,0.42,0.42,3007500,296,1288510
2011-12-09,0.43,0.44,0.42,0.43,4208800,308,1813953
2011-12-12,0.42,0.42,0.4,0.41,6996300,2072,2872668
2011-12-13,0.4,0.41,0.39,0.39,5017600,771,1995037
2011-12-14,0.39,0.42,0.38,0.4,8347900,1419,3369611
2011-12-15,0.4,0.44,0.39,0.43,10221500,1050,4315442
2011-12-16,0.43,0.44,0.41,0.42,3241300,426,1368221
2011-12-19,0.42,0.43,0.4,0.41,4623400,406,1920642
2011-12-20,0.42,0.44,0.41,0.42,6842900,717,2919128
2011-12-21,0.42,0.43,0.4,0.41,2755800,274,1140429
2011-12-22,0.48,0.51,0.46,0.47,37088300,3189,17929037
2011-12-23,0.48,0.5,0.47,0.49,8514200,2155,4109783
2011-12-26,0.49,0.53,0.49,0.52,19206300,1218,9848198
2011-12-27,0.52,0.52,0.46,0.46,16372800,1420,8096524
2011-12-28,0.46,0.48,0.44,0.45,12582800,774,5738350
2011-12-29,0.45,0.46,0.43,0.44,4856600,398,2153333
2012-01-02,0.44,0.45,0.41,0.42,7114200,460,3033499
2012-01-03,0.42,0.44,0.41,0.42,7735200,436,3291382
2012-01-04,0.42,0.46,0.41,0.44,17211000,2319,7631582
2012-01-05,0.45,0.47,0.44,0.45,11151700,591,5049079
2012-01-06,0.46,0.47,0.42,0.43,9546100,761,4208375
2012-01-09,0.43,0.44,0.41,0.42,8599500,651,3632231
2012-01-10,0.43,0.43,0.41,0.42,5773600,598,2413417
2012-01-11,0.42,0.42,0.4,0.41,8416200,892,3451241
2012-01-12,0.41,0.42,0.38,0.39,11448900,1527,4515079
2012-01-13,0.39,0.4,0.38,0.38,8470500,1387,3274212
2012-01-16,0.38,0.41,0.36,0.41,16381500,1767,6321897
2012-01-17,0.41,0.41,0.38,0.38,9928500,621,3875155
2012-01-18,0.38,0.4,0.38,0.38,5340000,466,2061970
2012-01-19,0.38,0.39,0.37,0.37,8116600,521,3079798
2012-01-20,0.37,0.39,0.37,0.38,5607200,356,2117891
2012-01-23,0.38,0.4,0.37,0.38,19072400,855,7324231
2012-01-24,0.39,0.39,0.37,0.38,6459100,362,2459503
2012-01-26,0.39,0.44,0.38,0.42,35356900,2748,14465518
2012-01-27,0.42,0.42,0.38,0.39,17813600,826,7150708
2012-01-30,0.4,0.41,0.38,0.4,14428800,1268,5696614
2012-01-31,0.41,0.42,0.4,0.4,18593900,1219,7588617
2012-02-01,0.41,0.41,0.39,0.41,12675600,1163,5079986
2012-02-02,0.47,0.49,0.43,0.44,54485000,4655,24975879
2012-02-03,0.44,0.45,0.42,0.43,16866400,953,7313360
2012-02-06,0.43,0.47,0.42,0.45,28302100,1649,12730786
2012-02-07,0.45,0.46,0.44,0.44,14678800,1263,6597334
2012-02-08,0.45,0.46,0.44,0.44,17319600,2310,7791407
2012-02-09,0.44,0.45,0.43,0.43,8132800,411,3554747
2012-02-10,0.42,0.42,0.4,0.41,18181600,978,7487453
2012-02-13,0.4,0.41,0.39,0.41,8948300,464,3594102
2012-02-14,0.41,0.42,0.4,0.4,8632900,628,3509352
2012-02-15,0.4,0.43,0.4,0.42,25901800,2098,10808182
2012-02-16,0.43,0.44,0.4,0.41,20263400,769,8539995
2012-02-17,0.41,0.42,0.4,0.41,6969600,502,2856341
2012-02-22,0.41,0.42,0.4,0.4,5374400,242,2184898
2012-02-23,0.41,0.42,0.39,0.42,12783600,849,5171127
2012-02-24,0.43,0.45,0.41,0.41,34460600,1523,14732028
2012-02-27,0.41,0.42,0.4,0.4,13931500,6322,5658280
2012-02-28,0.41,0.41,0.4,0.4,4284800,370,1730486
2012-02-29,0.4,0.41,0.39,0.39,8771400,883,3493579
2012-03-01,0.4,0.42,0.39,0.41,15774900,7045,6395661
2012-03-02,0.41,0.41,0.39,0.4,11077900,738,4443175
2012-03-05,0.41,0.41,0.39,0.4,7250300,608,2909170
2012-03-06,0.4,0.4,0.39,0.4,2671100,234,1057945
2012-03-07,0.4,0.41,0.39,0.4,3887600,291,1555217
2012-03-08,0.4,0.41,0.39,0.4,3888400,250,1553530
2012-03-09,0.4,0.41,0.39,0.4,3139500,243,1257185
2012-03-12,0.4,0.41,0.39,0.4,5539700,306,2214681
2012-03-13,0.4,0.42,0.4,0.4,14816400,580,6030449
2012-03-14,0.41,0.42,0.4,0.4,9896200,639,4040470
2012-03-15,0.41,0.42,0.4,0.41,7861200,467,3216337
2012-03-16,0.41,0.42,0.39,0.4,13062600,518,5264565
2012-03-19,0.4,0.41,0.39,0.4,4277100,384,1695068
2012-03-20,0.39,0.4,0.37,0.38,19188400,1023,7381162
2012-03-21,0.38,0.39,0.37,0.39,6690200,377,2572526
2012-03-22,0.39,0.39,0.37,0.38,7359700,543,2795340
2012-03-23,0.39,0.39,0.37,0.38,4089700,189,1562705
2012-03-26,0.39,0.39,0.37,0.38,3048100,263,1161442
2012-03-27,0.38,0.39,0.37,0.38,7409400,385,2810903
2012-03-28,0.38,0.38,0.36,0.37,12329500,809,4546357
2012-03-29,0.3,0.33,0.28,0.3,53709100,2388,16544329
2012-03-30,0.31,0.32,0.3,0.31,11375400,728,3519987
2012-04-02,0.3,0.31,0.28,0.29,13545700,6936,3949683
2012-04-03,0.28,0.29,0.24,0.25,32360400,2268,8439351
2012-04-04,0.24,0.26,0.23,0.24,15948800,1196,3866176
2012-04-05,0.24,0.25,0.23,0.24,5295000,549,1266963
2012-04-09,0.23,0.24,0.22,0.22,6676100,482,1520292
2012-04-10,0.22,0.23,0.2,0.2,13898000,956,2910325
2012-04-11,0.2,0.21,0.19,0.19,9059700,657,1782120
2012-04-12,0.19,0.21,0.18,0.2,16345200,1017,3226516
2012-04-13,0.2,0.2,0.18,0.19,7106600,834,1365453
2012-04-16,0.19,0.2,0.18,0.18,8767400,332,1650022
2012-04-17,0.2,0.21,0.19,0.19,20933400,1000,4138892
2012-04-18,0.19,0.19,0.18,0.19,3531800,219,665799
2012-04-19,0.19,0.2,0.18,0.19,3883000,368,729366
2012-04-20,0.19,0.19,0.18,0.18,3945000,278,725018
2012-04-23,0.18,0.18,0.17,0.18,7856600,439,1390581
2012-04-24,0.18,0.18,0.17,0.17,4617000,330,797409
2012-04-25,0.17,0.18,0.16,0.16,5798300,615,965806
2012-04-26,0.16,0.17,0.16,0.17,3596900,358,594219
2012-04-27,0.16,0.17,0.15,0.15,6895200,515,1075267
2012-04-30,0.15,0.16,0.14,0.15,8818100,710,1322303
2012-05-02,0.16,0.16,0.14,0.15,8512200,631,1294855
2012-05-03,0.15,0.2,0.14,0.2,23366600,1213,3995621
2012-05-04,0.2,0.21,0.17,0.17,23875900,1370,4522384
2012-05-07,0.17,0.2,0.16,0.19,30248800,1470,5674828
2012-05-08,0.19,0.21,0.18,0.2,29170900,1685,5803853
2012-05-09,0.19,0.2,0.17,0.17,18676900,752,3388899
2012-05-10,0.17,0.19,0.17,0.17,10447500,437,1826920
2012-05-11,0.17,0.18,0.16,0.17,12566700,423,2124695
2012-05-14,0.17,0.17,0.16,0.16,3042300,201,497423
2012-05-15,0.16,0.17,0.15,0.16,8403000,447,1323524
2012-05-16,0.16,0.16,0.14,0.14,8021700,475,1200599
2012-05-17,0.15,0.17,0.14,0.15,13364900,964,2059687
2012-05-18,0.15,0.16,0.14,0.15,5386300,492,803425
2012-05-21,0.16,0.16,0.14,0.16,7306400,677,1100572
2012-05-22,0.16,0.16,0.14,0.15,5409800,295,812719
2012-05-23,0.15,0.15,0.12,0.14,12676900,1201,1742311
2012-05-24,0.14,0.14,0.13,0.14,4985400,571,680808
2012-05-25,0.13,0.14,0.11,0.11,31789000,1818,3831491
2012-05-28,0.11,0.12,0.1,0.11,15055500,2107,1626980
2012-05-29,0.11,0.11,0.09,0.1,21548200,1007,2150299
2012-05-30,0.09,0.1,0.08,0.09,18527200,701,1659326
2012-05-31,0.09,0.09,0.08,0.08,5265600,346,457984
2012-06-01,0.72,0.73,0.64,0.65,6484500,1630,4417842
2012-06-04,0.66,0.66,0.58,0.6,2210700,639,1344399
2012-06-05,0.58,0.6,0.52,0.52,2414500,665,1341859
2012-06-06,0.52,0.59,0.49,0.59,4677300,1003,2551872
2012-06-08,0.58,0.67,0.56,0.64,4392200,1455,2738996
2012-06-11,0.66,0.67,0.59,0.59,2705700,526,1681388
2012-06-12,0.6,0.63,0.56,0.61,2677800,616,1575190
2012-06-13,0.6,0.61,0.59,0.6,1201800,331,718370
2012-06-14,0.6,0.6,0.57,0.57,1090300,266,633070
2012-06-15,0.57,0.59,0.56,0.57,829500,747,474862
2012-06-18,0.56,0.57,0.53,0.55,1710100,449,937942
2012-06-19,0.54,0.56,0.52,0.53,1179900,413,636302
2012-06-20,0.53,0.55,0.53,0.53,938100,446,504620
2012-06-21,0.53,0.54,0.48,0.49,2012000,729,1023508
2012-06-22,0.49,0.54,0.47,0.5,3966500,864,2001648
2012-06-25,0.49,0.5,0.47,0.48,1032000,289,497019
2012-06-26,0.47,0.51,0.46,0.48,2352300,993,1146443
2012-06-27,0.49,0.49,0.44,0.45,1587400,709,735300
2012-06-28,0.46,0.48,0.42,0.43,2878600,820,1297154
2012-06-29,0.44,0.45,0.42,0.42,1896000,382,820540
2012-07-02,0.43,0.47,0.42,0.45,2171400,411,971313
2012-07-03,0.45,0.49,0.44,0.46,2029400,365,938249
2012-07-04,0.46,0.49,0.45,0.45,2440700,422,1139138
2012-07-05,0.46,0.47,0.44,0.44,1326200,259,598479
2012-07-06,0.44,0.45,0.43,0.43,1360700,325,596130
2012-07-10,0.44,0.46,0.38,0.4,2550600,952,1053113
2012-07-11,0.4,0.42,0.38,0.4,1654700,379,665155
2012-07-12,0.4,0.41,0.39,0.39,956100,272,380635
2012-07-13,0.39,0.41,0.39,0.4,642900,238,256557
2012-07-16,0.4,0.42,0.4,0.4,1097700,288,444263
2012-07-17,0.42,0.46,0.42,0.45,2096400,541,909978
2012-07-18,0.45,0.55,0.44,0.51,9951200,4966,4989883
2012-07-19,0.52,0.57,0.51,0.54,8137200,2436,4431253
2012-07-20,0.54,0.55,0.49,0.5,3411000,1670,1754046
2012-07-23,0.49,0.49,0.45,0.47,2890700,402,1368747
2012-07-24,0.47,0.49,0.46,0.47,1516500,347,721155
2012-07-25,0.48,0.5,0.46,0.46,1050800,220,497277
2012-07-26,0.47,0.49,0.47,0.49,968800,1022,465966
2012-07-27,0.49,0.53,0.48,0.53,4084400,2359,2078297
2012-07-30,0.52,0.61,0.5,0.53,11199800,4473,6321876
2012-07-31,0.53,0.55,0.51,0.51,2926800,442,1540822
2012-08-01,0.51,0.55,0.5,0.55,3874200,1123,2061448
2012-08-02,0.56,0.57,0.53,0.54,2035300,336,1117421
2012-08-03,0.56,0.58,0.55,0.56,2630100,322,1477383
2012-08-06,0.52,0.52,0.48,0.49,5450200,731,2717614
2012-08-07,0.49,0.5,0.47,0.48,2538200,500,1222488
2012-08-08,0.48,0.49,0.47,0.47,1906600,391,914466
2012-08-09,0.48,0.48,0.46,0.47,1135700,233,534702
2012-08-10,0.47,0.48,0.46,0.46,368200,154,171684
2012-08-13,0.46,0.48,0.46,0.47,432200,187,202521
2012-08-14,0.47,0.49,0.46,0.47,830800,142,396895
2012-08-15,0.46,0.48,0.46,0.47,317300,189,149126
2012-08-16,0.48,0.48,0.46,0.47,300600,97,142304
2012-08-17,0.47,0.48,0.46,0.47,110800,46,52047
2012-08-20,0.47,0.48,0.47,0.47,252100,74,118958
2012-08-21,0.47,0.48,0.46,0.47,242100,53,114093
2012-08-22,0.47,0.48,0.46,0.47,485700,84,228065
2012-08-23,0.47,0.5,0.47,0.47,1089500,219,527915
2012-08-24,0.48,0.49,0.47,0.49,425400,78,204783
2012-08-27,0.48,0.49,0.48,0.48,321500,113,154701
2012-08-28,0.49,0.49,0.48,0.48,105800,49,50920
2012-08-29,0.49,0.49,0.48,0.48,134500,32,64607
2012-08-30,0.48,0.5,0.48,0.49,639000,74,309115
2012-08-31,0.49,0.49,0.48,0.49,191400,40,92994
2012-09-03,0.49,0.5,0.48,0.5,368700,201,182460
2012-09-04,0.49,0.5,0.48,0.48,234500,43,115396
2012-09-05,0.48,0.5,0.48,0.49,310500,49,152946
2012-09-06,0.49,0.5,0.48,0.49,189100,42,91418
2012-09-10,0.49,0.49,0.47,0.47,482400,65,231621
2012-09-11,0.48,0.49,0.47,0.48,466300,78,220773
2012-09-12,0.49,0.49,0.47,0.48,196300,52,92920
2012-09-13,0.48,0.48,0.47,0.48,207500,45,99088
2012-09-14,0.48,0.49,0.47,0.48,119500,56,57208
2012-09-17,0.48,0.48,0.47,0.47,39000,18,18381
2012-09-18,0.48,0.48,0.47,0.48,297400,28,140220
2012-09-19,0.48,0.48,0.47,0.48,124100,24,59268
2012-09-20,0.48,0.48,0.46,0.47,557800,81,262321
2012-09-21,0.47,0.47,0.46,0.46,50800,21,23853
2012-09-24,0.46,0.47,0.46,0.46,90500,71,41738
2012-09-25,0.46,0.47,0.45,0.45,293000,83,133884
2012-09-26,0.45,0.46,0.45,0.46,59600,31,27157
2012-09-27,0.46,0.46,0.45,0.45,70100,33,32051
2012-09-28,0.45,0.46,0.45,0.46,135100,73,60942
2012-10-01,0.45,0.46,0.44,0.46,253100,117,115117
2012-10-02,0.45,0.46,0.45,0.45,223200,50,100665
2012-10-03,0.45,0.47,0.45,0.45,134000,55,61256
2012-10-04,0.46,0.47,0.45,0.46,219200,35,100388
2012-10-05,0.46,0.47,0.45,0.46,142400,48,65489
2012-10-08,0.46,0.47,0.46,0.47,64900,27,30111
2012-10-09,0.46,0.47,0.46,0.47,75700,29,35291
2012-10-10,0.46,0.47,0.45,0.47,135500,28,62264
2012-10-11,0.46,0.48,0.46,0.47,388300,45,182493
2012-10-15,0.47,0.47,0.46,0.47,488400,29,228565
2012-10-16,0.47,0.47,0.46,0.47,252800,29,118635
2012-10-17,0.47,0.47,0.46,0.46,20700,15,9622
2012-10-18,0.46,0.47,0.45,0.47,166400,58,76437
2012-10-19,0.45,0.47,0.45,0.47,240800,39,111065
2012-10-22,0.47,0.47,0.46,0.47,38800,24,17897
2012-10-23,0.46,0.46,0.45,0.46,170800,35,78253
2012-10-24,0.46,0.46,0.45,0.46,119600,15,53883
2012-10-25,0.46,0.46,0.45,0.46,255100,577,115877
2012-10-26,0.46,0.46,0.45,0.45,173200,16,77964
2012-10-29,0.46,0.46,0.45,0.45,304600,36,137122
2012-10-30,0.45,0.46,0.45,0.45,80700,16,36416
2012-10-31,0.45,0.46,0.45,0.45,37700,17,16977
2012-11-01,0.45,0.47,0.45,0.46,262200,780,121287
2012-11-05,0.46,0.46,0.45,0.46,105700,22,48497
2012-11-06,0.45,0.46,0.45,0.46,14800,13,6663
2012-11-07,0.45,0.46,0.45,0.45,30800,22,13989
2012-11-08,0.46,0.46,0.45,0.45,29100,11,13168
2012-11-09,0.46,0.46,0.45,0.46,94000,20,42462
2012-11-12,0.45,0.47,0.45,0.46,155100,39,71336
2012-11-13,0.46,0.46,0.45,0.46,24500,15,11140
2012-11-14,0.45,0.45,0.45,0.45,88100,29,39645
2012-11-16,0.45,0.46,0.45,0.45,141700,28,63775
2012-11-19,0.45,0.46,0.45,0.45,182300,28,82990
2012-11-21,0.46,0.46,0.45,0.45,43200,24,19484
2012-11-22,0.45,0.46,0.45,0.45,50200,19,22890
2012-11-23,0.45,0.46,0.45,0.45,38300,21,17267
2012-11-26,0.45,0.45,0.45,0.45,67900,16,30555
2012-11-27,0.45,0.46,0.45,0.45,52800,22,23910
2012-11-28,0.45,0.46,0.45,0.46,87300,17,39405
2012-11-29,0.45,0.47,0.45,0.47,146200,35,67214
2012-11-30,0.46,0.47,0.45,0.46,105300,36,48367
2012-12-03,0.45,0.47,0.45,0.47,73400,37,33584
2012-12-04,0.46,0.47,0.45,0.47,47300,17,21497
2012-12-05,0.46,0.46,0.45,0.46,215100,39,98420
2012-12-06,0.45,0.47,0.45,0.46,63800,19,29076
2012-12-07,0.46,0.47,0.45,0.46,64100,27,29424
2012-12-10,0.45,0.51,0.45,0.49,3002000,484,1475171
2012-12-11,0.49,0.5,0.46,0.47,1437100,120,676536
2012-12-12,0.48,0.48,0.46,0.48,358200,49,169167
2012-12-13,0.47,0.48,0.46,0.48,163000,40,77040
2012-12-14,0.47,0.48,0.46,0.48,156800,29,73444
2012-12-17,0.47,0.48,0.46,0.47,125000,33,58564
2012-12-18,0.47,0.47,0.46,0.47,123200,28,57743
2012-12-19,0.47,0.47,0.46,0.46,86700,41,40475
2012-12-20,0.47,0.48,0.47,0.48,64300,31,30241
2012-12-21,0.47,0.48,0.46,0.48,63400,17,29759
2012-12-26,0.47,0.48,0.46,0.48,190300,60,88348
2012-12-27,0.48,0.48,0.47,0.48,263800,31,125993
2012-12-28,0.47,0.49,0.47,0.49,128400,25,61345
2013-01-02,0.48,0.48,0.47,0.47,66500,25,31561
2013-01-03,0.48,0.48,0.47,0.48,34100,13,16348
2013-01-04,0.47,0.49,0.47,0.48,17500,23,8379
2013-01-07,0.47,0.48,0.47,0.48,29900,17,14287
2013-01-08,0.47,0.48,0.47,0.48,69800,18,33106
2013-01-09,0.47,0.49,0.47,0.49,40600,20,19411
2013-01-10,0.48,0.49,0.48,0.49,45400,22,21894
2013-01-11,0.48,0.49,0.47,0.49,63800,25,30728
2013-01-14,0.48,0.49,0.47,0.49,29400,15,14249
2013-01-15,0.48,0.49,0.47,0.48,59500,25,28516
2013-01-16,0.48,0.48,0.46,0.48,363300,50,170949
2013-01-17,0.47,0.48,0.46,0.48,91900,29,43005
2013-01-18,0.48,0.48,0.46,0.47,164800,37,76081
2013-01-21,0.46,0.48,0.46,0.48,332000,39,155647
2013-01-22,0.48,0.48,0.46,0.47,89400,16,41971
2013-01-23,0.46,0.47,0.46,0.47,125300,26,57690
2013-01-24,0.46,0.47,0.46,0.47,203500,32,93962
2013-01-28,0.46,0.46,0.45,0.46,248000,22,112008
2013-01-30,0.45,0.46,0.45,0.45,315800,53,142324
2013-01-31,0.45,0.46,0.45,0.46,150900,42,68187
2013-02-01,0.45,0.47,0.45,0.47,101600,45,46583
2013-02-04,0.46,0.47,0.45,0.47,49300,25,22451
2013-02-05,0.46,0.46,0.45,0.45,252000,28,115009
2013-02-06,0.45,0.46,0.45,0.46,147300,46,67607
2013-02-07,0.45,0.46,0.45,0.46,140500,42,64267
2013-02-08,0.46,0.46,0.45,0.45,22000,10,9947
2013-02-13,0.46,0.46,0.45,0.45,38500,8,17547
2013-02-14,0.46,0.47,0.46,0.47,404200,69,188378
2013-02-15,0.46,0.47,0.39,0.41,638100,95,280317
2013-02-18,0.42,0.43,0.4,0.41,288100,67,119377
2013-02-19,0.45,0.49,0.45,0.49,3898000,734,1851522
2013-02-20,0.49,0.49,0.42,0.48,1512900,250,697246
2013-02-21,0.47,0.48,0.45,0.48,382400,117,180720
2013-02-22,0.48,0.49,0.47,0.48,765000,126,370887
2013-02-25,0.49,0.5,0.48,0.48,622800,118,304788
2013-02-26,0.49,0.5,0.48,0.48,249000,53,120385
2013-02-27,0.48,0.5,0.48,0.5,446800,81,221840
2013-02-28,0.5,0.5,0.48,0.5,526500,65,259644
2013-03-01,0.49,0.51,0.49,0.5,382100,74,190348
2013-03-04,0.5,0.51,0.49,0.49,273000,425,136228
2013-03-05,0.49,0.51,0.49,0.5,180000,55,89748
2013-03-06,0.5,0.51,0.49,0.51,150600,50,75701
2013-03-07,0.51,0.59,0.51,0.52,2686400,298,1482477
2013-03-08,0.54,0.55,0.51,0.51,616400,180,325154
2013-03-11,0.52,0.52,0.5,0.51,477700,52,243336
2013-03-12,0.5,0.51,0.49,0.51,140100,35,69302
2013-03-13,0.5,0.51,0.46,0.51,612300,74,294647
2013-03-14,0.49,0.5,0.49,0.49,179500,24,87961
2013-03-15,0.49,0.5,0.49,0.5,43000,20,21288
2013-03-18,0.49,0.5,0.49,0.5,17200,10,8429
2013-03-19,0.49,0.5,0.49,0.5,233900,41,114972
2013-03-20,0.51,0.73,0.51,0.61,2824800,720,1760493
2013-03-21,0.6,0.61,0.52,0.53,1576300,270,866280
2013-03-22,0.54,0.55,0.5,0.5,388300,95,203007
2013-03-25,0.51,0.54,0.45,0.47,1477300,255,706512
2013-03-26,0.47,0.47,0.46,0.46,144500,57,66632
2013-03-27,0.46,0.47,0.44,0.46,104200,62,47553
2013-03-28,0.44,0.48,0.44,0.48,322400,98,148388
2013-04-01,0.46,0.47,0.46,0.47,4100,9,1911
2013-04-02,0.47,0.47,0.46,0.47,133000,40,61999
2013-04-03,0.47,0.47,0.45,0.46,100900,38,45889
2013-04-04,0.45,0.46,0.44,0.45,80200,34,35999
2013-04-05,0.45,0.48,0.42,0.48,382300,94,169734
2013-04-08,0.46,0.47,0.45,0.45,151500,44,68618
2013-04-09,0.45,0.46,0.43,0.45,175000,59,77544
2013-04-10,0.45,0.45,0.43,0.43,466200,37,200654
2013-04-11,0.43,0.44,0.42,0.44,67200,33,29093
2013-04-12,0.43,0.44,0.42,0.44,20400,24,8764
2013-04-15,0.43,0.44,0.42,0.44,39700,30,17169
2013-04-16,0.44,0.44,0.42,0.43,44700,29,18806
2013-04-17,0.42,0.43,0.41,0.42,41500,34,17421
2013-04-18,0.42,0.44,0.42,0.42,6300,14,2698
2013-04-19,0.42,0.42,0.41,0.42,33700,24,13883
2013-04-22,0.41,0.42,0.41,0.42,31300,24,12838
2013-04-23,0.43,0.43,0.41,0.43,35900,28,14856
2013-04-24,0.42,0.43,0.41,0.42,43200,33,17885
2013-04-25,0.42,0.42,0.41,0.42,6700,14,2777
2013-04-26,0.42,0.42,0.41,0.42,35500,26,14724
2013-04-29,0.42,0.42,0.4,0.42,120400,29,49468
2013-04-30,0.41,0.43,0.4,0.43,211200,141,89806
2013-05-02,0.42,0.45,0.4,0.44,235400,47,100012
2013-05-03,0.44,0.45,0.42,0.43,35700,125,15578
2013-05-06,0.43,0.44,0.42,0.43,10700,15,4585
2013-05-07,0.43,0.43,0.42,0.43,3400,13,1442
2013-05-08,0.43,0.43,0.41,0.41,177200,39,72997
2013-05-09,0.41,0.42,0.4,0.4,160800,50,65353
2013-05-10,0.4,0.4,0.39,0.4,283700,51,110951
2013-05-13,0.39,0.4,0.38,0.4,140500,39,54810
2013-05-14,0.39,0.4,0.39,0.39,38400,21,15002
2013-05-15,0.39,0.4,0.39,0.39,10300,22,4018
2013-05-16,0.39,0.39,0.38,0.38,314500,51,119639
2013-05-17,0.38,0.39,0.38,0.39,8500,10,3251
2013-05-20,0.39,0.39,0.38,0.39,45800,17,17755
2013-05-21,0.38,0.39,0.38,0.39,104500,31,40245
2013-05-22,0.38,0.42,0.38,0.4,221100,60,89152
2013-05-23,0.4,0.4,0.39,0.4,17900,14,7007
2013-05-24,0.4,0.42,0.4,0.42,136600,46,55516
2013-05-27,0.42,0.43,0.42,0.42,176800,54,75381
2013-05-28,0.42,0.42,0.4,0.41,114700,29,47348
2013-05-29,0.41,0.42,0.4,0.4,18600,21,7615
2013-05-31,0.41,0.41,0.4,0.4,75200,24,30136
2013-06-03,0.4,0.4,0.38,0.4,160400,40,62182
2013-06-04,0.38,0.4,0.38,0.39,362500,483,142624
2013-06-05,0.38,0.4,0.38,0.39,35200,145,13696
2013-06-06,0.39,0.39,0.38,0.39,55700,27,21205
2013-06-07,0.39,0.41,0.37,0.41,329000,69,124180
2013-06-10,0.4,0.4,0.39,0.4,59300,26,23322
2013-06-11,0.38,0.4,0.38,0.4,203100,48,78352
2013-06-12,0.39,0.43,0.38,0.43,267500,71,107974
2013-06-13,0.4,0.44,0.4,0.42,211300,132,89724
2013-06-14,0.41,0.43,0.4,0.43,87800,23,35915
2013-06-17,0.42,0.42,0.39,0.41,285500,87,114526
2013-06-18,0.42,0.42,0.39,0.4,74900,29,30462
2013-06-19,0.4,0.4,0.38,0.39,198600,32,77477
2013-06-20,0.38,0.39,0.38,0.39,43300,22,16729
2013-06-21,0.38,0.39,0.38,0.39,21800,20,8297
2013-06-24,0.38,0.38,0.37,0.38,133400,33,49730
2013-06-25,0.38,0.39,0.37,0.39,97800,38,37370
2013-06-26,0.38,0.39,0.37,0.38,138900,34,52823
2013-06-27,0.37,0.38,0.37,0.37,45100,25,16948
2013-06-28,0.38,0.38,0.36,0.36,113100,23,41886
2013-07-01,0.37,0.37,0.34,0.35,268600,55,93851
2013-07-02,0.34,0.35,0.31,0.32,330100,69,106742
2013-07-03,0.31,0.31,0.29,0.3,180000,63,53490
2013-07-04,0.3,0.31,0.29,0.29,235600,32,70861
2013-07-05,0.3,0.3,0.27,0.27,99200,32,28435
2013-07-08,0.29,0.29,0.28,0.28,64700,22,18440
2013-07-10,0.28,0.29,0.27,0.27,272200,53,75767
2013-07-11,0.28,0.28,0.26,0.26,167600,31,44177
2013-07-12,0.26,0.26,0.25,0.25,234000,32,59532
2013-07-15,0.26,0.26,0.25,0.26,33900,15,8795
2013-07-16,0.26,0.27,0.25,0.26,61200,23,15939
2013-07-17,0.26,0.27,0.25,0.25,66100,26,17265
2013-07-18,0.26,0.28,0.26,0.26,127700,42,34085
2013-07-19,0.26,0.27,0.26,0.27,4500,10,1203
2013-07-22,0.27,0.27,0.26,0.26,35300,19,9399
2013-07-23,0.27,0.27,0.26,0.26,70100,21,18408
2013-07-24,0.27,0.28,0.26,0.28,46400,19,12520
2013-07-25,0.28,0.39,0.28,0.39,3603300,1323,1304587
2013-07-26,0.39,0.43,0.33,0.34,2608000,503,950878
2013-07-29,0.34,0.37,0.31,0.33,1419000,553,475036
2013-07-30,0.33,0.33,0.31,0.31,122500,49,38385
2013-07-31,0.31,0.32,0.3,0.31,184300,52,56109
2013-08-01,0.31,0.32,0.31,0.31,275500,43,86912
2013-08-02,0.32,0.33,0.31,0.31,272100,38,87295
2013-08-05,0.32,0.33,0.3,0.3,187900,50,58493
2013-08-06,0.31,0.31,0.29,0.29,346100,61,102595
2013-08-07,0.29,0.3,0.28,0.28,194100,50,55433
2013-08-08,0.29,0.29,0.28,0.28,51200,28,14358
2013-08-09,0.28,0.28,0.27,0.27,138800,28,38509
2013-08-12,0.28,0.29,0.27,0.27,106000,31,29158
2013-08-13,0.28,0.29,0.28,0.29,75600,23,21307
2013-08-14,0.29,0.29,0.27,0.28,173600,41,48219
2013-08-15,0.28,0.29,0.27,0.27,44500,24,12296
2013-08-16,0.27,0.29,0.27,0.27,75900,27,20816
2013-08-19,0.27,0.28,0.27,0.27,88600,25,23971
2013-08-20,0.27,0.29,0.27,0.27,134600,39,37393
2013-08-21,0.31,0.32,0.29,0.29,787900,163,239706
2013-08-22,0.29,0.3,0.28,0.28,179700,51,51793
2013-08-23,0.28,0.29,0.28,0.29,204400,39,58315
2013-08-26,0.29,0.3,0.29,0.3,117300,21,34305
2013-08-27,0.3,0.3,0.29,0.29,146400,33,43163
2013-08-28,0.3,0.3,0.28,0.28,221300,40,63747
2013-08-29,0.29,0.36,0.29,0.35,2022000,237,665875
2013-08-30,0.35,0.35,0.3,0.3,1223800,138,408188
