Date,Open,High,Low,Close,Volume,Neg,Fin
2010-01-04,30.7254,31.00018,30.7254,30.7254,900,7,11107
2010-01-05,30.9752,31.07512,29.7262,30.2258,15100,25,181768
2010-01-06,30.1009,30.57552,29.67624,30.00098,1300,4,15663
2010-01-07,29.6013,31.32492,29.6013,30.2258,600,6,7279
2010-01-08,31.44982,31.9744,30.3507,31.9744,3300,13,41514
2010-01-11,31.225,32.474,31.225,32.474,22400,10,286719
2010-01-12,32.9736,32.9736,31.9744,31.9744,400,2,5240
2010-01-13,31.79954,33.4732,31.79954,33.4732,400,4,5292
2010-01-14,31.9744,33.9728,31.9744,33.9728,1100,6,14841
2010-01-15,33.4732,33.5981,32.5989,32.5989,2400,4,32070
2010-01-18,31.82452,32.79874,31.82452,32.49898,300,3,3888
2010-01-19,34.2226,36.7206,34.2226,35.4716,5200,12,72550
2010-01-20,37.44502,38.74398,37.44502,38.74398,500,5,7652
2010-01-21,38.74398,38.74398,38.74398,38.74398,1000,1,15510
2010-01-29,37.81972,37.81972,37.81972,37.81972,7500,7,113550
2010-02-01,37.81972,39.968,37.47,39.4684,500,5,7694
2010-02-02,39.7182,39.7182,39.7182,39.7182,300,3,4770
2010-02-04,39.4684,39.968,37.9696,39.968,2000,7,31819
2010-02-05,39.61828,39.61828,39.61828,39.61828,100,1,1586
2010-02-08,39.91804,39.91804,37.56992,39.91804,700,5,10902
2010-02-09,39.94302,39.94302,39.94302,39.94302,100,1,1599
2010-02-17,39.91804,39.91804,39.91804,39.91804,1000,1,15980
2010-02-18,39.69322,39.968,39.69322,39.968,1400,3,22375
2010-02-19,38.719,39.7182,38.719,39.66824,300,3,4728
2010-02-22,39.66824,39.968,39.66824,39.968,1300,8,20766
2010-02-23,39.4684,39.91804,39.4684,39.91804,500,3,7948
2010-02-25,39.69322,39.69322,39.69322,39.69322,400,3,6356
2010-02-26,39.4684,39.4684,39.4684,39.4684,10600,4,167480
2010-03-01,39.7182,41.217,39.7182,41.217,1700,9,27160
2010-03-02,39.968,39.968,39.968,39.968,2100,4,33600
2010-03-03,40.81732,40.81732,39.968,39.968,200,2,3234
2010-03-05,37.47,39.5933,37.47,39.5933,400,2,6085
2010-03-09,37.49498,39.94302,37.47,39.94302,4700,10,71727
2010-03-10,39.94302,39.94302,39.94302,39.94302,500,1,7995
2010-03-12,39.8431,39.968,39.8431,39.968,1000,2,15955
2010-03-16,39.7182,39.7182,39.7182,39.7182,1000,1,15900
2010-03-17,37.49498,39.4684,37.47,39.4684,800,5,12331
2010-03-18,37.49498,39.69322,37.49498,39.69322,200,2,3090
2010-03-19,38.719,38.719,37.47,38.69402,3400,9,51545
2010-03-22,39.4684,39.4684,39.4684,39.4684,200,2,3160
2010-03-24,37.47,37.47,36.52076,36.52076,37800,4,566962
2010-03-25,37.69482,38.66904,37.47,38.2194,1700,11,25724
2010-03-29,38.719,38.719,38.66904,38.66904,300,2,4646
2010-03-30,38.69402,38.69402,38.69402,38.69402,1200,1,18588
2010-04-06,38.69402,38.69402,38.69402,38.69402,3200,1,49568
2010-04-12,38.719,38.719,38.719,38.719,1000,1,15500
2010-04-13,38.66904,38.66904,38.66904,38.66904,100,1,1548
2010-04-15,34.972,37.47,34.972,37.47,1100,2,15500
2010-05-07,36.7206,37.44502,36.7206,37.44502,2100,4,30924
2010-05-13,37.2202,37.2202,37.2202,37.2202,100,1,1490
2010-05-31,34.972,36.19602,34.972,36.19602,900,9,12772
2010-06-04,33.99778,36.0961,33.5981,33.5981,300,3,4151
2010-06-10,36.4708,36.4708,36.4708,36.4708,100,1,1460
2010-06-11,36.44582,36.44582,36.44582,36.44582,500,1,7295
2010-06-14,36.44582,36.44582,36.44582,36.44582,500,1,7295
2010-06-17,34.972,35.2218,34.79714,34.972,39500,13,550308
2010-06-18,36.4708,36.4708,36.4708,36.4708,100,1,1460
2010-07-01,36.44582,36.44582,36.44582,36.44582,1200,4,17508
2010-07-06,36.44582,36.44582,36.44582,36.44582,100,1,1459
2010-07-14,36.4708,36.4708,36.4708,36.4708,1300,1,18980
2010-07-20,34.972,34.972,34.972,34.972,100,1,1400
2010-07-21,32.52396,35.94622,32.474,35.44662,1100,8,14760
2010-07-22,35.9712,35.9712,35.9712,35.9712,100,1,1440
2010-08-11,34.972,34.972,34.972,34.972,5200,6,72800
2010-08-18,34.972,34.972,34.972,34.972,100,1,1400
2010-08-19,34.972,34.972,32.474,33.69802,1300,4,17054
2010-08-20,32.474,32.474,31.7246,31.7246,5900,11,75920
2010-08-23,32.474,32.474,32.474,32.474,100,1,1300
2010-08-24,33.19842,33.723,33.19842,33.723,3600,8,48078
2010-08-25,33.723,34.972,33.723,34.972,1200,3,16298
2010-08-26,34.89706,36.221,34.89706,36.221,3400,12,47927
2010-08-27,37.47,38.719,34.972,36.221,1400,4,20000
2010-08-31,37.2202,37.2202,37.2202,37.2202,100,1,1490
2010-09-01,32.64886,36.19602,32.64886,33.8479,1500,12,20112
2010-09-02,36.69562,36.69562,33.723,36.221,1300,9,18089
2010-09-09,33.3483,34.94702,33.3483,34.94702,200,2,2734
2010-09-13,34.972,35.7214,34.972,35.7214,300,3,4230
2010-09-24,35.42164,35.42164,35.42164,35.42164,1300,2,18434
2010-09-27,32.49898,34.82212,32.49898,34.82212,200,2,2695
2010-09-30,33.94782,34.89706,32.54894,34.89706,40900,9,555835
2010-10-01,33.69802,33.69802,33.69802,33.69802,1400,1,18886
2010-10-05,32.52396,33.723,30.2258,33.69802,1200,7,15382
2010-10-08,30.7254,33.4732,30.7254,33.42324,400,3,5138
2010-10-13,32.474,33.14846,32.474,33.14846,300,3,3947
2010-10-15,33.2234,33.2234,33.2234,33.2234,100,1,1330
2010-10-18,33.2234,33.723,33.2234,33.723,200,2,2680
2010-10-20,32.9736,32.9736,30.4756,30.80034,1900,7,24279
2010-10-21,32.7238,32.94862,32.7238,32.94862,400,3,5258
2010-10-26,30.57552,33.723,30.57552,33.723,1100,4,14274
2010-10-28,31.12508,32.2242,30.20082,30.90026,5100,28,63085
2010-10-29,31.94942,31.94942,31.94942,31.94942,100,1,1279
2010-11-03,31.64966,32.44902,31.64966,32.44902,200,2,2566
2010-11-04,31.225,33.69802,31.225,31.225,5600,15,70099
2010-11-05,32.32412,32.32412,30.8503,32.32412,300,3,3823
2010-11-08,32.19922,32.19922,32.19922,32.19922,300,2,3867
2010-11-09,30.57552,31.9744,30.4756,31.94942,1000,6,12446
2010-11-10,30.25078,31.92444,29.75118,31.57472,1200,8,14762
2010-11-11,31.82452,32.19922,31.82452,32.19922,1200,9,15418
2010-11-16,32.19922,32.19922,32.19922,32.19922,1000,1,12890
2010-11-22,31.9744,31.9744,31.9744,31.9744,100,1,1280
2010-11-24,32.474,33.69802,32.474,33.69802,50800,12,660449
2010-12-07,32.2242,36.221,32.2242,36.221,5600,11,73758
2010-12-08,34.972,34.972,33.723,33.723,1000,4,13700
2010-12-09,32.9736,33.723,32.9736,33.723,1400,3,18630
2010-12-10,31.27496,32.94862,31.24998,32.94862,300,3,3822
2010-12-13,31.62468,32.9736,31.4748,32.9736,2400,6,30465
2010-12-17,32.474,32.474,32.474,32.474,16400,7,213200
2010-12-21,32.44902,32.44902,32.44902,32.44902,38600,1,501414
2010-12-22,32.474,32.474,32.3491,32.3491,2000,3,25965
2010-12-27,31.7246,32.19922,31.225,32.19922,2000,8,25063
2011-01-04,32.2242,32.2242,32.2242,32.2242,100,1,1290
2011-01-05,32.2242,32.2242,32.2242,32.2242,300,1,3870
2011-01-06,31.9744,32.2242,31.9744,32.2242,600,3,7690
2011-01-07,32.3491,32.474,32.3491,32.474,1500,3,19490
2011-01-11,32.44902,32.44902,32.44902,32.44902,100,1,1299
2011-01-12,32.44902,32.44902,32.44902,32.44902,1000,1,12990
2011-01-13,32.44902,32.44902,32.44902,32.44902,100,1,1299
2011-01-18,32.2242,32.2242,32.2242,32.2242,1000,2,12900
2011-01-21,32.474,36.17104,32.474,33.723,20700,10,269595
2011-01-24,34.972,34.972,34.972,34.972,400,2,5600
2011-01-26,33.2234,37.19522,33.2234,34.972,1500,6,20659
2011-01-27,34.972,34.972,34.972,34.972,1100,3,15400
2011-01-28,36.8455,36.8455,36.8455,36.8455,100,1,1475
2011-02-01,36.8455,38.2194,36.8455,38.2194,1800,6,27010
2011-02-02,34.972,37.44502,34.972,36.69562,1500,7,21382
2011-02-04,35.99618,36.69562,34.972,36.69562,2200,8,31150
2011-02-07,35.3467,36.67064,35.3467,36.67064,800,6,11478
2011-02-08,36.67064,36.67064,34.972,34.972,2200,9,31521
2011-02-09,34.8471,34.8471,34.8471,34.8471,300,2,4185
2011-02-10,32.52396,33.2234,32.2242,32.2242,4200,17,54532
2011-02-11,32.24918,32.24918,31.4748,31.5997,3000,10,37997
2011-02-14,33.723,34.94702,31.4748,31.69962,3400,13,43786
2011-02-15,31.69962,31.7246,31.69962,31.7246,4500,7,57149
2011-02-16,31.7246,31.7246,31.4748,31.7246,4400,8,55665
2011-02-17,31.69962,31.7246,31.69962,31.7246,9000,6,114294
2011-02-18,31.7246,32.2242,31.7246,32.2242,600,3,7650
2011-02-22,32.474,32.474,32.474,32.474,200,2,2600
2011-02-23,32.474,32.474,32.474,32.474,200,2,2600
2011-03-03,32.39906,32.39906,32.39906,32.39906,1200,3,15564
2011-03-16,32.42404,32.42404,32.42404,32.42404,38900,5,504922
2011-03-17,32.39906,32.39906,32.39906,32.39906,10000,1,129700
2011-03-18,32.32412,32.32412,32.32412,32.32412,3000,1,38820
2011-03-22,32.2242,32.2242,32.2242,32.2242,3000,1,38700
2011-03-25,32.44902,32.7238,32.44902,32.7238,51600,35,670648
2011-03-28,32.7238,33.4732,32.474,32.9736,8100,25,106655
2011-03-29,37.2202,37.2202,32.9736,34.94702,2200,8,29758
2011-03-30,34.972,34.972,29.2266,32.19922,46600,63,573273
2011-03-31,32.42404,33.9728,30.2258,30.2258,3700,20,46307
2011-04-01,30.70042,32.474,30.70042,31.225,10600,14,134771
2011-04-04,31.69962,31.94942,31.54974,31.94942,1500,6,19041
2011-04-05,29.00178,31.89946,29.00178,31.89946,600,3,7238
2011-04-06,31.225,31.89946,31.225,31.89946,3500,5,43807
2011-04-08,32.3491,32.3491,32.3491,32.3491,100,1,1295
2011-04-12,31.7246,32.3491,31.7246,32.3491,38800,3,492785
2011-04-13,32.07432,32.07432,31.9744,32.07432,700,5,8984
2011-04-14,32.0993,33.2234,31.5997,32.39906,31700,69,409829
2011-04-15,31.49978,32.39906,30.8503,32.39906,1300,10,16262
2011-04-18,32.39906,32.39906,32.2242,32.2242,4000,8,51705
2011-04-19,32.42404,32.42404,31.4748,32.17424,800,4,10286
2011-04-20,31.7246,32.44902,31.7246,32.42404,3100,9,39661
2011-04-25,32.57392,33.9728,32.57392,33.9728,4200,14,55534
2011-04-26,33.3483,33.3483,32.3491,32.3491,1700,7,22487
2011-04-27,32.3491,32.3491,32.3491,32.3491,200,1,2590
2011-04-29,31.9744,32.92364,31.9744,32.89866,2200,5,28435
2011-05-02,34.2,34.2,32.0,33.9,1900,5,6130
2011-05-03,32.0,33.0,32.0,33.0,3900,11,12563
2011-05-04,32.0,32.0,32.0,32.0,1300,5,4160
2011-05-05,30.0,30.0,30.0,30.0,2600,3,7800
2011-05-06,29.7,31.5,28.0,31.5,12600,23,36466
2011-05-09,29.0,31.0,28.5,29.8,159100,16,492548
2011-05-10,29.8,30.0,28.1,28.1,4700,10,13999
2011-05-11,29.8,29.8,27.8,28.1,3300,9,9265
2011-05-12,28.1,29.3,28.0,29.3,2300,7,6529
2011-05-13,28.9,29.0,28.5,28.5,5400,6,15639
2011-05-16,28.5,30.0,28.5,30.0,3900,9,11670
2011-05-17,29.0,29.7,29.0,29.0,8900,16,25839
2011-05-18,30.0,30.8,30.0,30.8,700,2,2116
2011-05-23,30.6,30.6,30.6,30.6,4000,1,12240
2011-06-09,27.5,28.0,27.5,28.0,10000,16,27771
2011-06-10,27.9,28.0,27.9,28.0,1700,6,4746
2011-06-13,27.0,27.8,27.0,27.7,1400,3,3838
2011-06-16,27.4,27.4,27.4,27.4,100,1,274
2011-06-17,27.0,27.4,27.0,27.4,4800,4,13128
2011-06-20,25.6,26.8,25.6,25.8,7400,14,19087
2011-06-21,26.1,26.1,25.9,25.9,300,2,779
2011-06-22,26.0,27.2,26.0,27.2,200,2,532
2011-06-24,27.1,27.1,27.1,27.1,100,1,271
2011-06-27,25.8,27.4,25.8,27.4,3400,4,8850
2011-06-30,27.1,27.7,27.1,27.7,159800,8,433115
2011-07-01,27.1,27.1,27.1,27.1,800,3,2168
2011-07-06,27.0,27.0,27.0,27.0,100,1,270
2011-07-07,27.0,27.0,27.0,27.0,100,1,270
2011-07-08,27.0,29.0,27.0,29.0,500,4,1370
2011-07-11,29.0,29.0,29.0,29.0,100,1,290
2011-07-13,25.7,28.9,25.7,28.9,5200,5,13427
2011-07-18,28.9,28.9,28.9,28.9,700,1,2023
2011-07-20,29.2,29.2,29.2,29.2,1800,3,5256
2011-07-26,26.6,28.9,26.6,28.9,700,4,1931
2011-07-27,27.0,28.9,26.5,26.5,700,5,1899
2011-07-28,27.0,28.9,27.0,28.9,600,3,1639
2011-08-03,27.0,29.1,27.0,27.9,2200,5,5970
2011-08-04,27.0,27.8,27.0,27.8,600,3,1628
2011-08-05,27.7,27.7,27.7,27.7,300,1,831
2011-08-08,27.7,27.7,27.7,27.7,5000,1,13850
2011-08-09,27.5,27.5,27.0,27.0,36000,2,98800
2011-08-18,25.0,25.0,25.0,25.0,3100,5,7750
2011-08-22,26.7,26.7,26.4,26.4,600,2,1587
2011-08-23,26.3,26.3,26.3,26.3,500,1,1315
2011-08-24,26.3,26.3,26.3,26.3,279500,5,735085
2011-08-31,25.0,25.5,25.0,25.5,1300,4,3255
2011-09-02,25.9,25.9,25.9,25.9,2000,1,5180
2011-09-06,25.9,25.9,25.9,25.9,900,1,2331
2011-09-13,25.9,26.3,25.9,26.3,200,2,522
2011-09-20,25.8,25.8,25.8,25.8,154500,1,398610
2011-09-21,23.0,25.2,22.0,25.1,3500,10,8156
2011-09-22,25.5,25.5,24.8,24.8,500,3,1247
2011-09-26,24.4,24.4,24.4,24.4,100,1,244
2011-09-28,23.0,23.9,22.5,22.5,5700,6,13259
2011-09-29,23.9,23.9,23.9,23.9,100,1,239
2011-09-30,22.9,23.0,22.5,23.0,2500,6,5694
2011-10-03,23.5,23.8,23.5,23.8,700,2,1648
2011-10-04,23.7,23.7,23.6,23.6,10400,4,24644
2011-10-05,23.7,23.7,23.7,23.7,900,2,2133
2011-10-10,21.0,23.4,21.0,23.4,400,4,888
2011-10-13,23.3,23.3,23.3,23.3,200,2,466
2011-10-14,23.3,23.5,23.3,23.5,500,2,1167
2011-10-17,23.0,23.0,23.0,23.0,154500,1,355350
2011-10-25,23.0,23.0,22.0,23.0,4400,6,9920
2011-10-26,23.2,24.9,22.5,23.3,142900,111,336669
2011-10-27,23.3,24.4,22.0,23.0,49200,33,113040
2011-10-28,22.1,23.2,21.6,22.5,43900,16,96469
2011-10-31,22.8,22.8,21.5,21.7,81200,78,177628
2011-11-01,21.5,22.2,21.5,22.0,52200,43,112784
2011-11-03,22.0,22.3,21.1,21.1,61200,46,131663
2011-11-04,21.2,21.6,21.0,21.0,14600,16,30927
2011-11-07,21.0,21.0,20.3,20.8,29500,37,60929
2011-11-08,20.8,20.9,20.3,20.4,12500,19,25706
2011-11-09,21.1,21.1,20.0,20.7,21200,18,43387
2011-11-10,20.6,20.6,19.7,19.7,166500,9,342410
2011-11-11,19.9,19.9,19.3,19.3,13800,13,27149
2011-11-14,19.7,19.7,19.2,19.3,34900,6,67063
2011-11-16,19.6,19.6,19.1,19.2,3800,11,7352
2011-11-18,19.0,19.4,18.9,19.4,9400,9,18026
2011-11-21,19.2,19.4,19.2,19.4,2700,3,5226
2011-11-23,19.0,19.0,18.5,18.9,4000,7,7510
2011-11-24,18.8,19.4,17.5,18.6,7200,18,13168
2011-11-25,18.8,19.0,18.0,19.0,8800,12,16458
2011-11-28,19.0,19.0,17.7,18.9,4600,16,8446
2011-11-29,17.6,18.9,17.6,18.9,2400,3,4480
2011-11-30,17.9,18.5,16.2,18.5,22400,19,39209
2011-12-02,18.1,18.1,17.0,17.9,10100,15,17776
2011-12-05,17.7,18.0,17.7,17.8,5300,3,9433
2011-12-06,17.7,17.7,16.5,17.7,2000,6,3514
2011-12-07,17.8,17.9,17.8,17.9,2300,4,4115
2011-12-09,18.3,18.9,18.0,18.0,1000,5,1840
2011-12-12,16.6,17.2,15.5,15.5,4700,11,7438
2011-12-13,16.0,17.0,14.5,15.0,18500,19,28210
2011-12-14,14.1,15.5,13.8,15.5,21700,15,31413
2011-12-15,15.8,15.8,15.8,15.8,200,2,316
2011-12-16,15.9,15.9,14.9,15.9,3400,5,5298
2011-12-19,15.9,15.9,14.6,15.8,11300,7,16921
2011-12-20,14.8,16.0,14.8,16.0,9800,9,14846
2011-12-22,15.8,18.0,15.8,17.5,12000,17,20569
2011-12-23,16.8,17.5,16.7,16.8,24400,41,41754
2011-12-26,17.9,18.5,16.0,16.0,22600,28,38093
2011-12-27,17.0,17.0,15.8,16.8,13300,24,21521
2011-12-28,16.8,19.5,16.5,18.3,304600,101,574804
2011-12-29,18.5,19.0,17.9,18.7,55100,35,101960
2012-01-02,18.8,18.8,18.6,18.8,24100,13,45005
2012-01-03,18.0,18.7,17.1,17.2,8200,21,14250
2012-01-04,17.6,18.8,17.1,17.1,28200,42,49647
2012-01-05,17.5,18.0,16.5,16.7,30500,36,52047
2012-01-06,17.5,17.5,16.0,17.5,42600,34,70674
2012-01-09,18.1,18.1,16.3,17.1,8000,20,13294
2012-01-10,17.3,17.3,16.5,16.5,5100,18,8459
2012-01-11,16.5,16.5,16.0,16.2,35300,22,57858
2012-01-12,16.9,16.9,16.2,16.2,3500,4,5677
2012-01-13,16.8,16.8,16.0,16.0,5400,11,8720
2012-01-16,16.7,16.7,16.0,16.4,3100,3,5047
2012-01-17,17.0,17.2,16.1,17.1,55100,26,91019
2012-01-18,17.6,20.3,17.6,18.8,90800,96,171313
2012-01-19,20.0,20.0,18.2,19.0,43000,31,81173
2012-01-20,19.0,19.0,18.0,18.5,18500,17,34056
2012-01-23,19.1,19.1,18.0,18.5,16000,16,28918
2012-01-24,17.5,18.5,16.8,17.1,55100,38,96293
2012-01-26,17.9,17.9,16.5,16.5,34200,31,57390
2012-01-27,17.7,17.7,17.2,17.2,700,3,1221
2012-01-30,16.9,17.2,16.9,17.2,500,2,857
2012-01-31,17.5,17.8,17.5,17.6,9500,7,16630
2012-02-01,18.0,18.0,16.5,17.3,48700,24,81894
2012-02-02,17.5,17.5,16.8,16.9,16800,14,28387
2012-02-03,16.9,17.2,16.8,17.0,41000,18,69095
2012-02-06,17.1,17.7,17.1,17.3,1800,3,3096
2012-02-07,17.1,17.1,16.5,17.1,11300,18,19074
2012-02-08,16.7,17.0,16.5,17.0,13300,8,22194
2012-02-09,17.0,17.2,16.9,17.1,8000,10,13599
2012-02-10,17.0,17.2,16.8,17.0,8600,10,14506
2012-02-13,17.1,17.2,16.9,17.2,6200,6,10584
2012-02-14,16.1,16.7,16.1,16.5,36100,23,58486
2012-02-15,16.5,16.5,16.5,16.5,5900,3,9735
2012-02-16,16.0,16.3,15.1,16.3,24400,27,38033
2012-02-17,16.2,16.7,16.2,16.7,1100,5,1792
2012-02-22,16.8,17.0,14.9,15.5,164900,74,249311
2012-02-23,15.9,16.3,15.1,15.8,171000,60,262955
2012-02-24,16.0,16.2,15.3,15.8,12800,9,20174
2012-02-27,15.8,15.8,15.2,15.2,15000,8,23219
2012-02-28,15.3,15.6,14.7,15.1,9200,8,13992
2012-02-29,15.0,15.5,14.7,15.5,5000,11,7532
2012-03-01,15.0,15.2,15.0,15.2,2700,4,4052
2012-03-02,15.0,15.4,14.7,15.3,36500,31,54935
2012-03-05,14.9,15.3,14.8,15.1,33100,23,49989
2012-03-06,14.8,15.0,14.7,15.0,7500,10,11104
2012-03-07,15.1,15.3,14.8,15.3,6300,10,9456
2012-03-08,15.3,15.4,15.0,15.0,15500,13,23359
2012-03-09,15.0,15.3,14.7,15.0,16100,18,24126
2012-03-12,14.9,15.2,14.5,15.2,105600,21,154520
2012-03-13,14.5,15.1,14.4,14.7,5800,9,8496
2012-03-14,14.7,14.8,14.5,14.5,53200,9,77159
2012-03-15,14.2,15.2,13.7,15.0,30000,24,43232
2012-03-16,14.7,15.2,14.5,15.2,13600,14,20237
2012-03-19,14.6,15.0,14.2,15.0,33200,13,48507
2012-03-20,14.8,15.0,14.6,15.0,1400,4,2072
2012-03-21,14.6,15.1,14.3,15.0,64100,28,94252
2012-03-22,15.3,15.4,15.0,15.4,23500,17,35554
2012-03-26,14.7,15.3,14.7,15.3,900,5,1337
2012-03-27,15.2,15.3,14.9,15.3,2900,8,4395
2012-03-28,15.2,15.2,14.7,15.0,6900,8,10273
2012-03-29,15.0,15.0,15.0,15.0,3500,2,5250
2012-03-30,15.1,15.1,14.7,15.0,7400,12,11091
2012-04-02,14.6,15.1,14.1,14.5,73000,19,106850
2012-04-03,15.0,15.0,14.3,14.7,32300,12,46544
2012-04-04,14.2,14.7,13.8,14.7,3900,5,5637
2012-04-05,14.5,14.7,14.5,14.7,3100,2,4497
2012-04-09,14.5,14.5,14.5,14.5,3000,1,4350
2012-04-10,14.0,14.6,14.0,14.5,4000,7,5672
2012-04-11,13.1,14.4,13.1,13.6,4600,8,6369
2012-04-12,14.5,14.5,14.5,14.5,200,1,290
2012-04-13,13.6,14.4,13.5,13.7,37300,21,50893
2012-04-16,14.1,14.5,13.6,14.3,17000,8,23957
2012-04-17,13.6,14.1,13.5,14.1,2700,7,3666
2012-04-18,13.9,14.3,13.5,14.3,9100,9,12691
2012-04-19,13.7,13.7,13.5,13.5,2800,6,3805
2012-04-20,13.6,14.3,13.5,14.3,21200,9,28713
2012-04-24,13.4,14.3,13.4,14.3,700,4,976
2012-04-25,14.2,14.3,14.1,14.3,2500,5,3550
2012-04-27,13.1,14.3,13.1,14.3,36000,25,49693
2012-04-30,14.3,14.3,14.0,14.0,7400,4,10385
2012-05-02,14.2,14.7,14.2,14.5,14500,13,20945
2012-05-03,13.9,14.3,13.9,14.3,9400,16,13195
2012-05-04,14.0,14.7,13.8,14.5,35100,15,49907
2012-05-07,13.8,14.2,13.8,14.0,8600,8,12022
2012-05-09,13.7,14.3,13.7,14.3,10500,5,14436
2012-05-10,13.7,14.2,13.5,14.0,15700,11,21473
2012-05-11,14.3,14.3,14.3,14.3,100,1,143
2012-05-14,14.3,14.3,14.3,14.3,3100,3,4433
2012-05-15,13.6,14.2,13.5,14.1,4000,6,5476
2012-05-16,14.3,14.3,13.3,13.5,10000,14,13518
2012-05-17,13.4,14.0,13.4,14.0,12000,9,16113
2012-05-18,13.3,13.8,13.0,13.0,11000,10,14375
2012-05-21,13.7,13.8,13.1,13.8,4400,4,6018
2012-05-22,13.8,13.8,13.2,13.5,6000,12,8106
2012-05-23,13.1,13.5,13.0,13.5,2600,7,3468
2012-05-24,13.7,13.7,13.7,13.7,100,1,137
2012-05-25,13.0,13.4,12.0,13.0,36600,28,46885
2012-05-28,13.0,13.5,13.0,13.5,11700,5,15217
2012-05-30,13.0,13.4,12.7,12.7,1000,3,1292
2012-05-31,12.6,13.2,12.5,13.1,3300,9,4168
2012-06-01,13.4,13.4,13.4,13.4,100,1,134
2012-06-05,12.3,13.2,12.2,13.1,33100,11,40721
2012-06-06,13.4,13.4,12.3,13.3,1200,3,1497
2012-06-08,12.4,13.0,12.4,13.0,700,3,874
2012-06-11,13.4,13.4,13.4,13.4,100,1,134
2012-06-12,12.3,12.9,12.0,12.0,4900,8,5962
2012-06-13,13.0,13.1,12.9,12.9,2000,4,2591
2012-06-14,11.7,12.8,11.7,12.6,101300,8,118649
2012-06-15,12.9,12.9,12.1,12.5,2800,9,3443
2012-06-18,12.8,13.0,11.9,11.9,9500,12,11869
2012-06-19,12.0,12.7,11.8,12.5,7100,8,8598
2012-06-20,11.8,12.3,11.6,11.6,3300,6,3871
2012-06-21,11.7,12.2,11.6,11.7,19600,5,22927
2012-06-22,11.4,12.4,11.4,12.4,200,2,238
2012-06-26,11.6,12.2,11.2,11.2,26700,12,31329
2012-06-27,12.3,12.3,12.3,12.3,100,1,123
2012-06-28,11.5,12.1,11.5,12.1,1800,4,2101
2012-06-29,12.2,12.2,11.4,11.4,300,3,350
2012-07-02,12.0,12.0,12.0,12.0,45100,2,54120
2012-07-03,11.5,12.1,11.4,11.9,101200,6,115411
2012-07-04,11.5,11.5,10.7,10.8,122900,15,140131
2012-07-05,11.7,12.1,11.7,12.1,400,4,477
2012-07-06,12.2,12.2,12.2,12.2,200,1,244
2012-07-12,10.9,11.7,10.7,11.6,11400,14,12593
2012-07-13,10.6,11.4,10.5,10.6,14200,4,15211
2012-07-16,11.0,11.0,10.2,10.6,49900,10,52484
2012-07-17,11.0,11.0,11.0,11.0,100,1,110
2012-07-18,10.1,10.8,10.1,10.1,8800,22,9059
2012-07-19,10.1,10.5,9.8,9.8,25500,26,25579
2012-07-20,9.9,9.9,9.7,9.9,125500,10,124205
2012-07-23,10.5,10.5,9.5,9.5,1800,3,1720
2012-07-24,10.0,10.0,9.9,10.0,700,6,695
2012-07-25,9.9,9.9,9.9,9.9,44700,2,44253
2012-07-26,10.0,10.7,9.5,10.7,6100,9,6124
2012-07-31,10.3,10.3,10.3,10.3,200,1,206
2012-08-01,9.8,10.5,9.8,10.3,8500,10,8770
2012-08-02,10.4,10.4,10.4,10.4,11100,4,11544
2012-08-03,10.5,10.5,10.5,10.5,300,1,315
2012-08-06,10.0,10.2,9.8,10.2,4200,10,4185
2012-08-07,10.3,10.3,9.2,9.5,5700,9,5302
2012-08-08,10.3,10.3,9.5,10.1,8900,4,8596
2012-08-09,10.3,10.4,8.8,8.8,30800,8,27135
2012-08-10,9.0,9.9,8.8,9.8,494300,16,477662
2012-08-13,9.2,9.6,9.0,9.3,199200,14,187204
2012-08-14,9.6,9.6,8.9,9.3,900,6,830
2012-08-15,9.5,9.6,9.5,9.6,1700,4,1630
2012-08-16,9.6,10.2,9.6,9.9,2700,3,2607
2012-08-17,9.8,10.0,9.5,10.0,2400,5,2326
2012-08-20,9.1,9.6,9.0,9.0,113600,19,102309
2012-08-21,10.0,10.2,9.9,9.9,6900,9,6988
2012-08-22,9.2,9.9,9.0,9.7,14300,10,13196
2012-08-23,9.7,9.8,9.7,9.8,300,2,292
2012-08-24,9.1,9.8,9.1,9.8,5000,6,4774
2012-08-27,9.9,9.9,8.9,8.9,148700,23,133938
2012-08-28,9.6,9.6,9.0,9.0,4500,2,4080
2012-08-29,9.0,9.7,9.0,9.7,24000,11,21868
2012-08-30,9.1,9.5,9.0,9.0,1400,5,1272
2012-08-31,9.8,9.8,9.8,9.8,200,1,196
2012-09-03,9.1,9.5,9.0,9.5,11000,15,9969
2012-09-04,9.4,9.4,9.4,9.4,2000,1,1880
2012-09-05,9.4,9.8,9.4,9.8,445300,11,431862
2012-09-06,9.7,9.7,9.5,9.7,25900,5,24721
2012-09-10,9.9,9.9,9.9,9.9,200,1,198
2012-09-12,9.9,10.4,9.9,9.9,38700,26,38389
2012-09-13,10.5,11.3,10.5,11.3,5400,11,5747
2012-09-14,12.8,12.9,12.8,12.9,1000,3,1286
2012-09-17,12.1,12.1,12.1,12.1,300,2,363
2012-09-18,11.3,11.3,11.3,11.3,6000,3,6780
2012-09-19,11.8,11.8,11.8,11.8,100,1,118
2012-09-24,11.9,11.9,11.9,11.9,200,2,238
2012-09-25,11.7,11.7,11.7,11.7,300,3,351
2012-09-26,11.8,11.8,11.6,11.6,400,3,466
2012-09-27,11.7,11.7,11.7,11.7,200,1,234
2012-09-28,11.7,11.7,11.7,11.7,100,1,117
2012-10-01,10.1,11.9,10.1,11.9,1700,3,1735
2012-10-03,10.6,11.8,10.6,11.0,6800,17,7527
2012-10-04,11.5,11.5,11.5,11.5,100,1,115
2012-10-05,11.5,11.8,11.5,11.7,5200,3,6083
2012-10-08,11.4,11.6,11.4,11.4,500,4,573
2012-10-09,11.5,12.0,11.5,11.5,12000,13,13960
2012-10-10,11.5,12.4,11.2,12.4,979000,37,1130423
2012-10-11,12.4,12.8,11.9,12.7,47400,25,57864
2012-10-15,13.2,13.2,13.2,13.2,700,3,924
2012-10-17,12.3,12.7,11.3,11.3,216100,27,265185
2012-10-18,12.1,12.6,11.7,11.7,6100,15,7239
2012-10-19,12.7,12.7,12.7,12.7,100,1,127
2012-10-23,11.5,12.5,11.5,12.1,5000,13,5952
2012-10-24,12.7,12.7,12.7,12.7,200,2,254
2012-10-26,11.3,12.4,11.3,12.4,1800,4,2054
2012-10-29,11.4,12.2,11.4,12.2,2200,7,2580
2012-10-30,12.1,12.3,11.8,12.1,700,6,846
2012-10-31,12.1,12.2,11.9,12.2,800,7,967
2012-11-01,11.6,12.0,11.6,12.0,200,2,236
2012-11-05,11.5,11.9,11.5,11.9,1200,5,1391
2012-11-07,11.3,11.9,11.3,11.9,1200,6,1374
2012-11-12,11.8,11.8,11.8,11.8,1400,2,1652
2012-11-19,11.3,11.9,11.3,11.8,4600,9,5343
2012-11-21,10.5,11.3,10.5,11.3,19000,13,20367
2012-11-22,10.5,11.0,10.1,10.1,13200,22,13792
2012-11-23,11.2,11.2,11.2,11.2,1100,3,1232
2012-11-27,10.2,11.2,10.2,11.2,107200,5,119944
2012-11-28,11.5,11.5,11.5,11.5,200,1,230
2012-11-30,11.2,11.2,11.2,11.2,8700,1,9744
2012-12-03,10.2,10.5,9.9,9.9,6900,10,6967
2012-12-04,10.5,10.5,9.0,9.0,4400,10,4078
2012-12-05,9.1,9.7,8.5,8.8,17600,15,15872
2012-12-06,9.0,9.3,9.0,9.3,8500,2,7680
2012-12-07,9.3,9.3,9.3,9.3,3400,2,3162
2012-12-10,9.3,9.3,9.3,9.3,600,1,558
2012-12-11,10.0,10.0,10.0,10.0,200,2,200
2012-12-12,9.0,9.7,9.0,9.0,8900,9,8077
2012-12-13,9.6,9.6,8.7,9.2,4000,10,3546
2012-12-14,8.7,8.7,8.7,8.7,2500,2,2175
2012-12-17,9.5,9.5,9.2,9.2,900,3,831
2012-12-18,8.2,9.2,8.2,9.2,6600,8,5782
2012-12-19,9.2,9.2,9.2,9.2,6100,3,5612
2012-12-21,9.2,9.5,9.2,9.5,2000,3,1845
2012-12-26,9.6,9.7,9.6,9.7,1300,4,1259
2012-12-27,9.5,9.6,9.5,9.6,7100,4,6758
2012-12-28,9.4,9.4,9.4,9.4,1000,1,940
2013-01-04,9.1,9.6,9.1,9.5,12000,7,11450
2013-01-08,9.6,9.6,9.3,9.5,5500,3,5120
2013-01-09,9.5,9.5,8.7,8.7,10500,5,9522
2013-01-11,8.5,8.7,8.5,8.7,21800,8,18566
2013-01-15,9.4,9.4,9.4,9.4,100,1,94
2013-01-17,9.3,9.3,9.3,9.3,100,1,93
2013-01-18,9.3,9.3,9.3,9.3,100,1,93
2013-01-21,9.0,9.6,9.0,9.4,10600,8,9567
2013-01-23,9.0,9.4,9.0,9.3,44900,15,40462
2013-01-29,9.4,9.4,9.4,9.4,200,2,188
2013-01-30,9.5,9.6,9.4,9.5,5800,7,5509
2013-02-01,9.2,9.2,8.9,8.9,3300,7,2954
2013-02-04,8.9,8.9,8.8,8.9,29200,6,25982
2013-02-13,8.5,9.2,8.5,8.5,4100,4,3499
2013-02-14,9.2,9.2,9.2,9.2,2400,4,2208
2013-02-18,8.7,9.5,8.7,9.5,11000,13,10409
2013-02-20,9.4,9.4,9.4,9.4,100,1,94
2013-02-21,9.4,9.5,9.4,9.5,18700,6,17600
2013-02-22,9.5,9.7,8.5,8.5,51100,21,45021
2013-02-26,8.6,8.6,8.5,8.5,2100,4,1797
2013-03-01,9.2,9.3,9.2,9.3,200,2,185
2013-03-07,8.6,9.3,8.6,9.3,300,2,265
2013-03-12,9.3,9.3,9.3,9.3,7200,3,6696
2013-03-13,8.8,9.3,8.8,9.3,400,3,358
2013-03-15,9.0,9.2,9.0,9.2,10100,5,9098
2013-03-18,9.0,9.0,9.0,9.0,6500,4,5850
2013-03-20,8.6,9.0,8.5,9.0,32700,13,28348
2013-03-21,9.0,9.2,9.0,9.2,500,4,456
2013-03-22,9.0,9.4,9.0,9.4,8500,5,7660
2013-04-03,8.1,8.3,8.0,8.0,4400,10,3565
2013-04-04,8.0,9.3,7.8,7.8,8100,9,6437
2013-04-05,8.0,9.1,8.0,9.1,10200,3,8182
2013-04-09,8.0,9.0,8.0,9.0,1800,6,1540
2013-04-10,9.0,9.4,9.0,9.4,3100,2,2794
2013-04-11,8.5,8.9,8.1,8.9,9400,11,7748
2013-04-15,8.7,8.7,8.5,8.5,10000,4,8600
2013-04-16,8.1,8.1,7.8,7.8,8100,5,6528
2013-04-19,8.6,8.6,8.5,8.5,1400,4,1200
2013-04-22,8.6,8.6,8.6,8.6,100,1,86
2013-04-23,7.8,8.6,7.8,8.6,1400,6,1135
2013-04-24,8.7,11.6,8.7,9.5,39600,38,38920
2013-04-25,10.8,11.0,10.6,11.0,5100,7,5567
2013-04-26,10.9,10.9,10.9,10.9,100,1,109
2013-04-30,9.8,10.0,9.0,9.0,9300,16,9044
2013-05-02,10.3,10.3,10.3,10.3,100,1,103
2013-05-03,10.1,10.2,10.1,10.2,200,2,203
2013-05-06,10.4,10.4,10.4,10.4,100,1,104
2013-05-07,9.4,10.2,9.4,10.2,200,2,196
2013-05-09,9.9,9.9,9.9,9.9,100,1,99
2013-05-10,9.8,10.0,9.8,10.0,1000,5,991
2013-05-13,10.0,10.0,8.9,8.9,17300,19,15487
2013-05-14,9.4,9.4,9.4,9.4,4400,1,4136
2013-05-15,9.7,9.9,9.6,9.6,12600,14,12263
2013-05-16,9.7,9.9,9.1,9.1,17000,16,15642
2013-05-17,9.1,9.6,8.7,8.7,8700,10,7898
2013-05-20,9.0,9.0,8.8,8.8,57600,7,51257
2013-05-22,9.8,9.9,9.8,9.9,1100,5,1079
2013-05-23,9.5,9.7,9.5,9.7,5800,5,5524
2013-05-24,9.8,10.5,9.8,10.0,4900,13,4914
2013-05-27,10.3,10.5,10.3,10.5,2200,4,2281
2013-05-28,10.4,10.4,9.4,9.4,6600,17,6388
2013-05-29,9.1,10.0,9.0,10.0,8300,15,7855
2013-05-31,9.5,10.2,9.0,10.2,19000,13,17646
2013-06-03,10.5,10.5,10.5,10.5,300,1,315
2013-06-04,10.3,11.0,10.3,11.0,64300,23,67628
2013-06-05,10.5,10.5,10.5,10.5,4800,1,5040
2013-06-06,9.6,9.6,9.6,9.6,10000,8,9600
2013-06-07,10.3,10.3,9.9,9.9,1100,4,1129
2013-06-10,9.2,9.2,9.2,9.2,200,1,184
2013-06-11,9.0,9.3,9.0,9.2,4500,5,4074
2013-06-12,9.9,9.9,8.3,8.3,7900,10,6738
2013-06-13,9.0,9.0,9.0,9.0,500,3,450
2013-06-14,9.8,9.8,9.8,9.8,300,2,294
2013-06-17,9.4,9.5,9.3,9.5,10400,6,9697
2013-07-01,9.1,9.1,8.5,8.9,2000,7,1755
2013-07-02,8.5,9.1,8.5,9.1,1100,2,941
2013-07-03,9.0,9.0,7.6,7.6,19600,21,15700
2013-07-04,8.0,8.0,8.0,8.0,1500,3,1200
2013-07-05,7.6,7.9,7.6,7.9,1400,4,1079
2013-07-11,8.0,8.0,8.0,8.0,500,1,400
2013-07-15,7.8,8.0,7.8,8.0,9900,3,7780
2013-07-17,7.8,8.5,7.7,8.5,8800,6,6918
2013-07-18,8.9,8.9,8.9,8.9,300,2,267
2013-07-22,8.7,8.7,8.7,8.7,8100,3,7047
2013-07-23,8.9,9.1,8.5,9.1,41400,23,36847
2013-07-24,9.1,9.1,9.0,9.0,900,3,816
2013-07-25,9.0,9.4,9.0,9.4,5700,11,5260
2013-07-26,8.8,9.4,8.6,9.4,7700,3,6652
2013-07-29,9.0,9.8,9.0,9.8,26500,7,23858
2013-07-30,9.8,10.4,9.2,9.7,7600,10,7146
2013-08-01,9.1,9.6,9.1,9.6,5100,2,4646
2013-08-02,9.5,10.9,9.5,10.9,5100,13,5153
2013-08-06,10.0,10.4,9.4,10.4,10500,5,9971
2013-08-07,11.0,11.0,9.3,9.5,5400,15,5237
2013-08-08,10.5,10.5,9.3,9.3,1100,4,1057
2013-08-09,10.5,10.5,10.3,10.3,4700,5,4931
2013-08-12,10.0,10.4,9.6,10.4,23300,6,22822
2013-08-14,10.1,10.4,10.1,10.4,26500,7,26840
2013-08-15,10.4,10.6,10.4,10.6,5000,3,5241
2013-08-16,9.6,9.7,9.6,9.7,21900,12,21241
2013-08-19,10.0,10.0,9.8,10.0,14200,8,14140
2013-08-21,10.0,10.0,10.0,10.0,100,1,100
2013-08-22,9.5,9.9,9.4,9.4,5100,8,4844
2013-08-23,9.5,9.5,9.5,9.5,10400,4,9880
2013-08-26,9.8,9.8,9.0,9.1,18100,19,16442
2013-08-27,9.1,9.1,9.0,9.0,13700,10,12436
2013-08-28,9.5,9.5,9.0,9.4,16600,8,14949
2013-08-29,9.4,9.4,9.0,9.0,3500,5,3154
2013-08-30,8.8,8.8,8.8,8.8,200,1,176
2013-09-02,9.0,9.4,9.0,9.0,11200,6,10087
2013-09-03,9.0,9.3,8.9,9.3,3600,4,3238
2013-09-05,9.0,9.3,8.9,9.3,12300,4,10979
2013-09-06,8.7,9.5,8.5,9.5,11400,8,9826
2013-09-09,8.7,10.7,8.7,10.7,1000,2,890
2013-09-10,10.3,10.8,10.3,10.8,35900,7,38552
2013-09-11,8.9,10.2,8.7,8.9,138900,73,127719
2013-09-12,9.5,9.5,9.2,9.2,5000,6,4630
2013-09-13,9.2,9.2,9.2,9.2,500,1,460
2013-09-16,9.6,9.7,9.3,9.3,7100,5,6686
2013-09-17,9.7,9.7,9.1,9.1,3700,5,3373
2013-09-18,9.1,9.2,9.1,9.1,6100,10,5553
2013-09-19,9.4,9.4,9.4,9.4,3900,4,3666
2013-09-23,9.3,9.3,9.3,9.3,1000,1,930
2013-09-24,9.3,9.7,9.3,9.7,3200,4,3000
2013-09-25,9.5,9.9,9.0,9.8,92100,34,89035
2013-09-26,10.0,12.0,9.4,10.7,1212700,312,1325027
2013-09-27,11.2,13.8,11.1,13.4,1766500,558,2193524
2013-09-30,13.4,14.2,12.2,13.8,913300,526,1225466
2013-10-01,13.8,14.5,12.9,12.9,570300,298,775907
2013-10-02,13.4,13.5,12.1,13.4,178400,108,231584
2013-10-03,12.8,13.5,12.7,12.8,74400,65,97997
2013-10-04,12.7,13.3,11.6,11.9,160400,104,197483
2013-10-07,11.4,12.3,11.0,12.2,159200,82,187723
2013-10-08,12.4,13.2,12.3,13.1,94300,69,119819
2013-10-09,12.9,13.4,12.7,13.0,73100,43,95391
2013-10-10,13.0,13.7,12.5,12.5,62900,53,80565
2013-10-11,12.1,12.5,12.1,12.5,10700,14,13105
2013-10-14,12.9,13.0,12.4,12.4,7800,12,9725
2013-10-15,12.0,12.0,11.5,11.5,51100,52,60331
2013-10-16,11.5,11.6,11.0,11.0,82200,48,92015
2013-10-17,11.6,11.7,11.0,11.0,8900,8,9829
2013-10-18,11.6,11.6,10.9,10.9,13200,14,14515
2013-10-21,10.9,10.9,10.9,10.9,10800,5,11772
2013-10-22,11.0,11.6,10.8,11.3,41300,24,45682
2013-10-23,11.3,11.8,11.3,11.4,4800,8,5485
2013-10-24,11.4,11.4,11.4,11.4,600,2,684
2013-10-25,11.1,11.1,10.4,10.4,70600,36,76965
2013-10-28,10.7,11.0,10.4,11.0,21500,11,22976
2013-10-29,10.7,10.7,10.2,10.3,9500,12,9864
2013-10-30,10.4,10.7,10.3,10.7,15600,12,16367
2013-10-31,10.8,11.2,10.8,11.2,19600,16,21576
2013-11-01,11.2,11.2,10.7,11.2,10200,14,11109
2013-11-04,11.2,11.5,11.2,11.5,9300,5,10596
2013-11-05,11.7,12.0,11.5,11.5,4200,8,4955
2013-11-06,11.5,12.0,10.6,12.0,24000,18,27574
2013-11-07,12.0,12.8,12.0,12.8,3000,9,3764
2013-11-08,12.8,13.0,12.8,13.0,900,3,1156
2013-11-11,12.8,12.8,12.8,12.8,8900,2,11392
2013-11-12,13.1,13.2,12.5,12.8,89800,43,117221
2013-11-13,12.3,12.5,12.1,12.3,8700,8,10717
2013-11-14,12.4,12.8,12.3,12.7,34000,20,42078
2013-11-18,12.7,12.9,12.5,12.9,14200,16,18165
2013-11-19,12.9,13.0,12.3,12.6,52600,19,64869
2013-11-21,12.6,13.6,12.6,13.1,167400,50,218220
2013-11-22,13.5,14.2,12.9,13.4,57500,41,77497
2013-11-25,12.9,14.0,12.9,14.0,59400,36,80765
2013-11-26,14.0,14.2,13.5,14.0,53500,33,73953
2013-11-27,13.8,16.0,13.8,14.8,183700,159,271197
2013-11-28,15.0,16.4,15.0,15.7,204300,136,322397
2013-11-29,15.8,17.0,15.5,16.2,135200,106,220442
2013-12-02,16.1,16.3,14.5,15.8,35000,46,53792
2013-12-03,15.6,15.8,14.8,14.8,30900,20,46198
2013-12-04,15.7,15.9,15.2,15.2,7800,11,12023
2013-12-05,15.7,16.5,15.6,16.5,78500,36,126159
2013-12-06,16.6,18.1,16.6,18.1,125600,80,220124
2013-12-09,18.5,18.5,17.2,17.5,36500,36,65044
2013-12-10,17.1,17.8,17.0,17.8,34600,17,59184
2013-12-11,17.7,17.7,16.3,17.4,31100,14,51949
2013-12-12,17.3,17.5,16.9,16.9,3500,4,6023
2013-12-13,17.7,17.7,15.6,15.9,31100,31,50229
2013-12-16,17.0,17.0,16.4,16.4,3300,4,5418
2013-12-17,16.6,16.8,16.6,16.8,2000,4,3342
2013-12-18,16.5,18.0,16.5,18.0,27800,18,47697
2013-12-19,18.0,18.7,18.0,18.5,77500,29,142661
2013-12-20,18.5,18.5,17.7,17.7,13100,16,23591
2013-12-23,17.2,17.2,16.5,16.5,9500,6,16010
2013-12-26,16.6,16.6,16.3,16.3,12000,2,19620
2013-12-27,16.2,16.2,16.2,16.2,1500,2,2430
2013-12-30,16.4,17.2,16.4,17.1,21400,11,36127
2014-01-02,16.5,16.5,16.3,16.4,4000,4,6570
2014-01-03,16.9,17.2,16.9,17.2,3200,5,5434
2014-01-06,16.7,17.4,16.7,17.0,35500,29,60549
2014-01-07,17.5,17.8,17.5,17.8,1600,4,2803
2014-01-08,17.7,17.7,17.7,17.7,500,2,885
2014-01-09,17.1,17.1,17.0,17.0,7500,3,12805
2014-01-10,17.0,17.0,16.5,17.0,15300,9,25510
2014-01-13,16.3,16.5,16.0,16.4,19300,15,31103
2014-01-14,15.7,15.7,15.0,15.3,12900,13,19689
2014-01-15,15.1,16.3,15.1,16.3,16100,3,26123
2014-01-16,15.5,16.5,15.5,16.5,35400,23,56411
2014-01-17,16.8,17.0,16.0,16.7,14600,7,23642
2014-01-20,16.5,16.5,16.5,16.5,2500,1,4125
2014-01-21,16.2,16.2,15.2,15.2,31800,20,49209
2014-01-22,15.2,16.0,15.2,15.9,24600,14,38994
2014-01-23,15.7,15.7,15.0,15.3,16300,16,24736
2014-01-24,15.5,15.9,15.5,15.9,5000,3,7830
2014-01-27,15.0,15.3,14.7,15.3,4700,3,6981
2014-01-28,14.7,15.0,14.3,14.3,12400,15,17953
2014-01-29,14.3,14.5,13.5,14.5,7700,8,10794
2014-01-30,14.4,15.5,14.4,15.5,9900,8,14924
2014-01-31,15.0,15.0,14.0,14.0,25200,14,35996
2014-02-03,13.8,13.9,13.5,13.9,9700,13,13318
2014-02-04,13.1,14.7,13.1,14.7,16100,11,22065
2014-02-05,13.6,14.5,13.6,14.5,102200,6,141086
2014-02-06,14.4,14.4,13.5,13.5,61000,8,87741
2014-02-07,13.6,13.8,13.4,13.5,14400,11,19409
2014-02-10,13.3,13.5,13.3,13.5,11800,10,15928
2014-02-11,13.6,13.6,13.3,13.3,20500,14,27349
2014-02-12,13.4,14.4,13.4,14.4,19700,12,27626
2014-02-13,14.4,16.0,14.4,16.0,21500,14,31989
2014-02-14,16.0,16.4,16.0,16.0,16900,10,27080
2014-02-17,15.4,16.0,15.4,16.0,2300,8,3602
2014-02-18,15.5,16.0,15.4,16.0,3100,7,4812
2014-02-19,16.0,16.0,15.8,16.0,600,3,958
2014-02-20,15.4,15.4,15.2,15.2,14600,10,22448
2014-02-21,15.3,15.3,14.8,14.8,16500,15,24790
2014-02-24,14.7,14.7,14.6,14.6,5500,6,8039
2014-02-25,14.5,14.5,14.5,14.5,68500,26,99325
2014-02-26,14.3,15.2,14.3,15.2,3200,3,4795
2014-02-27,14.1,15.4,14.1,15.4,7300,5,10936
2014-02-28,15.5,15.6,15.5,15.6,200,2,311
2014-03-05,15.8,15.9,15.8,15.9,1000,2,1585
2014-03-06,14.4,15.3,14.4,15.0,10400,16,15396
2014-03-07,14.5,15.8,14.5,15.8,6300,4,9208
2014-03-11,15.0,15.0,13.8,13.8,3200,7,4586
2014-03-12,14.5,14.5,13.2,14.4,12100,8,16055
2014-03-14,14.7,14.7,14.7,14.7,200,2,294
2014-03-17,15.0,15.0,13.6,14.4,1900,9,2640
2014-03-18,14.6,14.6,14.6,14.6,50100,2,73146
2014-03-20,14.4,14.6,13.9,14.6,45500,6,64793
2014-03-21,14.8,14.8,14.8,14.8,100,1,148
2014-03-25,14.6,15.0,14.6,15.0,3300,8,4872
2014-03-26,14.0,14.0,14.0,14.0,100,1,140
2014-03-27,15.3,16.5,15.3,16.5,41900,18,67833
2014-03-28,15.3,16.3,15.0,16.3,72800,9,111303
2014-03-31,16.5,16.5,15.0,15.1,71600,40,110785
2014-04-01,15.2,15.4,14.9,14.9,41100,3,63242
2014-04-02,15.1,15.5,15.1,15.4,46500,10,70377
2014-04-03,15.8,15.8,15.8,15.8,29500,4,46610
2014-04-07,15.3,15.3,15.3,15.3,700,1,1071
2014-04-09,14.9,15.3,14.9,15.0,4500,4,6713
2014-04-10,15.0,15.4,14.6,15.4,14000,11,20772
2014-04-11,14.8,14.8,14.7,14.7,2800,7,4139
2014-04-14,15.8,15.8,15.7,15.7,17300,3,27332
2014-04-15,15.7,15.7,14.7,14.7,51600,6,80872
2014-04-17,14.5,14.5,14.5,14.5,6700,5,9715
2014-04-22,14.5,14.9,13.6,13.6,37100,24,52943
2014-04-23,13.1,13.8,13.0,13.8,10600,16,14057
2014-04-24,13.8,13.8,13.4,13.4,24100,4,33098
2014-04-25,13.1,14.0,13.1,14.0,2500,6,3314
2014-04-29,13.3,13.3,11.7,11.7,14500,20,18137
2014-04-30,12.8,12.8,11.9,12.5,23700,9,30123
2014-05-02,12.2,13.1,12.2,13.1,6700,10,8573
2014-05-06,13.3,13.5,12.5,12.6,3200,11,4036
2014-05-07,12.5,13.3,12.5,13.3,600,3,758
2014-05-12,13.3,14.0,13.3,14.0,54500,38,74870
2014-05-13,14.4,14.5,14.4,14.5,300,3,433
2014-05-14,13.4,13.5,13.0,13.0,9800,13,13025
2014-05-16,12.9,12.9,12.4,12.8,8400,10,10691
2014-05-20,12.8,13.6,12.8,13.6,18000,13,23120
2014-05-21,13.6,13.8,13.6,13.8,11000,2,15140
2014-05-26,12.5,13.6,12.4,13.6,3300,7,4225
2014-05-29,13.0,13.0,13.0,13.0,2500,2,3250
2014-05-30,12.6,12.6,12.1,12.1,4100,7,5100
2014-06-03,12.3,12.5,12.1,12.1,1300,5,1598
2014-06-06,12.2,12.5,12.2,12.5,2100,2,2565
2014-06-09,12.5,12.5,12.5,12.5,200,2,250
2014-06-10,12.0,12.9,12.0,12.9,1400,5,1697
2014-06-16,12.8,13.0,12.5,13.0,22900,13,29146
2014-06-17,13.0,13.6,13.0,13.6,1000,4,1312
2014-06-24,12.1,13.0,12.0,13.0,1500,4,1815
2014-06-25,12.0,12.1,11.8,11.8,3100,8,3707
2014-06-27,13.0,13.0,13.0,13.0,100,1,130
2014-06-30,12.0,12.5,11.8,11.8,4900,8,5893
2014-07-01,11.8,11.8,11.8,11.8,100,1,118
2014-07-03,11.5,11.5,11.5,11.5,10700,7,12305
2014-07-04,12.8,12.8,12.8,12.8,100,1,128
2014-07-07,12.7,12.7,12.7,12.7,100,1,127
2014-07-11,12.4,12.4,11.6,11.6,108300,12,129798
2014-07-15,12.0,12.0,11.0,11.6,39600,13,43616
2014-07-23,11.9,11.9,11.9,11.9,1400,2,1666
2014-07-24,11.9,11.9,11.9,11.9,400,1,476
2014-07-28,12.0,12.0,12.0,12.0,3000,4,3600
2014-07-30,12.2,12.2,11.0,11.3,1600,6,1787
2014-07-31,11.8,11.8,11.8,11.8,100,1,118
2014-08-07,11.3,11.4,10.5,11.4,800,6,875
2014-08-08,10.2,11.4,10.2,11.4,3100,8,3185
2014-08-11,10.3,10.5,10.3,10.3,11700,18,12150
2014-08-13,10.5,10.8,10.5,10.5,3000,6,3153
2014-08-14,10.9,11.2,10.9,11.2,12100,4,13192
2014-08-15,10.5,10.5,10.3,10.5,4300,8,4509
2014-08-20,11.0,11.3,11.0,11.3,1100,4,1213
2014-08-25,11.0,11.3,11.0,11.3,4900,6,5477
2014-08-26,10.5,10.5,10.0,10.4,1500,7,1547
2014-09-01,9.6,9.6,9.5,9.5,21000,9,20055
2014-09-02,9.5,9.5,9.5,9.5,3000,2,2850
2014-09-03,9.7,9.7,9.6,9.6,6300,6,6085
2014-09-04,9.6,9.6,9.6,9.6,2300,3,2208
2014-09-05,9.4,9.4,9.4,9.4,1000,1,940
2014-09-10,9.6,9.6,9.4,9.4,11600,3,11130
2014-09-11,9.1,9.1,9.1,9.1,100,1,91
2014-09-12,9.0,9.0,9.0,9.0,300,1,270
2014-09-17,8.5,8.9,8.0,8.7,12500,8,10131
2014-09-25,7.8,7.9,7.5,7.9,37500,18,29145
2014-09-26,8.0,8.0,7.9,7.9,2100,3,1660
2014-10-02,7.6,8.3,7.6,8.3,17000,8,13215
2014-10-06,8.3,8.5,8.3,8.5,5100,4,4235
2014-10-09,7.8,8.5,7.8,8.5,12100,3,9445
2014-10-13,7.8,8.5,7.8,8.5,2100,2,1645
2014-10-16,7.7,8.5,7.7,8.5,3100,2,2395
2014-10-17,7.5,9.0,7.5,9.0,25700,20,20850
2014-10-21,8.0,8.0,8.0,8.0,800,2,640
2014-10-23,8.5,8.5,8.5,8.5,1900,5,1615
2014-10-27,8.0,8.0,8.0,8.0,1000,1,800
2014-10-31,7.6,8.0,7.6,8.0,500,2,384
2014-11-04,8.5,8.5,8.0,8.0,300,2,245
2014-11-05,7.9,7.9,7.9,7.9,53000,2,41870
2014-11-07,7.9,7.9,7.9,7.9,30000,1,23700
2014-11-11,7.5,8.0,7.5,8.0,3400,5,2555
2014-11-12,7.4,8.0,7.4,8.0,5600,4,4200
2014-11-13,7.2,7.7,7.2,7.7,200,2,149
2014-11-14,8.0,8.0,8.0,8.0,100,1,80
2014-11-17,7.0,7.0,7.0,7.0,100,1,70
2014-11-18,7.1,7.5,7.0,7.5,8200,11,5933
2014-11-24,7.2,7.2,7.0,7.0,49800,11,34884
2014-11-25,6.8,7.0,6.8,7.0,400,2,274
2014-11-26,7.0,7.0,6.5,6.5,2400,5,1610
2014-11-27,6.5,6.5,6.5,6.5,5000,1,3250
2014-11-28,6.5,7.0,6.5,7.0,2000,2,1315
2014-12-01,6.5,7.0,6.0,6.1,100000,15,61351
2014-12-02,6.0,6.0,6.0,6.0,25700,2,15420
2014-12-09,6.0,6.0,6.0,6.0,1100,1,660
2014-12-10,5.7,5.7,5.7,5.7,7400,3,4218
2014-12-11,5.7,5.7,5.0,5.0,198900,23,105676
2014-12-12,5.2,5.2,4.6,5.0,6500,5,3230
2014-12-16,5.0,5.0,5.0,5.0,3000,1,1500
2014-12-18,5.0,5.0,5.0,5.0,10000,1,5000
2014-12-19,4.2,4.2,4.1,4.1,8000,6,3330
2014-12-23,5.0,5.0,5.0,5.0,100,1,50
2014-12-29,5.0,5.0,5.0,5.0,500,1,250
2015-01-06,5.0,5.0,5.0,5.0,1000,3,500
2015-01-27,4.3,4.3,4.3,4.3,1000,1,430
2015-01-28,4.3,4.3,4.3,4.3,100,1,43
2015-01-30,4.0,4.0,3.9,3.9,65000,18,25424
2015-02-02,4.0,4.0,4.0,4.0,3000,3,1200
2015-02-03,4.0,5.0,4.0,5.0,14700,9,5968
2015-02-11,4.4,4.9,4.4,4.9,14600,11,6995
2015-02-13,4.9,4.9,4.9,4.9,1000,2,490
2015-02-19,4.5,4.5,4.5,4.5,100,1,45
2015-02-26,4.9,4.9,4.9,4.9,100,1,49
2015-03-05,4.3,4.6,4.3,4.6,1200,7,528
2015-03-13,4.3,4.7,4.3,4.7,600,4,265
2015-03-16,4.3,4.3,4.0,4.0,4500,8,1903
2015-03-20,4.0,4.0,3.9,3.9,2400,3,938
2015-03-24,3.6,3.6,3.6,3.6,6000,4,2160
2015-03-25,3.6,3.6,3.3,3.3,20200,14,6710
2015-03-26,3.3,3.5,3.3,3.5,12000,8,3969
2015-03-27,3.5,3.6,3.2,3.6,17300,11,5753
2015-03-30,3.6,3.6,3.6,3.6,1000,2,360
2015-03-31,3.6,3.9,3.6,3.9,12800,8,4658
2015-04-01,4.7,4.7,4.7,4.7,100,1,47
2015-04-07,3.8,4.1,3.8,4.1,27400,16,10622
2015-04-08,4.5,4.5,4.4,4.5,23400,9,10519
2015-04-10,4.4,4.4,4.1,4.1,14300,11,6013
2015-04-22,4.0,4.0,4.0,4.0,500,2,200
2015-04-28,3.9,4.2,3.8,4.2,16400,13,6494
2015-04-30,4.4,4.4,4.3,4.4,3800,6,1666
2015-05-11,4.4,4.4,4.4,4.4,2300,1,1012
2015-05-12,4.4,4.4,4.4,4.4,8800,5,3872
2015-05-18,4.0,4.0,4.0,4.0,3000,3,1200
2015-05-19,4.0,4.0,4.0,4.0,700,2,280
2015-05-20,4.0,4.0,4.0,4.0,8100,3,3240
2015-05-25,3.9,4.0,3.9,3.9,107500,5,42970
2015-05-27,3.9,3.9,3.9,3.9,800,1,312
2015-06-01,3.9,3.9,3.9,3.9,200,1,78
2015-06-02,4.2,4.2,4.1,4.1,53100,2,21772
2015-06-05,4.1,4.1,4.1,4.1,104500,2,42845
2015-06-10,3.9,3.9,3.9,3.9,2000,2,780
2015-06-24,3.9,3.9,3.9,3.9,3000,1,1170
2015-06-25,4.2,4.2,4.0,4.0,3300,2,1366
2015-06-26,3.8,4.2,3.8,4.2,3800,4,1524
2015-06-29,4.0,4.0,4.0,4.0,1600,1,640
2015-06-30,3.9,4.2,3.9,4.2,1700,2,708
2015-07-02,4.0,4.2,3.9,4.2,2900,3,1136
2015-07-03,3.9,3.9,3.9,3.9,100,1,39
2015-07-07,3.9,3.9,3.7,3.7,12900,11,4886
2015-07-10,3.7,3.7,3.7,3.7,500,2,185
2015-07-15,3.9,3.9,3.9,3.9,100,1,39
2015-07-16,3.9,4.2,3.9,4.2,5700,8,2376
2015-07-23,4.2,4.2,4.2,4.2,20000,4,8400
2015-07-24,4.0,4.4,4.0,4.4,11100,8,4497
2015-07-27,4.4,4.4,4.4,4.4,1500,2,660
2015-07-30,4.0,4.0,4.0,4.0,6000,4,2400
2015-07-31,4.0,4.2,4.0,4.2,11500,5,4602
2015-08-13,3.8,3.8,3.8,3.8,9100,8,3458
2015-08-14,3.5,3.5,3.5,3.5,83400,7,29190
2015-08-17,3.5,3.5,3.4,3.4,20000,6,6965
2015-08-18,3.4,3.4,3.4,3.4,2500,3,850
2015-08-20,3.5,3.5,3.5,3.5,100,1,35
2015-08-25,3.3,3.3,3.3,3.3,1700,2,561
2015-08-26,3.1,3.1,3.1,3.1,1800,2,558
2015-08-27,3.3,3.3,3.3,3.3,400,3,132
2015-08-28,3.0,3.0,3.0,3.0,10000,2,3000
2015-09-01,3.0,3.4,3.0,3.0,2600,6,805
2015-09-02,3.1,3.1,3.1,3.1,1000,2,310
2015-09-04,3.3,3.3,3.3,3.3,100,1,33
2015-09-10,3.0,3.0,3.0,3.0,13000,1,3900
2015-09-11,3.0,3.0,3.0,3.0,1000,1,3000
2015-09-16,3.0,3.0,3.0,3.0,500,1,1500
2015-10-15,2.19,2.19,2.15,2.15,700,5,1529
2015-10-16,2.2,2.2,2.2,2.2,100,1,220
2015-10-20,2.2,2.2,2.2,2.2,7000,1,15400
2015-10-21,2.12,2.12,2.12,2.12,100,1,212
2015-10-27,2.0,2.0,2.0,2.0,3400,5,6800
2015-10-28,1.99,1.99,1.99,1.99,1000,2,1990
2015-10-29,1.9,1.9,1.8,1.8,600,2,1090
2015-10-30,1.8,1.8,1.7,1.7,13700,11,23300
2015-11-05,1.7,1.7,1.5,1.5,2200,7,3370
2015-11-06,1.5,1.5,1.06,1.1,24800,28,26634
2015-11-09,1.29,1.3,1.24,1.28,21700,7,27777
2015-11-11,1.28,1.28,1.28,1.28,1300,3,1664
2015-11-12,1.3,1.3,1.3,1.3,100,1,130
2015-11-13,1.26,1.26,1.26,1.26,100,1,126
2015-11-16,1.24,1.24,1.24,1.24,100,1,124
2015-11-18,1.32,1.39,1.32,1.39,500,3,667
2015-11-23,1.35,1.4,1.35,1.4,14700,8,19865
2015-11-24,1.32,1.4,1.32,1.4,5000,6,6640
2015-11-25,1.4,1.4,1.4,1.4,200,1,280
2015-12-04,1.32,1.49,1.32,1.49,300,2,413
2015-12-07,1.49,1.49,1.49,1.49,100,1,149
2015-12-10,1.32,1.32,1.31,1.32,2400,8,3167
2015-12-17,1.25,1.25,1.24,1.24,500,2,621
2015-12-23,1.2,1.32,1.2,1.32,2100,7,2621
2015-12-29,1.24,1.32,1.24,1.32,5700,7,7116
2016-01-04,1.16,1.4,1.16,1.4,1400,6,1856
2016-01-05,1.32,1.33,1.32,1.32,2100,6,2773
2016-01-08,1.4,1.4,1.4,1.4,1000,3,1400
2016-01-22,1.4,1.4,1.4,1.4,200,1,280
2016-01-29,1.5,1.5,1.48,1.48,5100,6,7554
2016-02-01,1.48,1.48,1.48,1.48,5000,3,7400
2016-02-05,1.4,1.4,1.4,1.4,100,1,140
2016-02-23,1.32,1.32,1.24,1.24,2000,3,2552
2016-02-24,1.4,1.4,1.4,1.4,1500,2,2100
2016-02-25,1.4,1.4,1.4,1.4,200,1,280
2016-03-09,1.3,1.3,1.3,1.3,800,1,1040
2016-03-17,1.25,1.25,1.25,1.25,1000,2,1250
2016-03-18,1.39,1.74,1.39,1.5,900,6,1313
2016-03-21,1.6,1.6,1.6,1.6,200,2,320
2016-03-22,1.68,1.77,1.68,1.77,1600,6,2781
2016-03-23,1.76,1.9,1.76,1.77,2900,11,5224
2016-03-24,1.9,1.9,1.75,1.9,2100,6,3914
2016-03-28,1.95,1.97,1.95,1.97,200,2,392
2016-03-29,1.99,1.99,1.8,1.9,2200,7,4138
2016-04-01,1.9,2.7,1.9,2.7,1500,8,3220
2016-04-04,2.69,3.0,2.6,2.6,500,4,1369
2016-04-05,1.9,1.9,1.7,1.7,1400,5,2470
2016-04-06,1.8,1.9,1.8,1.9,700,5,1290
2016-04-07,1.8,1.8,1.8,1.8,200,1,360
2016-04-11,1.8,1.8,1.8,1.8,200,1,360
2016-04-12,1.72,1.72,1.72,1.72,100,1,172
2016-04-20,1.89,1.9,1.89,1.9,200,2,379
2016-05-02,1.95,1.95,1.95,1.95,800,2,1560
2016-05-03,1.99,1.99,1.8,1.99,1500,8,2834
2016-05-16,1.9,1.9,1.9,1.9,900,2,1710
2016-05-17,1.8,1.8,1.8,1.8,2000,3,3600
2016-06-06,1.7,1.7,1.7,1.7,500,2,850
2016-06-07,1.8,1.8,1.8,1.8,100,1,180
2016-06-14,1.7,1.8,1.7,1.8,200,2,350
2016-06-15,1.7,1.8,1.6,1.61,700,5,1181
2016-06-16,1.6,1.7,1.6,1.7,300,3,499
2016-06-17,1.7,1.7,1.7,1.7,300,2,510
2016-06-20,1.71,1.71,1.7,1.7,1000,3,1709
2016-06-27,1.61,1.61,1.61,1.61,200,2,322
2016-06-30,1.61,1.61,1.61,1.61,100,1,161
2016-07-01,1.66,1.66,1.66,1.66,100,1,166
2016-07-05,1.6,1.6,1.6,1.6,300,1,480
2016-07-13,1.7,1.7,1.7,1.7,800,2,1360
2016-07-14,1.7,1.7,1.7,1.7,800,3,1360
2016-07-15,1.65,1.65,1.61,1.61,300,3,491
2016-07-18,1.61,1.61,1.61,1.61,100,1,161
2016-07-19,1.65,1.65,1.65,1.65,500,2,825
2016-07-20,1.65,1.65,1.65,1.65,600,1,990
2016-07-21,1.7,1.85,1.7,1.85,1300,4,2340
2016-07-27,1.8,1.8,1.7,1.75,1000,4,1750
2016-07-28,1.75,1.75,1.75,1.75,1600,3,2800
2016-08-01,1.83,2.0,1.83,2.0,8400,11,15900
2016-08-02,2.1,2.1,1.9,1.9,1200,9,2407
2016-08-03,2.0,2.1,2.0,2.1,2100,6,4320
2016-08-04,2.1,2.25,2.1,2.25,2200,5,4648
2016-08-05,2.35,2.53,2.25,2.53,7300,11,17878
2016-08-08,2.65,2.89,2.65,2.89,400,3,1089
2016-08-09,2.51,2.51,2.51,2.51,100,1,251
2016-08-10,2.08,2.08,2.08,2.08,100,1,208
2016-08-11,2.39,2.39,2.39,2.39,100,1,239
2016-08-12,2.2,2.2,2.2,2.2,1100,2,2420
2016-08-16,2.11,2.11,2.0,2.0,400,4,832
2016-08-18,2.01,2.01,2.01,2.01,100,1,201
2016-08-19,1.84,2.3,1.84,2.1,3400,8,6690
2016-08-22,2.14,2.14,2.14,2.14,400,3,856
2016-08-23,2.14,2.14,2.14,2.14,500,3,1070
2016-08-24,2.17,2.17,2.17,2.17,200,1,434
2016-08-25,2.41,2.41,2.35,2.41,800,4,1916
2016-08-26,2.2,2.2,2.2,2.2,600,2,1320
2016-08-30,2.17,2.17,2.17,2.17,500,1,1085
2016-09-09,1.78,1.8,1.78,1.8,1100,7,1966
2016-09-13,1.81,1.81,1.81,1.81,500,1,905
2016-09-22,1.95,2.34,1.95,2.34,2100,8,4638
2016-09-23,2.35,2.35,2.35,2.35,100,1,235
2016-10-04,2.3,2.3,2.3,2.3,100,1,230
2016-10-10,2.25,2.25,2.25,2.25,700,3,1575
2016-10-24,2.02,2.43,2.02,2.08,3800,15,7950
2016-10-26,2.08,2.19,2.08,2.19,4200,7,8758
2016-11-09,2.2,2.2,2.2,2.2,500,4,1100
2016-11-18,2.0,2.0,2.0,2.0,1700,1,3400
2016-11-21,1.97,2.19,1.97,2.19,1200,4,2586
2016-11-22,2.19,2.19,2.19,2.19,100,1,219
2016-12-14,1.61,1.61,1.52,1.52,800,4,1279
2016-12-23,1.54,1.54,1.54,1.54,100,1,154
2016-12-29,1.52,1.52,1.52,1.52,300,2,456
2017-01-03,1.96,1.96,1.96,1.96,100,1,196
2017-01-04,2.05,2.05,2.05,2.05,2600,4,5330
2017-01-09,2.05,2.05,2.05,2.05,100,1,205
2017-01-18,2.05,2.05,2.05,2.05,200,1,410
2017-01-20,2.05,2.3,2.05,2.05,4300,10,8840
2017-01-23,2.22,2.22,2.22,2.22,100,1,222
2017-01-26,2.0,2.09,2.0,2.04,2100,10,4252
2017-01-27,2.15,2.28,2.15,2.28,5100,12,11173
2017-01-30,2.35,3.0,2.35,3.0,18500,35,52502
2017-01-31,3.05,3.5,3.05,3.5,800,4,2705
2017-02-01,3.47,3.47,3.45,3.45,3000,4,10406
2017-02-02,3.39,3.39,3.1,3.1,2500,8,8215
2017-02-06,2.5,2.5,2.5,2.5,800,2,2000
2017-02-07,2.22,2.22,2.22,2.22,100,1,222
2017-02-08,2.22,2.22,2.22,2.22,1100,2,2442
2017-02-09,2.25,2.3,2.21,2.21,2900,9,6481
2017-02-10,2.3,2.3,2.3,2.3,300,1,690
2017-02-13,2.3,2.5,2.3,2.5,400,4,960
2017-02-14,2.3,2.31,2.21,2.23,2900,7,6614
2017-02-15,2.24,2.24,2.21,2.21,200,2,445
2017-02-16,2.25,2.25,2.25,2.25,600,2,1350
2017-02-17,2.39,2.79,2.39,2.5,3600,5,8694
2017-02-22,2.0,2.47,2.0,2.47,13400,22,27774
2017-03-06,2.16,2.16,2.16,2.16,100,1,216
2017-03-07,2.21,2.21,2.17,2.19,4300,9,9380
2017-03-08,2.19,2.19,2.17,2.17,2100,5,4565
2017-03-31,2.25,2.25,2.25,2.25,500,1,1125
2017-04-03,2.2,2.2,2.2,2.2,5000,2,11000
2017-04-13,2.1,2.1,2.1,2.1,3000,2,6300
2017-04-18,2.02,2.02,2.02,2.02,100,1,202
2017-04-19,2.1,2.1,2.1,2.1,800,1,1680
2017-04-20,2.1,2.1,2.1,2.1,600,1,1260
2017-04-25,2.1,2.1,2.1,2.1,1100,1,2310
2017-04-26,2.1,2.1,2.1,2.1,100,1,210
2017-04-27,2.1,2.1,2.1,2.1,100,1,210
2017-05-02,2.1,2.1,2.06,2.06,500,2,1042
2017-05-03,2.25,2.25,2.25,2.25,3000,1,6750
2017-05-04,2.25,2.25,2.25,2.25,200,1,450
2017-05-16,2.25,2.25,2.25,2.25,2000,5,4500
2017-05-17,2.25,2.9,2.25,2.76,3500,10,8458
2017-05-18,2.63,2.63,2.63,2.63,100,1,263
2017-05-25,2.64,2.64,2.64,2.64,900,4,2376
2017-05-26,2.8,3.27,2.8,3.27,8600,19,27584
2017-05-29,3.3,3.31,3.3,3.3,1500,5,4955
2017-05-30,3.98,4.5,3.53,3.53,34800,46,154365
2017-05-31,3.52,4.05,3.51,3.96,13000,15,51745
2017-06-01,3.15,3.15,2.97,2.97,3100,14,9466
2017-06-02,3.07,3.07,3.0,3.0,1900,9,5722
2017-06-05,2.61,2.61,2.61,2.61,200,2,522
2017-06-08,2.57,2.71,2.55,2.67,72800,79,190117
2017-06-09,2.7,2.74,2.5,2.5,1000,7,2553
2017-06-12,2.65,2.75,2.65,2.7,1500,8,4095
2017-06-13,2.9,2.9,2.7,2.7,2900,7,8070
2017-06-14,3.15,3.96,3.14,3.4,85000,196,308898
2017-06-16,3.25,3.59,3.21,3.39,22900,48,76924
2017-06-19,3.23,3.45,3.03,3.19,10700,33,33385
2017-06-20,3.1,3.1,3.02,3.02,3600,11,11010
2017-06-21,3.02,3.07,2.75,2.75,6000,9,16868
2017-06-22,3.08,3.41,2.99,3.0,12100,29,36547
2017-06-23,3.29,3.29,3.0,3.0,2000,12,6261
2017-06-26,3.1,3.1,2.78,3.01,2600,8,7359
2017-06-27,3.1,3.1,2.8,2.95,3900,11,11011
2017-06-28,2.79,2.9,2.6,2.62,20400,34,53498
2017-06-29,2.93,2.93,2.62,2.62,6400,12,17374
2017-07-03,2.63,2.63,2.63,2.63,1500,4,3945
2017-07-04,2.79,2.79,2.79,2.79,1500,7,4185
2017-07-07,3.0,3.0,3.0,3.0,100,1,300
2017-07-10,3.1,3.1,3.1,3.1,100,1,310
2017-07-12,2.73,2.8,2.7,2.74,5900,18,16193
2017-07-13,2.97,2.97,2.97,2.97,300,2,891
2017-07-18,2.83,2.84,2.83,2.84,3800,9,10757
2017-07-19,2.84,2.84,2.84,2.84,400,2,1136
2017-07-21,2.73,2.73,2.73,2.73,1400,2,3822
2017-07-25,2.75,2.97,2.75,2.79,300,3,851
2017-07-27,2.75,2.84,2.75,2.8,4200,12,11727
2017-07-28,2.8,2.9,2.8,2.9,2400,5,6730
2017-07-31,3.55,3.55,3.01,3.01,41400,66,140211
2017-08-01,3.02,3.15,2.82,2.83,5500,21,15684
2017-08-02,2.99,3.0,2.95,2.95,1400,7,4143
2017-08-03,2.87,2.87,2.87,2.87,700,1,2009
2017-08-04,2.8,2.83,2.76,2.76,3100,9,8629
2017-08-07,2.77,2.77,2.76,2.77,3400,9,9393
2017-08-08,2.79,2.79,2.78,2.78,1400,3,3893
2017-08-09,2.87,2.92,2.87,2.87,1100,6,3162
2017-08-10,2.88,2.88,2.88,2.88,100,1,288
2017-08-11,2.98,2.98,2.85,2.85,600,3,1723
2017-08-16,2.85,3.13,2.85,2.98,7000,30,20200
2017-08-17,2.76,3.08,2.76,2.9,2400,11,6774
2017-08-21,2.73,2.77,2.7,2.77,1700,11,4654
2017-08-22,2.72,2.72,2.72,2.72,400,2,1088
2017-08-23,2.72,2.72,2.72,2.72,100,1,272
2017-08-28,2.73,2.73,2.72,2.72,200,2,545
2017-08-30,2.75,2.75,2.75,2.75,100,1,275
2017-08-31,2.76,2.8,2.74,2.74,1100,8,3032
2017-09-01,2.7,2.7,2.7,2.7,3600,6,9720
2017-09-04,2.7,2.7,2.7,2.7,400,1,1080
2017-09-12,2.7,2.7,2.7,2.7,1100,1,2970
2017-09-14,3.0,3.0,2.71,2.71,1100,3,3010
2017-09-15,2.61,2.61,2.55,2.55,2800,4,7196
2017-09-18,2.98,2.98,2.95,2.95,200,2,593
2017-09-21,2.55,2.56,2.55,2.55,600,3,1531
2017-09-22,2.56,2.56,2.56,2.56,500,1,1280
2017-09-25,2.56,2.57,2.56,2.57,3900,4,10021
2017-09-29,2.59,2.59,2.57,2.57,700,4,1803
2017-10-03,2.56,2.56,2.55,2.55,400,2,1022
2017-10-04,2.55,2.55,2.55,2.55,400,1,1020
2017-10-05,2.8,2.97,2.8,2.8,2800,13,7934
2017-10-06,2.85,2.85,2.75,2.75,400,4,1110
2017-10-09,2.7,2.7,2.7,2.7,400,2,1080
2017-10-10,2.62,2.64,2.62,2.64,1800,10,4734
2017-10-11,2.6,2.6,2.6,2.6,3600,3,9360
2017-10-13,2.6,2.6,2.5,2.5,2100,7,5335
2017-10-17,2.65,2.65,2.65,2.65,200,1,530
2017-10-18,2.75,2.75,2.75,2.75,500,2,1375
2017-10-19,2.98,2.98,2.98,2.98,100,1,298
2017-10-24,2.66,2.87,2.66,2.67,300,3,820
2017-10-27,2.67,2.67,2.67,2.67,600,2,1602
2017-11-08,2.7,2.7,2.7,2.7,300,3,810
2017-11-21,2.65,2.65,2.65,2.65,300,1,795
2017-11-22,2.6,2.6,2.6,2.6,500,1,1300
2017-11-24,2.89,2.89,2.89,2.89,16000,2,46240
2017-11-28,2.6,2.6,2.6,2.6,500,2,1300
2017-11-29,2.75,2.75,2.75,2.75,300,1,825
2017-11-30,2.7,2.7,2.7,2.7,500,1,1350
2017-12-01,2.75,2.75,2.56,2.56,800,2,2143
2017-12-06,2.56,2.56,2.56,2.56,100,1,256
2017-12-13,2.5,2.5,2.5,2.5,100,1,250
2017-12-18,2.72,2.72,2.72,2.72,500,1,1360
2017-12-21,2.66,2.91,2.66,2.91,11100,3,32056
2017-12-22,3.0,3.0,3.0,3.0,400,1,1200
2017-12-26,2.7,2.7,2.68,2.68,800,5,2154
2017-12-28,2.69,2.69,2.67,2.67,1700,3,4559
2018-01-02,2.65,2.65,2.65,2.65,1600,3,4240
2018-01-03,2.66,2.66,2.66,2.66,100,1,266
2018-01-04,2.75,2.92,2.75,2.92,1500,3,4210
2018-01-05,3.1,3.1,3.1,3.1,600,3,1860
2018-01-08,2.92,3.05,2.92,3.05,1000,2,2933
2018-01-09,2.92,2.92,2.92,2.92,500,1,1460
2018-01-10,2.91,2.91,2.91,2.91,200,2,582
2018-01-11,2.92,3.05,2.92,3.05,1100,4,3290
2018-01-12,3.04,3.04,2.86,2.92,500,5,1474
2018-01-15,2.81,2.81,2.81,2.81,100,1,281
2018-01-16,2.81,2.81,2.81,2.81,100,1,281
2018-01-29,3.0,3.0,3.0,3.0,400,3,1200
2018-02-01,2.72,2.72,2.72,2.72,800,4,2176
2018-02-05,2.96,2.96,2.96,2.96,200,2,592
2018-02-07,2.75,2.95,2.75,2.76,2200,7,6081
2018-02-09,3.26,3.26,3.26,3.26,100,1,326
2018-02-14,3.26,3.26,3.26,3.26,100,1,326
2018-02-19,3.0,3.0,2.74,2.74,2400,5,7148
2018-02-20,3.1,3.13,3.1,3.11,1300,4,4050
2018-02-22,3.11,3.11,3.11,3.11,200,2,622
2018-02-23,3.11,3.11,3.11,3.11,200,2,622
2018-02-26,3.0,3.0,3.0,3.0,2000,2,6000
2018-02-27,3.0,3.0,3.0,3.0,3200,2,9600
2018-02-28,2.76,3.14,2.76,3.14,200,2,590
2018-03-01,3.14,3.14,3.14,3.14,100,1,314
2018-03-09,3.07,3.07,3.07,3.07,300,2,921
2018-03-12,3.06,3.09,3.06,3.09,1000,3,3081
2018-03-26,2.51,2.51,2.51,2.51,100,1,251
2018-03-28,2.97,2.97,2.51,2.51,400,4,1140
2018-03-29,2.53,2.53,2.5,2.5,300,3,755
2018-04-02,2.86,2.95,2.86,2.9,5300,8,15616
2018-04-04,3.0,3.07,3.0,3.07,2400,6,7262
2018-04-05,3.1,3.47,3.1,3.47,4000,6,12469
2018-04-06,3.45,3.45,3.13,3.37,3300,15,10741
2018-04-13,3.3,3.3,3.3,3.3,100,1,330
2018-04-20,3.22,3.29,3.22,3.29,2300,4,7455
2018-04-23,3.2,3.2,3.2,3.2,200,1,640
2018-04-26,3.32,4.15,3.32,4.15,4600,10,15771
2018-04-30,3.99,4.1,3.99,4.1,2300,4,9188
2018-05-04,3.82,3.82,3.82,3.82,100,1,382
2018-05-09,3.76,3.82,3.75,3.75,400,3,1515
2018-05-14,3.16,3.16,3.16,3.16,600,4,1896
2018-05-16,2.89,2.89,2.83,2.83,3200,9,9226
2018-05-17,3.2,3.2,3.2,3.2,100,1,320
2018-05-18,3.39,3.39,3.39,3.39,100,1,339
2018-05-22,3.04,3.1,3.04,3.1,11600,5,35600
2018-05-24,3.1,3.1,3.1,3.1,100,1,310
2018-05-29,2.85,2.85,2.85,2.85,100,1,285
2018-06-05,2.8,2.8,2.8,2.8,400,2,1120
2018-06-06,2.41,2.41,2.4,2.4,4000,6,9620
2018-07-16,2.6,3.18,2.6,2.75,12100,32,33684
2018-07-17,2.8,2.9,2.8,2.9,1000,2,2850
2018-07-18,2.99,2.99,2.99,2.99,100,1,299
2018-07-20,2.97,2.97,2.8,2.8,500,3,1433
2018-07-24,2.7,2.7,2.4,2.4,600,4,1480
2018-07-27,2.7,2.7,2.69,2.69,200,2,539
2018-07-30,2.89,3.0,2.89,3.0,900,4,2689
2018-08-03,2.67,3.0,2.67,3.0,600,6,1767
2018-08-06,3.32,3.32,3.32,3.32,400,2,1328
2018-08-10,3.19,3.38,3.19,3.38,700,4,2329
2018-08-24,2.92,2.92,2.8,2.8,600,5,1740
2018-08-27,2.7,2.7,2.7,2.7,100,1,270
2018-08-29,2.9,3.25,2.9,3.25,700,6,2133
2018-08-30,3.22,3.22,3.2,3.2,200,2,642
2018-09-04,3.0,3.0,3.0,3.0,100,1,300
2018-09-21,2.67,2.67,2.67,2.67,100,1,267
2018-09-25,2.51,2.51,2.47,2.47,700,3,1745
2018-09-26,2.5,2.5,2.5,2.5,100,1,250
2018-10-03,2.94,2.94,2.94,2.94,300,1,882
2018-10-04,2.99,2.99,2.99,2.99,900,4,2691
2018-10-08,3.5,3.5,3.41,3.41,700,3,2414
2018-10-10,2.94,3.01,2.94,3.01,1700,8,5097
2018-10-11,3.0,3.0,2.97,2.97,800,5,2387
2018-10-16,2.8,2.8,2.8,2.8,1800,5,5040
2018-10-17,2.7,3.0,2.66,3.0,1400,12,3934
2018-10-24,3.1,3.27,3.1,3.27,2700,8,8644
2018-10-25,3.3,3.3,3.09,3.2,13700,20,43765
2018-10-26,3.32,3.32,3.32,3.32,100,1,332
2018-10-31,3.0,3.0,2.75,2.99,8100,12,23007
2018-11-01,2.99,2.99,2.99,2.99,500,1,1495
2018-11-05,3.19,3.19,3.19,3.19,300,1,957
2018-11-06,3.02,3.02,3.02,3.02,500,1,1510
2018-11-07,2.95,2.95,2.95,2.95,200,1,590
2018-11-16,2.85,2.85,2.85,2.85,100,1,285
2018-11-22,2.8,2.8,2.8,2.8,100,1,280
2018-11-27,2.65,2.7,2.65,2.7,600,2,1615
2018-11-28,2.65,2.65,2.65,2.65,1500,1,3975
2018-11-30,2.8,3.0,2.8,3.0,1800,2,5140
2018-12-03,2.75,2.76,2.75,2.75,6100,17,16777
2018-12-04,2.7,2.7,2.7,2.7,1000,1,2700
2018-12-07,2.7,2.7,2.65,2.65,1900,3,5110
2018-12-10,2.61,2.65,2.61,2.65,2000,2,5260
2018-12-12,2.98,2.98,2.98,2.98,100,1,298
2018-12-26,2.97,2.97,2.97,2.97,1000,1,2970
2018-12-27,2.96,2.96,2.96,2.96,200,1,592
2019-01-02,2.95,3.1,2.95,3.1,5100,10,15210
2019-01-03,3.09,3.09,3.09,3.09,900,2,2781
2019-01-04,3.05,3.05,3.05,3.05,2600,3,7930
2019-01-08,2.7,2.99,2.7,2.81,2900,12,8241
2019-01-09,2.8,2.81,2.8,2.81,2200,2,6180
2019-01-10,3.03,3.05,2.91,3.05,9100,7,26699
2019-01-11,2.96,3.12,2.91,3.12,12900,11,38136
2019-01-14,3.3,3.65,3.3,3.42,5000,15,17297
2019-01-15,3.21,3.86,3.21,3.86,6200,22,22623
2019-01-16,4.09,4.3,4.02,4.3,10500,32,43736
2019-01-17,4.57,4.9,4.57,4.89,4700,23,22626
2019-01-18,4.8,4.8,4.5,4.52,500,4,2342
2019-01-21,4.6,5.0,4.5,4.95,17300,37,83321
2019-01-22,5.25,5.25,5.0,5.0,12000,22,61096
2019-01-23,5.2,5.2,5.0,5.0,10000,13,50021
2019-01-24,5.29,5.29,4.98,4.99,6600,9,33112
2019-01-29,4.8,4.8,4.59,4.59,3900,4,18657
2019-01-30,4.02,4.02,3.7,3.87,3000,20,11604
2019-01-31,4.0,4.0,3.8,4.0,4900,10,18925
2019-02-01,3.8,3.85,3.8,3.82,3700,9,14082
2019-02-05,4.1,4.11,4.1,4.1,900,5,3692
2019-02-13,4.09,4.09,4.0,4.0,900,4,3645
2019-02-14,4.08,4.08,4.0,4.07,600,4,2438
2019-02-15,3.99,3.99,3.99,3.99,400,1,1596
2019-02-18,4.0,4.0,3.75,3.75,300,3,1152
2019-02-19,3.75,3.75,3.75,3.75,300,1,1125
2019-02-21,3.7,3.7,3.7,3.7,300,2,1110
2019-02-25,4.07,4.07,4.05,4.05,4500,5,18305
2019-02-26,4.05,4.05,4.05,4.05,100,1,405
2019-02-27,4.1,4.1,4.1,4.1,1000,5,4100
2019-02-28,4.1,4.1,4.09,4.09,400,2,1637
2019-03-06,4.1,4.1,4.1,4.1,300,1,1230
2019-03-08,3.8,4.0,3.8,4.0,3700,12,14242
2019-03-11,4.1,4.1,4.1,4.1,1700,6,6970
2019-03-12,4.1,4.1,3.85,4.1,300,3,1205
2019-03-13,4.2,4.23,4.2,4.23,1100,3,4623
2019-03-14,4.22,4.26,4.22,4.26,900,4,3802
2019-03-15,4.5,4.51,4.5,4.51,300,3,1352
2019-03-18,4.51,4.6,4.51,4.6,700,3,3166
2019-03-19,4.6,4.6,4.6,4.6,100,1,460
2019-03-29,3.8,4.1,3.8,4.1,700,4,2780
2019-04-02,4.0,4.0,4.0,4.0,200,1,800
2019-04-04,4.0,4.0,4.0,4.0,500,1,2000
2019-04-05,4.2,4.2,4.2,4.2,8200,6,34440
2019-04-08,4.6,4.6,4.54,4.54,2400,5,10945
2019-04-15,4.6,4.6,4.6,4.6,22200,4,102120
2019-04-23,4.7,4.7,4.7,4.7,300,1,1410
2019-04-25,4.69,5.0,4.69,5.0,1500,3,7166
2019-04-30,4.99,5.0,4.99,5.0,300,2,1499
2019-05-02,5.0,5.0,5.0,5.0,200,1,1000
2019-05-03,4.99,4.99,4.99,4.99,100,1,499
2019-05-09,4.99,4.99,4.99,4.99,100,1,499
2019-05-10,4.98,4.98,4.98,4.98,20000,2,99600
2019-05-13,5.0,5.0,5.0,5.0,300,1,1500
2019-05-22,5.0,5.0,5.0,5.0,200,2,1000
2019-06-13,4.5,4.5,4.5,4.5,100,1,450
2019-06-24,4.03,4.03,4.02,4.02,4500,9,18134
2019-06-26,4.02,4.02,4.02,4.02,100,1,402
2019-07-03,4.02,4.02,4.02,4.02,100,1,402
2019-07-05,3.64,3.65,3.64,3.65,21100,4,76815
2019-07-08,3.11,4.02,3.11,4.02,800,7,2979
2019-07-10,3.86,4.38,3.86,4.38,6800,10,27305
2019-07-11,4.35,4.35,4.35,4.35,2000,3,8700
2019-07-15,4.24,4.35,4.24,4.35,2000,4,8649
2019-07-17,3.8,3.8,3.8,3.8,100,1,380
2019-07-18,3.83,3.83,3.83,3.83,1000,1,3830
2019-07-19,3.84,3.84,3.84,3.84,600,2,2304
2019-07-24,3.99,3.99,3.99,3.99,300,1,1197
2019-07-26,4.12,4.12,4.0,4.05,7100,7,29100
2019-07-29,4.3,4.3,4.3,4.3,5000,4,21500
2019-07-30,4.31,4.9,4.3,4.9,22500,31,97796
2019-07-31,4.89,5.0,4.8,5.0,18700,37,92992
2019-08-01,5.5,6.05,5.01,5.29,34500,40,196878
2019-08-02,5.1,5.3,5.0,5.0,3400,16,17541
2019-08-05,5.0,5.0,5.0,5.0,700,3,3500
2019-08-09,4.7,5.0,4.6,5.0,3400,9,15956
2019-08-12,4.99,4.99,4.99,4.99,300,2,1497
2019-08-13,4.5,4.8,4.5,4.8,1900,5,9090
2019-08-14,5.17,5.17,5.17,5.17,900,1,4653
2019-08-19,5.1,5.1,5.1,5.1,400,3,2040
2019-08-20,4.78,4.78,4.78,4.78,100,1,478
2019-08-21,4.3,5.5,4.3,5.49,9100,32,45771
2019-08-22,5.49,5.5,5.49,5.5,200,2,1099
2019-08-23,5.5,5.5,5.5,5.5,200,1,1100
2019-08-26,5.5,5.5,5.0,5.0,400,4,2065
2019-08-27,5.0,5.45,5.0,5.45,1600,8,8346
2019-08-28,5.45,6.0,5.45,6.0,6400,11,36270
2019-08-29,6.15,7.33,6.15,7.33,6200,31,42479
2019-08-30,7.5,7.5,7.5,7.5,200,2,1500
2019-09-02,7.5,7.5,7.5,7.5,200,2,1500
2019-09-03,6.4,6.52,5.94,5.94,5700,21,34613
2019-09-04,6.0,6.12,5.95,6.11,16300,17,98040
2019-09-06,6.2,6.2,5.9,5.9,200,2,1210
2019-09-09,6.15,6.15,6.15,6.15,200,2,1230
2019-09-10,6.0,6.0,6.0,6.0,100,1,600
2019-09-11,5.97,5.97,5.97,5.97,100,1,597
2019-09-12,5.95,5.95,5.5,5.69,3300,11,19233
2019-09-16,5.5,5.5,5.5,5.5,600,3,3300
2019-09-17,5.5,5.5,4.88,4.9,10400,29,51610
2019-09-18,4.95,7.7,4.95,7.29,187700,537,1284672
2019-09-19,6.59,6.59,5.5,5.55,72900,262,425978
2019-09-20,5.95,5.95,5.0,5.0,50400,155,261371
2019-09-23,5.21,5.21,4.96,5.0,11100,49,55931
2019-09-24,4.84,5.19,4.83,4.96,7000,24,35030
2019-09-25,5.19,5.54,4.9,5.09,34200,92,176835
2019-09-26,5.07,5.19,4.95,5.19,30400,30,153917
2019-09-27,5.19,5.19,4.75,4.75,7500,39,37126
2019-09-30,4.98,5.13,4.8,4.8,5100,22,25599
2019-10-01,4.91,5.1,4.82,4.82,8100,37,40285
2019-10-02,4.99,5.0,4.55,4.7,17900,45,84994
2019-10-03,4.65,4.9,4.65,4.9,800,4,3805
2019-10-04,4.94,4.94,4.9,4.9,700,4,3454
2019-10-07,4.7,4.8,4.6,4.6,2900,11,13528
2019-10-08,4.9,4.9,4.63,4.65,1000,8,4702
2019-10-09,4.63,4.8,4.61,4.8,2100,8,9807
2019-10-10,4.89,5.0,4.65,4.94,5100,22,24976
2019-10-11,4.99,5.0,4.95,4.95,1300,5,6464
2019-10-14,4.9,4.9,4.68,4.8,1700,6,8256
2019-10-16,4.99,4.99,4.7,4.89,1400,6,6676
2019-10-17,4.85,4.88,4.67,4.88,1100,7,5274
2019-10-18,4.67,4.82,4.67,4.82,2500,13,11880
2019-10-21,4.7,4.77,4.69,4.69,8500,26,40134
2019-10-22,4.95,4.97,4.76,4.78,3600,21,17430
2019-10-23,4.8,5.0,4.72,4.99,8900,25,42956
2019-10-24,4.94,4.96,4.8,4.95,800,4,3885
2019-10-25,4.71,4.75,4.71,4.71,3600,12,17005
2019-10-28,4.87,4.88,4.5,4.86,2600,17,12249
2019-10-29,4.54,4.83,4.54,4.81,2600,11,11920
2019-10-30,4.61,4.75,4.4,4.67,16300,38,74693
2019-10-31,4.69,4.83,4.35,4.66,4800,29,22337
2019-11-01,4.89,4.89,4.7,4.7,1200,6,5765
2019-11-04,4.61,4.89,4.61,4.79,8500,16,40026
2019-11-05,4.8,4.8,4.8,4.8,400,2,1920
2019-11-06,4.85,4.9,4.84,4.9,3800,7,18439
2019-11-11,4.86,4.86,4.75,4.8,700,5,3374
2019-11-12,4.57,4.6,4.57,4.59,2500,10,11484
2019-11-13,4.78,4.81,4.75,4.8,900,6,4294
2019-11-14,4.82,5.2,4.71,4.73,56900,68,284531
2019-11-18,5.12,5.15,4.75,5.1,1500,11,7505
2019-11-19,4.9,5.0,4.9,5.0,5200,5,25490
2019-11-21,4.99,5.59,4.93,5.55,37100,55,196794
2019-11-22,5.54,5.63,5.03,5.6,7900,24,44035
2019-11-25,5.55,5.55,5.5,5.5,600,3,3305
2019-11-26,5.38,5.38,5.38,5.38,100,1,538
2019-11-27,5.13,5.2,5.13,5.2,2800,8,14465
2019-11-28,5.44,5.49,5.44,5.49,400,4,2186
2019-11-29,5.48,5.48,5.48,5.48,200,1,1096
2019-12-02,5.3,5.34,5.3,5.34,300,2,1594
2019-12-03,5.4,5.4,5.38,5.38,600,3,3238
2019-12-04,5.2,5.2,5.2,5.2,400,3,2080
2019-12-05,5.21,5.58,5.2,5.58,1800,6,9536
2019-12-06,5.56,5.56,5.22,5.22,1600,10,8801
2019-12-09,5.57,5.57,5.54,5.54,800,6,4445
2019-12-10,5.53,5.53,5.5,5.53,500,3,2759
2019-12-11,5.52,5.53,5.48,5.48,1300,10,7158
2019-12-12,5.59,5.6,5.59,5.6,400,3,2238
2019-12-13,5.59,5.6,5.59,5.6,700,5,3917
2019-12-16,5.59,5.59,5.35,5.59,900,6,4959
2019-12-17,5.46,5.6,5.35,5.6,600,4,3258
2019-12-18,5.61,5.63,5.6,5.63,5300,11,29783
2019-12-19,5.61,6.7,5.61,5.7,11800,33,68693
2019-12-20,5.7,5.7,5.7,5.7,1200,3,6840
2019-12-23,5.9,5.9,5.9,5.9,1800,5,10620
2019-12-26,5.88,5.9,5.88,5.9,200,2,1178
2019-12-27,6.49,6.49,6.01,6.01,1200,6,7692
2019-12-30,6.01,6.27,6.01,6.2,600,5,3670
2020-01-02,6.27,6.27,6.15,6.26,1000,5,6184
2020-01-06,6.25,6.25,5.3,6.2,600,4,3629
2020-01-07,6.19,6.25,6.19,6.2,400,3,2489
2020-01-08,6.2,6.2,5.35,6.19,1400,12,8491
2020-01-09,6.15,6.15,6.15,6.15,100,1,615
2020-01-10,6.0,6.0,5.9,5.9,300,3,1780
2020-01-13,6.0,6.0,6.0,6.0,700,4,4200
2020-01-16,5.97,6.12,5.9,6.12,39300,13,232742
2020-01-17,6.1,6.78,5.95,6.55,5700,24,35215
2020-01-20,6.79,6.9,6.79,6.85,2400,9,16326
2020-01-21,6.95,7.0,6.95,7.0,1600,6,11130
2020-01-22,6.57,7.0,6.57,7.0,500,5,3413
2020-01-23,7.0,7.0,7.0,7.0,100,1,700
2020-01-28,6.11,6.61,5.9,6.0,17000,68,103084
2020-01-29,6.0,6.05,5.5,5.5,5600,29,31169
2020-01-30,5.45,5.45,5.45,5.45,100,1,545
2020-01-31,5.2,5.4,5.02,5.02,4600,16,23750
2020-02-03,5.37,5.37,5.0,5.1,8300,13,42313
2020-02-04,5.1,5.2,5.0,5.2,2500,11,12547
2020-02-05,5.2,5.49,5.2,5.49,800,4,4255
2020-02-06,5.4,5.4,4.96,5.0,17500,36,87680
2020-02-07,5.0,5.0,5.0,5.0,2500,4,12500
2020-02-10,4.87,4.87,4.87,4.87,200,2,974
2020-02-11,5.0,5.09,4.87,4.87,400,3,1996
2020-02-12,5.05,5.05,4.6,4.6,9700,31,46067
2020-02-14,4.99,4.99,4.99,4.99,200,1,998
2020-02-19,4.58,4.84,4.58,4.8,1900,11,9060
2020-02-20,4.78,4.78,4.78,4.78,1000,3,4780
2020-02-21,4.53,4.7,4.53,4.6,1900,8,8752
2020-02-26,4.5,4.5,4.5,4.5,1000,2,4500
2020-02-28,4.08,4.08,4.08,4.08,600,4,2448
2020-03-02,4.1,4.1,4.1,4.1,200,2,820
2020-03-03,4.11,4.2,4.0,4.0,4900,13,20023
2020-03-04,4.0,4.0,3.96,3.96,1000,4,3976
2020-03-05,4.0,4.0,4.0,4.0,3000,11,12000
2020-03-12,3.98,3.98,3.95,3.95,26100,3,103875
2020-03-13,3.79,3.79,3.78,3.78,600,5,2270
2020-03-18,3.3,3.3,2.67,3.1,3700,8,11858
2020-04-14,2.87,2.87,2.87,2.87,200,2,574
2020-04-15,3.1,3.1,2.87,2.9,7900,9,23157
2020-04-16,2.91,2.91,2.9,2.9,2200,4,6381
2020-04-17,2.93,2.93,2.92,2.92,1200,2,3505
2020-04-20,2.8,2.92,2.8,2.92,4100,4,11720
2020-04-22,2.9,2.92,2.81,2.81,2500,8,7219
2020-04-23,2.92,3.48,2.86,3.1,3300,18,10077
2020-04-27,2.56,3.2,2.56,2.97,13000,44,37731
2020-04-28,2.98,2.98,2.81,2.81,3300,15,9755
2020-04-29,2.85,2.89,2.81,2.82,2900,9,8211
2020-04-30,2.95,2.95,2.9,2.93,500,5,1458
2020-05-04,2.61,2.95,2.61,2.9,2100,8,6146
2020-05-05,2.9,3.0,2.9,2.9,900,6,2648
2020-05-06,2.9,2.9,2.9,2.9,100,1,290
2020-05-07,2.8,2.8,2.8,2.8,26100,4,73080
2020-05-08,2.8,2.8,2.5,2.78,3500,16,8993
2020-05-11,2.52,2.75,2.52,2.52,3500,13,9146
2020-05-12,2.52,2.52,2.52,2.52,200,1,504
2020-05-13,2.5,2.5,2.4,2.4,3400,6,8376
2020-05-19,2.69,3.5,2.69,3.39,40600,164,132197
2020-05-20,4.13,4.2,3.5,3.5,80100,170,302998
2020-05-21,3.51,3.58,3.27,3.47,14100,59,47910
2020-05-22,3.51,4.18,3.4,3.4,46100,167,179273
2020-05-25,3.87,3.91,3.35,3.38,47400,146,165977
2020-05-26,3.6,3.6,3.35,3.35,13100,35,45562
2020-05-27,3.45,3.45,3.25,3.25,13000,28,42882
2020-05-28,3.25,3.3,3.0,3.29,5500,30,17891
2020-05-29,3.33,3.33,3.26,3.26,5600,15,18451
2020-06-01,3.0,3.24,3.0,3.2,11800,53,36289
2020-06-02,3.2,3.34,3.11,3.12,20300,49,64898
2020-06-03,3.2,3.2,3.0,3.1,15300,51,47266
2020-06-04,3.2,3.2,2.9,3.11,18700,57,57235
2020-06-05,3.25,3.3,3.12,3.15,14900,39,47815
2020-06-08,3.17,3.29,3.0,3.11,6700,26,21407
2020-06-09,3.13,3.25,3.13,3.25,5200,16,16587
2020-06-10,3.24,3.24,3.11,3.2,5200,18,16577
2020-06-12,3.02,3.14,3.02,3.14,1300,10,3998
2020-06-15,3.12,3.14,3.03,3.03,3200,18,9979
2020-06-16,3.04,3.05,3.02,3.02,6100,21,18532
2020-06-17,3.19,3.25,3.19,3.2,3500,14,11235
2020-06-18,3.18,3.7,3.12,3.5,33400,96,116155
2020-06-19,3.54,3.78,3.39,3.39,9900,46,35593
2020-06-22,3.5,3.8,3.31,3.37,6900,29,24500
2020-06-23,3.68,3.94,3.35,3.48,27000,101,99494
2020-06-24,3.48,3.48,3.29,3.4,1800,12,6090
2020-06-25,3.39,3.39,3.39,3.39,600,4,2034
2020-06-26,3.69,5.0,3.5,3.84,120600,350,509676
2020-06-29,4.0,5.5,4.0,4.7,223100,766,1119162
2020-06-30,4.69,5.12,4.16,4.25,48800,196,216211
2020-07-01,4.49,4.5,4.16,4.25,12900,74,54521
2020-07-02,4.25,4.33,4.08,4.08,38400,63,158334
2020-07-03,4.13,4.13,3.82,4.08,26100,52,102764
2020-07-06,4.35,4.35,3.94,4.08,10200,50,41041
2020-07-07,4.08,4.08,3.97,4.04,3300,24,13334
2020-07-08,4.1,4.17,4.01,4.15,21400,45,87883
2020-07-09,4.2,4.38,4.05,4.05,9400,36,39962
2020-07-10,3.95,4.15,3.81,4.0,5700,25,23044
2020-07-13,3.99,4.58,3.99,4.07,42000,95,180996
2020-07-14,4.08,4.13,4.08,4.08,3100,12,12703
2020-07-15,3.95,4.7,3.93,4.25,60200,181,266260
2020-07-16,4.9,6.28,4.9,5.34,331300,1178,1876768
2020-07-17,5.69,6.88,5.55,6.2,359000,1367,2241111
2020-07-20,6.19,9.1,5.78,9.1,322000,1160,2612306
2020-07-21,11.8,13.5,10.35,13.5,634300,2456,7474082
2020-07-22,14.72,18.14,10.0,10.0,661400,2779,10017752
2020-07-23,9.0,9.3,7.2,7.42,272900,998,2279304
2020-07-24,7.5,9.33,6.51,9.33,193000,852,1554336
2020-07-27,9.35,9.75,8.2,8.47,96000,453,846872
2020-07-28,8.25,8.98,8.01,8.1,52700,266,443203
2020-07-29,8.1,8.1,7.5,7.52,45200,213,344756
2020-07-30,7.53,7.6,7.1,7.17,17300,92,126806
2020-07-31,7.3,7.4,6.5,6.5,51200,191,342296
2020-08-03,6.56,7.0,6.12,6.3,48300,168,310366
2020-08-04,6.49,6.5,5.85,5.9,31800,129,192306
2020-08-05,5.8,8.01,5.8,8.01,112200,431,829371
2020-08-06,8.55,8.97,7.19,7.6,138200,599,1135339
2020-08-07,7.6,7.6,7.0,7.17,28000,135,201039
2020-08-10,7.18,7.8,6.5,7.04,26700,112,186740
2020-08-11,7.05,7.5,6.96,7.0,26200,136,186830
2020-08-12,7.02,7.2,6.93,6.93,10200,46,71383
2020-08-13,6.96,7.15,6.85,6.85,13700,35,94824
2020-08-14,6.85,7.0,6.8,7.0,10100,55,69127
2020-08-17,7.03,7.15,6.8,6.95,18600,61,130389
2020-08-18,6.73,7.0,6.73,6.93,6400,35,43959
2020-08-19,6.75,6.94,6.75,6.83,6800,31,46330
2020-08-20,6.83,6.94,6.83,6.83,7600,29,52331
2020-08-21,6.97,6.97,6.77,6.94,3600,20,24635
2020-08-24,6.97,7.0,6.7,6.97,14600,53,99565
2020-08-25,6.77,7.71,6.77,7.02,43500,162,314050
2020-08-26,7.48,7.48,6.8,6.91,9100,53,63335
2020-08-27,6.91,7.01,6.81,6.82,4700,30,32244
2020-08-28,7.09,7.09,6.81,6.97,1900,16,13148
2020-08-31,6.81,6.88,6.74,6.8,4400,15,29787
2020-09-01,6.75,6.96,6.75,6.79,11400,56,77863
2020-09-02,6.75,6.93,6.72,6.8,5600,26,38236
2020-09-03,6.75,6.91,6.7,6.72,22400,49,150957
2020-09-04,6.72,6.84,6.64,6.79,6200,16,41427
2020-09-08,6.7,6.88,6.65,6.8,5000,37,33792
2020-09-09,6.84,6.99,6.73,6.87,4400,35,30026
2020-09-10,6.8,6.9,6.7,6.7,3600,16,24299
2020-09-11,6.88,6.99,6.67,6.67,11100,41,74392
2020-09-14,6.7,6.85,6.63,6.63,12900,52,86529
2020-09-15,6.69,6.94,6.25,6.3,46300,133,300011
2020-09-16,6.4,6.79,6.4,6.51,9900,56,65300
2020-09-17,6.35,6.69,6.28,6.43,4300,26,27525
2020-09-18,6.31,6.6,6.24,6.38,2200,11,13910
2020-09-21,6.22,6.4,6.2,6.2,15900,39,98895
2020-09-22,6.23,6.38,6.23,6.25,4100,23,25780
2020-09-23,6.27,6.3,6.11,6.13,9000,25,55796
2020-09-24,6.12,6.22,6.11,6.11,2300,13,14077
2020-09-25,6.12,6.7,6.11,6.15,11800,56,74761
2020-09-28,6.17,6.36,6.15,6.15,1900,15,11810
2020-09-29,6.15,6.16,6.1,6.1,17700,21,108095
2020-09-30,6.11,7.3,6.1,7.2,35900,179,242707
2020-10-01,7.19,7.2,6.56,6.56,22700,97,156635
2020-10-02,6.95,7.0,6.66,6.66,4100,35,27928
2020-10-05,6.67,6.85,6.3,6.4,7200,43,46708
2020-10-06,6.2,6.38,6.2,6.3,10800,38,68025
2020-10-07,6.3,6.5,6.18,6.34,5000,28,31352
2020-10-08,6.16,6.36,6.16,6.34,1600,14,10076
2020-10-09,6.33,6.64,6.24,6.35,5700,24,36487
2020-10-13,6.35,6.53,6.23,6.38,8300,26,52145
2020-10-14,6.4,6.44,6.3,6.37,8400,35,53317
2020-10-15,6.3,6.5,6.27,6.32,6200,25,39760
2020-10-16,6.39,6.82,6.3,6.77,17000,63,112320
2020-10-19,6.79,6.84,6.53,6.7,9600,39,64699
2020-10-20,6.84,6.84,6.22,6.71,12100,47,79080
2020-10-21,6.74,7.18,6.43,6.73,217700,381,1504721
2020-10-22,6.95,7.5,6.46,7.5,364700,406,2505994
2020-10-23,7.82,8.25,7.04,7.05,99600,371,754238
2020-10-26,7.0,7.2,6.61,7.09,17700,75,121818
2020-10-27,7.19,7.19,6.76,6.98,5500,20,37875
2020-10-28,6.67,6.67,6.22,6.43,18000,58,116255
2020-10-29,6.14,6.42,6.05,6.1,52400,95,322588
2020-10-30,6.11,6.22,6.0,6.0,17500,32,106126
2020-11-03,6.45,6.45,5.84,5.84,32600,51,197055
2020-11-04,5.85,6.09,5.84,5.9,11500,47,68510
2020-11-05,5.99,6.36,5.9,5.91,22600,62,136314
2020-11-06,5.94,6.1,5.94,6.08,1700,7,10289
2020-11-09,6.15,6.2,5.86,6.01,22600,63,136008
2020-11-10,6.01,6.06,5.86,6.0,7600,33,45639
2020-11-11,5.96,5.97,5.86,5.93,13600,24,80159
2020-11-12,6.01,6.08,5.9,6.0,8700,25,52250
2020-11-13,6.0,6.3,5.91,6.3,7500,34,45475
2020-11-16,6.29,6.3,5.96,6.0,8800,41,53204
2020-11-17,6.28,6.29,5.83,6.0,4500,25,26982
2020-11-18,6.0,6.07,5.87,6.07,6300,27,37497
2020-11-19,6.1,6.48,6.09,6.24,37000,115,231582
2020-11-20,6.24,6.29,6.06,6.08,1000,7,6119
2020-11-23,6.08,6.2,5.93,6.0,10300,26,62488
2020-11-24,6.23,6.23,5.99,6.15,5400,30,32736
2020-11-25,6.16,6.29,6.02,6.21,14400,57,88696
2020-11-26,6.4,7.0,6.2,6.2,35500,104,230149
2020-11-27,6.5,6.78,6.25,6.47,49700,125,324345
2020-11-30,6.34,6.88,6.17,6.33,44000,141,288564
2020-12-01,6.55,6.6,6.15,6.57,32200,76,207283
2020-12-02,6.55,6.75,6.17,6.7,49000,138,317758
2020-12-03,6.85,7.15,6.8,6.81,86400,302,600323
2020-12-04,6.98,6.99,6.82,6.94,14600,62,100704
2020-12-07,6.85,7.09,6.51,6.9,19900,74,136487
2020-12-08,6.91,7.41,6.86,7.2,21900,92,157577
2020-12-09,7.21,7.35,7.12,7.12,7900,36,57017
2020-12-10,7.2,7.2,6.72,6.87,15100,47,104771
2020-12-11,6.73,6.88,6.6,6.6,11500,49,76568
2020-12-14,6.7,6.85,6.61,6.61,3300,18,22183
2020-12-15,6.51,6.75,6.5,6.65,7900,23,52300
2020-12-16,6.62,6.7,6.52,6.52,2600,20,17175
2020-12-17,6.55,6.87,6.52,6.79,9400,32,62891
2020-12-18,7.14,7.14,6.7,6.7,8200,24,56201
2020-12-21,6.7,6.73,6.25,6.61,4900,28,31958
2020-12-22,6.89,7.08,6.7,6.9,13000,46,89669
2020-12-23,6.9,7.28,6.61,7.18,28900,112,202796
2020-12-28,6.7,6.99,6.62,6.79,14700,67,99716
2020-12-29,6.79,6.98,6.73,6.75,4000,17,27081
2020-12-30,6.75,6.75,6.5,6.5,12600,32,83456
2021-01-04,6.5,6.58,6.05,6.15,24800,88,154921
2021-01-05,6.08,6.15,6.03,6.15,10300,37,62850
2021-01-06,6.22,6.3,6.12,6.12,8000,29,49697
2021-01-07,6.1,6.19,6.04,6.07,4400,25,26899
2021-01-08,6.07,6.55,6.07,6.27,13900,52,88405
2021-01-11,6.17,6.65,6.1,6.59,9100,48,58498
2021-01-12,6.65,7.25,6.65,7.1,56500,194,397034
2021-01-13,7.2,7.2,6.6,6.73,13400,75,92546
2021-01-14,6.63,6.84,6.62,6.66,8100,41,54282
2021-01-15,6.65,7.13,6.64,6.86,20200,74,139717
2021-01-18,7.18,7.18,6.89,7.05,35700,94,252505
2021-01-19,7.08,8.18,7.08,7.35,168600,608,1294999
2021-01-20,7.65,7.65,7.01,7.16,27300,112,195509
2021-01-21,7.36,7.4,6.84,7.4,18600,77,131474
2021-01-22,7.38,7.66,6.86,6.87,48500,125,355670
2021-01-26,6.96,7.04,6.19,6.19,24100,91,159025
2021-01-27,6.19,6.19,6.0,6.05,16400,70,99832
2021-01-28,6.13,6.35,6.07,6.09,13100,51,80912
2021-01-29,6.12,6.6,6.12,6.4,37300,108,237511
2021-02-01,6.3,6.74,6.23,6.74,12200,48,78430
2021-02-02,6.8,7.2,6.75,6.8,30800,93,215167
2021-02-03,7.09,7.1,6.89,6.95,5400,22,37652
2021-02-04,6.87,7.0,6.71,6.71,1400,11,9596
2021-02-05,6.72,7.73,6.52,6.9,49500,197,358359
2021-02-08,7.15,7.15,6.93,7.08,17000,50,119932
2021-02-09,6.92,7.38,6.58,6.67,33600,99,228991
2021-02-10,6.75,6.84,6.43,6.43,7900,38,52281
2021-02-11,6.46,6.56,6.36,6.36,2400,17,15553
2021-02-12,6.28,6.72,6.28,6.45,4300,23,27726
2021-02-17,6.37,6.45,6.29,6.29,4900,25,31380
2021-02-18,6.23,6.4,6.23,6.39,10100,32,63245
2021-02-19,6.22,6.56,6.22,6.3,4800,29,30656
2021-02-22,6.31,6.79,6.17,6.17,6400,30,40330
2021-02-23,6.21,6.31,6.19,6.23,4700,16,29203
2021-02-24,6.16,6.37,6.16,6.37,2200,11,13748
2021-02-25,6.33,7.15,6.25,6.76,56600,203,383995
2021-02-26,6.51,6.7,6.13,6.31,24900,104,157356
2021-03-01,6.35,6.35,5.95,5.95,17900,57,109354
2021-03-02,6.13,6.13,5.86,5.86,1200,10,7170
2021-03-03,5.9,5.9,5.56,5.67,3400,23,19651
2021-03-04,5.66,6.11,5.66,5.99,7300,29,43488
2021-03-05,6.05,6.28,6.0,6.11,2100,17,12803
2021-03-08,6.11,6.4,5.96,6.05,2100,14,12968
2021-03-09,6.38,6.38,6.0,6.07,1600,11,9831
2021-03-10,6.15,6.15,5.96,6.04,2900,12,17660
2021-03-11,6.33,6.33,5.97,6.0,7400,20,44443
2021-03-12,6.05,6.58,6.0,6.1,22700,76,142667
2021-03-15,6.19,6.22,6.02,6.14,15800,30,97365
2021-03-16,6.01,6.07,5.84,6.01,10900,31,64478
2021-03-17,6.01,6.24,5.95,5.95,10300,31,62463
2021-03-18,6.16,6.41,6.0,6.0,42800,140,266674
2021-03-19,6.13,6.3,6.1,6.2,8800,49,54631
2021-03-22,6.18,6.29,6.06,6.07,4200,23,25909
2021-03-23,6.09,6.16,6.07,6.07,1900,9,11649
2021-03-24,6.1,6.1,6.07,6.07,800,5,4871
2021-03-25,6.07,6.16,6.06,6.13,2900,8,17694
2021-03-26,6.11,6.11,6.11,6.11,100,1,611
2021-03-29,6.15,6.22,6.06,6.14,7000,30,43008
2021-03-30,6.09,6.67,6.08,6.34,17700,70,112913
2021-03-31,6.24,6.26,6.12,6.2,6100,19,37833
2021-04-01,6.27,6.33,6.1,6.2,2100,11,12986
2021-04-05,6.1,6.31,6.1,6.28,1600,12,10005
2021-04-06,6.11,6.2,5.85,6.04,14900,59,89758
2021-04-07,5.97,6.1,5.9,6.0,22500,60,134798
2021-04-08,5.94,6.14,5.94,5.96,6000,23,36131
2021-04-09,6.03,6.07,5.9,6.05,8000,35,47904
2021-04-12,6.11,6.3,6.01,6.04,15700,84,96389
2021-04-13,6.07,6.57,5.94,6.21,66300,204,416620
2021-04-14,6.29,6.37,5.94,6.04,30100,90,183657
2021-04-15,6.11,6.11,6.01,6.1,3100,11,18893
2021-04-16,6.03,6.09,5.99,5.99,5100,29,30672
2021-04-19,5.99,6.23,5.97,6.2,11700,50,71971
2021-04-20,6.09,6.4,6.09,6.36,14700,52,92618
2021-04-22,6.55,7.93,6.39,7.2,136800,453,981945
2021-04-23,7.47,7.65,6.79,7.3,40200,129,285989
2021-04-26,7.33,9.85,7.31,9.0,126700,555,1114888
2021-04-27,8.5,9.0,8.25,8.5,25800,139,220179
2021-04-28,8.32,8.6,7.9,8.14,20300,50,167063
2021-04-29,8.33,12.4,8.06,10.79,162700,869,1779406
2021-04-30,10.83,13.5,10.83,12.6,167400,684,2132659
2021-05-03,12.58,14.5,12.58,12.9,72100,315,981392
2021-05-04,13.1,13.1,11.9,12.26,43300,170,535556
2021-05-05,12.3,12.75,11.0,11.11,32900,152,388142
2021-05-06,11.31,12.0,11.13,11.97,26300,129,305583
2021-05-07,12.04,13.3,12.04,12.66,24800,125,318789
2021-05-10,13.0,13.22,12.41,12.99,24900,95,322753
2021-05-11,13.2,13.3,12.4,12.98,10500,52,134712
2021-05-12,12.14,12.98,11.97,12.18,15500,70,192968
2021-05-13,12.06,12.78,10.86,11.99,16900,98,198770
2021-05-14,12.2,12.2,10.91,11.21,16500,78,188621
2021-05-17,11.34,11.59,10.93,11.33,9000,46,102111
2021-05-18,11.25,11.6,10.7,11.13,9800,55,109303
2021-05-19,11.17,11.35,10.8,10.85,3700,27,40707
2021-05-20,11.34,11.79,10.59,11.79,10400,50,116784
2021-05-21,11.6,12.78,11.12,12.61,12400,62,148800
2021-05-24,12.11,12.64,11.83,12.62,9400,47,115498
2021-05-25,12.93,13.8,12.65,13.8,33000,103,435644
2021-05-26,13.65,13.65,13.05,13.57,17600,79,236168
2021-05-27,13.41,14.5,13.41,13.84,32100,104,451266
2021-05-28,13.21,13.89,13.21,13.38,4600,31,62253
2021-05-31,13.11,14.38,13.02,13.98,7500,41,102057
2021-06-01,13.98,14.19,13.15,13.77,8900,41,123608
2021-06-02,14.19,14.96,13.68,13.85,12900,54,182872
2021-06-04,13.94,14.88,13.86,14.6,16500,66,237875
2021-06-07,14.02,17.3,14.02,17.3,41500,187,676720
2021-06-08,17.55,21.5,17.55,20.8,54400,265,1056768
2021-06-09,20.82,23.9,18.1,18.95,70700,372,1502755
2021-06-10,19.03,19.35,16.1,18.52,25000,148,440359
2021-06-11,18.8,22.2,18.2,19.4,26100,161,517919
2021-06-14,19.76,20.38,18.01,18.01,7500,53,141914
2021-06-15,19.03,20.96,18.86,19.0,27000,165,531294
2021-06-16,20.2,20.21,17.4,18.62,21100,87,387378
2021-06-17,18.4,19.0,17.59,18.18,8100,47,148868
2021-06-18,17.01,19.19,17.01,18.8,15400,81,276143
2021-06-21,19.0,20.25,17.81,20.01,11900,72,229888
2021-06-22,20.2,22.0,20.15,22.0,17000,87,363610
2021-06-23,22.25,22.75,20.91,21.07,13700,61,297042
2021-06-24,21.07,22.1,21.07,21.1,4900,27,104312
2021-06-25,21.31,22.57,21.1,21.9,12000,50,263226
2021-06-28,18.71,22.1,18.71,22.09,2900,24,59988
2021-06-29,22.09,22.21,20.0,20.06,4300,27,89401
2021-06-30,21.01,21.01,18.75,19.01,9900,69,194517
2021-07-01,20.0,23.0,19.9,22.11,25100,169,551265
2021-07-02,22.19,23.1,21.1,22.89,19900,109,444702
2021-07-05,23.1,23.1,22.0,22.69,4500,24,101225
2021-07-06,23.46,28.74,23.46,24.94,29700,182,769563
2021-07-07,27.0,28.49,26.68,27.95,21100,116,578985
2021-07-08,29.0,35.89,29.0,34.79,72400,557,2385059
2021-07-12,36.0,41.9,36.0,40.39,50000,353,1963945
2021-07-13,48.0,48.0,30.73,37.01,61200,506,2348909
2021-07-14,37.27,40.0,33.62,36.0,23600,173,863496
2021-07-15,36.0,37.0,33.0,34.01,15600,101,534097
2021-07-16,32.02,33.89,32.0,32.25,10700,70,348371
2021-07-19,31.86,31.88,29.0,31.04,6900,53,212887
2021-07-20,33.17,36.45,31.31,32.65,8100,66,274815
2021-07-21,33.04,33.52,30.51,30.72,3700,35,118888
2021-07-22,30.72,30.81,29.0,29.41,6500,50,194954
2021-07-23,29.97,29.97,28.0,28.51,8700,50,248622
2021-07-26,26.51,27.51,26.51,27.12,3800,36,103559
2021-07-27,25.15,25.69,24.9,25.69,5900,42,148696
2021-07-28,25.38,25.38,24.55,24.55,1300,9,32319
2021-07-29,24.55,24.69,24.05,24.49,4500,36,109626
2021-07-30,24.56,24.56,23.01,24.0,6800,51,161065
2021-08-02,24.68,27.97,24.58,26.38,8500,58,224938
2021-08-03,25.48,30.8,24.79,28.22,23200,128,676825
2021-08-04,29.87,30.47,28.45,28.7,7300,57,213135
2021-08-05,29.51,29.51,25.47,27.6,8900,65,244339
2021-08-06,27.6,27.6,26.31,26.75,1900,14,51153
2021-08-09,26.77,27.4,24.34,26.34,2600,22,67428
2021-08-10,25.8,25.8,24.51,24.6,5600,42,140036
2021-08-11,24.63,25.0,22.92,23.95,6700,49,163032
2021-08-12,25.69,28.0,25.0,26.18,13000,99,344452
2021-08-13,26.0,28.56,26.0,26.31,13100,66,355430
2021-08-16,24.53,24.79,23.52,23.64,5700,43,136899
2021-08-17,23.64,26.48,20.0,21.24,12600,87,295928
2021-08-18,22.0,23.78,21.2,21.6,5600,50,123279
2021-08-19,21.3,21.3,20.31,20.89,3400,33,70768
2021-08-20,21.14,22.3,21.14,21.91,7400,38,161949
2021-08-23,22.17,22.97,21.08,22.59,30300,69,645091
2021-08-24,23.49,23.49,22.68,22.89,1800,17,41266
2021-08-25,23.16,23.16,21.6,21.6,8100,53,176748
2021-08-26,20.75,22.0,20.65,21.73,4900,32,105266
2021-08-27,21.73,21.99,21.15,21.16,11900,45,257018
2021-08-30,22.35,23.61,20.44,20.55,13800,89,300399
2021-08-31,20.98,21.59,20.01,20.01,4100,35,84460
2021-09-01,20.5,20.79,20.0,20.2,1000,10,20318
2021-09-02,20.44,20.44,18.5,18.8,4500,20,86993
2021-09-03,18.75,18.82,16.83,18.0,10300,49,185690
2021-09-06,18.36,19.69,17.51,18.96,4000,11,72634
2021-09-08,18.96,18.97,18.0,18.0,1400,7,25490
2021-09-09,18.22,18.79,17.26,17.8,2900,23,51920
2021-09-10,18.0,18.0,18.0,18.0,500,4,8997
2021-09-13,17.76,19.29,17.58,18.89,5400,36,98019
2021-09-14,18.88,18.88,17.8,18.0,4000,27,72186
2021-09-15,17.6,18.5,17.6,18.47,5400,21,98757
2021-09-16,18.29,18.29,17.36,17.36,1800,15,31745
2021-09-17,17.4,17.4,16.2,16.83,6700,34,111513
2021-09-20,17.03,17.5,16.02,16.02,1000,10,16502
2021-09-21,17.79,17.79,17.02,17.02,400,4,6963
2021-09-22,16.44,16.99,16.33,16.75,900,9,15040
2021-09-23,16.95,17.01,16.95,17.01,200,2,3396
2021-09-24,17.47,20.99,17.32,20.0,33000,167,644721
2021-09-27,19.0,20.3,18.01,19.9,19700,68,383633
2021-09-28,21.16,25.05,18.56,18.56,51500,216,1117679
2021-09-29,18.54,22.0,18.54,21.09,19900,111,389648
2021-09-30,21.68,21.75,19.16,19.16,16700,103,331518
2021-10-01,19.3,20.98,19.16,19.71,5200,27,104802
2021-10-04,19.5,20.6,19.5,19.54,3300,19,65877
2021-10-05,20.3,20.3,19.56,19.56,2800,21,55262
2021-10-06,18.78,19.37,17.8,19.37,800,8,14877
2021-10-07,19.73,19.89,18.0,18.71,2600,23,49010
2021-10-08,19.47,19.6,18.76,18.79,2400,18,45551
2021-10-11,18.79,19.2,18.79,18.8,900,9,17036
2021-10-13,18.6,18.7,18.45,18.7,1100,11,20467
2021-10-14,18.16,19.7,18.16,18.34,14400,80,273382
2021-10-15,18.51,18.95,18.5,18.77,2600,18,48403
2021-10-18,18.83,18.83,17.99,18.11,7700,29,139448
2021-10-19,18.49,18.49,17.6,17.99,3100,24,55683
2021-10-20,18.13,18.13,17.22,17.56,2900,16,52040
2021-10-21,16.76,17.6,16.6,16.85,12200,18,208414
2021-10-22,16.6,16.7,16.0,16.2,2500,9,40582
2021-10-25,16.5,17.01,16.5,16.8,4200,22,70278
2021-10-26,16.59,16.59,15.85,16.06,2500,18,40090
2021-10-27,15.38,15.38,14.17,14.23,3000,17,44347
2021-10-28,14.26,14.27,13.2,13.2,8500,46,115108
2021-10-29,13.1,13.1,11.0,11.5,12400,86,146588
2021-11-01,12.49,12.5,12.01,12.43,4400,25,54523
2021-11-03,12.96,13.66,12.6,13.47,2600,21,34195
2021-11-04,13.63,13.63,12.6,12.6,1100,10,14378
2021-11-05,12.79,13.16,12.6,12.79,1400,6,18133
2021-11-08,13.1,13.1,12.8,12.8,3000,20,38771
2021-11-09,12.95,14.0,12.45,14.0,3700,22,48544
2021-11-10,13.83,14.95,13.83,14.95,1900,16,27437
2021-11-11,15.0,16.19,15.0,15.35,4100,19,63738
2021-11-16,13.9,13.9,13.35,13.6,400,4,5435
2021-11-17,14.03,14.03,13.22,13.22,12200,17,170242
2021-11-18,13.18,13.29,13.0,13.29,1100,10,14485
2021-11-19,14.99,16.9,14.1,15.7,3700,23,57856
2021-11-22,15.7,16.0,14.53,14.53,1100,9,17248
2021-11-23,14.5,15.8,13.52,15.8,2400,10,35123
2021-11-24,15.6,15.6,15.6,15.6,100,1,1560
2021-11-25,15.8,17.39,14.4,16.01,3000,26,46791
2021-11-26,14.62,14.62,14.0,14.29,3000,8,42177
2021-11-30,15.9,15.9,14.0,14.02,1300,11,18472
2021-12-01,14.29,14.3,14.0,14.0,700,6,9892
2021-12-02,14.0,14.0,13.65,13.65,800,6,10967
2021-12-03,13.65,14.09,13.65,13.66,1800,12,25081
2021-12-06,13.67,14.28,13.55,14.0,1400,14,19518
2021-12-07,14.0,16.98,13.61,16.98,5300,34,82615
2021-12-08,16.97,16.97,14.92,15.3,2900,23,45017
2021-12-09,15.12,16.1,15.12,15.18,1200,10,18270
2021-12-10,14.71,15.34,14.71,15.34,1300,10,19411
2021-12-13,15.66,16.1,15.51,15.51,2700,12,42315
2021-12-14,16.7,16.7,15.0,15.0,900,7,13670
2021-12-15,14.95,15.0,14.8,15.0,400,4,5970
2021-12-16,15.29,15.59,15.2,15.2,1500,11,23082
2021-12-17,15.2,15.84,15.1,15.84,900,7,13913
2021-12-20,15.5,15.5,15.4,15.4,2200,3,33900
2021-12-21,15.28,15.5,15.22,15.5,400,4,6127
2021-12-23,15.15,15.15,15.15,15.15,100,1,1515
2021-12-27,15.13,15.5,14.97,15.5,1200,8,18331
2021-12-28,15.22,15.22,15.22,15.22,100,1,1522
2021-12-29,15.4,17.52,14.4,17.08,19800,47,319743
