Date,Open,High,Low,Close,Volume,Neg,Fin
2010-01-04,23.92366,24.57294,23.75384,24.47305,1054600,1553,25718606
2010-01-05,24.60291,24.7028,24.09347,24.43309,1139400,2663,27911171
2010-01-06,24.45307,25.08238,24.18337,24.87261,1950500,3085,48471205
2010-01-07,24.42311,24.77272,23.75384,23.95362,3296700,4533,79612820
2010-01-08,23.85373,23.87371,22.95472,23.14451,2720500,3093,63161496
2010-01-11,23.27437,23.55406,22.68502,22.92476,1460100,2579,33513029
2010-01-12,22.67503,23.32432,22.67503,23.02464,1479300,3238,33884073
2010-01-13,23.32432,23.54407,22.85483,22.9747,1464200,2662,34057758
2010-01-14,23.26438,23.44418,23.08458,23.22442,2009100,5231,46739987
2010-01-15,22.9747,23.27437,22.22552,22.23551,1740900,4483,39233326
2010-01-18,22.38535,22.71498,22.30544,22.40533,633300,986,14292776
2010-01-19,22.16559,22.68502,22.16559,22.49523,1340000,3431,30101733
2010-01-20,22.26548,22.42531,21.73606,22.03573,2120200,3142,46693681
2010-01-21,22.09567,22.35538,21.16669,22.32541,2071000,4636,45351434
2010-01-22,22.07569,22.34539,21.82597,22.27547,1704100,2518,37909710
2010-01-26,21.92586,22.32541,21.31653,21.62618,1462300,2184,31661253
2010-01-27,21.6162,21.93584,20.98689,21.17668,2480100,3155,52696151
2010-01-28,21.29655,21.72607,21.07679,21.31653,1048300,3615,22362566
2010-01-29,21.53628,22.17558,21.53628,21.77602,1634700,3160,35776621
2010-02-01,22.0657,22.68502,21.91587,22.31543,1098900,1399,24733405
2010-02-02,22.57514,22.85483,21.99578,22.63507,1146000,2335,25804833
2010-02-03,22.7949,22.98469,22.58513,22.94473,818000,1299,18706792
2010-02-04,22.71498,22.76493,21.45637,21.93584,700000,1555,15616037
2010-02-05,21.91587,22.58513,20.89699,21.40643,1100600,2821,23686153
2010-02-08,21.4264,21.9758,21.1567,21.82597,946900,3776,20490748
2010-02-09,22.39534,22.58513,21.72607,21.82597,1839100,4433,40711325
2010-02-10,22.32541,22.41532,21.75604,22.11564,1904600,3818,42045520
2010-02-11,22.1556,22.37536,21.51631,21.59622,1430800,3455,31094655
2010-02-12,21.66614,21.9758,21.32652,21.47635,1013400,3535,21869332
2010-02-17,21.57624,21.94583,21.49633,21.7061,1000100,3356,21806772
2010-02-18,21.82597,21.9758,21.57624,21.84594,853800,2645,18586934
2010-02-19,21.57624,21.94583,21.57624,21.69611,831500,2023,18108943
2010-02-22,21.87591,22.12564,21.25659,21.47635,1137700,4353,24516968
2010-02-23,21.29655,21.55626,21.07679,21.25659,1235800,2606,26350532
2010-02-24,21.56625,22.50522,21.3365,21.7061,3165400,3838,69740234
2010-02-25,21.35648,22.35538,21.21663,22.22552,933400,2729,20446297
2010-02-26,22.0657,22.36537,21.82597,22.19556,765300,1569,16936395
2010-03-01,22.25549,22.80489,21.9758,22.57514,977300,2094,22080294
2010-03-02,22.57514,23.20445,22.57514,23.09457,2078700,3234,48010703
2010-03-03,23.14451,24.07349,23.14451,23.59402,4411900,5949,105156953
2010-03-04,23.78381,23.93364,23.47415,23.47415,1442400,2422,34269441
2010-03-05,23.78381,24.05351,23.61399,23.92366,1018500,2261,24343153
2010-03-08,23.86372,24.17338,23.56405,23.78381,1209700,1950,28922856
2010-03-09,23.45417,24.16339,23.40423,23.87371,1407700,2886,33653330
2010-03-10,24.01356,24.16339,23.63397,23.68392,564700,1488,13547454
2010-03-11,23.64396,24.07349,23.59402,23.59402,877800,2070,20944117
2010-03-12,23.9736,24.17338,23.21444,23.21444,767800,1585,18099434
2010-03-15,23.09457,23.75384,22.98469,23.17448,598400,1456,13942590
2010-03-16,22.95472,23.57404,22.95472,23.57404,527600,1613,12355928
2010-03-17,23.82376,23.96361,23.26438,23.3343,683300,1958,16074718
2010-03-18,23.31433,23.9736,23.31433,23.96361,691800,1119,16442147
2010-03-19,24.05351,24.14341,23.7938,23.94363,1024700,1792,24660183
2010-03-22,23.61399,24.28326,23.58403,23.73386,1062700,1270,25566139
2010-03-23,23.8837,23.8837,23.49413,23.50412,801000,1481,19013237
2010-03-24,23.27437,23.46416,22.47525,22.48524,1982700,4632,45263555
2010-03-25,22.62508,22.85483,21.98579,22.08568,983400,3097,21947679
2010-03-26,22.17558,22.71498,22.17558,22.71498,1028600,2214,23175566
2010-03-29,22.74495,23.20445,22.705,23.01466,1146000,2354,26406995
2010-03-30,23.21444,23.36427,22.39534,23.22442,1204000,1446,27973958
2010-03-31,23.22442,23.27437,22.46526,23.27437,825000,2204,19001655
2010-04-01,23.32432,23.46416,22.6151,22.73496,937300,2691,21546425
2010-04-05,23.1545,23.16449,22.72498,22.81488,472400,1045,10831656
2010-04-06,22.81488,23.08458,22.52519,22.56515,1136600,1759,26046180
2010-04-07,22.53518,22.71498,22.27547,22.59512,1079600,2503,24263266
2010-04-08,22.57514,22.78491,22.07569,22.17558,1602100,2898,35797755
2010-04-09,22.37536,22.41532,21.9758,21.9758,910400,1761,20198504
2010-04-12,21.94583,22.25549,21.82597,21.89589,458200,1384,10124008
2010-04-13,21.89589,22.32541,21.82597,22.22552,780800,2157,17266148
2010-04-14,22.20555,22.72498,22.12564,22.47525,1858100,3206,41762198
2010-04-15,22.47525,22.47525,21.52629,21.55626,3499900,4244,76092122
2010-04-16,21.68612,21.69611,20.66724,20.89699,1816100,3031,38247705
2010-04-19,20.87701,21.36647,20.34759,21.36647,2490300,3301,52176799
2010-04-20,21.62618,21.66614,21.0668,21.0668,1450800,2352,30869465
2010-04-22,20.72717,21.47635,20.49743,21.25659,1536400,3253,32129215
2010-04-23,21.25659,21.4264,20.84704,20.84704,2294800,3126,48411573
2010-04-26,20.95692,21.02684,20.59732,20.73716,1062800,2117,22162083
2010-04-27,20.73716,20.73716,20.08788,20.47745,1242000,3153,25391939
2010-04-28,20.52739,20.54737,19.85813,19.92805,1894300,3132,38002942
2010-04-29,20.08788,20.32762,19.978,20.26768,1889300,2607,38147989
2010-04-30,20.29765,20.60731,20.09787,20.47745,1384500,3316,28313161
2010-05-03,20.76713,20.77712,20.13782,20.72717,1051100,3439,21613463
2010-05-04,20.19776,20.41752,19.57844,19.67833,2124400,5423,42438247
2010-05-05,19.56845,19.96801,19.30874,19.96801,1479200,3732,29143510
2010-05-06,19.978,20.11785,18.56955,19.20885,2838500,5950,54895560
2010-05-07,19.10896,19.60841,18.58953,18.67943,1759400,5472,33364921
2010-05-10,19.27877,19.74825,19.03903,19.37866,836700,1929,16167852
2010-05-11,18.9791,19.44858,18.76933,18.9791,1479400,2578,28257423
2010-05-12,19.03903,19.30874,18.71939,19.10896,794700,1875,15136469
2010-05-13,19.10896,19.37866,18.78931,19.17888,636200,1192,12138470
2010-05-14,18.92916,18.96911,18.58953,18.72938,671600,1675,12608626
2010-05-17,18.63947,18.67943,18.05012,18.62948,1107400,2966,20426238
2010-05-18,18.77932,19.03903,18.27987,18.42971,1566700,2450,29036714
2010-05-19,18.47965,18.87921,17.92027,18.34979,993300,2773,18058504
2010-05-20,17.95023,17.95023,17.39085,17.50073,759500,2088,13430334
2010-05-21,17.72049,18.11006,17.35089,17.8004,1562000,3289,27792019
2010-05-24,17.60062,18.06011,17.51072,17.58064,1054100,2967,18747450
2010-05-25,16.9813,17.9802,16.97131,17.9802,908600,2519,15942543
2010-05-26,18.03014,18.92916,18.02016,18.92916,2034500,3552,37909076
2010-05-27,19.25879,19.33871,18.68942,18.87921,1700800,3573,32192328
2010-05-28,18.78931,18.78931,18.20995,18.27987,1015300,2058,18679977
2010-05-31,18.45967,18.52959,18.10007,18.52959,543300,1188,10005010
2010-06-01,18.34979,18.41972,17.97021,17.97021,998600,1875,18238989
2010-06-02,17.68053,18.23991,17.68053,18.08009,945100,2473,17100853
2010-06-04,17.83037,18.17998,17.74046,17.83037,868700,2410,15570122
2010-06-07,17.96022,18.32981,17.7105,17.9802,704100,1632,12747222
2010-06-08,17.88031,18.03014,17.28097,17.48075,1925400,2475,33648790
2010-06-09,17.61061,17.76044,17.21105,17.21105,1913000,2374,33507222
2010-06-10,17.33092,17.96022,17.33092,17.95023,2032500,2299,35917756
2010-06-11,17.8903,18.37976,17.73047,18.37976,1350300,2574,24420321
2010-06-14,18.38975,18.69941,18.38975,18.62948,1072000,2226,19934840
2010-06-15,18.53958,19.05901,18.47965,19.05901,983700,1930,18584456
2010-06-16,18.96911,19.32871,18.60951,19.09897,2348100,4230,44925921
2010-06-17,19.04902,19.38865,18.76933,18.9791,1586300,2761,30156118
2010-06-18,18.9791,19.23881,18.95912,19.13892,1181800,1313,22685629
2010-06-21,19.36867,19.36867,18.53958,18.53958,1379100,2507,26029804
2010-06-22,18.59952,19.069,18.41972,18.44968,1883500,2778,35137687
2010-06-23,18.62948,18.74935,18.32981,18.71939,804400,1359,14944295
2010-06-24,18.49963,18.96911,18.11006,18.17998,608800,1451,11161329
2010-06-25,18.17998,18.37976,18.03014,18.25989,737200,1310,13389193
2010-06-28,18.29985,18.35978,17.75045,17.75045,998500,1946,17869767
2010-06-29,17.57065,17.58064,17.24101,17.53069,1500800,1753,26143622
2010-06-30,17.53069,17.7105,16.8914,16.9813,2812300,2810,47895011
2010-07-01,16.93136,17.68053,16.74156,17.68053,7781600,4144,133256471
2010-07-02,17.78042,18.0701,17.48075,17.85034,821300,2545,14601635
2010-07-05,17.9802,18.0701,17.28097,18.06011,616700,1255,11072415
2010-07-06,18.10007,18.63947,18.10007,18.35978,1785400,2770,33015814
2010-07-07,18.41972,18.58953,18.17998,18.52959,841600,1988,15462757
2010-07-08,18.38975,18.87921,18.38975,18.87921,1811600,2669,33732283
2010-07-12,18.82927,18.85923,18.47965,18.52959,475800,1091,8871347
2010-07-13,18.60951,18.77932,18.42971,18.62948,470400,1352,8765483
2010-07-14,18.47965,18.77932,18.34979,18.68942,564700,1426,10465312
2010-07-15,18.86922,18.86922,18.34979,18.57954,805800,1975,15012499
2010-07-16,18.65945,18.68942,17.77043,18.03014,1095400,2525,19784867
2010-07-19,17.95023,18.12004,17.67054,18.12004,1470300,2349,26257325
2010-07-20,17.97021,18.96911,17.97021,18.96911,1694600,2295,31418996
2010-07-21,18.94913,19.17888,18.59952,18.67943,2024800,3341,38337967
2010-07-22,19.12893,19.12893,18.45967,18.65945,2878300,3114,54064456
2010-07-23,18.63947,18.91917,18.38975,18.91917,1120500,2085,20826554
2010-07-26,18.86922,18.86922,18.55956,18.72938,903100,1659,16915050
2010-07-27,18.82927,18.96911,18.42971,18.47965,1133600,2237,21065729
2010-07-28,18.37976,18.68942,18.31983,18.47965,768100,1124,14260261
2010-07-29,18.66944,18.85923,18.28986,18.49963,553400,1347,10245980
2010-07-30,18.35978,18.89919,18.23991,18.89919,837700,2039,15675069
2010-08-02,19.12893,19.81818,18.93914,19.72828,1212100,3531,23526625
2010-08-03,19.85813,19.978,19.47855,19.47855,727300,1585,14298980
2010-08-04,19.42861,19.978,19.23881,19.96801,1204400,2593,23763018
2010-08-05,22.87481,22.92476,22.57514,22.60511,13672200,8243,311228979
2010-08-06,22.67503,22.77492,22.33541,22.44528,1689900,2014,38060434
2010-08-09,22.72498,22.80489,22.62508,22.75494,4520900,1692,102904749
2010-08-10,22.705,22.75494,22.69501,22.72498,2357600,1648,53604156
2010-08-11,22.72498,22.73496,22.62508,22.705,2873900,1609,65332011
2010-08-12,22.705,22.72498,22.69501,22.71498,3447200,1360,78359495
2010-08-13,22.705,22.72498,22.68502,22.69501,4156200,865,94471273
2010-08-16,22.66504,22.705,22.66504,22.705,3224700,1331,73230166
2010-08-17,22.705,22.72498,22.66504,22.68502,3529900,2409,80155413
2010-08-18,22.705,22.72498,22.67503,22.72498,2356900,1952,53547440
2010-08-19,22.62508,22.82487,22.50522,22.65505,3215800,1552,73033440
2010-08-20,22.65505,22.68502,22.53518,22.62508,739400,1120,16736092
2010-08-23,22.62508,22.64506,22.56515,22.57514,781300,640,17665909
2010-08-24,22.57514,22.62508,22.50522,22.56515,939600,787,21218243
2010-08-25,22.51521,22.57514,22.12564,22.37536,1806600,1685,40564825
2010-08-26,22.37536,22.45527,22.17558,22.36537,937600,1808,21013767
2010-08-27,22.37536,22.47525,22.27547,22.42531,512500,1523,11491372
2010-08-30,22.32541,22.42531,22.27547,22.42531,502800,1223,11251947
2010-08-31,22.39534,22.50522,22.25549,22.25549,1382000,1116,30915798
2010-09-01,22.25549,22.47525,22.14561,22.37536,1722400,2768,38428887
2010-09-02,22.45527,22.45527,22.25549,22.32541,324600,353,7258577
2010-09-03,22.37536,22.41532,22.23551,22.32541,949100,1342,21199532
2010-09-06,22.33541,22.35538,22.27547,22.34539,92500,117,2067297
2010-09-08,22.36537,22.36537,22.17558,22.22552,636300,906,14161561
2010-09-09,22.25549,22.26548,21.99578,22.07569,1491300,994,33003192
2010-09-10,22.12564,22.16559,22.04572,22.07569,1737500,667,38439832
2010-09-13,22.16559,22.26548,22.02574,22.22552,2999100,3093,66420980
2010-09-14,22.22552,22.38535,22.16559,22.34539,1944900,3102,43466263
2010-09-15,22.31543,22.53518,22.29545,22.47525,1850500,2675,41468899
2010-09-16,22.43529,22.56515,22.34539,22.47525,1245500,1018,27955354
2010-09-17,22.39534,22.52519,22.33541,22.41532,2309100,1107,51753256
2010-09-20,22.42531,22.42531,22.34539,22.37536,1234000,1424,27631624
2010-09-21,22.35538,22.43529,22.22552,22.25549,2514000,1475,56081851
2010-09-22,22.19556,22.32541,22.07569,22.22552,2234200,2382,49680945
2010-09-23,22.26548,22.27547,22.12564,22.1556,1435100,2709,31913483
2010-09-24,22.13562,22.39534,21.26658,21.95582,2350800,2172,51380227
2010-09-27,21.94583,21.95582,21.32652,21.67613,1127300,1038,24347913
2010-09-28,21.72607,22.39534,21.20665,22.27547,516700,857,11238109
2010-09-29,22.0657,22.0657,21.54627,21.80599,5611100,1800,122500491
2010-09-30,21.9758,22.12564,21.72607,22.07569,1278500,1150,28196378
2010-10-01,22.25549,22.25549,21.87591,21.9758,3062500,2390,67496554
2010-10-04,22.02574,22.02574,21.53628,21.78601,428000,566,9329639
2010-10-05,21.96581,21.9758,21.81598,21.87591,623000,1243,13649432
2010-10-06,21.94583,22.02574,21.73606,21.92586,523300,1098,11455784
2010-10-07,21.87591,22.91477,21.87591,22.83485,1778400,916,40549013
2010-10-08,22.9747,22.9747,22.77492,22.84484,803300,246,18362814
2010-10-11,22.77492,22.93474,22.73496,22.87481,1420600,204,32481076
2010-10-13,22.7949,22.89479,22.7949,22.7949,1176100,617,26876515
2010-10-14,22.77492,22.87481,22.77492,22.87481,872800,209,19954190
2010-10-15,22.87481,22.94473,22.82487,22.86482,957400,666,21902198
2010-10-18,22.83485,22.90478,22.83485,22.83485,554200,145,12670291
2010-10-19,22.8848,22.89479,22.77492,22.86482,204600,455,4673894
2010-10-20,22.82487,22.82487,22.72498,22.78491,577600,520,13176034
2010-10-21,22.75494,22.84484,22.75494,22.7949,457800,316,10444555
2010-10-22,22.83485,22.83485,22.7949,22.81488,137100,164,3130446
2010-10-25,22.87481,22.89479,22.82487,22.87481,46300,60,1059716
2010-10-26,22.83485,22.87481,22.7949,22.87481,2400,10,54852
2010-10-27,22.72498,22.87481,22.72498,22.87481,38900,53,887448
2010-10-28,22.77492,22.86482,22.77492,22.86482,9300,15,212146
2010-10-29,22.74495,22.89479,22.74495,22.85483,40500,90,925860
2010-11-01,22.72498,22.77492,22.72498,22.77492,17000,69,387546
2010-11-03,22.77492,22.85483,22.77492,22.85483,51400,128,1173531
2010-11-04,22.77492,22.87481,22.77492,22.81488,1182800,67,27007746
2010-11-05,22.77492,22.86482,22.73496,22.7949,480800,207,10983195
2010-11-08,22.78491,22.80489,22.78491,22.80489,36100,18,823685
2010-11-09,22.78491,22.80489,22.78491,22.78491,27000,11,616352
2010-11-10,22.77492,22.86482,22.77492,22.78491,651300,59,14881929
2010-11-11,22.78491,22.78491,22.78491,22.78491,14900,107,339869
2010-11-12,22.78491,22.85483,22.78491,22.81488,19400,50,443056
2010-11-16,22.75494,22.83485,22.75494,22.78491,28000,87,639079
2010-11-17,22.82487,22.84484,22.7949,22.81488,37100,30,847504
2010-11-18,22.78491,23.11455,22.78491,23.02464,414100,155,9486000
2010-11-19,22.87481,23.07459,22.87481,23.05461,21600,74,496539
2010-11-22,23.11455,23.11455,22.81488,22.81488,95500,71,2184553
2010-11-23,22.82487,22.85483,22.705,22.74495,54000,358,1229804
2010-11-24,22.77492,22.87481,22.76493,22.7949,349900,26,7991331
2010-11-25,22.7949,22.95472,22.76493,22.76493,28400,29,648157
2010-11-26,22.76493,22.9747,22.72498,22.84484,43400,26,990503
2010-11-29,22.82487,22.87481,22.82487,22.83485,5200,19,118861
2010-11-30,22.78491,22.83485,22.57514,22.77492,361100,128,8228642
2010-12-01,22.77492,22.87481,22.77492,22.7949,10100,44,230766
2010-12-02,22.67503,22.8848,22.67503,22.82487,183200,24,4194899
2010-12-03,22.77492,22.84484,22.77492,22.84484,18900,18,430969
2010-12-06,22.83485,22.84484,22.77492,22.82487,8400,10,191929
2010-12-07,22.77492,22.92476,22.68502,22.92476,18700,33,427302
2010-12-08,22.78491,23.00467,22.78491,23.00467,49400,34,1134749
2010-12-09,22.96471,23.02464,22.96471,22.9747,5300,17,121908
2010-12-10,22.75494,22.9747,22.75494,22.95472,215300,42,4914016
2010-12-13,22.84484,22.9747,22.7949,22.9747,5300,24,121486
2010-12-14,22.87481,22.9747,22.7949,22.9747,454300,15,10397360
2010-12-15,22.85483,22.9747,22.83485,22.86482,368900,8,8440343
2010-12-16,22.86482,22.89479,22.67503,22.85483,1047100,20,23956302
2010-12-17,22.85483,22.87481,22.62508,22.87481,2400,6,54702
2010-12-20,22.65505,22.95472,22.65505,22.95472,15800,18,362214
2010-12-21,22.82487,22.95472,22.78491,22.78491,26805600,34,611437463
2010-12-22,22.77492,22.93474,22.67503,22.86482,4200,21,95830
2010-12-23,22.67503,22.92476,22.67503,22.83485,60700,20,1389176
2010-12-27,22.67503,22.85483,22.67503,22.78491,23100,39,526498
2010-12-28,22.81488,22.81488,22.62508,22.62508,2500,7,56815
2010-12-29,22.59512,22.82487,22.57514,22.82487,130600,26,2978717
2010-12-30,22.72498,22.96471,22.58513,22.58513,58000,50,1324222
2011-01-03,22.6151,22.86482,22.58513,22.84484,7800,32,177704
2011-01-04,22.68502,22.82487,22.68502,22.82487,3671300,10,83742095
2011-01-05,22.72498,22.96471,22.72498,22.96471,26000,23,594484
2011-01-06,22.77492,22.9747,22.77492,22.9747,18000,26,412167
2011-01-07,22.77492,22.9747,22.77492,22.9747,1300,7,29712
2011-01-10,22.63507,22.77492,22.63507,22.77492,15200,11,346238
2011-01-11,22.63507,22.95472,22.63507,22.95472,37400,30,852738
2011-01-12,22.64506,22.77492,22.62508,22.76493,51600,44,1175581
2011-01-13,22.62508,22.62508,21.72607,21.78601,107900,164,2391900
2011-01-14,21.87591,21.87591,21.48634,21.52629,35300,54,763733
2011-01-17,21.47635,21.92586,21.47635,21.92586,4100,13,89660
2011-01-18,21.52629,21.96581,21.52629,21.96581,8000,25,174809
2011-01-19,21.9758,22.09567,21.53628,21.53628,8100,27,177964
2011-01-20,22.14561,22.14561,21.53628,21.53628,1400,9,30282
2011-01-21,21.49633,21.49633,20.32762,20.47745,53600,120,1103414
2011-01-24,20.50742,20.6173,20.17778,20.59732,13500,26,276591
2011-01-26,20.75714,20.75714,20.09787,20.09787,4900,16,99578
2011-01-27,20.20775,20.47745,19.96801,20.47745,10700,31,215753
2011-01-28,20.41752,20.41752,19.07899,19.32871,25500,56,495860
2011-01-31,19.19886,19.21884,16.9813,16.9813,15800,50,292849
2011-02-01,17.9802,18.47965,17.9802,18.47965,17600,75,320773
2011-02-02,18.47965,18.57954,18.09008,18.36977,2200,12,40513
2011-02-03,18.10007,18.27987,17.73047,17.73047,4500,19,81361
2011-02-04,17.73047,17.78042,17.72049,17.78042,2400,8,42624
2011-02-07,17.8004,17.8004,17.48075,17.48075,2900,22,51373
2011-02-08,17.49074,17.49074,17.30095,17.30095,1400,6,24285
2011-02-09,17.82038,17.88031,17.58064,17.58064,33000,139,584483
2011-02-10,17.74046,17.90029,17.74046,17.8903,19700,62,351819
2011-02-11,17.8903,18.47965,17.8903,18.47965,15700,71,283968
2011-02-14,17.99019,18.25989,17.9802,17.9802,18300,74,329606
2011-02-15,17.9802,18.17998,17.88031,18.00018,21600,66,389535
2011-02-16,18.76933,18.76933,18.0701,18.25989,11100,36,202759
2011-02-17,17.8903,17.99019,17.8903,17.9802,5700,27,102310
2011-02-18,17.9802,17.9802,17.9802,17.9802,14400,10,259200
2011-02-21,17.9802,17.9802,17.9802,17.9802,1800,5,32400
2011-02-22,17.8903,18.17998,17.8903,17.9802,20100,74,361775
2011-02-23,17.79041,18.00018,17.79041,17.9802,14600,49,262791
2011-02-24,17.78042,17.9802,17.78042,17.88031,26700,11,475298
2011-02-25,17.9802,17.9802,17.9802,17.9802,1000,1,18000
2011-02-28,17.9802,18.08009,17.9802,18.0701,6600,22,118861
2011-03-01,18.08009,18.08009,17.9802,17.9802,3700,12,66610
2011-03-02,17.68053,17.68053,17.43081,17.43081,27200,93,477613
2011-03-03,17.43081,17.43081,17.01127,17.17109,15300,62,263283
2011-03-04,17.17109,17.21105,17.08119,17.21105,9600,52,164683
2011-03-09,16.88141,16.8914,16.54178,16.77153,14600,38,245777
2011-03-10,16.63169,16.66165,16.55177,16.55177,14600,62,242849
2011-03-11,16.51182,16.63169,16.28207,16.63169,2600,11,42965
2011-03-14,16.63169,16.63169,16.28207,16.49184,3100,14,50870
2011-03-15,16.33202,16.33202,15.9824,16.13223,8800,34,142073
2011-03-16,16.22214,16.67164,15.9824,15.9824,19600,65,315636
2011-03-17,16.03234,16.47186,15.66275,15.66275,17800,57,284657
2011-03-18,15.86253,15.86253,15.52291,15.52291,12600,49,197245
2011-03-21,15.54288,15.64277,15.28317,15.28317,2800,15,43421
2011-03-22,15.03345,15.23322,15.03345,15.13333,11400,34,172613
2011-03-23,15.03345,15.04343,14.78372,14.96352,8700,41,129797
2011-03-24,14.9835,15.87252,14.76374,14.76374,31300,88,465516
2011-03-25,14.73378,14.84365,14.68383,14.84365,11100,38,163843
2011-03-28,14.70381,14.88361,14.29426,14.29426,27300,68,394456
2011-03-29,14.22434,14.59393,14.00458,14.00458,26600,55,376643
2011-03-30,14.05452,14.37417,13.74486,14.27428,25300,62,353964
2011-03-31,14.03454,14.44409,13.95463,14.32423,36000,90,508904
2011-04-01,14.09448,14.32423,14.00458,14.27428,33500,120,475076
2011-04-04,14.28427,14.49404,14.28427,14.49404,23100,54,331846
2011-04-05,14.78372,14.84365,14.53399,14.53399,13700,55,201312
2011-04-06,14.54398,14.63388,14.46407,14.63388,23100,32,335175
2011-04-07,14.55397,14.55397,14.18438,14.24431,23200,43,334260
2011-04-08,14.26429,14.44409,14.2543,14.44409,5200,18,74289
2011-04-11,14.28427,14.32423,14.17439,14.17439,7100,20,101443
2011-04-12,14.14442,14.19437,14.13443,14.19437,5500,12,78042
2011-04-13,14.14442,14.19437,14.14442,14.14442,4300,22,60918
2011-04-14,14.13443,14.21435,14.10447,14.21435,4100,12,58014
2011-04-15,14.09448,14.18438,14.08449,14.09448,3700,17,52360
2011-04-18,14.04453,14.18438,13.99459,14.18438,4500,7,63639
2011-04-19,14.19437,14.31424,14.1644,14.23433,4200,25,59920
2011-04-20,14.76374,14.76374,14.26429,14.29426,32900,97,471372
2011-04-25,14.03454,14.35419,14.03454,14.12445,300,3,4256
2011-04-26,14.10447,14.18438,14.10447,14.10447,17800,23,251577
2011-04-27,14.10447,14.47406,14.04453,14.18438,17400,80,245994
2011-04-28,14.3442,14.3442,14.24431,14.24431,15300,36,218778
2011-04-29,14.31424,14.67384,14.10447,14.54398,3000,14,42626
2011-05-02,14.24431,14.24431,14.03454,14.22434,6300,25,88973
2011-05-03,14.18438,14.48405,14.13443,14.18438,16500,29,234713
2011-05-04,14.67384,14.67384,14.23433,14.39415,5500,25,79718
2011-05-05,14.57395,14.73378,14.39415,14.67384,12900,39,188640
2011-05-06,14.49404,14.58394,14.30425,14.58394,5100,20,73780
2011-05-09,14.48405,14.68383,14.35419,14.56396,7900,41,114756
2011-05-10,14.57395,14.58394,14.53399,14.55397,2400,5,34982
2011-05-11,14.48405,14.78372,14.35419,14.78372,2500,8,36579
2011-05-12,14.7138,14.77373,14.66385,14.77373,2500,8,36835
2011-05-13,14.68383,14.68383,14.4341,14.67384,13200,31,192059
2011-05-16,14.6239,14.64387,14.39415,14.64387,5900,25,85916
2011-05-17,14.40414,14.68383,14.39415,14.64387,6900,30,100687
2011-05-18,14.58394,14.64387,14.48405,14.49404,2500,11,36388
2011-05-19,14.4341,14.93355,14.4341,14.85364,13800,39,203345
2011-05-20,14.88361,15.02346,14.58394,14.85364,5300,26,78666
2011-05-23,14.64387,14.81369,13.99459,14.81369,24600,21,353767
2011-05-24,14.68383,14.92357,14.37417,14.88361,12900,35,190944
2011-05-25,14.78372,14.82368,14.68383,14.68383,5100,27,75143
2011-05-26,14.68383,14.88361,14.48405,14.86363,34400,122,506148
2011-05-27,14.88361,15.0734,14.73378,15.0734,7300,22,109223
2011-05-30,15.18328,15.73267,15.10337,15.57285,8400,32,130125
2011-05-31,15.6228,15.88251,15.48295,15.88251,13300,40,208887
2011-06-01,15.93246,16.18218,15.81259,16.13223,5900,16,94355
2011-06-02,16.28207,16.62169,15.88251,16.23212,5900,43,95566
2011-06-03,16.13223,17.43081,16.12225,16.62169,10500,74,174425
2011-06-06,16.87142,16.87142,16.08229,16.38196,4400,25,72326
2011-06-07,16.28207,16.57175,15.08339,16.12225,10300,38,165039
2011-06-08,16.17219,16.2521,15.93246,16.22214,8000,27,129506
2011-06-09,16.46187,16.8015,16.38196,16.74156,6100,19,100678
2011-06-10,16.20216,16.8015,16.00238,16.56176,4100,28,67045
2011-06-13,16.7116,16.7116,15.9824,16.54178,3300,18,53712
2011-06-14,16.23212,16.68163,16.09228,16.09228,1500,7,24529
2011-06-15,16.48185,16.48185,16.48185,16.48185,100,1,1650
2011-06-16,16.48185,16.48185,16.26209,16.26209,9500,17,154806
2011-06-17,16.23212,16.45188,15.9824,16.32203,3400,11,54976
2011-06-20,16.46187,16.46187,16.46187,16.46187,300,2,4944
2011-06-21,16.29206,16.45188,16.29206,16.45188,600,4,9802
2011-06-22,15.8026,16.38196,15.8026,16.27208,3000,12,48647
2011-06-24,16.1622,16.23212,15.9824,16.23212,2900,18,46887
2011-06-27,16.46187,16.76154,15.9824,16.32203,3600,12,58601
2011-06-28,16.58174,16.67164,16.31204,16.62169,10200,60,169232
2011-06-29,16.18218,16.47186,16.10227,16.43191,5800,13,94882
2011-06-30,16.75155,16.88141,16.03234,16.48185,10700,28,176361
2011-07-01,16.41193,16.44189,16.29206,16.44189,2000,6,32843
2011-07-04,16.21215,16.35199,16.01237,16.342,1700,12,27578
2011-07-05,16.04233,16.27208,16.02236,16.08229,5900,16,94988
2011-07-06,16.04233,16.04233,15.57285,15.92247,8100,36,127853
2011-07-07,16.36198,16.38196,15.74266,16.27208,3500,18,56521
2011-07-08,16.36198,16.36198,15.78262,15.78262,10800,43,172509
2011-07-11,15.68273,15.68273,15.08339,15.46297,10000,46,153816
2011-07-12,15.36308,15.94244,15.35309,15.35309,15100,110,236472
2011-07-13,15.14332,15.67274,15.04343,15.41303,7700,27,117267
2011-07-14,15.41303,15.45298,15.10337,15.32313,4400,20,67341
2011-07-15,15.76264,15.76264,15.11336,15.47296,2500,9,38533
2011-07-18,15.8026,15.86253,15.48295,15.48295,1500,9,23427
2011-07-19,15.82258,15.82258,15.20326,15.8026,1800,18,27707
2011-07-20,15.82258,15.82258,14.88361,15.19327,36000,66,545588
2011-07-21,15.57285,15.83257,14.9835,15.5329,14100,68,217314
2011-07-22,15.61281,15.78262,15.26319,15.48295,8800,28,136154
2011-07-25,15.26319,15.48295,15.00348,15.47296,2600,25,39779
2011-07-26,15.12335,15.45298,15.08339,15.433,8600,36,130868
2011-07-27,15.04343,15.40304,14.79371,15.26319,3200,14,48178
2011-07-28,15.01347,15.26319,14.83366,15.18328,10600,62,159532
2011-07-29,14.81369,15.05342,14.06451,14.28427,51500,142,748514
2011-08-01,14.28427,14.95353,13.9846,14.48405,35300,49,506466
2011-08-02,14.48405,15.19327,14.48405,15.03345,23100,74,342833
2011-08-03,14.63388,15.47296,14.63388,15.18328,45700,148,696337
2011-08-04,14.81369,15.14332,14.61391,14.86363,9000,28,133409
2011-08-05,14.48405,14.9835,14.23433,14.96352,14500,46,213230
2011-08-08,14.20436,14.22434,13.9846,13.9846,8200,39,115729
2011-08-09,14.02456,14.64387,14.02456,14.4341,12900,46,184598
2011-08-10,14.48405,15.35309,14.48405,15.06341,36800,184,554378
2011-08-11,14.9835,15.38306,14.96352,15.38306,6600,30,99558
2011-08-12,14.99349,15.76264,14.54398,15.48295,9100,47,140360
2011-08-15,15.27318,15.76264,15.02346,15.02346,14200,34,215870
2011-08-16,15.08339,15.58284,14.8037,15.58284,36800,63,564127
2011-08-17,15.58284,15.58284,15.18328,15.28317,29700,60,455802
2011-08-18,15.37307,15.48295,14.58394,14.72379,8200,37,120805
2011-08-19,14.48405,14.74376,14.12445,14.58394,8300,29,119412
2011-08-22,14.63388,15.26319,14.48405,14.63388,24000,61,351163
2011-08-23,14.73378,14.88361,14.57395,14.68383,34700,49,509814
2011-08-24,14.88361,14.88361,14.4341,14.63388,33200,56,483328
2011-08-25,14.64387,14.96352,14.59393,14.59393,2200,11,32314
2011-08-26,14.68383,15.06341,14.61391,15.06341,10500,30,155990
2011-08-29,15.06341,15.2532,14.96352,15.19327,1500,8,22714
2011-08-30,15.26319,15.72269,14.9835,15.1633,10000,32,151321
2011-08-31,15.35309,15.37307,15.01347,15.28317,5600,17,85681
2011-09-01,15.29316,15.48295,14.84365,14.84365,31000,49,465950
2011-09-02,15.10337,15.13333,14.93355,15.13333,4900,18,73553
2011-09-05,14.8936,15.13333,14.88361,14.97351,5400,5,80495
2011-09-06,15.28317,15.28317,15.28317,15.28317,100,1,1530
2011-09-08,15.18328,15.18328,14.78372,14.78372,27000,27,401286
2011-09-09,14.93355,14.93355,14.58394,14.86363,26800,18,396321
2011-09-12,14.96352,14.96352,14.58394,14.86363,10800,21,160158
2011-09-13,14.60392,14.88361,14.59393,14.88361,7900,11,116817
2011-09-14,14.9835,14.9835,14.63388,14.88361,2700,24,40065
2011-09-15,14.88361,15.433,14.88361,15.3431,12900,25,194906
2011-09-16,14.91358,15.35309,14.64387,15.35309,2700,17,40952
2011-09-19,15.01347,15.21325,14.9835,15.17329,7300,17,109796
2011-09-20,14.9835,15.2532,14.84365,15.12335,10600,52,159413
2011-09-21,15.33312,15.35309,14.9835,15.32313,14100,25,214136
2011-09-22,15.00348,15.27318,14.68383,14.96352,25900,73,388432
2011-09-23,14.68383,15.17329,14.63388,14.96352,11200,37,165182
2011-09-26,14.65386,14.97351,14.65386,14.97351,8700,29,128632
2011-09-27,15.15331,15.32313,14.64387,15.2532,12900,112,194765
2011-09-28,15.28317,15.433,14.91358,15.15331,7600,38,114711
2011-09-29,14.92357,15.18328,14.8936,15.15331,1300,12,19516
2011-09-30,14.88361,15.27318,14.75375,15.27318,10700,66,161243
2011-10-03,14.86363,15.26319,14.74376,14.96352,10600,70,157595
2011-10-04,14.77373,14.77373,14.40414,14.73378,18200,40,265480
2011-10-05,14.88361,16.68163,14.88361,16.68163,93600,164,1510214
2011-10-06,16.63169,17.48075,16.63169,17.20106,19700,66,335861
2011-10-07,17.251,17.81039,16.69162,17.14112,13800,57,235385
2011-10-10,17.48075,17.48075,16.59173,17.17109,3500,17,59453
2011-10-11,17.03124,17.03124,16.63169,16.92137,4000,19,67310
2011-10-13,16.86143,16.93136,16.86143,16.93136,400,3,6764
2011-10-14,16.93136,17.28097,16.55177,17.28097,22500,52,380321
2011-10-17,16.78152,17.09118,16.78152,17.08119,5200,19,88920
2011-10-18,17.28097,17.38086,16.91138,17.04123,37800,45,646032
2011-10-19,17.46077,17.46077,16.83146,17.08119,49800,37,851118
2011-10-20,16.26209,17.78042,16.26209,17.32093,17100,57,296061
2011-10-21,17.33092,18.05012,17.33092,17.8004,26100,128,464484
2011-10-24,17.68053,17.9802,17.38086,17.57065,7500,37,131761
2011-10-25,17.59063,17.82038,17.19107,17.82038,12800,57,225563
2011-10-26,17.91028,18.47965,17.68053,18.0701,25000,33,447618
2011-10-27,18.0701,18.27987,17.8004,18.09008,17200,70,309232
2011-10-28,18.09008,18.27987,17.97021,18.10007,7000,26,126769
2011-10-31,18.08009,18.21994,18.08009,18.17998,1100,5,19964
2011-11-01,17.78042,18.17998,17.78042,18.17998,7900,12,143218
2011-11-03,17.88031,18.02016,17.88031,17.9802,1700,7,30554
2011-11-04,17.88031,17.9802,17.88031,17.9802,1300,3,23390
2011-11-07,17.85034,17.9802,17.81039,17.97021,1300,8,23276
2011-11-08,17.81039,17.97021,17.81039,17.97021,300,3,5367
2011-11-09,17.88031,17.97021,17.82038,17.97021,4400,13,78606
2011-11-10,17.84035,17.9802,17.84035,17.9802,5900,16,106125
2011-11-11,17.79041,17.97021,17.78042,17.97021,2600,10,46589
2011-11-14,17.60062,17.90029,17.60062,17.63058,6900,21,122352
2011-11-16,17.58064,17.86033,17.39085,17.86033,8900,30,155846
2011-11-17,17.40084,17.68053,17.40084,17.68053,3600,26,63182
2011-11-18,17.40084,17.68053,17.39085,17.68053,8200,11,143108
2011-11-21,17.44079,17.67054,17.44079,17.58064,1600,11,28014
2011-11-22,17.58064,17.68053,17.29096,17.57065,7900,42,138207
2011-11-23,17.23103,17.47076,17.23103,17.46077,900,5,15688
2011-11-24,17.20106,17.46077,17.20106,17.46077,2000,5,34618
2011-11-25,17.43081,17.59063,17.23103,17.58064,900,6,15617
2011-11-28,17.6206,17.68053,17.48075,17.67054,5400,18,94994
2011-11-29,17.68053,17.68053,17.19107,17.64057,5000,36,86533
2011-11-30,17.29096,17.82038,17.29096,17.82038,10600,48,186551
2011-12-01,17.95023,17.95023,17.3409,17.37087,30400,28,529776
2011-12-02,17.38086,17.59063,17.38086,17.55067,900,7,15746
2011-12-05,17.77043,17.77043,17.68053,17.76044,600,5,10661
2011-12-06,17.31094,17.31094,17.00128,17.19107,13400,24,231582
2011-12-07,17.04123,17.24101,16.99129,17.24101,12600,17,214832
2011-12-08,16.83146,17.36088,16.83146,17.3409,4000,24,68251
2011-12-09,17.77043,17.77043,17.77043,17.77043,100,1,1779
2011-12-12,17.67054,17.67054,17.48075,17.57065,1700,10,29957
2011-12-13,17.08119,17.48075,17.08119,17.43081,400,3,6915
2011-12-14,17.00128,17.48075,17.00128,17.48075,600,5,10402
2011-12-15,17.10117,17.42082,17.09118,17.40084,3500,21,60521
2011-12-16,17.33092,17.82038,17.10117,17.82038,39200,105,685862
2011-12-19,17.78042,17.82038,17.52071,17.8004,97500,87,1727222
2011-12-20,17.73047,17.77043,17.48075,17.77043,26700,69,470993
2011-12-21,17.72049,17.82038,17.54068,17.81039,11200,13,198644
2011-12-22,17.48075,17.78042,17.43081,17.72049,35900,89,630084
2011-12-23,17.68053,18.45967,17.68053,18.37976,74600,109,1345548
2011-12-26,18.37976,18.37976,18.17998,18.27987,1400,4,25560
2011-12-27,18.40973,18.40973,18.08009,18.37976,45900,18,837152
2011-12-28,18.17998,18.85923,18.17998,18.85923,14100,14,260180
2011-12-29,18.29985,18.83925,18.17998,18.83925,5100,26,94735
2012-01-02,18.9791,18.9791,18.86922,18.87921,1200,4,22691
2012-01-03,18.14002,18.8892,18.14002,18.8892,12200,19,229772
2012-01-04,18.91917,18.96911,18.55956,18.87921,18800,34,354334
2012-01-05,18.57954,18.87921,18.47965,18.84924,7100,30,132523
2012-01-06,18.77932,19.16889,18.72938,18.9791,104100,47,1965928
2012-01-09,19.16889,19.16889,19.02905,19.16889,8600,16,164277
2012-01-10,18.98909,19.72828,18.9791,19.25879,34300,79,655249
2012-01-11,19.27877,19.65835,19.25879,19.60841,19500,38,379513
2012-01-12,19.74825,19.86812,19.18887,19.82817,112400,48,2225426
2012-01-13,19.86812,19.95802,19.69831,19.92805,206200,57,4114061
2012-01-16,19.95802,19.95802,19.91807,19.95802,9100,11,181615
2012-01-17,19.57844,19.94803,19.57844,19.77822,8400,33,166953
2012-01-18,19.57844,19.95802,19.57844,19.95802,11100,27,220650
2012-01-19,19.68832,19.95802,19.68832,19.95802,9100,42,181465
2012-01-20,19.67833,19.978,19.67833,19.978,7700,26,153475
2012-01-23,19.978,20.26768,19.978,20.16779,3400,11,68251
2012-01-24,19.978,20.26768,19.978,20.07789,44100,10,882967
2012-01-26,20.07789,21.9758,19.98799,21.92586,26000,76,550503
2012-01-27,21.9758,21.9758,20.90698,21.76603,5800,16,125068
2012-01-30,21.14671,21.796,21.13672,21.796,1000,5,21309
2012-01-31,21.37646,21.64616,21.27657,21.44638,23100,51,494009
2012-02-01,21.37646,21.65615,21.27657,21.52629,14300,33,306610
2012-02-02,21.76603,22.27547,21.52629,22.11564,19900,41,438005
2012-02-03,21.48634,21.96581,21.14671,21.35648,88100,264,1885598
2012-02-06,21.37646,21.52629,21.07679,21.35648,3900,12,83273
2012-02-07,21.34649,21.34649,21.1567,21.17668,25700,11,544861
2012-02-08,21.35648,21.35648,20.51741,20.91697,19600,36,409394
2012-02-09,20.96691,21.47635,20.58733,20.87701,2300,13,48143
2012-02-10,20.87701,20.87701,19.62838,19.978,28100,59,564985
2012-02-13,20.41752,20.41752,19.77822,20.18777,2900,12,57808
2012-02-14,20.10786,20.12783,19.47855,19.77822,16900,21,335227
2012-02-15,20.3376,20.55736,19.978,20.37756,65700,27,1323191
2012-02-16,20.37756,20.96691,20.23771,20.66724,18700,38,380407
2012-02-17,20.96691,22.41532,20.96691,21.67613,112400,79,2404126
2012-02-22,21.32652,22.25549,21.32652,21.86592,8800,41,190623
2012-02-23,21.81598,23.9736,21.81598,23.57404,101800,172,2348018
2012-02-24,23.40423,23.81378,23.40423,23.81378,12100,30,286707
2012-02-27,23.84374,23.84374,23.14451,23.22442,11100,39,263145
2012-02-28,23.23442,23.86372,23.23442,23.86372,9400,20,224025
2012-02-29,23.82376,23.92366,23.77382,23.92366,13000,43,310363
2012-03-01,23.96361,23.96361,23.67393,23.67393,12600,21,300770
2012-03-02,23.86372,24.07349,23.86372,24.07349,36900,38,885893
2012-03-05,23.47415,24.12343,23.47415,24.12343,7600,21,182680
2012-03-06,25.47195,26.46086,25.30214,25.57184,535800,205,13732424
2012-03-07,25.47195,25.86152,25.42201,25.47195,114700,48,2925634
2012-03-08,25.47195,25.77162,25.47195,25.62178,56400,26,1451781
2012-03-09,25.57184,25.77162,25.57184,25.76163,25300,33,648940
2012-03-12,25.60181,25.86152,25.57184,25.86152,32500,27,839727
2012-03-13,25.62178,25.90148,25.62178,25.90148,3400,14,87433
2012-03-14,25.63177,25.86152,25.62178,25.72167,6700,14,172477
2012-03-15,25.60181,25.77162,25.60181,25.72167,500,4,12844
2012-03-16,25.63177,25.78161,25.63177,25.78161,600,5,15423
2012-03-19,25.57184,25.85153,25.47195,25.85153,4800,10,122880
2012-03-20,25.52189,25.89149,25.52189,25.87151,5300,32,136227
2012-03-21,25.47195,25.87151,25.47195,25.87151,4900,15,125585
2012-03-22,25.58183,25.87151,25.58183,25.87151,5200,11,134395
2012-03-23,25.48194,25.9714,25.48194,25.87151,4700,15,121261
2012-03-26,25.67173,25.8815,25.67173,25.8815,3400,9,87635
2012-03-27,25.72167,25.87151,25.67173,25.87151,1700,4,43850
2012-03-28,25.67173,25.95142,25.67173,25.95142,700,3,18058
2012-03-29,25.77162,25.95142,25.77162,25.95142,200,2,5178
2012-03-30,25.78161,25.95142,25.78161,25.95142,1000,6,25941
2012-04-02,25.77162,25.92146,25.77162,25.81158,4600,11,118797
2012-04-03,25.77162,25.9714,25.77162,25.9714,4900,18,126768
2012-04-04,25.82157,26.07129,25.78161,26.07129,2300,11,59947
2012-04-05,26.07129,26.07129,25.98139,25.98139,4300,4,111870
2012-04-09,25.85153,26.07129,25.85153,25.98139,16800,20,437698
2012-04-10,25.98139,26.07129,25.98139,26.07129,2800,13,72900
2012-04-11,25.98139,26.07129,25.98139,26.07129,2800,12,72918
2012-04-12,26.01136,26.07129,25.99138,26.07129,11800,42,307966
2012-04-13,26.07129,26.16119,26.07129,26.12123,8700,33,227089
2012-04-16,26.07129,26.1512,25.92146,26.12123,39200,87,1021087
2012-04-17,26.17118,26.27107,26.07129,26.16119,5000,11,130881
2012-04-18,26.07129,26.27107,26.07129,26.27107,14000,27,367548
2012-04-19,26.47085,26.47085,26.10126,26.27107,7200,32,188462
2012-04-20,26.12123,26.27107,25.9714,26.27107,1600,8,41885
2012-04-23,26.2411,26.25109,26.00137,26.22112,6200,22,161613
2012-04-24,26.01136,26.27107,26.01136,26.26108,3600,13,94321
2012-04-25,26.27107,26.27107,25.92146,26.26108,5300,30,138566
2012-04-26,25.77162,26.27107,25.77162,26.27107,7300,27,190627
2012-04-27,26.12123,26.27107,26.12123,26.27107,3600,16,94451
2012-04-30,26.12123,26.27107,26.01136,26.27107,2600,14,68155
2012-05-02,26.02134,26.27107,26.01136,26.27107,7600,31,198186
2012-05-03,26.27107,26.27107,26.27107,26.27107,200,2,5260
2012-05-04,26.05131,26.36097,26.05131,26.27107,3600,11,94515
2012-05-07,26.02134,26.32101,26.02134,26.32101,1400,7,36795
2012-05-08,26.02134,26.31103,26.01136,26.31103,4200,10,109832
2012-05-09,26.27107,26.31103,26.05131,26.31103,1300,8,34158
2012-05-10,26.07129,26.29105,26.01136,26.29105,7700,29,201489
2012-05-11,26.27107,26.46086,26.04132,26.27107,1600,9,42124
2012-05-14,26.27107,26.47085,26.27107,26.37096,19300,31,510490
2012-05-15,26.37096,26.47085,26.37096,26.42091,6700,10,177369
2012-05-16,26.57074,26.9703,26.38095,26.46086,7300,26,193856
2012-05-17,26.38095,26.78051,26.27107,26.47085,5800,26,153231
2012-05-18,26.32101,26.57074,26.22112,26.57074,19500,61,513070
2012-05-21,26.22112,26.77052,26.22112,26.47085,500,5,13270
2012-05-22,26.42091,26.42091,26.42091,26.42091,4500,11,119025
2012-05-23,26.42091,26.42091,26.37096,26.42091,105400,26,2787675
2012-05-24,26.42091,26.67063,26.42091,26.57074,6100,5,162185
2012-05-25,26.17118,26.57074,26.17118,26.57074,3400,8,89197
2012-05-28,26.42091,26.7006,26.42091,26.42091,41100,6,1093142
2012-05-29,26.43089,26.47085,26.42091,26.42091,17900,20,473503
2012-05-30,26.51081,26.57074,26.37096,26.57074,700,7,18529
2012-05-31,26.56075,26.56075,26.37096,26.38095,4800,21,126783
2012-06-01,26.37096,26.39094,26.37096,26.37096,6800,17,179522
2012-06-04,26.37096,26.62068,26.37096,26.52079,26800,27,710362
2012-06-05,26.37096,26.72058,26.37096,26.57074,28200,11,748885
2012-06-06,26.52079,26.67063,26.47085,26.67063,23400,13,621325
2012-06-08,26.27107,26.66064,26.27107,26.65065,25200,11,667612
2012-06-12,26.36097,26.72058,26.36097,26.67063,1700,8,45104
2012-06-13,26.7006,26.71059,26.52079,26.67063,3000,11,79874
2012-06-14,26.52079,26.67063,26.52079,26.67063,5000,13,133065
2012-06-15,26.52079,26.75054,26.52079,26.58073,124700,21,3324892
2012-06-18,26.67063,26.72058,26.53078,26.62068,700,7,18643
2012-06-19,26.71059,26.9703,26.52079,26.67063,21100,69,563540
2012-06-21,26.62068,26.9703,26.62068,26.86042,3700,11,98977
2012-06-22,26.63067,26.85043,26.62068,26.77052,2500,12,66732
2012-06-25,26.62068,26.86042,26.62068,26.82047,2800,6,75108
2012-06-26,26.63067,26.86042,26.63067,26.86042,2800,12,74752
2012-06-27,26.65065,26.96031,26.63067,26.96031,2400,9,64646
2012-06-29,26.63067,26.96031,26.47085,26.95032,23200,26,619574
2012-07-02,26.63067,26.89039,26.47085,26.87041,1600,8,42871
2012-07-05,26.48084,26.87041,26.47085,26.87041,34900,33,933478
2012-07-06,26.85043,26.85043,26.17118,26.82047,18200,24,482943
2012-07-10,26.82047,26.87041,26.30104,26.67063,8500,18,226137
2012-07-11,26.48084,26.77052,26.42091,26.77052,5000,22,133237
2012-07-12,26.48084,26.77052,26.34099,26.77052,3600,25,95884
2012-07-13,26.62068,26.77052,26.47085,26.77052,8900,32,238144
2012-07-16,26.54077,26.77052,26.32101,26.77052,9500,42,251925
2012-07-17,26.37096,26.77052,26.37096,26.77052,7800,36,208585
2012-07-18,26.51081,26.76053,26.49083,26.76053,15100,46,403284
2012-07-19,26.61069,26.74055,26.57074,26.57074,17100,30,456315
2012-07-20,26.57074,26.68062,26.57074,26.57074,2700,10,71899
2012-07-23,26.57074,26.66064,26.49083,26.66064,600,5,15979
2012-07-24,26.56075,26.67063,26.56075,26.67063,700,4,18635
2012-07-25,26.47085,26.67063,26.47085,26.67063,2700,10,71935
2012-07-27,26.47085,26.72058,26.47085,26.72058,6900,12,183129
2012-07-30,26.57074,26.73056,26.57074,26.73056,2100,12,56137
2012-07-31,26.72058,26.76053,26.72058,26.76053,800,2,21404
2012-08-01,26.77052,26.82047,26.63067,26.82047,3700,12,99148
2012-08-02,26.73056,26.92035,26.71059,26.87041,2300,15,61672
2012-08-03,26.87041,26.8804,26.72058,26.72058,2400,14,64330
2012-08-06,26.83045,26.83045,26.67063,26.77052,7200,15,193161
2012-08-07,26.78051,26.78051,26.77052,26.77052,300,2,8041
2012-08-08,26.77052,26.82047,26.72058,26.78051,2300,10,61658
2012-08-09,26.77052,26.77052,26.73056,26.74055,7400,18,198160
2012-08-10,26.77052,26.95032,26.76053,26.78051,3300,14,88767
2012-08-13,26.78051,26.80049,26.78051,26.7905,1600,9,42915
2012-08-14,26.80049,26.87041,26.80049,26.87041,500,2,13429
2012-08-15,26.49083,26.93034,26.49083,26.93034,200,2,5348
2012-08-16,26.89039,26.93034,26.65065,26.77052,26700,45,715095
2012-08-17,26.69061,26.85043,26.68062,26.77052,4500,24,120506
2012-08-20,26.86042,26.92035,26.77052,26.77052,2800,13,75096
2012-08-21,26.80049,26.85043,26.72058,26.77052,4300,13,115297
2012-08-22,26.91037,26.91037,26.75054,26.77052,4100,17,109938
2012-08-23,26.77052,26.78051,26.72058,26.73056,2600,6,69661
2012-08-24,26.77052,26.82047,26.68062,26.82047,4700,17,125915
2012-08-27,26.67063,26.91037,26.67063,26.91037,3400,13,91108
2012-08-28,26.86042,26.90038,26.7006,26.90038,7800,50,209339
2012-08-29,26.8804,26.9703,26.82047,26.96031,4900,13,131878
2012-08-30,26.83045,26.96031,26.83045,26.96031,700,5,18864
2012-08-31,26.96031,26.96031,26.77052,26.96031,3100,18,83359
2012-09-03,26.94033,27.0602,26.49083,27.0602,10400,23,280035
2012-09-04,26.99028,27.0602,26.87041,27.0602,3000,10,80912
2012-09-05,27.07019,27.07019,26.89039,27.05021,2200,8,59466
2012-09-06,27.02024,27.02024,26.89039,27.01026,1300,10,35092
2012-09-10,27.07019,27.07019,26.77052,26.85043,7300,29,196222
2012-09-11,26.85043,26.85043,26.73056,26.74055,14700,19,394200
2012-09-12,26.73056,26.73056,26.67063,26.67063,9200,43,245852
2012-09-13,26.92035,26.92035,26.74055,26.92035,6700,9,179809
2012-09-14,26.91037,26.91037,26.58073,26.91037,2400,13,64391
2012-09-17,26.69061,26.89039,26.68062,26.89039,800,7,21463
2012-09-18,26.87041,26.96031,26.87041,26.96031,10400,6,280378
2012-09-19,26.87041,26.87041,26.65065,26.82047,25700,84,687684
2012-09-20,26.72058,26.73056,26.57074,26.57074,8100,19,215756
2012-09-21,26.57074,26.63067,26.47085,26.47085,9200,15,244526
2012-09-24,26.50082,26.58073,26.50082,26.57074,18900,5,502734
2012-09-25,26.57074,26.67063,26.52079,26.67063,32700,11,872910
2012-09-26,26.57074,26.68062,26.57074,26.67063,1100,6,29301
2012-09-27,26.62068,26.77052,26.57074,26.77052,1900,6,50782
2012-09-28,26.68062,26.90038,26.68062,26.77052,8400,23,225531
2012-10-01,26.73056,26.9703,26.73056,26.9703,11000,26,296321
2012-10-02,26.87041,26.9703,26.87041,26.9703,18600,26,501885
2012-10-03,27.07019,27.07019,26.9703,26.98029,900,5,24323
2012-10-04,26.9703,27.07019,26.9703,27.07019,32100,10,868280
2012-10-05,27.08018,27.26997,27.07019,27.07019,22100,9,599253
2012-10-08,27.03023,27.08018,26.99028,27.08018,500,4,13539
2012-10-09,27.07019,27.17008,26.9703,27.12013,1700,9,46058
2012-10-10,27.1501,27.1501,27.12013,27.12013,20200,4,548433
2012-10-11,27.17008,27.17008,27.07019,27.12013,80900,6,2200425
2012-10-15,27.17008,27.19006,27.07019,27.19006,2600,22,70620
2012-10-16,27.12013,27.21004,27.12013,27.21004,500,4,13593
2012-10-17,27.20005,27.26997,27.07019,27.07019,9000,38,244237
2012-10-18,27.07019,27.1501,27.07019,27.07019,11200,10,303637
2012-10-19,27.12013,27.16009,27.08018,27.16009,400,4,10860
2012-10-22,27.18007,27.21004,27.16009,27.17008,900,5,24487
2012-10-23,26.9703,27.17008,26.9703,27.17008,1000,3,27040
2012-10-24,27.00027,27.20005,26.9703,27.20005,1500,9,40596
2012-10-25,27.20005,27.20005,27.07019,27.17008,5600,32,152261
2012-10-26,27.22002,27.22002,27.09017,27.09017,17300,12,470485
2012-10-29,27.16009,27.16009,27.09017,27.09017,200,2,5431
2012-10-30,27.10016,27.10016,27.09017,27.09017,500,3,13561
2012-10-31,26.98029,27.17008,26.98029,27.02024,3900,12,105725
2012-11-01,27.17008,27.36986,27.17008,27.18007,17200,29,467888
2012-11-05,27.17008,27.26997,27.07019,27.22002,5800,22,157456
2012-11-06,27.21004,27.28995,27.21004,27.28995,53100,3,1450676
2012-11-07,27.34988,27.35987,27.17008,27.34988,2400,19,65548
2012-11-08,27.17008,27.56964,27.07019,27.34988,18000,86,489660
2012-11-09,27.45976,27.46975,27.26997,27.26997,26800,12,731725
2012-11-12,27.26997,27.36986,27.26997,27.26997,21800,77,595506
2012-11-13,27.36986,27.36986,27.17008,27.26997,113700,16,3097106
2012-11-14,27.18007,27.26997,27.17008,27.26997,7600,14,206948
2012-11-16,27.3299,27.3299,27.31992,27.31992,50400,3,1378444
2012-11-19,27.33989,27.33989,27.33989,27.33989,15200,4,416024
2012-11-21,27.22002,27.33989,27.13012,27.33989,800,7,21819
2012-11-22,27.33989,27.33989,27.33989,27.33989,300,1,8211
2012-11-23,27.36986,27.36986,27.35987,27.35987,40200,6,1101079
2012-11-26,27.07019,27.36986,27.07019,27.26997,1000,5,27338
2012-11-27,27.36986,27.43978,27.29994,27.29994,400,4,10953
2012-11-29,27.17008,27.36986,27.17008,27.36986,1500,6,40923
2012-11-30,27.23001,27.35987,27.22002,27.35987,5200,7,141811
2012-12-03,27.26997,27.36986,27.26997,27.36986,21700,7,594520
2012-12-04,27.3299,27.57963,27.3299,27.36986,3300,9,90912
2012-12-05,27.37985,27.51969,27.36986,27.36986,103300,21,2830484
2012-12-06,27.44977,27.47974,27.3299,27.3299,25700,23,705901
2012-12-07,27.46975,27.46975,27.45976,27.46975,10400,6,285998
2012-12-10,27.41981,27.41981,27.41981,27.41981,10300,3,282735
2012-12-11,27.46975,27.51969,27.36986,27.51969,6800,12,186770
2012-12-12,27.47974,27.56964,27.46975,27.56964,40400,19,1111144
2012-12-13,27.37985,27.76942,27.36986,27.66953,2200,17,60794
2012-12-14,27.63956,27.66953,27.46975,27.64955,11200,8,310154
2012-12-17,27.65954,27.65954,27.64955,27.64955,2900,5,80298
2012-12-18,27.48973,27.62957,27.47974,27.62957,1300,8,35860
2012-12-19,27.20005,27.66953,27.20005,27.66953,2100,11,57810
2012-12-20,27.46975,27.71947,27.46975,27.67952,2600,17,71814
2012-12-21,27.58962,27.76942,27.56964,27.76942,5700,14,158316
2012-12-26,27.50971,27.76942,27.46975,27.75943,4600,27,126755
2012-12-27,27.6995,27.75943,27.56964,27.75943,6000,44,166102
2012-12-28,27.66953,27.86931,27.62957,27.86931,101300,10,2811064
2013-01-02,27.91926,27.91926,27.24,27.67952,1700,15,46836
2013-01-03,27.20005,27.66953,27.18007,27.66953,5400,22,148701
2013-01-04,27.27996,27.73945,27.27996,27.73945,500,2,13701
2013-01-07,27.66953,27.73945,27.61959,27.73945,36000,31,999316
2013-01-08,27.62957,27.86931,27.62957,27.86931,11000,11,305447
2013-01-09,27.86931,27.86931,27.86931,27.86931,100,1,2790
2013-01-10,27.83934,27.83934,27.77941,27.83934,700,6,19496
2013-01-11,27.7894,27.86931,27.7894,27.86931,15300,4,426862
2013-01-14,27.46975,27.89928,27.46975,27.89928,500,3,13853
2013-01-17,27.75943,27.89928,27.71947,27.89928,7300,36,202604
2013-01-18,27.71947,27.90927,27.66953,27.90927,17400,68,482850
2013-01-21,27.61959,27.90927,27.61959,27.90927,13600,3,377069
2013-01-22,27.91926,28.24889,27.77941,27.9692,126500,81,3540941
2013-01-23,27.9692,28.46865,27.9692,28.07908,4300,20,120981
2013-01-24,27.97919,28.149,27.91926,27.9692,2800,8,78360
2013-01-28,27.97919,27.97919,27.84933,27.9692,7500,27,209329
2013-01-29,27.9692,28.00916,27.81936,27.81936,4100,13,114375
2013-01-30,27.82936,27.82936,27.81936,27.81936,1400,8,38991
2013-01-31,27.81936,27.82936,27.81936,27.81936,9500,9,264576
2013-02-01,27.86931,27.86931,27.86931,27.86931,2600,3,72540
2013-02-04,27.8793,27.8793,27.86931,27.86931,1300,3,36273
2013-02-05,27.8793,27.9692,27.86931,27.9692,50700,3,1419531
2013-02-06,27.47974,28.01914,27.47974,27.9692,11300,10,315566
2013-02-07,27.76942,27.97919,27.66953,27.9692,22700,67,632364
2013-02-13,27.88929,28.76832,27.76942,28.45866,5200,31,145959
2013-02-14,28.45866,28.45866,28.01914,28.01914,400,4,11264
2013-02-15,28.56854,28.56854,28.16898,28.16898,1700,11,47980
2013-02-18,28.16898,28.16898,28.16898,28.16898,100000,2,2820000
2013-02-19,27.88929,28.06909,27.88929,28.06909,1000,6,28024
2013-02-20,28.16898,28.65844,28.15899,28.16898,600,5,16968
2013-02-21,27.86931,28.16898,27.86931,28.16898,2400,9,67198
2013-02-22,28.11903,28.16898,28.11903,28.16898,300,3,8455
2013-02-25,27.92924,28.15899,27.92924,28.11903,600,3,16837
2013-02-26,28.11903,28.11903,28.11903,28.11903,800,3,22520
2013-02-27,28.11903,28.26887,27.9692,28.26887,5900,13,165754
2013-02-28,28.01914,28.26887,28.01914,28.26887,700,6,19754
2013-03-01,28.26887,28.26887,28.26887,28.26887,10500,5,297150
2013-03-04,28.25888,28.25888,28.16898,28.16898,50100,2,1417320
2013-03-05,28.04911,28.21893,28.03912,28.21893,900,3,25336
2013-03-06,27.98918,28.26887,27.98918,28.26887,2200,6,62070
2013-03-07,28.07908,28.46865,28.07908,28.46865,22500,10,634328
2013-03-08,28.03912,28.46865,27.9692,28.46865,2000,12,56439
2013-03-11,28.36876,28.45866,28.08907,28.45866,800,5,22654
2013-03-12,28.35877,28.46865,28.29884,28.46865,1100,8,31322
2013-03-13,28.17897,28.56854,28.17897,28.56854,800,4,22772
2013-03-14,28.26887,28.56854,28.26887,28.56854,500,4,14270
2013-03-15,28.4187,28.62847,28.4187,28.62847,3300,14,94188
2013-03-18,28.61848,29.11794,28.36876,29.11794,8900,11,258090
2013-03-19,28.67842,29.11794,28.66843,29.11794,1500,15,43364
2013-03-20,29.11794,29.16788,29.07798,29.15789,5200,11,151686
2013-03-21,29.10794,29.10794,29.10794,29.10794,2500,2,72850
2013-03-22,29.1479,29.36766,29.1479,29.36766,7800,7,229128
2013-03-25,28.98808,29.35767,28.91816,29.21782,8100,29,235859
2013-03-26,29.00806,29.36766,28.91816,29.36766,4300,29,125453
2013-03-27,29.36766,29.36766,29.11794,29.26777,3900,27,114212
2013-03-28,29.1479,29.31771,28.99807,29.26777,10400,11,304659
2013-04-01,28.86821,29.20784,28.86821,29.20784,500,2,14484
2013-04-02,29.1479,29.21782,28.8782,29.21782,5100,22,148144
2013-04-03,28.9681,29.26777,28.9681,29.26777,2300,18,67002
2013-04-04,28.98808,29.31771,28.98808,29.31771,2700,9,78902
2013-04-05,28.9681,29.31771,28.84823,29.31771,15600,18,454206
2013-04-09,29.11794,29.45756,29.08797,29.08797,18300,28,534441
2013-04-10,29.08797,29.41761,29.08797,29.41761,17200,26,502396
2013-04-11,29.36766,29.62737,29.27776,29.62737,8400,30,247912
2013-04-12,29.64735,29.967,29.6074,29.71728,5500,17,163769
2013-04-15,29.967,30.06689,29.967,30.06689,200,2,6010
2013-04-16,29.967,30.11683,29.967,30.10685,1300,6,39082
2013-04-17,29.89708,30.46645,29.81717,30.06689,1900,9,57006
2013-04-18,30.06689,30.06689,30.06689,30.06689,400,1,12040
2013-04-19,29.94702,30.11683,29.84713,30.11683,3500,20,105066
2013-04-22,30.17677,30.17677,30.06689,30.17677,5200,3,157081
2013-04-23,30.16678,30.16678,30.16678,30.16678,300,1,9060
2013-04-24,30.07688,30.21672,29.99697,30.21672,1800,13,54229
2013-04-25,30.16678,30.36656,30.07688,30.36656,2800,14,84851
2013-04-29,30.17677,30.36656,30.17677,30.36656,300,2,9082
2013-04-30,30.17677,30.17677,30.09686,30.09686,4700,9,141731
2013-05-02,30.08687,30.36656,30.08687,30.36656,2000,9,60601
2013-05-03,30.46645,30.61629,30.41651,30.61629,2600,9,79429
2013-05-06,30.66623,30.67622,30.39653,30.66623,2000,9,61313
2013-05-07,30.41651,30.71618,30.36656,30.71618,3200,16,97925
2013-05-08,30.51639,30.66623,30.26667,30.66623,9300,44,283439
2013-05-09,30.75613,30.81606,30.31662,30.81606,10300,27,313825
2013-05-10,30.46645,30.86601,30.43648,30.86601,1100,9,33689
2013-05-13,30.63626,30.9659,30.29664,30.86601,9800,58,301055
2013-05-14,30.93593,31.06579,30.876,30.9659,1700,14,52661
2013-05-15,30.83604,30.97589,30.73615,30.9659,3600,15,111503
2013-05-16,30.9659,31.01584,30.72616,31.01584,3400,6,105476
2013-05-17,30.9659,31.07578,30.86601,31.06579,4000,15,124177
2013-05-20,30.9659,31.06579,30.92594,31.06579,13700,9,424756
2013-05-21,30.876,31.11573,30.876,31.11573,4300,6,133793
2013-05-22,30.876,31.21563,30.75613,31.11573,13400,38,416038
2013-05-24,31.06579,31.16568,30.86601,31.16568,5500,19,170554
2013-05-27,31.21563,31.21563,31.11573,31.11573,700,4,21827
2013-05-28,31.12572,31.21563,31.06579,31.21563,5100,12,159119
2013-05-29,31.11573,31.46535,31.11573,31.46535,8200,23,256869
2013-05-31,31.38544,31.46535,31.27556,31.46535,3400,10,106989
2013-06-03,31.46535,31.86491,31.46535,31.86491,2500,8,79670
2013-06-04,31.76502,31.9648,31.58522,31.9648,3700,18,117938
2013-06-05,31.86491,31.95481,31.66513,31.94482,6300,45,200732
2013-06-06,31.88489,31.9648,31.81497,31.9648,3600,7,115080
2013-06-07,31.92484,31.9648,31.81497,31.9648,4400,11,140613
2013-06-10,31.95481,31.9648,31.86491,31.9648,2900,12,92732
2013-06-11,31.82495,32.45426,31.71507,32.36436,15500,75,496312
2013-06-12,32.06469,32.9637,31.88489,32.9637,4100,21,133100
2013-06-13,32.9637,32.9637,32.73395,32.86381,2100,15,69151
2013-06-14,32.76392,32.95371,32.06469,32.86381,5000,13,163548
2013-06-17,32.86381,32.86381,32.27446,32.27446,23500,26,760659
2013-06-18,32.17457,32.38433,32.1446,32.16458,21400,19,689102
2013-06-19,32.16458,32.94372,32.16458,32.55415,11400,18,368211
2013-06-20,31.97479,32.35437,31.9648,32.16458,16200,12,520657
2013-06-21,31.99477,32.61409,31.99477,32.26447,1200,12,38768
2013-06-24,32.26447,32.26447,31.9648,32.26447,4500,12,145236
2013-06-25,32.07468,32.26447,31.97479,32.25448,4100,17,132257
2013-06-26,32.24449,32.24449,32.16458,32.16458,1900,17,61238
2013-06-27,32.07468,32.18456,32.06469,32.18456,1700,12,54661
2013-06-28,32.16458,32.56414,31.9648,31.9648,10600,22,340767
2013-07-01,31.9648,32.07468,30.47644,30.97589,163400,73,5015982
2013-07-02,31.15569,31.65514,31.06579,31.06579,14500,31,451490
2013-07-03,30.61629,31.65514,30.46645,31.06579,15900,24,491798
2013-07-04,30.67622,31.36546,30.48643,31.16568,3000,11,93261
2013-07-05,31.33549,31.91486,30.9659,31.36546,4000,15,125135
2013-07-08,31.18566,31.5153,30.9659,31.31552,4300,33,134519
2013-07-10,30.9659,31.31552,30.9659,31.28555,3000,12,93205
2013-07-11,31.59521,31.59521,30.9659,31.56524,1600,6,49904
2013-07-12,31.39543,31.56524,30.9659,31.56524,3200,14,99785
2013-07-15,31.56524,31.75503,30.9659,31.57523,6900,43,215733
2013-07-16,31.79499,31.81497,31.11573,31.56524,1400,14,43929
2013-07-17,31.46535,31.56524,31.27556,31.46535,5200,29,163695
2013-07-18,31.41541,31.41541,31.21563,31.31552,4100,21,128518
2013-07-19,31.5153,31.75503,31.06579,31.66513,3100,20,97092
2013-07-22,31.54526,31.66513,31.07578,31.45536,4200,33,131694
2013-07-23,31.43538,31.46535,31.30553,31.46535,1000,9,31441
2013-07-24,31.35547,31.46535,31.35547,31.46535,1400,8,44081
2013-07-25,31.41541,31.65514,31.31552,31.33549,2500,13,78528
2013-07-26,31.27556,31.34548,31.26557,31.26557,2500,7,78261
2013-07-29,31.27556,31.36546,31.21563,31.36546,2300,10,71927
2013-07-30,31.46535,31.46535,31.26557,31.46535,700,5,21956
2013-07-31,31.44537,31.76502,31.36546,31.61518,2000,14,63092
2013-08-01,31.37545,31.37545,31.26557,31.3255,1700,9,53299
2013-08-02,31.21563,31.31552,31.06579,31.16568,3900,12,121586
2013-08-05,31.1457,31.1457,30.06689,30.06689,8200,40,249309
2013-08-06,29.57743,29.76722,29.51749,29.76722,3300,10,97927
2013-08-07,29.48753,29.967,29.21782,29.967,5900,18,173513
2013-08-08,29.86711,30.45646,28.9681,29.26777,27800,120,813523
2013-08-09,28.98808,29.46755,28.9681,29.37765,4200,20,122447
2013-08-12,29.20784,29.46755,28.91816,28.9681,4800,9,139087
2013-08-13,28.91816,29.26777,28.86821,28.9681,4600,16,133277
2013-08-14,28.82825,29.07798,28.81827,28.9681,2000,9,57818
2013-08-15,28.76832,28.86821,28.56854,28.86821,21100,30,605640
2013-08-16,28.67842,28.90817,28.47864,28.86821,5500,16,157273
2013-08-19,28.67842,29.20784,28.66843,28.86821,2100,13,60606
2013-08-20,28.66843,28.84823,28.46865,28.81827,4900,16,140099
2013-08-21,28.61848,28.91816,28.61848,28.91816,1100,6,31662
2013-08-22,28.67842,28.91816,28.66843,28.85822,1300,7,37387
2013-08-23,28.57853,28.9681,28.46865,28.81827,52800,20,1507115
2013-08-26,28.57853,28.7883,28.56854,28.7883,400,4,11483
2013-08-27,28.57853,28.66843,28.49862,28.66843,12200,22,348494
2013-08-28,28.57853,28.57853,27.65954,27.9692,368500,31,10216594
2013-08-29,28.46865,28.46865,27.91926,27.9692,3600,13,101099
2013-08-30,27.8793,27.97919,27.8793,27.97919,1800,10,50387
2013-09-02,28.06909,28.45866,27.9692,27.98918,4100,19,115122
2013-09-03,27.98918,28.01914,27.98918,27.99917,7600,4,212960
2013-09-04,27.9692,28.06909,27.77941,27.98918,3900,15,109120
2013-09-05,27.98918,27.99917,27.98918,27.99917,200,2,5605
2013-09-06,28.46865,28.91816,27.83934,28.0591,5300,25,148590
2013-09-09,27.88929,28.06909,27.77941,28.06909,4400,11,122827
2013-09-11,27.81936,28.11903,27.77941,28.11903,122800,21,3416794
2013-09-12,28.15899,28.16898,28.01914,28.11903,1600,9,45072
2013-09-13,28.11903,28.11903,28.11903,28.11903,4700,11,132305
2013-09-16,27.98918,28.11903,27.9692,28.11903,1000,5,28041
2013-09-17,28.0591,28.25888,27.76942,28.11903,45100,24,1257252
2013-09-18,28.16898,28.16898,28.07908,28.16898,800,7,22546
2013-09-19,28.06909,28.16898,27.97919,28.16898,2400,6,67621
2013-09-20,27.99917,28.16898,27.9692,28.16898,1800,13,50615
2013-09-23,28.21893,28.21893,27.86931,28.21893,3800,32,106734
2013-09-24,28.21893,28.21893,28.21893,28.21893,2000,4,56500
2013-09-25,27.99917,28.06909,27.86931,27.9692,154300,41,4307461
2013-09-26,27.9692,28.06909,27.8793,27.9692,102900,21,2872172
2013-09-27,28.02913,28.46865,28.02913,28.11903,1800,10,50601
2013-09-30,28.03912,28.18896,28.03912,28.18896,8400,12,236961
2013-10-01,28.01914,28.46865,27.9692,28.46865,9000,22,253142
2013-10-02,28.37875,28.66843,28.26887,28.66843,26300,12,747899
2013-10-03,28.47864,28.75833,28.46865,28.68841,5000,25,143162
2013-10-04,28.9681,28.9681,28.59851,28.86821,4300,21,123884
2013-10-07,28.70839,28.93813,28.6984,28.93813,800,4,23044
2013-10-08,28.86821,28.99807,28.77831,28.99807,8600,24,248808
2013-10-09,28.77831,29.11794,28.76832,29.09796,7000,9,202985
2013-10-10,29.10794,29.10794,28.83824,28.91816,27900,15,812241
2013-10-11,28.86821,29.08797,28.86821,29.08797,1200,4,34749
2013-10-14,29.08797,29.08797,28.86821,29.08797,21300,8,620075
2013-10-15,28.9681,29.07798,28.91816,28.99807,2700,11,78348
2013-10-16,29.06799,29.06799,28.97809,29.01804,2100,10,61012
2013-10-17,29.07798,29.26777,29.01804,29.16788,117600,38,3429061
2013-10-18,29.26777,29.26777,29.11794,29.16788,24100,86,703642
2013-10-21,29.16788,29.18786,29.1479,29.18786,18200,12,531552
2013-10-22,29.19785,29.19785,29.16788,29.17787,56300,7,1645568
2013-10-23,29.16788,29.46755,29.16788,29.2378,38800,23,1135107
2013-10-24,29.36766,29.36766,29.21782,29.26777,12900,19,377906
2013-10-25,29.2378,29.26777,29.22781,29.25778,4500,18,131757
2013-10-28,29.2378,29.26777,29.2378,29.25778,5600,34,163996
2013-10-29,29.22781,29.36766,29.22781,29.32771,244400,56,7184721
2013-10-30,29.36766,29.41761,29.31771,29.39763,157300,17,4624499
2013-10-31,29.36766,29.41761,29.36766,29.39763,10700,12,314776
2013-11-01,29.36766,29.42759,29.36766,29.42759,131900,13,3884456
2013-11-04,29.36766,29.46755,29.33769,29.41761,2200,15,64785
2013-11-05,29.32771,29.38764,29.32771,29.38764,1500,3,44070
2013-11-06,29.38764,29.46755,29.36766,29.46755,5000,35,147292
2013-11-07,29.46755,29.46755,29.41761,29.41761,4200,6,123835
2013-11-08,29.41761,29.41761,29.41761,29.41761,1100,2,32395
2013-11-11,29.37765,29.92704,29.37765,29.46755,97100,19,2867205
2013-11-12,29.40762,29.54746,29.40762,29.54746,2600,8,76708
2013-11-13,29.46755,29.51749,29.38764,29.51749,14200,16,418671
2013-11-14,29.53747,29.967,29.40762,29.46755,7100,18,209505
2013-11-19,29.31771,29.51749,28.66843,29.22781,32000,72,931424
2013-11-21,29.17787,29.95701,29.17787,29.36766,15700,49,460317
2013-11-26,28.51859,29.55745,28.51859,29.55745,300,3,8719
2013-11-28,29.39763,29.39763,27.77941,27.77941,600,4,17172
2013-12-02,27.56964,27.56964,26.77052,26.77052,200,2,5440
2013-12-03,26.08128,26.08128,23.47415,23.47415,800,4,20003
2013-12-04,22.47525,22.47525,22.47525,22.47525,200,2,4500
2013-12-05,22.47525,22.47525,22.47525,22.47525,300,1,6750
2013-12-06,22.47525,22.47525,22.47525,22.47525,400,2,9000
2013-12-09,22.48524,22.66504,22.47525,22.47525,1100,7,24783
2013-12-10,22.68502,22.68502,22.47525,22.47525,1200,5,27024
2013-12-11,22.68502,22.68502,21.9758,22.48524,1200,5,26875
2013-12-13,22.46526,22.46526,22.46526,22.46526,100,1,2249
2013-12-17,22.46526,22.46526,22.46526,22.46526,700,3,15743
2013-12-19,22.17558,22.17558,22.17558,22.17558,100,1,2220
2013-12-23,22.32541,22.32541,22.32541,22.32541,400,1,8940
2014-01-02,21.72607,21.9758,20.9769,20.9769,3200,7,69297
2014-01-03,20.9769,21.47635,20.47745,20.47745,4400,10,92730
2014-01-06,20.65725,20.65725,19.66834,19.66834,1200,4,24542
2014-01-07,20.02794,20.02794,19.978,19.978,300,3,6009
2014-01-08,19.67833,19.67833,19.66834,19.67833,2000,3,39392
2014-01-09,19.47855,19.54847,19.23881,19.23881,4300,7,83353
2014-01-10,19.47855,20.27767,19.47855,20.27767,600,3,11939
2014-01-13,19.77822,19.77822,19.57844,19.57844,1300,3,25640
2014-01-14,19.57844,19.57844,19.47855,19.47855,1300,2,25400
2014-01-22,19.48854,19.48854,19.48854,19.48854,1100,6,21461
2014-01-23,19.47855,19.47855,19.47855,19.47855,100,1,1950
2014-01-28,19.57844,19.57844,19.22882,19.27877,4000,8,77376
2014-01-29,18.9791,19.978,18.9791,19.978,10300,18,202328
2014-02-03,19.96801,19.978,19.96801,19.978,200,2,3999
2014-02-04,19.12893,19.12893,18.9791,19.03903,1200,4,22831
2014-02-05,19.77822,20.47745,19.77822,20.47745,1700,7,34023
2014-02-06,20.47745,20.47745,19.978,19.978,1100,2,22050
2014-02-10,19.978,19.978,19.978,19.978,100,1,2000
2014-02-11,20.17778,20.17778,19.07899,19.47855,1000,4,19880
2014-02-13,19.03903,22.47525,18.9791,22.47525,3400,10,69235
2014-02-14,22.47525,24.47305,22.47525,24.47305,1800,8,42350
2014-02-17,24.47305,25.9714,24.47305,25.9714,4500,17,114239
2014-02-18,26.08128,27.9692,26.08128,26.9703,6900,24,188149
2014-02-19,27.07019,29.63736,27.07019,29.63736,13800,25,392954
2014-02-20,29.46755,30.95591,28.9681,30.31662,9200,18,275355
2014-02-21,30.30663,31.12572,29.51749,29.56744,2400,14,72051
2014-02-24,28.9681,28.9681,28.9681,28.9681,300,3,8700
2014-02-25,28.9681,30.9659,28.9681,29.76722,2500,13,74346
2014-02-26,29.16788,29.26777,29.10794,29.10794,1800,11,52514
2014-02-27,28.9681,28.9681,28.9681,28.9681,1800,7,52200
2014-02-28,28.9681,28.9681,28.06909,28.06909,1000,5,28280
2014-03-06,28.06909,28.06909,28.06909,28.06909,300,3,8430
2014-03-07,28.01914,28.01914,26.9703,26.9703,5500,16,153741
2014-03-10,27.46975,27.9692,27.46975,27.9692,200,2,5550
2014-03-11,27.91926,27.91926,27.91926,27.91926,200,2,5590
2014-03-13,28.46865,28.46865,28.46865,28.46865,2100,4,59850
2014-03-14,27.91926,28.46865,27.91926,28.36876,3100,4,88285
2014-03-17,28.46865,28.46865,28.46865,28.46865,4200,8,119700
2014-03-18,27.9692,27.9692,27.91926,27.95921,8200,11,229555
2014-03-19,27.9692,27.9692,27.76942,27.76942,6900,12,192020
2014-03-20,27.9692,27.9692,27.76942,27.9692,9500,11,265953
2014-03-21,28.45866,28.46865,27.9692,27.9692,1700,4,47949
2014-03-24,27.89928,27.9692,27.46975,27.9692,10200,28,283261
2014-03-25,27.75,27.75,27.75,27.75,15400,22,427350
2014-03-26,27.75,27.75,27.65,27.75,25800,11,715910
2014-03-27,27.75,27.75,27.75,27.75,52900,19,1467975
2014-03-28,27.63,27.75,27.63,27.75,70100,5,1945263
2014-03-31,27.01,27.01,27.01,27.01,100,1,2701
2014-04-01,27.3,27.3,26.5,26.6,9200,10,246885
2014-04-02,26.0,26.98,26.0,26.5,18700,10,495754
2014-04-03,26.5,26.5,26.0,26.5,32000,14,847000
2014-04-04,26.5,28.0,26.02,26.02,218400,14,5787621
2014-04-07,26.13,26.13,25.5,25.95,2800,7,72019
2014-04-08,25.69,25.69,25.1,25.1,19900,12,507440
2014-04-09,25.38,26.5,24.93,26.49,2800,7,71675
2014-04-10,28.5,30.01,27.0,30.01,26500,15,783249
2014-04-11,27.05,29.0,27.05,27.53,41000,43,1151163
2014-04-14,27.51,31.48,27.5,30.0,1900,12,55571
2014-04-15,30.5,30.5,30.5,30.5,1100,2,33550
2014-04-16,30.7,31.0,30.7,31.0,900,2,27810
2014-04-17,30.5,32.0,30.0,30.0,2700,10,82903
2014-04-22,30.52,30.52,29.0,30.1,900,8,26587
2014-04-23,30.61,31.49,29.01,31.21,6000,43,183102
2014-04-24,31.49,31.5,31.4,31.4,700,4,22039
2014-04-28,31.94,32.0,31.94,32.0,200,2,6394
2014-04-30,32.0,32.69,32.0,32.0,1000,6,32409
2014-05-02,31.0,31.0,30.0,30.0,900,4,27200
2014-05-06,31.0,33.3,31.0,33.3,10300,9,335453
2014-05-07,32.02,33.42,32.0,32.64,2200,13,71452
2014-05-08,32.06,34.0,32.0,34.0,1600,14,53034
2014-05-09,33.38,35.0,31.04,35.0,2300,9,78913
2014-05-12,34.7,35.0,34.7,35.0,1400,6,48799
2014-05-13,35.99,36.0,35.99,36.0,200,2,7199
2014-05-14,36.0,36.0,36.0,36.0,100,1,3600
2014-05-15,35.05,36.0,35.05,36.0,2600,5,91510
2014-05-16,37.0,38.0,37.0,38.0,3500,8,131168
2014-05-19,38.0,39.0,38.0,39.0,700,2,27100
2014-05-20,39.1,41.1,39.1,41.1,800,4,31750
2014-05-21,40.74,44.9,40.74,44.9,600,6,25954
2014-05-22,44.9,49.92,44.19,49.92,1900,19,90798
2014-05-23,49.99,54.4,46.79,54.0,14300,36,753051
2014-05-26,54.37,54.37,54.35,54.35,1100,3,59787
2014-05-27,55.0,58.49,55.0,57.03,3300,13,187319
2014-05-28,58.5,62.4,58.0,62.0,103200,30,6092179
2014-05-29,62.0,62.0,59.0,60.0,2500,16,152205
2014-05-30,59.8,59.8,54.0,57.0,2400,15,133181
2014-06-02,58.09,58.1,58.0,58.0,300,3,17419
2014-06-03,57.0,57.0,56.9,57.0,500,3,28480
2014-06-04,57.99,58.0,56.0,57.0,3500,18,201114
2014-06-05,57.99,58.0,57.99,58.0,1200,5,69596
2014-06-06,57.05,57.32,57.05,57.3,4800,16,274223
2014-06-09,58.0,58.0,57.6,58.0,1200,7,69480
2014-06-10,58.0,58.4,58.0,58.4,8700,19,506440
2014-06-11,58.35,60.0,58.35,60.0,2500,10,148691
2014-06-13,60.0,60.2,59.91,60.0,4400,9,264026
2014-06-16,60.9,61.0,60.9,61.0,500,3,30490
2014-06-18,61.0,62.0,61.0,62.0,1900,6,117257
2014-06-24,61.1,62.0,61.1,62.0,1400,6,86234
2014-06-25,62.5,62.5,62.23,62.23,400,3,24973
2014-06-26,60.0,62.2,60.0,62.2,3700,13,225138
2014-06-27,61.51,63.5,61.5,63.5,1500,10,93850
2014-06-30,63.3,63.85,63.0,63.84,600,5,38083
2014-07-01,63.51,63.51,59.55,59.55,7200,28,454671
2014-07-02,60.51,61.9,60.5,61.05,4600,25,281424
2014-07-03,61.99,62.79,61.99,62.79,1700,11,105573
2014-07-04,60.51,61.61,60.51,61.6,400,3,24532
2014-07-07,61.6,63.0,60.04,60.04,3300,18,201494
2014-07-08,61.99,62.0,61.51,61.51,1100,5,68099
2014-07-10,61.51,62.5,61.51,62.01,1100,11,68274
2014-07-11,62.01,62.4,62.0,62.4,700,6,43441
2014-07-14,61.51,61.51,60.5,61.0,1100,11,67312
2014-07-15,60.01,61.5,60.01,61.0,900,7,54950
2014-07-16,61.0,61.0,61.0,61.0,300,2,18300
2014-07-17,61.0,61.0,61.0,61.0,200,1,12200
2014-07-18,61.01,62.0,61.0,61.5,900,8,55335
2014-07-21,61.5,62.5,60.51,62.5,1700,11,104521
2014-07-22,62.5,62.5,62.04,62.5,600,6,37453
2014-07-23,62.89,63.0,62.5,62.5,1200,6,75229
2014-07-24,63.1,63.1,63.1,63.1,100,1,6310
2014-07-25,62.51,63.5,62.41,63.5,500,4,31462
2014-07-28,63.0,63.0,63.0,63.0,1500,2,94500
2014-07-29,63.0,63.0,63.0,63.0,300,3,18900
2014-07-30,63.2,63.4,63.0,63.0,400,4,25299
2014-07-31,63.0,63.0,63.0,63.0,200,1,12600
2014-08-01,62.5,62.5,53.08,53.08,1400,14,79872
2014-08-04,54.75,59.0,54.75,57.0,1500,8,85375
2014-08-05,54.91,54.91,52.5,52.5,200,2,10741
2014-08-06,53.99,54.0,48.1,48.1,2000,11,99196
2014-08-07,48.0,48.0,48.0,48.0,200,2,9600
2014-08-08,48.0,48.99,48.0,48.99,1000,8,48099
2014-08-11,49.0,49.0,49.0,49.0,100,1,4900
2014-08-13,48.0,48.0,47.99,48.0,800,7,38399
2014-08-14,48.0,48.0,48.0,48.0,200,2,9600
2014-08-15,48.0,48.0,48.0,48.0,600,6,28800
2014-08-18,48.0,48.0,48.0,48.0,400,4,19200
2014-08-19,48.0,48.0,48.0,48.0,700,3,33600
2014-08-20,46.5,46.5,46.5,46.5,100,1,4650
2014-08-21,46.0,46.0,46.0,46.0,100,1,4600
2014-08-25,45.51,45.51,45.5,45.5,200,2,9101
2014-08-26,45.0,45.0,43.5,44.49,500,5,22199
2014-08-28,43.2,43.2,42.5,42.5,300,3,12890
2014-08-29,40.15,42.3,39.91,41.98,1900,18,77407
2014-09-01,43.0,47.0,43.0,47.0,2500,12,116400
2014-09-02,47.01,47.01,46.99,47.0,35200,9,1654400
2014-09-03,47.01,48.0,47.01,48.0,200,2,9501
2014-09-04,48.99,48.99,48.0,48.0,200,2,9699
2014-09-08,47.0,47.0,47.0,47.0,3600,5,169200
2014-09-09,47.01,47.01,47.0,47.0,600,6,28201
2014-09-10,47.0,47.0,47.0,47.0,100,1,4700
2014-09-11,47.9,47.94,47.15,47.25,500,5,23778
2014-09-12,46.5,47.0,46.5,47.0,500,4,23450
2014-09-15,47.28,47.28,47.28,47.28,100,1,4728
2014-09-16,47.01,47.21,47.01,47.01,300,3,14123
2014-09-17,47.01,47.07,47.0,47.01,700,6,32909
2014-09-18,47.0,47.0,47.0,47.0,200,1,9400
2014-09-19,47.0,47.0,47.0,47.0,1700,7,79900
2014-09-22,47.0,47.0,47.0,47.0,1100,7,51700
2014-09-23,47.0,47.0,47.0,47.0,400,3,18800
2014-09-24,47.0,47.0,47.0,47.0,700,5,32900
2014-09-25,47.0,47.0,47.0,47.0,100,1,4700
2014-09-26,47.0,47.0,47.0,47.0,600,2,28200
2014-09-29,47.0,47.3,47.0,47.03,600,4,28233
2014-10-01,47.0,47.0,45.5,45.5,23400,13,1099401
2014-10-02,47.0,47.0,47.0,47.0,400,4,18800
2014-10-03,47.0,47.0,46.0,47.0,12600,11,591901
2014-10-06,45.6,45.6,45.0,45.0,300,3,13560
2014-10-07,45.0,45.0,45.0,45.0,100,1,4500
2014-10-08,45.0,45.0,44.0,44.0,300,3,13400
2014-10-09,44.0,44.0,43.5,43.5,300,3,13150
2014-10-10,43.49,43.5,42.5,43.0,1300,10,56150
2014-10-13,43.0,45.8,43.0,45.8,2300,9,101730
2014-10-14,46.5,47.0,46.5,47.0,23000,6,1080950
2014-10-15,46.0,46.94,46.0,46.94,900,3,41494
2014-10-16,46.9,47.01,46.9,47.0,10100,7,474676
2014-10-17,47.0,47.0,46.0,46.0,5500,2,258400
2014-10-20,44.5,44.5,43.0,44.0,400,4,17550
2014-10-21,42.5,42.5,42.0,42.0,300,2,12650
2014-10-22,45.0,45.0,45.0,45.0,300,3,13500
2014-10-23,43.0,43.0,43.0,43.0,200,2,8600
2014-10-24,43.0,43.0,43.0,43.0,200,2,8600
2014-10-27,41.5,42.5,40.0,42.5,600,5,24750
2014-10-28,42.0,42.0,42.0,42.0,400,4,16800
2014-10-29,42.0,42.0,42.0,42.0,100,1,4200
2014-10-30,42.0,43.0,42.0,43.0,200,2,8500
2014-10-31,44.0,47.0,44.0,47.0,800,8,36950
2014-11-03,48.0,50.0,48.0,48.0,400,4,19400
2014-11-04,48.0,48.0,48.0,48.0,100,1,4800
2014-11-05,48.0,48.0,48.0,48.0,100,1,4800
2014-11-06,48.0,48.0,48.0,48.0,200,2,9600
2014-11-07,48.0,48.0,48.0,48.0,300,3,14400
2014-11-10,48.0,48.0,48.0,48.0,400,4,19200
2014-11-11,47.0,47.01,47.0,47.0,300,3,14101
2014-11-12,47.0,47.0,47.0,47.0,100,1,4700
2014-11-13,47.0,47.0,47.0,47.0,300,3,14100
2014-11-14,45.6,47.0,45.6,47.0,500,5,23220
2014-11-17,45.6,46.95,44.81,45.0,1200,12,54787
2014-11-18,43.72,43.72,43.0,43.0,200,2,8672
2015-01-20,42.0,42.0,42.0,42.0,800,4,33600
2015-01-27,40.0,40.0,40.0,40.0,100,1,4000
