Date,Open,High,Low,Close,Volume,Neg,Fin
2017-07-31,16.46,16.8,16.2,16.5,5691900,4058,93796916
2017-08-01,16.5,16.79,16.5,16.79,457400,775,7629521
2017-08-02,16.84,16.84,16.65,16.71,365400,489,6111259
2017-08-03,17.0,17.0,16.68,16.8,799700,941,13447859
2017-08-04,16.95,17.47,16.67,17.47,291700,931,4949373
2017-08-07,17.0,17.37,16.75,17.01,286300,620,4885505
2017-08-08,17.4,17.4,16.88,17.0,157500,375,2672592
2017-08-09,17.19,17.19,16.71,16.78,114900,191,1934711
2017-08-10,16.65,17.2,16.61,16.9,78100,216,1314019
2017-08-11,17.09,17.12,16.61,16.99,129000,259,2178393
2017-08-14,17.1,17.2,16.74,17.0,143300,402,2436332
2017-08-15,17.05,17.13,16.61,16.63,143200,226,2394535
2017-08-16,16.65,16.89,16.28,16.64,57100,202,949832
2017-08-17,16.7,16.95,16.37,16.95,118500,651,1975365
2017-08-18,16.95,17.1,16.78,17.1,139600,580,2359844
2017-08-21,17.09,17.14,16.84,16.95,52300,191,889545
2017-08-22,17.0,17.17,16.75,17.1,250800,110,4251191
2017-08-23,16.87,17.73,16.8,17.2,88200,387,1522357
2017-08-24,17.39,17.39,17.0,17.25,63500,112,1086217
2017-08-25,17.47,17.47,17.03,17.4,112000,254,1938577
2017-08-28,17.4,17.7,17.04,17.3,123200,414,2125631
2017-08-29,17.24,17.25,17.0,17.07,142400,405,2433258
2017-08-30,17.2,17.41,17.01,17.27,251500,692,4304480
2017-08-31,17.33,17.48,17.16,17.35,234500,400,4063081
2017-09-01,17.42,17.47,17.19,17.45,70100,366,1219574
2017-09-04,17.48,17.54,17.25,17.54,53200,143,929982
2017-09-05,17.5,17.5,16.9,17.16,744100,879,12809358
2017-09-06,17.19,17.38,17.06,17.38,211100,701,3636902
2017-09-08,17.42,17.52,16.97,17.0,257700,824,4400094
2017-09-11,17.18,17.18,17.0,17.15,693100,277,11801392
2017-09-12,17.3,17.3,17.0,17.05,324000,271,5518406
2017-09-13,17.25,17.36,17.0,17.07,613500,298,10452890
2017-09-14,17.34,17.49,17.25,17.34,142200,407,2468338
2017-09-15,17.6,17.6,17.3,17.39,1324000,214,22926233
2017-09-18,17.18,17.58,17.17,17.5,130000,494,2263018
2017-09-19,17.49,17.49,17.16,17.36,127700,372,2207120
2017-09-20,17.17,17.48,17.04,17.19,197700,587,3397614
2017-09-21,17.2,17.3,17.1,17.2,346000,69,5931222
2017-09-22,17.33,17.48,17.09,17.2,117300,457,2021365
2017-09-25,17.47,17.47,17.05,17.35,1303400,897,22302595
2017-09-26,17.33,17.95,17.01,17.94,976400,1572,17294260
2017-09-27,17.98,18.35,17.6,18.0,215600,465,3866811
2017-09-28,17.55,18.24,17.55,17.85,313600,992,5587031
2017-09-29,18.03,18.19,17.72,17.9,1148900,802,20564186
2017-10-02,18.04,18.33,17.69,17.91,361200,685,6490957
2017-10-03,18.07,18.12,17.74,18.0,1131200,934,20276239
2017-10-04,18.05,18.06,17.61,17.8,592200,1081,10504294
2017-10-05,17.82,18.19,17.59,18.19,1190000,1262,21396640
2017-10-06,18.08,18.08,17.69,17.99,329900,751,5907052
2017-10-09,17.95,18.06,17.7,18.0,126300,727,2263959
2017-10-10,18.02,18.19,17.81,17.96,175300,926,3144236
2017-10-11,18.06,18.18,17.75,18.02,111000,797,1997431
2017-10-13,18.0,18.2,17.82,18.1,130900,808,2367496
2017-10-16,18.14,18.19,17.85,17.85,268400,1021,4811408
2017-10-17,17.82,18.06,17.66,17.76,2181400,875,39010430
2017-10-18,17.93,17.99,17.41,17.65,328500,859,5774582
2017-10-19,17.66,17.89,17.47,17.89,162000,808,2880734
2017-10-20,17.92,18.09,17.76,17.95,614900,878,11006892
2017-10-23,18.09,18.09,17.7,17.9,320700,1232,5733067
2017-10-24,17.89,18.06,17.61,17.61,248800,1093,4398438
2017-10-25,17.55,17.76,17.39,17.5,242600,837,4252290
2017-10-26,17.62,17.73,17.2,17.4,135400,750,2357581
2017-10-27,17.5,17.73,17.17,17.4,265600,803,4634135
2017-10-30,17.26,17.75,17.24,17.75,206500,906,3623580
2017-10-31,17.8,17.87,17.31,17.45,222300,1119,3895161
2017-11-01,17.45,18.02,17.26,18.02,132900,817,2342261
2017-11-03,17.96,18.06,17.6,17.9,134300,1062,2392845
2017-11-06,17.99,18.49,17.46,17.7,285100,1398,5100096
2017-11-07,17.81,18.08,17.0,17.27,589500,897,10210777
2017-11-08,17.34,17.45,17.01,17.27,999900,2154,17073544
2017-11-09,17.32,17.45,16.99,17.03,136100,893,2333647
2017-11-10,17.05,17.25,16.66,17.01,121000,942,2063357
2017-11-13,17.09,17.39,16.87,17.22,385200,770,6634635
2017-11-14,17.37,17.73,17.14,17.3,289700,868,5039282
2017-11-16,17.48,17.69,17.28,17.5,208200,928,3637599
2017-11-17,17.46,18.0,17.34,18.0,200500,1244,3520677
2017-11-21,17.98,18.11,17.62,17.8,280200,1064,4979738
2017-11-22,17.98,17.98,17.47,17.79,258100,1176,4573823
2017-11-23,17.78,17.78,17.52,17.78,112900,979,1994916
2017-11-24,17.92,17.92,17.66,17.78,130000,529,2310693
2017-11-27,17.66,17.85,17.51,17.85,354900,959,6311720
2017-11-28,17.89,17.93,17.6,17.6,184500,787,3260837
2017-11-29,17.61,18.18,17.27,17.38,124700,809,2172333
2017-11-30,17.32,17.39,17.0,17.3,185500,387,3197888
2017-12-01,17.37,17.37,17.06,17.27,214400,745,3695148
2017-12-04,17.46,17.46,17.13,17.15,85800,692,1480936
2017-12-05,17.25,17.38,17.0,17.25,499700,739,8554396
2017-12-06,17.16,17.34,16.85,17.3,146300,759,2514047
2017-12-07,17.19,17.26,16.74,17.04,488400,794,8270926
2017-12-08,17.09,17.34,16.89,16.94,150400,818,2559903
2017-12-11,16.99,17.09,16.76,16.76,263800,1049,4446841
2017-12-12,16.69,16.74,16.35,16.4,371000,696,6112794
2017-12-13,16.54,16.59,16.23,16.4,84100,669,1380701
2017-12-14,16.41,16.45,16.13,16.26,91200,661,1481042
2017-12-15,16.33,16.38,16.04,16.2,94100,732,1524386
2017-12-18,16.54,17.12,16.11,16.9,1275400,1573,20727403
2017-12-19,16.71,16.81,16.38,16.81,258600,1629,4291228
2017-12-20,17.02,17.19,16.66,17.04,214600,760,3657045
2017-12-21,17.0,17.18,16.73,17.17,376000,963,6403038
2017-12-22,17.26,17.28,16.85,17.05,212000,793,3617205
2017-12-26,17.31,17.34,16.86,17.34,155900,250,2692839
2017-12-27,17.33,17.45,17.15,17.32,177700,875,3077763
2017-12-28,17.47,17.74,17.16,17.5,648600,949,11321951
2018-01-02,17.62,17.73,17.23,17.3,135300,751,2349466
2018-01-03,17.3,17.58,17.2,17.2,186100,988,3215898
2018-01-04,17.23,17.38,16.95,17.0,200600,928,3422040
2018-01-05,17.02,17.3,16.81,17.3,158500,640,2698729
2018-01-08,17.37,17.38,16.87,17.2,757900,1109,12903213
2018-01-09,17.11,17.24,16.81,16.83,145300,884,2453142
2018-01-10,16.86,16.92,16.37,16.5,1029600,4141,17069488
2018-01-11,16.6,17.04,16.36,16.97,142700,734,2397333
2018-01-12,16.86,17.08,16.81,16.89,672900,982,11420704
2018-01-15,16.74,16.98,16.65,16.98,253200,1206,4265840
2018-01-16,17.05,17.05,16.72,17.0,214900,1100,3625893
2018-01-17,17.0,17.12,16.87,16.95,103300,727,1753535
2018-01-18,17.0,17.45,16.84,17.15,151600,1090,2598296
2018-01-19,17.29,17.49,17.05,17.49,95500,710,1652423
2018-01-22,17.48,17.5,17.33,17.44,87400,661,1524819
2018-01-23,17.44,17.5,17.32,17.5,134100,739,2343230
2018-01-24,17.49,17.95,17.25,17.81,287600,1616,5100227
2018-01-26,17.99,18.04,17.51,17.7,222700,1325,3959943
2018-01-29,17.73,17.99,17.24,17.7,211000,1085,3742909
2018-01-30,17.71,17.98,17.46,17.65,205100,1271,3635231
2018-01-31,17.8,18.05,17.66,17.9,306000,813,5470205
2018-02-01,18.0,18.05,17.69,17.97,331800,1347,5938658
2018-02-02,17.95,17.96,17.61,17.64,240600,718,4251189
2018-02-05,17.64,17.82,17.3,17.54,147300,695,2589015
2018-02-06,17.61,17.79,17.35,17.64,96500,700,1693153
2018-02-07,17.6,18.27,17.54,17.95,287500,952,5144810
2018-02-08,17.95,18.06,17.51,17.89,193500,788,3452512
2018-02-09,17.93,18.31,17.67,17.9,213500,814,3812610
2018-02-14,17.96,18.26,17.44,17.9,194700,1148,3444183
2018-02-15,17.93,18.02,17.66,17.85,170700,819,3051204
2018-02-16,17.81,18.13,17.81,18.13,650700,784,11672443
2018-02-19,18.14,18.27,17.97,18.16,262700,648,4756728
2018-02-20,18.15,18.35,18.02,18.28,149400,837,2726017
2018-02-21,18.34,18.49,18.18,18.25,802300,993,14647384
2018-02-22,18.37,18.63,18.2,18.28,212600,1333,3897749
2018-02-23,18.18,18.43,18.11,18.28,194400,826,3543164
2018-02-26,18.45,18.5,18.05,18.3,306700,795,5627906
2018-02-27,18.32,18.43,18.04,18.25,201200,1114,3661594
2018-02-28,18.29,18.75,18.05,18.45,170600,1000,3136982
2018-03-01,18.49,18.54,18.2,18.49,111100,718,2045726
2018-03-02,18.54,18.54,17.9,18.14,248600,1396,4494315
2018-03-05,18.04,18.32,18.01,18.1,98400,712,1788899
2018-03-06,18.16,18.38,17.86,18.38,121300,720,2202698
2018-03-07,18.38,18.47,18.16,18.47,383500,1085,7031848
2018-03-08,18.37,18.64,18.13,18.13,196400,998,3584795
2018-03-09,18.05,18.25,17.98,18.05,143200,1146,2593968
2018-03-12,18.18,18.21,17.92,18.05,328200,924,5920821
2018-03-13,18.15,18.57,17.92,18.32,201500,792,3673432
2018-03-14,18.28,18.59,17.93,17.95,207500,284,3728761
2018-03-15,17.98,18.06,17.68,17.89,162200,1219,2909120
2018-03-16,17.91,18.02,17.56,17.56,253900,988,4522396
2018-03-19,17.56,18.07,17.33,17.89,254000,1351,4529865
2018-03-20,18.0,18.1,17.25,17.32,322700,1208,5626514
2018-03-21,17.41,17.65,17.16,17.65,183600,825,3217513
2018-03-22,17.62,17.95,17.43,17.65,2072400,1140,36348979
2018-03-23,17.63,17.94,17.48,17.7,100800,738,1786389
2018-03-26,18.02,18.06,17.56,17.85,261000,1622,4634592
2018-03-27,18.02,18.02,17.51,17.85,110100,925,1955326
2018-03-28,17.71,18.4,17.47,18.15,313800,1959,5647404
2018-03-29,18.1,18.32,18.01,18.2,455000,1500,8277806
2018-04-02,18.26,18.29,17.94,18.05,142900,970,2587792
2018-04-03,18.06,18.2,17.78,17.96,746300,819,13452154
2018-04-04,17.95,18.2,17.47,18.2,153500,942,2734034
2018-04-05,18.35,18.35,17.97,18.15,97200,735,1764292
2018-04-06,18.2,18.22,17.65,17.77,156200,919,2778829
2018-04-09,17.79,18.19,17.77,18.05,183500,817,3302396
2018-04-10,18.11,18.15,17.59,18.1,180900,1338,3240156
2018-04-11,18.24,18.25,17.48,17.8,131900,801,2354286
2018-04-12,17.9,17.91,17.53,17.7,430200,883,7610506
2018-04-13,17.74,18.0,17.57,17.7,147800,1044,2619034
2018-04-16,17.59,17.75,17.32,17.7,514300,891,9040826
2018-04-17,17.68,17.78,17.44,17.55,222300,1029,3912471
2018-04-18,17.53,17.79,17.21,17.26,291800,1259,5065377
2018-04-19,17.19,17.35,16.81,17.11,341000,988,5834288
2018-04-20,17.17,17.51,16.8,17.0,166700,661,2847300
2018-04-23,17.06,17.34,16.75,17.21,1468100,1012,24981366
2018-04-24,17.29,17.37,16.93,17.0,354300,855,6034174
2018-04-25,17.04,17.09,16.8,16.99,98000,798,1665551
2018-04-26,17.01,17.31,16.89,17.14,107900,779,1849184
2018-04-27,17.33,17.65,16.9,16.93,509800,459,8711310
2018-04-30,17.05,17.09,16.55,16.86,169300,718,2849264
2018-05-02,16.75,17.14,16.51,17.05,200700,1193,3372802
2018-05-03,17.04,17.26,16.65,16.9,141700,672,2389284
2018-05-04,16.98,17.39,16.58,17.13,247200,1277,4212542
2018-05-07,17.24,17.41,16.75,17.16,289000,1452,4925872
2018-05-08,17.16,17.16,16.83,16.86,156900,1031,2659157
2018-05-09,16.87,16.9,16.53,16.6,173800,1250,2889905
2018-05-10,16.61,16.78,16.33,16.72,969500,1986,16141249
2018-05-11,16.75,17.16,16.67,16.98,201900,1148,3421365
2018-05-14,17.04,17.08,16.4,16.56,543300,2147,9002266
2018-05-15,16.4,17.35,16.0,16.97,484400,2653,8119427
2018-05-16,16.98,17.53,16.96,17.0,235500,1457,4071296
2018-05-17,17.09,17.34,16.57,16.93,209300,1207,3528062
2018-05-18,16.89,17.0,16.34,16.6,496000,1483,8241896
2018-05-21,16.7,16.75,16.25,16.25,207400,1184,3406448
2018-05-22,16.31,16.69,16.0,16.55,282900,1820,4603022
2018-05-23,16.67,16.92,16.36,16.37,157700,1147,2601805
2018-05-24,16.39,16.79,16.22,16.54,187900,1317,3088041
2018-05-25,16.55,16.79,16.25,16.44,206100,1350,3379788
2018-05-28,16.21,16.59,16.06,16.15,170300,960,2762905
2018-05-29,16.2,16.2,15.9,15.95,287000,910,4586445
2018-05-30,15.94,16.5,15.91,16.1,778200,1958,12520944
2018-06-01,16.41,16.44,15.92,16.07,648300,788,10421650
2018-06-04,16.15,16.74,16.15,16.33,224400,1823,3679635
2018-06-05,16.19,16.33,15.9,15.99,119200,841,1913982
2018-06-06,15.9,16.08,15.6,15.6,130200,1042,2044401
2018-06-07,15.55,15.6,14.5,15.03,317500,1114,4728578
2018-06-08,15.1,15.31,14.73,15.3,445500,1115,6742520
2018-06-11,15.02,15.33,14.61,14.85,259000,993,3865901
2018-06-12,14.85,15.38,14.53,15.15,404400,1050,6114515
2018-06-13,15.29,15.43,14.91,15.21,157200,1185,2394672
2018-06-14,15.3,15.71,15.0,15.55,446500,1268,6932692
2018-06-15,15.57,16.1,15.26,15.65,156200,1126,2459951
2018-06-18,15.41,15.69,15.0,15.15,622000,1699,9539373
2018-06-19,15.27,15.55,15.0,15.45,243900,861,3749031
2018-06-20,15.42,16.08,15.2,15.65,111900,922,1752726
2018-06-21,15.51,16.25,15.12,15.79,207600,1043,3274219
2018-06-22,15.75,15.92,15.24,15.62,144400,761,2241571
2018-06-25,15.63,15.74,15.35,15.52,212500,770,3305587
2018-06-26,15.6,15.87,15.34,15.87,100200,759,1564248
2018-06-27,15.61,17.07,15.55,16.0,135400,836,2203270
2018-06-28,16.31,16.31,15.83,16.18,104700,691,1679694
2018-06-29,16.03,17.03,15.74,16.2,586700,1417,9479038
2018-07-02,16.6,16.6,15.8,16.29,55400,227,896626
2018-07-03,16.25,16.93,16.02,16.7,87400,378,1448574
2018-07-04,16.4,17.0,16.21,16.85,49000,235,824375
2018-07-05,16.64,17.0,16.59,16.62,39800,174,664919
2018-07-06,16.45,16.92,16.29,16.75,78800,610,1315796
2018-07-10,16.95,16.95,16.11,16.31,158800,1101,2584654
2018-07-11,16.62,16.62,15.65,16.22,144800,1054,2325579
2018-07-12,16.28,16.46,15.82,16.04,221200,1158,3551067
2018-07-13,16.04,16.29,15.61,15.89,178500,1156,2830376
2018-07-16,16.04,16.64,15.53,16.3,148500,1228,2365952
2018-07-17,16.25,16.81,15.95,16.11,145100,1103,2374987
2018-07-18,16.24,16.34,16.0,16.0,224000,1149,3625118
2018-07-19,16.03,16.46,15.92,16.19,163000,596,2619252
2018-07-20,16.37,16.99,16.2,16.4,210100,825,3468569
2018-07-23,16.35,16.59,16.02,16.1,121900,800,1978518
2018-07-24,16.11,16.33,15.96,16.25,87000,730,1409329
2018-07-25,16.31,16.64,16.14,16.2,158200,967,2577086
2018-07-26,16.25,16.32,16.05,16.25,100500,831,1632006
2018-07-27,16.24,16.32,16.0,16.05,450800,1004,7246078
2018-07-30,16.11,16.11,15.95,16.03,134900,950,2161455
2018-07-31,16.02,16.18,15.89,16.09,109900,791,1758732
2018-08-01,16.12,16.19,15.82,15.86,206900,1166,3291485
2018-08-02,15.86,15.94,15.78,15.79,106200,810,1686473
2018-08-03,15.87,15.95,15.7,15.94,121900,847,1935018
2018-08-06,16.01,16.89,15.78,15.99,138900,848,2232525
2018-08-07,16.1,16.26,15.88,15.98,254800,1141,4074524
2018-08-08,16.06,16.18,15.73,15.91,112000,935,1780718
2018-08-09,15.86,16.49,15.63,16.29,162500,958,2590710
2018-08-10,16.08,16.17,15.55,15.9,153900,798,2428702
2018-08-13,15.93,16.05,15.65,15.9,126800,869,2009483
2018-08-14,15.91,16.85,15.89,16.46,107000,885,1739421
2018-08-15,16.44,17.25,16.16,16.73,138300,1038,2322647
2018-08-16,16.93,17.01,16.39,16.8,555700,867,9287520
2018-08-17,16.8,17.01,16.32,16.32,211000,1210,3480865
2018-08-20,16.33,16.37,15.88,16.0,182800,1346,2943279
2018-08-21,15.98,16.07,15.71,16.0,175100,1315,2792059
2018-08-22,16.05,16.11,15.81,16.11,41700,215,668120
2018-08-23,16.1,16.1,15.42,15.49,224800,1396,3501716
2018-08-24,15.5,16.8,15.45,16.8,138500,841,2235153
2018-08-27,16.65,16.65,16.06,16.29,215700,1399,3499172
2018-08-28,16.29,16.29,15.87,16.0,258900,1615,4142273
2018-08-29,16.04,16.15,15.76,16.0,221500,1655,3526022
2018-08-30,16.02,16.43,15.6,15.98,196800,1534,3122624
2018-08-31,15.99,16.35,15.94,16.12,83800,463,1351839
2018-09-03,16.12,16.19,15.77,16.19,135300,1179,2155156
2018-09-04,16.15,16.17,15.62,15.66,225300,1355,3545408
2018-09-05,15.77,16.16,15.67,16.09,150000,1191,2393623
2018-09-06,16.09,16.34,15.51,15.51,200200,1270,3157110
2018-09-10,15.7,15.88,15.47,15.8,203100,1371,3175479
2018-09-11,15.78,15.84,15.43,15.61,104300,936,1627285
2018-09-12,15.37,16.15,15.37,16.05,142200,758,2254211
2018-09-13,15.95,16.09,15.81,15.97,134400,1062,2141854
2018-09-14,15.88,16.2,15.76,16.0,104600,787,1665599
2018-09-17,16.18,16.18,15.82,16.08,1365900,896,21730007
2018-09-18,16.01,16.15,15.77,16.0,217900,842,3485544
2018-09-19,15.8,16.02,15.29,15.5,608900,1177,9475267
2018-09-20,15.67,15.83,15.26,15.5,243900,1803,3773515
2018-09-21,15.44,15.66,15.36,15.5,276600,1194,4287335
2018-09-24,15.47,15.65,15.36,15.5,101100,793,1567462
2018-09-25,15.44,15.5,15.09,15.15,1643300,1000,24847513
2018-09-26,15.24,15.54,14.72,14.72,597200,1484,8967239
2018-09-27,14.8,15.54,14.72,15.2,107600,908,1611678
2018-09-28,15.17,15.22,14.7,14.7,337000,809,5028386
2018-10-01,14.92,14.92,14.54,14.69,135100,933,1980300
2018-10-02,14.9,15.73,14.83,15.4,138500,822,2130986
2018-10-03,15.9,16.09,15.02,15.15,1105600,1389,16776343
2018-10-04,15.2,15.3,14.72,15.04,101800,835,1534905
2018-10-05,15.3,15.3,14.88,15.19,154800,858,2337983
2018-10-08,15.4,15.85,15.35,15.64,131300,968,2038356
2018-10-09,15.64,15.72,15.06,15.3,285800,1677,4351462
2018-10-10,15.28,15.37,15.0,15.23,105100,850,1595829
2018-10-11,15.25,15.28,14.88,15.06,506300,831,7600432
2018-10-15,15.39,15.39,14.89,14.97,76200,727,1146321
2018-10-16,15.02,15.3,14.95,15.13,108300,797,1638662
2018-10-17,15.19,15.48,14.81,15.35,233900,768,3553562
2018-10-18,15.41,15.41,15.1,15.1,93100,792,1419527
2018-10-19,15.12,15.5,14.86,15.5,106500,808,1615370
2018-10-22,15.71,15.78,15.2,15.66,108100,813,1679013
2018-10-23,15.88,16.15,15.38,16.0,422200,1403,6737389
2018-10-24,15.95,16.16,15.54,16.0,93100,788,1473420
2018-10-25,15.85,16.35,15.7,15.9,283400,861,4512982
2018-10-26,15.84,16.28,15.59,16.0,165200,985,2623840
2018-10-29,16.21,16.28,15.76,15.99,141700,769,2262498
2018-10-30,15.87,16.33,15.87,16.05,303400,1256,4868440
2018-10-31,15.96,16.21,15.78,15.8,234000,1522,3727917
2018-11-01,16.02,16.07,15.86,15.91,209500,909,3339191
2018-11-05,16.02,16.38,15.68,15.88,348900,1117,5575565
2018-11-06,15.88,16.26,15.85,16.0,226000,1247,3620497
2018-11-07,15.82,16.33,15.8,15.99,93500,722,1496991
2018-11-08,15.91,16.22,15.85,15.99,193700,995,3097104
2018-11-09,16.1,16.1,15.82,15.99,103500,747,1652947
2018-11-12,15.99,16.28,15.76,16.2,110300,730,1774647
2018-11-13,16.28,16.3,15.8,15.98,87200,715,1391639
2018-11-14,16.04,16.04,15.65,15.78,141000,1042,2228269
2018-11-16,15.94,16.15,15.73,16.0,128600,1052,2053830
2018-11-19,16.0,16.07,15.82,16.0,244400,850,3903579
2018-11-21,15.97,16.02,15.83,15.9,143400,775,2289228
2018-11-22,15.9,16.09,15.82,16.0,585400,752,9364319
2018-11-23,16.21,16.6,16.09,16.25,415700,1244,6809718
2018-11-26,16.25,16.88,15.98,16.06,161900,1075,2630050
2018-11-27,16.0,16.43,15.73,16.03,173500,1028,2789308
2018-11-28,16.03,16.35,15.75,15.96,284800,1090,4538530
2018-11-29,15.97,16.17,15.84,15.92,171400,952,2735140
2018-11-30,15.98,16.0,15.87,15.87,128300,901,2048246
2018-12-03,15.98,16.21,15.47,15.9,232100,1753,3688625
2018-12-04,16.03,16.07,15.69,15.81,96200,831,1528284
2018-12-05,15.77,15.96,15.56,15.83,207000,1598,3259666
2018-12-06,15.81,16.04,15.75,15.94,296900,1691,4740392
2018-12-07,15.85,16.21,15.85,15.98,365100,950,5846757
2018-12-10,16.1,16.26,15.85,16.2,134000,898,2149610
2018-12-11,16.42,16.77,16.14,16.4,155400,1305,2532825
2018-12-12,16.59,16.98,16.22,16.54,195400,1464,3232130
2018-12-13,16.6,16.71,16.26,16.45,158800,1326,2613106
2018-12-14,16.35,16.49,16.22,16.42,154500,1074,2536688
2018-12-17,16.56,16.61,16.06,16.22,128200,841,2080908
2018-12-18,16.24,16.35,16.05,16.14,233100,1693,3769048
2018-12-19,16.64,16.64,15.89,16.2,116100,906,1870660
2018-12-20,16.26,16.3,16.06,16.2,283200,1117,4588560
2018-12-21,16.39,16.4,16.08,16.21,190100,1533,3090629
2018-12-26,16.37,17.12,16.11,16.77,130500,1022,2136171
2018-12-27,16.59,17.74,16.59,17.33,191400,1528,3261346
2018-12-28,17.66,17.9,17.29,17.45,564700,2167,9912165
2019-01-02,17.45,18.5,17.45,18.24,994000,1063,18104212
2019-01-03,18.49,18.58,17.95,18.4,155400,1148,2849338
2019-01-04,18.5,18.93,18.28,18.68,248500,1251,4647387
2019-01-07,18.67,18.78,18.4,18.76,250500,924,4679958
2019-01-08,18.88,18.93,18.58,18.9,104600,770,1967073
2019-01-09,19.05,19.05,18.76,18.9,137800,1053,2601883
2019-01-10,18.95,19.0,18.73,19.0,416200,1172,7874797
2019-01-11,18.91,19.28,18.73,18.9,349600,1154,6631749
2019-01-14,18.77,19.1,18.77,18.9,109500,940,2076416
2019-01-15,18.8,19.05,18.69,18.9,88900,718,1681902
2019-01-16,18.98,19.13,18.7,18.94,150700,1041,2857542
2019-01-17,18.95,19.42,18.49,19.11,189800,1452,3611620
2019-01-18,19.1,19.35,18.98,19.1,152900,1022,2922681
2019-01-21,19.1,19.16,18.92,18.95,155700,681,2957075
2019-01-22,19.18,19.19,18.91,19.0,427400,838,8120041
2019-01-23,18.94,19.36,18.94,19.36,268100,946,5117417
2019-01-24,19.7,19.97,19.55,19.74,235900,1088,4643040
2019-01-28,19.74,20.12,19.68,19.89,528500,1499,10533981
2019-01-29,20.03,20.11,19.86,20.0,175900,1083,3511763
2019-01-30,20.1,20.76,20.03,20.1,272100,1851,5475481
2019-01-31,20.31,20.44,20.13,20.19,260000,1513,5253225
2019-02-01,20.27,20.34,20.01,20.2,387700,1931,7821702
2019-02-04,20.2,20.2,20.06,20.2,126600,939,2551894
2019-02-05,20.21,20.28,20.0,20.0,399900,966,8010826
2019-02-06,19.98,20.16,19.67,19.85,239000,1440,4751571
2019-02-07,19.95,20.09,19.71,19.84,217200,1253,4319559
2019-02-08,19.87,20.0,19.62,19.86,241300,1791,4788476
2019-02-11,19.88,19.98,19.35,19.75,173200,1153,3403762
2019-02-12,19.8,19.81,19.6,19.77,376800,1446,7406148
2019-02-13,19.77,19.77,19.33,19.39,254800,1722,4972666
2019-02-14,19.39,19.71,19.16,19.52,351300,2337,6822559
2019-02-15,19.51,19.74,19.31,19.49,201000,1587,3918238
2019-02-18,19.34,19.53,19.26,19.4,222000,994,4306873
2019-02-19,19.41,19.89,19.31,19.73,180300,1436,3524903
2019-02-20,19.85,20.02,19.7,19.9,358600,1950,7130727
2019-02-21,20.0,20.0,19.55,19.72,172500,1257,3403193
2019-02-22,19.8,19.8,19.34,19.4,168900,1331,3290454
2019-02-25,19.41,19.5,19.32,19.4,217100,904,4220664
2019-02-26,19.43,19.48,19.24,19.34,155300,1363,3002349
2019-02-27,19.4,19.59,19.12,19.24,134100,929,2581573
2019-02-28,19.19,19.89,19.16,19.89,210800,928,4157481
2019-03-01,19.84,20.02,19.66,19.78,237400,1371,4705025
2019-03-06,19.86,19.86,19.08,19.1,167300,1118,3217426
2019-03-07,19.19,19.2,18.75,18.9,128700,830,2444951
2019-03-08,18.86,19.36,18.63,19.36,294200,1198,5551214
2019-03-11,19.47,19.97,19.34,19.6,335200,1504,6561869
2019-03-12,19.67,19.86,19.38,19.38,225400,1700,4402685
2019-03-13,19.43,19.97,19.11,19.97,297100,1617,5785118
2019-03-14,19.84,20.03,19.61,19.7,148500,1075,2939782
2019-03-15,19.65,20.06,19.65,19.83,131100,1015,2604925
2019-03-18,19.86,20.19,19.71,19.71,253200,2066,5055783
2019-03-19,19.73,19.99,19.73,19.99,141200,1187,2812944
2019-03-20,20.09,20.09,19.78,19.85,157000,1339,3127119
2019-03-21,19.92,19.92,19.24,19.5,128300,774,2499715
2019-03-22,19.21,19.9,19.13,19.5,618700,1789,12112951
2019-03-25,19.61,19.79,19.34,19.79,126300,863,2465154
2019-03-26,19.8,20.1,19.58,19.9,183600,1171,3648469
2019-03-27,19.88,20.08,19.4,19.4,175800,1141,3444657
2019-03-28,19.4,19.62,19.05,19.35,517400,2824,9961069
2019-03-29,19.46,20.0,19.22,19.5,544800,2314,10659603
2019-04-01,19.46,19.78,19.33,19.5,128200,1025,2508223
2019-04-02,19.5,19.97,19.49,19.97,316000,987,6242757
2019-04-03,20.12,20.4,19.85,20.0,1690600,1577,33940416
2019-04-04,20.08,20.3,20.02,20.25,186000,834,3767519
2019-04-05,20.35,20.65,20.21,20.52,165700,1233,3390436
2019-04-08,20.71,20.81,20.57,20.7,168100,1145,3478592
2019-04-09,20.72,20.78,20.27,20.78,178600,1525,3654162
2019-04-10,20.78,20.88,20.25,20.47,423200,2213,8657375
2019-04-11,20.36,20.64,20.1,20.34,199800,1489,4068760
2019-04-12,20.13,20.65,20.0,20.0,270800,1271,5459166
2019-04-15,20.14,20.58,20.02,20.37,208800,1480,4261177
2019-04-16,20.26,20.56,20.16,20.2,193100,1518,3909035
2019-04-17,20.28,20.34,20.07,20.2,171200,1352,3458520
2019-04-18,20.26,20.99,20.16,20.9,333300,1719,6899804
2019-04-22,20.9,21.3,20.46,20.9,220400,1348,4585871
2019-04-23,20.94,21.35,20.53,21.35,221800,1653,4628901
2019-04-24,21.24,21.35,20.87,20.96,185800,1201,3899085
2019-04-25,20.93,21.12,20.82,20.82,122800,914,2571444
2019-04-26,20.91,20.99,20.67,20.9,111200,1025,2309849
2019-04-29,21.0,21.14,20.64,20.82,145900,1138,3036555
2019-04-30,20.96,21.2,20.58,21.2,183700,1325,3839756
2019-05-02,21.2,21.2,20.7,20.7,157700,1182,3277406
2019-05-03,20.72,20.91,20.3,20.35,357300,2013,7310006
2019-05-06,20.18,20.7,19.95,20.7,126100,1077,2567484
2019-05-07,20.55,20.55,20.18,20.19,346600,857,7016345
2019-05-08,20.19,20.8,20.19,20.8,115200,1037,2356888
2019-05-09,20.81,20.81,20.37,20.57,134600,915,2758787
2019-05-10,20.64,20.67,20.47,20.55,88700,803,1821766
2019-05-13,20.49,20.55,20.2,20.27,117400,774,2387521
2019-05-14,20.37,20.42,20.03,20.2,199000,956,4019710
2019-05-15,20.0,20.48,19.81,20.08,120400,986,2422533
2019-05-16,20.13,20.46,20.02,20.24,232900,1115,4690665
2019-05-17,20.17,20.17,19.83,20.0,257500,1643,5154947
2019-05-20,20.17,20.69,20.11,20.38,74000,661,1513724
2019-05-21,20.51,20.65,20.27,20.65,136600,870,2799897
2019-05-22,20.7,20.77,20.57,20.65,118200,917,2437345
2019-05-23,20.57,20.66,20.34,20.65,565400,736,11592410
2019-05-24,20.67,20.8,20.3,20.69,102200,924,2096253
2019-05-27,20.66,20.9,20.49,20.5,89500,785,1850710
2019-05-28,20.61,21.5,20.61,21.5,686200,1615,14569247
2019-05-29,21.54,21.74,21.35,21.66,406700,1621,8748093
2019-05-30,21.66,21.95,21.55,21.95,150800,990,3278538
2019-05-31,21.71,22.0,21.71,21.93,167300,1316,3668140
2019-06-03,22.0,22.13,21.54,21.95,174900,1442,3830817
2019-06-04,21.96,22.19,21.74,21.91,215500,1206,4744279
2019-06-05,21.9,22.2,21.9,22.05,205900,1269,4548932
2019-06-06,22.08,22.2,21.92,22.1,190800,1073,4217095
2019-06-07,22.44,22.74,22.12,22.4,484900,1265,10827289
2019-06-10,22.4,22.45,22.04,22.3,121400,946,2706327
2019-06-11,22.33,22.38,21.98,21.98,126600,983,2802481
2019-06-12,22.0,22.3,21.77,22.1,177300,1129,3917529
2019-06-13,22.09,22.35,21.96,22.35,161700,834,3571921
2019-06-14,22.43,22.49,22.17,22.49,91500,830,2043671
2019-06-17,22.53,22.6,22.19,22.6,131600,882,2959713
2019-06-18,22.7,22.99,22.5,22.99,201000,1008,4568022
2019-06-19,22.99,23.69,22.99,23.63,722900,1694,16982229
2019-06-21,23.57,23.97,23.53,23.97,614000,1073,14619984
2019-06-24,24.0,24.25,23.87,24.25,345000,1073,8312714
2019-06-25,24.25,24.36,23.24,23.89,386800,1875,9258097
2019-06-26,24.15,24.15,23.4,23.9,236400,1611,5625780
2019-06-27,23.7,24.07,23.47,24.0,328000,1608,7841122
2019-06-28,24.14,24.46,23.9,23.9,1545900,1477,37159970
2019-07-01,24.0,24.44,23.83,24.4,154600,1142,3730696
2019-07-02,24.4,24.52,24.11,24.11,214200,1746,5210857
2019-07-03,24.34,24.61,24.11,24.59,264700,1137,6455786
2019-07-04,24.69,25.1,24.57,25.1,264800,1109,6596992
2019-07-05,25.1,25.5,24.82,25.5,166300,1153,4191421
2019-07-08,25.29,26.08,25.22,25.85,145000,1173,3735089
2019-07-10,26.43,26.44,25.82,26.2,163200,1193,4259477
2019-07-11,26.2,26.5,25.91,26.5,286300,1270,7526191
2019-07-12,26.43,26.62,26.27,26.5,288200,1165,7628690
2019-07-15,26.68,26.68,26.16,26.29,410000,1788,10833677
2019-07-16,26.27,26.65,26.16,26.52,133300,1096,3524924
2019-07-17,26.52,26.65,26.39,26.39,126500,850,3358360
2019-07-18,26.39,26.65,26.35,26.65,197000,1316,5235619
2019-07-19,26.73,26.75,26.33,26.6,141100,1004,3754109
2019-07-22,26.62,26.74,26.03,26.1,178400,905,4695662
2019-07-23,26.2,26.39,25.86,26.37,109500,983,2862755
2019-07-24,26.28,26.42,26.11,26.35,88600,737,2325085
2019-07-25,26.36,26.36,25.49,25.84,188800,1343,4864683
2019-07-26,25.88,26.64,25.86,26.31,236700,1195,6251124
2019-07-29,26.2,27.69,26.18,26.79,501500,1657,13378639
2019-07-30,26.79,27.5,26.61,27.49,136000,960,3683293
2019-07-31,27.68,27.7,27.12,27.5,489100,1280,13450041
2019-08-01,27.55,28.71,27.55,28.7,321900,1650,9158120
2019-08-02,28.51,28.52,27.9,27.9,209600,1240,5895497
2019-08-05,27.71,28.2,27.42,28.18,198600,1462,5563526
2019-08-06,28.29,28.39,27.93,28.0,151200,1238,4248660
2019-08-07,28.02,28.13,27.69,28.13,133100,1080,3717663
2019-08-08,27.97,29.5,27.95,29.35,354900,2086,10278564
2019-08-09,29.59,30.33,29.18,30.33,151100,1227,4474500
2019-08-12,30.24,30.24,29.41,29.92,133200,1121,3955293
2019-08-13,30.22,31.25,29.5,31.11,676700,1594,20217509
2019-08-14,31.08,31.4,30.01,30.01,171600,1470,5271051
2019-08-15,30.32,30.8,29.91,30.0,465800,1600,14044312
2019-08-16,30.07,30.5,29.96,30.5,184700,1326,5580973
2019-08-19,31.0,31.13,30.32,30.32,231500,1803,7074642
2019-08-20,30.14,30.33,29.81,30.0,238700,1538,7158398
2019-08-21,30.03,31.04,30.02,30.96,230000,2088,7049673
2019-08-22,30.76,31.2,30.52,30.99,141400,1193,4341890
2019-08-23,30.91,31.07,30.2,30.5,154600,1283,4717469
2019-08-26,31.19,31.19,30.35,30.5,331400,2378,10139578
2019-08-27,30.59,30.79,30.24,30.5,164600,1228,5012899
2019-08-28,30.18,30.77,30.01,30.5,299500,1561,9132655
2019-08-29,30.55,30.81,30.34,30.35,374100,2678,11400455
2019-08-30,30.55,30.74,30.38,30.6,345300,2457,10555014
2019-09-02,30.62,31.03,30.07,30.43,151900,1183,4610500
2019-09-03,30.36,30.65,29.84,30.2,213600,1697,6453454
2019-09-04,30.4,31.98,30.24,30.99,469000,2885,14560986
2019-09-05,31.32,31.96,30.9,30.9,432100,2660,13589207
2019-09-06,31.09,31.59,30.9,31.59,306800,1891,9598638
2019-09-09,31.56,32.11,31.21,31.4,230700,1802,7287223
2019-09-10,31.49,31.49,30.72,31.25,158200,1261,4919631
2019-09-11,31.42,32.5,31.42,32.5,219700,1647,7063815
2019-09-12,32.6,33.25,32.27,33.0,210800,1584,6904000
2019-09-13,33.0,35.6,32.88,34.43,830400,2542,28670148
2019-09-16,34.16,35.93,34.07,35.5,471100,3015,16670381
2019-09-17,35.5,36.11,35.05,35.33,767900,2232,27340712
2019-09-18,35.88,36.19,35.15,36.19,324800,2272,11586197
2019-09-19,36.13,37.2,35.95,36.3,391200,3111,14344873
2019-09-20,36.58,37.18,35.11,35.11,951800,2128,33838770
2019-09-23,35.25,35.25,33.33,35.0,636400,3541,21924970
2019-09-24,35.27,35.32,33.1,33.1,512300,2873,17315108
2019-09-25,32.9,32.99,31.68,31.8,661500,3697,21233156
2019-09-26,31.8,32.59,30.49,32.59,3915100,9181,125223985
2019-09-27,32.85,33.17,32.02,32.5,1036800,4401,33883878
2019-09-30,32.78,32.87,31.85,32.75,685700,3187,22214631
2019-10-01,32.99,32.99,31.95,32.3,1854500,3994,59859942
2019-10-02,32.27,32.39,31.25,32.0,804000,4521,25528449
2019-10-03,31.76,32.08,30.78,31.3,1372500,4250,42923070
2019-10-04,31.5,31.55,31.09,31.4,595000,3862,18684182
2019-10-07,31.4,31.4,30.56,31.15,868100,2757,26802987
2019-10-08,30.74,31.65,30.54,31.25,1105200,3592,34384325
2019-10-09,31.25,31.79,30.88,31.5,741100,2904,23240024
2019-10-10,31.34,32.15,31.05,31.79,523100,2094,16565652
2019-10-11,32.1,32.5,31.6,32.4,650300,2239,20983066
2019-10-14,32.09,32.49,31.89,32.36,471900,2097,15208659
2019-10-15,32.11,32.98,31.94,32.4,631800,2538,20471243
2019-10-16,32.48,32.5,31.8,32.5,393500,2068,12715189
2019-10-17,32.72,32.84,32.13,32.45,447600,1702,14564978
2019-10-18,32.6,32.83,32.06,32.42,674400,2185,21938604
2019-10-21,32.6,32.99,32.19,32.99,210700,1165,6879713
2019-10-22,32.9,33.09,32.74,33.09,516300,2927,17005856
2019-10-23,33.2,33.28,32.4,32.87,385700,2273,12620505
2019-10-24,33.16,33.16,32.27,32.32,403900,1595,13083385
2019-10-25,32.3,32.39,31.25,32.39,588200,3046,18789716
2019-10-28,32.4,32.75,32.14,32.68,358700,1754,11640676
2019-10-29,32.68,33.14,32.45,33.0,592800,2923,19542396
2019-10-30,32.99,33.45,32.53,33.45,445900,2345,14714945
2019-10-31,33.15,34.18,33.09,34.18,635800,2789,21435416
2019-11-01,34.18,36.48,33.91,36.48,600800,3175,21190250
2019-11-04,36.31,36.63,35.38,36.05,1107600,3140,39813395
2019-11-05,36.44,36.45,35.01,35.65,466000,2245,16580014
2019-11-06,35.65,36.4,35.46,36.33,378700,2562,13680980
2019-11-07,36.34,37.0,36.23,37.0,330700,2020,12190039
2019-11-08,36.9,37.35,36.58,36.58,321700,1937,11864395
2019-11-11,36.55,36.66,35.74,36.15,300900,1806,10850906
2019-11-12,36.35,36.55,35.69,35.77,311200,2015,11187827
2019-11-13,35.82,36.24,35.19,35.65,419300,2748,14961628
2019-11-14,35.28,36.76,35.27,36.69,389100,2217,14142787
2019-11-18,36.72,37.12,36.36,36.46,812400,2573,29788437
2019-11-19,36.88,37.03,36.53,36.9,294500,1980,10822937
2019-11-21,36.78,37.06,36.21,36.81,468500,3149,17190189
2019-11-22,37.41,38.44,36.7,37.2,835400,4516,31129867
2019-11-25,37.69,37.76,36.05,36.4,676700,3735,24676716
2019-11-26,36.35,37.01,35.44,36.64,477000,3358,17393397
2019-11-27,36.99,36.99,36.06,36.57,326700,2382,11919115
2019-11-28,36.48,36.62,35.8,36.47,176900,1382,6401863
2019-11-29,36.47,36.93,36.16,36.93,216300,1758,7928952
2019-12-02,36.92,36.92,35.88,36.6,344800,2304,12547370
2019-12-03,36.56,37.0,36.17,37.0,388100,2796,14260685
2019-12-04,37.0,37.0,36.31,36.31,458900,2871,16757663
2019-12-05,36.37,36.51,36.15,36.27,312800,1968,11356407
2019-12-06,36.39,36.39,35.67,36.0,467200,2826,16768528
2019-12-09,36.0,36.09,35.31,35.91,347600,2484,12406187
2019-12-10,35.99,35.99,35.44,35.98,354700,1597,12715116
2019-12-11,35.98,36.76,35.8,36.5,318400,1671,11604042
2019-12-12,36.76,36.76,35.92,36.7,396600,1866,14427144
2019-12-13,36.7,37.0,36.47,36.74,543200,2604,19997819
2019-12-16,37.0,37.0,36.01,36.03,308700,1732,11166195
2019-12-17,36.37,36.37,35.02,35.67,395900,2854,14038398
2019-12-18,35.7,35.82,35.06,35.82,309200,1782,10980371
2019-12-19,35.51,35.8,35.21,35.41,798200,2015,28277773
2019-12-20,35.46,36.32,35.0,36.32,655400,2652,23426436
2019-12-23,36.44,36.75,35.69,36.19,302500,1822,10914739
2019-12-26,36.19,36.6,35.76,36.44,308100,2038,11191760
2019-12-27,36.3,36.92,35.91,36.68,493100,2296,18031695
2019-12-30,36.33,37.13,36.33,36.5,1033800,2880,37840414
2020-01-02,36.75,39.3,36.53,39.3,1252700,3925,47742493
2020-01-03,38.5,40.79,38.5,40.57,1627600,5292,65564672
2020-01-06,40.38,40.38,39.33,39.68,723400,4949,28776715
2020-01-07,39.65,39.84,38.57,38.57,545300,2503,21139892
2020-01-08,38.8,39.8,38.16,39.6,549200,3804,21594062
2020-01-09,40.0,40.1,39.08,39.79,388700,2717,15397511
2020-01-10,39.97,40.0,39.4,39.63,333200,2116,13207536
2020-01-13,39.91,41.59,39.24,41.1,1129500,2734,45408467
2020-01-14,40.98,41.06,40.19,40.9,346000,2337,14126795
2020-01-15,41.09,42.3,40.8,41.6,382200,2389,15884814
2020-01-16,42.33,42.33,40.59,40.59,546400,1743,22354396
2020-01-17,40.99,40.99,39.69,40.0,685700,2478,27475216
2020-01-20,40.27,40.32,39.33,40.32,199200,1208,7978957
2020-01-21,40.33,40.96,39.51,40.32,922600,2061,37259954
2020-01-22,40.6,41.09,40.05,41.09,519700,3023,21075393
2020-01-23,40.6,41.56,40.24,41.56,483900,2889,19950865
2020-01-24,41.56,41.87,41.04,41.81,338200,2241,14034039
2020-01-27,41.15,41.74,39.46,41.4,585600,3995,24005132
2020-01-28,41.4,41.99,41.4,41.55,431800,2619,17968206
2020-01-29,41.97,42.69,40.23,40.92,513800,3064,21048458
2020-01-30,40.39,40.46,39.39,39.93,682600,2913,27246052
2020-01-31,39.95,39.99,39.0,39.7,347400,2529,13782394
2020-02-03,39.67,40.28,38.79,39.9,380100,2814,15156919
2020-02-04,39.99,40.67,39.99,40.3,626900,1760,25317104
2020-02-05,40.32,41.08,40.02,40.46,718100,2264,29126989
2020-02-06,40.65,40.82,39.73,40.16,350000,2307,14017324
2020-02-07,39.67,40.11,38.9,39.12,403600,2119,15866072
2020-02-10,38.77,39.05,37.41,38.01,357800,2295,13617918
2020-02-11,38.0,39.03,37.9,39.0,297300,2160,11524672
2020-02-12,39.48,40.19,38.74,40.19,300000,1456,11920441
2020-02-13,39.68,40.88,39.09,40.88,362600,2788,14505340
2020-02-14,40.99,40.99,39.3,39.83,445400,2890,17738404
2020-02-17,39.36,41.44,39.36,41.13,289800,2069,11890323
2020-02-18,41.0,41.96,40.29,41.72,283000,1803,11614614
2020-02-19,41.75,41.79,40.83,41.52,474400,2835,19659511
2020-02-20,41.78,42.08,40.82,41.7,319400,2310,13263803
2020-02-21,41.61,41.76,41.2,41.75,260700,1778,10821630
2020-02-26,40.26,40.85,39.2,40.76,767600,4974,30967429
2020-02-27,40.28,41.24,39.25,40.64,521100,3278,21030770
2020-02-28,40.4,40.46,38.68,38.75,1161400,4257,45254572
2020-03-02,38.75,40.75,38.61,40.49,471100,3234,18846512
2020-03-03,40.48,42.33,40.3,41.75,561400,2811,23493197
2020-03-04,43.0,44.0,42.2,43.0,448100,2624,19134632
2020-03-05,42.93,42.93,41.24,42.5,607500,3804,25599539
2020-03-06,41.89,41.89,38.66,40.0,1120700,6578,44374679
2020-03-09,38.9,38.9,34.0,34.0,729800,3903,26195580
2020-03-10,35.1,37.53,34.91,37.36,447200,3048,16212904
2020-03-11,36.87,36.87,32.46,34.0,877200,3787,30075519
2020-03-12,29.6,31.93,27.95,30.5,312200,1743,9314408
2020-03-13,33.0,33.0,29.11,33.0,809900,3968,25775535
2020-03-16,28.1,31.0,27.33,28.7,453700,2898,13540946
2020-03-17,29.02,31.0,29.02,29.53,1609100,3335,48328414
2020-03-18,28.38,29.87,25.51,28.03,822400,3451,22742656
2020-03-19,27.74,29.7,26.18,29.7,534200,3421,15225492
2020-03-20,31.0,31.81,26.99,26.99,1068300,5648,30667491
2020-03-23,26.97,27.18,25.48,26.9,323200,1829,8527649
2020-03-24,28.5,28.8,26.92,28.2,495500,2954,13766312
2020-03-25,28.48,29.17,27.1,27.4,815700,2409,22408431
2020-03-26,27.41,29.73,27.34,28.99,575200,2951,16474595
2020-03-27,27.3,28.64,26.68,28.17,412900,2564,11569833
2020-03-30,27.86,28.67,27.47,28.67,441000,2587,12419888
2020-03-31,28.3,28.59,26.8,27.18,524100,2653,14328891
2020-04-01,25.85,26.98,25.15,26.79,2177300,2690,58137294
2020-04-02,26.77,27.49,26.28,27.23,1106400,3296,29430919
2020-04-03,27.37,27.37,25.9,26.8,372000,2421,9901718
2020-04-06,27.41,28.67,26.64,27.2,646000,4975,17771600
2020-04-07,28.5,30.04,28.25,29.53,619600,4157,18192823
2020-04-08,29.82,31.5,28.63,31.0,1017400,3638,30467005
2020-04-09,31.07,31.73,30.23,30.23,891700,3903,27553722
2020-04-13,29.53,30.76,29.06,29.51,582100,2621,17271008
2020-04-14,29.56,31.25,29.5,30.4,304700,1732,9305220
2020-04-15,29.91,31.37,29.68,30.28,357400,2121,10926716
2020-04-16,31.21,31.21,29.31,29.31,289800,1868,8709971
2020-04-17,30.04,30.84,29.82,30.75,475600,3507,14424246
2020-04-20,30.2,31.46,30.02,30.4,968800,4651,29758869
2020-04-22,30.43,32.15,30.09,31.14,660500,2394,20589478
2020-04-23,31.43,32.06,30.43,30.72,331000,2401,10284144
2020-04-24,30.23,30.23,27.34,29.97,650700,2846,18765713
2020-04-27,30.1,30.49,29.16,29.85,430600,1776,12927517
2020-04-28,30.5,30.73,29.9,30.63,313600,1857,9534607
2020-04-29,31.19,31.5,30.12,30.75,791000,1902,24221654
2020-04-30,30.76,30.86,29.72,29.99,850100,2515,25578241
2020-05-04,29.96,30.74,29.09,30.18,393400,2770,11749617
2020-05-05,30.53,32.13,30.44,31.92,303100,2234,9601801
2020-05-06,32.0,32.37,31.14,31.92,254300,1488,8077738
2020-05-07,32.59,32.85,29.96,29.96,279100,1895,8639758
2020-05-08,31.54,31.54,29.92,30.88,277600,1409,8462674
2020-05-11,30.9,31.09,30.31,30.65,287900,1409,8841074
2020-05-12,30.65,31.56,30.25,30.6,485200,3554,14969512
2020-05-13,30.79,30.79,28.75,29.43,5035200,3533,148394922
2020-05-14,29.0,30.04,28.54,29.9,342200,1836,10126833
2020-05-15,29.95,29.95,29.04,29.53,604100,4351,17841566
2020-05-18,30.0,30.0,29.28,29.88,669700,2368,19961873
2020-05-19,29.54,29.72,29.13,29.55,874000,2435,25788346
2020-05-20,29.72,29.9,29.13,29.63,313100,2020,9253515
2020-05-21,29.14,30.11,29.14,29.9,524900,3363,15642960
2020-05-22,29.77,29.91,29.02,29.42,286600,1924,8450112
2020-05-25,29.63,30.38,29.3,29.6,680000,4929,20224304
2020-05-26,29.75,30.27,29.75,30.25,1022800,2916,30798011
2020-05-27,30.45,32.47,30.41,32.47,924100,4610,29084293
2020-05-28,32.39,32.72,31.89,32.51,1096700,5053,35407829
2020-05-29,32.8,32.84,31.76,32.02,591400,3195,19048092
2020-06-01,32.0,33.65,31.65,32.6,822300,4502,26966507
2020-06-02,33.3,33.99,33.15,33.73,1379100,4082,46221096
2020-06-03,34.29,34.65,32.82,33.4,931000,5054,31199205
2020-06-04,33.06,34.05,32.88,33.91,812800,4053,27409197
2020-06-05,34.16,34.83,33.64,34.5,590300,3407,20237199
2020-06-08,34.56,34.72,33.66,34.3,1117500,5647,38167222
2020-06-09,33.79,33.8,32.44,33.3,780200,5203,25779066
2020-06-10,33.61,33.68,31.77,32.65,660200,3569,21384170
2020-06-12,32.0,32.66,31.23,32.66,482400,3132,15467146
2020-06-15,31.7,33.58,31.36,33.2,581500,4178,19104181
2020-06-16,34.0,34.6,32.87,33.44,741300,4798,24876462
2020-06-17,33.45,35.57,33.18,35.24,980500,4265,34088275
2020-06-18,35.04,35.23,33.94,34.41,1129200,4685,38749259
2020-06-19,34.49,35.95,34.22,35.95,1190100,3747,42266028
2020-06-22,36.05,36.89,34.92,35.46,661500,3643,23490945
2020-06-23,35.35,35.8,34.67,35.59,561200,3393,19827576
2020-06-24,35.4,35.43,33.73,35.29,615300,3339,21487498
2020-06-25,34.75,35.84,34.5,35.57,540000,3528,19110708
2020-06-26,35.69,35.75,34.68,34.99,376800,1957,13184935
2020-06-29,35.04,35.34,34.05,35.34,837200,4506,29127537
2020-06-30,34.6,38.18,34.6,37.72,4237800,6547,158075723
2020-07-01,38.09,38.55,35.94,36.49,1137600,5888,41636469
2020-07-02,36.85,37.04,35.47,35.54,1100300,6729,39770043
2020-07-03,35.55,35.79,34.71,35.5,1038800,5485,36682676
2020-07-06,35.93,36.1,34.65,34.92,646900,3804,22599678
2020-07-07,34.6,34.72,34.09,34.5,591100,3747,20345203
2020-07-08,34.5,34.9,34.1,34.55,2668000,3282,91205975
2020-07-09,34.65,35.43,34.28,35.03,564100,2667,19717084
2020-07-10,34.98,35.27,34.53,35.09,325000,1917,11361543
2020-07-13,35.14,35.46,34.52,34.52,285700,1777,9954244
2020-07-14,34.78,34.78,33.36,33.78,531900,3127,18027842
2020-07-15,34.14,34.14,33.38,33.8,462400,2989,15610603
2020-07-16,33.62,34.02,32.89,34.02,394100,3024,13317110
2020-07-17,34.02,34.56,33.82,34.2,418600,2570,14307668
2020-07-20,34.2,35.22,34.2,35.22,564600,3300,19695337
2020-07-21,35.41,35.7,34.44,35.27,439700,2349,15399210
2020-07-22,35.27,35.27,34.42,34.59,2303000,2976,79579174
2020-07-23,34.89,35.19,34.56,34.99,638600,2378,22247258
2020-07-24,35.14,35.14,33.44,35.0,1112200,5090,38162994
2020-07-27,35.14,35.82,34.77,35.69,764600,4267,27115434
2020-07-28,35.7,35.82,35.31,35.37,635600,3765,22623979
2020-07-29,35.87,36.32,35.28,35.85,507600,2995,18220403
2020-07-30,35.06,36.12,35.06,35.95,334500,1635,12001074
2020-07-31,37.01,39.6,36.14,39.6,2995200,7584,114164405
2020-08-03,39.93,40.55,38.32,39.0,872300,5529,33937273
2020-08-04,38.96,38.96,37.73,37.73,492800,2596,18732004
2020-08-05,38.0,38.57,37.56,38.0,442900,3038,16862941
2020-08-06,38.37,38.55,37.58,38.5,785400,3207,30007031
2020-08-07,39.01,39.01,37.66,37.68,333900,2030,12667139
2020-08-10,37.68,38.05,37.05,37.5,398300,1899,14877788
2020-08-11,37.6,37.9,36.69,36.96,3075700,3989,113369234
2020-08-12,37.3,37.3,35.42,37.19,1129700,5086,40930781
2020-08-13,37.45,37.45,35.84,36.54,887400,4787,32264547
2020-08-14,36.64,37.0,36.0,36.99,544800,3263,19998434
2020-08-17,36.99,36.99,35.6,36.68,672600,2487,24513463
2020-08-18,37.0,37.91,36.22,37.82,1309900,5309,48917321
2020-08-19,37.99,38.34,37.11,37.32,553400,3080,20736390
2020-08-20,36.68,37.74,36.37,37.4,527300,2704,19706685
2020-08-21,37.37,37.68,36.84,37.42,926300,3942,34449134
2020-08-24,38.5,39.52,37.5,39.16,2712400,10629,105145220
2020-08-25,39.14,40.82,39.14,39.74,1284600,6672,51427976
2020-08-26,39.66,40.29,38.05,39.21,904500,4759,35421411
2020-08-27,39.73,40.1,39.24,39.87,507500,3060,20165494
2020-08-28,39.88,41.23,39.6,40.08,509600,3194,20556741
2020-08-31,40.08,40.97,39.67,40.55,774300,4667,31388354
2020-09-01,40.62,40.96,38.93,39.12,1289600,7581,50623918
2020-09-02,39.52,40.0,38.2,39.8,3776500,12716,148003623
2020-09-03,39.8,39.97,39.03,39.8,1183900,7971,46823010
2020-09-04,39.8,40.48,39.29,40.01,2346700,9249,93803625
2020-09-08,40.05,40.95,39.15,40.46,1221200,7028,49037686
2020-09-09,40.45,41.42,39.91,40.59,1737500,7876,70380016
2020-09-10,40.76,40.83,39.36,39.86,458900,1592,18395957
2020-09-11,39.96,40.24,38.76,39.73,774400,5120,30679383
2020-09-14,39.95,40.16,38.5,39.54,1029400,5069,40500735
2020-09-15,39.53,39.71,38.96,39.64,922800,3967,36298745
2020-09-16,39.66,39.66,38.89,39.24,1090500,3568,42701906
2020-09-17,39.17,40.05,39.13,39.38,801400,3936,31702701
2020-09-18,39.35,39.5,38.53,38.68,439000,2604,17062262
2020-09-21,38.4,39.39,37.32,38.3,1084800,6479,41566602
2020-09-22,38.29,38.66,37.52,38.02,496900,3255,18852775
2020-09-23,37.99,38.06,36.93,37.42,912000,3012,34265943
2020-09-24,37.44,37.8,36.6,37.15,1080700,4206,40224342
2020-09-25,37.04,37.54,36.7,37.46,374200,2442,13967434
2020-09-28,37.71,37.72,36.16,36.35,385900,2143,14099057
2020-09-29,36.16,36.44,35.65,36.02,974900,4999,35064863
2020-09-30,36.0,37.34,35.76,36.61,783000,5250,28788257
2020-10-01,37.12,37.24,36.47,36.99,683700,3001,25177880
2020-10-02,36.99,37.16,36.21,36.75,541800,3676,19843905
2020-10-05,36.92,37.02,36.23,36.8,1607100,8314,58596443
2020-10-06,36.95,37.18,35.95,36.19,2313700,8496,83714615
2020-10-07,36.16,36.54,35.49,36.0,1257500,6303,45247625
2020-10-08,35.99,36.23,35.37,35.94,1479100,6443,52945306
2020-10-09,35.9,36.4,35.29,35.8,986400,5939,35314811
2020-10-13,35.89,36.35,35.25,36.01,908200,5680,32526800
2020-10-14,36.0,36.19,35.66,35.71,821200,4766,29445080
2020-10-15,35.56,36.25,35.41,36.25,610100,4200,22002356
2020-10-16,36.2,36.8,35.97,36.6,416800,2833,15230300
2020-10-19,36.68,37.39,36.54,36.54,827800,4631,30620774
2020-10-20,36.64,36.8,35.82,36.63,880600,4369,32029594
2020-10-21,36.63,37.63,36.37,36.98,598600,3948,22179015
2020-10-22,37.0,37.24,36.5,36.54,304200,2148,11146072
2020-10-23,36.54,36.61,35.72,36.07,460100,2804,16590949
2020-10-26,36.07,36.42,35.79,36.1,386400,2938,13914766
2020-10-27,36.11,36.34,36.0,36.02,434500,3193,15687619
2020-10-28,35.81,36.05,34.23,34.46,591200,3539,20575348
2020-10-29,34.51,34.58,33.66,33.86,3324200,4148,112273463
2020-10-30,33.8,33.86,33.16,33.75,881600,6285,29493344
2020-11-03,34.44,35.18,34.1,34.8,987000,6134,34228608
2020-11-04,35.0,35.5,34.63,35.5,522100,2826,18327726
2020-11-05,35.89,36.23,35.64,36.14,1016700,4505,36678173
2020-11-06,36.04,36.18,35.32,35.79,926700,4093,33025382
2020-11-09,36.41,36.87,34.84,34.84,4480100,5682,157652016
2020-11-10,34.99,35.28,33.84,34.2,1371600,7633,46937202
2020-11-11,34.24,34.43,33.52,33.6,1812900,5644,61235001
2020-11-12,33.77,33.88,32.84,33.03,2497300,4397,83609770
2020-11-13,33.05,34.12,32.95,33.9,4010800,9527,134785156
2020-11-16,34.3,34.55,32.38,33.2,2189200,7807,72215026
2020-11-17,32.82,34.5,32.75,34.37,1159800,5741,39213126
2020-11-18,34.48,34.48,33.6,33.75,575500,3747,19495049
2020-11-19,33.68,34.25,33.44,33.85,943600,4718,32059258
2020-11-20,34.0,34.19,33.75,33.98,394600,2178,13394623
2020-11-23,34.25,34.36,33.5,33.88,527400,3831,17808237
2020-11-24,33.89,34.71,33.43,34.21,714200,4157,24385274
2020-11-25,34.48,35.77,34.48,35.77,1825400,6404,64715714
2020-11-26,35.76,37.26,35.37,37.26,994500,4914,36597173
2020-11-27,37.26,37.43,36.49,36.93,851800,5177,31431472
2020-11-30,36.89,36.98,36.32,36.8,859200,3738,31544092
2020-12-01,36.0,36.69,35.4,36.15,1534100,8423,55012196
2020-12-02,36.15,37.3,35.8,36.83,1417100,4817,52066794
2020-12-03,36.83,38.12,36.83,37.6,1281400,5771,48137944
2020-12-04,37.75,37.84,36.8,37.29,1660200,6405,61789952
2020-12-07,37.34,37.99,37.08,37.5,444100,2847,16691002
2020-12-08,37.69,37.69,36.71,37.32,817900,4304,30321161
2020-12-09,37.33,38.7,36.75,37.3,882800,4931,33057542
2020-12-10,37.47,37.77,36.34,36.89,947800,4870,34832025
2020-12-11,36.9,38.0,36.63,38.0,663100,3791,24984863
2020-12-14,38.01,38.5,37.8,37.92,885100,4744,33657970
2020-12-15,38.19,38.55,37.46,38.24,725400,3903,27710106
2020-12-16,38.24,38.73,38.14,38.65,458100,2679,17652448
2020-12-17,38.78,39.16,38.49,39.0,833700,4148,32506571
2020-12-18,39.05,39.48,38.34,38.47,1179600,4042,45622695
2020-12-21,38.23,38.26,37.49,37.92,446400,2601,16960877
2020-12-22,38.11,38.45,37.62,37.94,360900,1712,13679192
2020-12-23,37.94,39.2,37.94,39.09,1150300,4018,44642019
2020-12-28,39.19,39.56,38.9,39.47,336200,1545,13235319
2020-12-29,39.55,40.12,39.49,39.99,528600,3941,21081644
2020-12-30,40.0,40.5,39.85,40.36,835600,4124,33666982
2021-01-04,40.56,40.83,39.78,40.13,587200,2819,23592283
2021-01-05,40.12,41.0,39.34,40.8,658800,3002,26542865
2021-01-06,40.77,40.89,39.94,40.12,1655100,8431,66764233
2021-01-07,40.13,40.68,40.01,40.51,1409800,8004,56970711
2021-01-08,40.61,42.0,40.61,41.67,751900,3922,31070709
2021-01-11,41.5,41.5,40.62,41.09,828900,4183,34052171
2021-01-12,41.36,41.51,40.57,41.51,1031800,3467,42313835
2021-01-13,41.49,41.7,40.94,41.34,918300,4650,37944767
2021-01-14,41.61,42.44,41.43,41.62,986700,4279,41230759
2021-01-15,41.5,42.48,41.31,42.14,550600,3444,23218467
2021-01-18,42.08,43.0,42.08,42.83,661500,2867,28270579
2021-01-19,42.9,42.9,41.81,42.04,514700,3070,21712538
2021-01-20,42.17,42.27,41.46,41.71,394400,2231,16465658
2021-01-21,41.68,41.73,41.11,41.41,638600,2651,26459954
2021-01-22,41.13,42.11,40.7,41.75,749700,3273,31147608
2021-01-26,41.75,41.75,39.65,39.86,1620700,4315,65117569
2021-01-27,39.74,39.93,38.94,39.51,619200,2474,24439254
2021-01-28,39.51,40.64,39.02,40.3,545800,3615,21885347
2021-01-29,39.97,40.73,39.84,40.27,1219000,5840,49047664
2021-02-01,40.34,40.58,39.91,40.29,2139100,6565,86156836
2021-02-02,40.37,41.48,40.32,40.98,859300,4099,35240385
2021-02-03,41.06,41.32,40.53,41.05,716600,4851,29311453
2021-02-04,41.05,42.09,41.05,41.6,1242400,4231,51802963
2021-02-05,41.63,42.31,41.61,42.14,1690800,2283,70955893
2021-02-08,42.19,43.26,42.07,42.81,1663000,3174,71218018
2021-02-09,42.79,43.36,42.45,43.36,1616000,2907,69230568
2021-02-10,43.37,43.5,41.5,42.06,1287900,4400,54370836
2021-02-11,42.26,42.96,41.81,42.85,1501600,2647,63420208
2021-02-12,42.75,42.78,41.96,42.45,397600,2668,16823412
2021-02-17,42.08,42.14,40.89,41.6,661100,2841,27391547
2021-02-18,41.56,41.56,40.65,41.48,594300,2924,24501839
2021-02-19,41.47,41.72,41.02,41.72,649000,3881,26899129
2021-02-22,40.9,41.0,39.63,40.58,1383000,6002,55514135
2021-02-23,40.89,41.36,40.09,41.0,1476200,7011,60209556
2021-02-24,41.03,41.95,40.81,41.25,1023700,5617,42441095
2021-02-25,41.28,41.82,40.41,40.54,781800,4288,31839222
2021-02-26,40.53,40.64,39.22,39.53,1358100,5656,53799420
2021-03-01,39.53,39.73,37.93,38.56,1954900,6281,75733000
2021-03-02,38.18,38.32,36.37,38.17,3229900,8715,120707469
2021-03-03,37.78,38.29,36.21,38.29,2932100,8932,109234854
2021-03-04,38.99,40.13,38.34,38.9,3212100,8934,126332630
2021-03-05,39.45,39.45,37.36,38.5,1596400,8969,60926847
2021-03-08,38.1,38.33,36.0,36.41,1048600,5450,38475445
2021-03-09,36.41,36.71,35.23,36.29,1291900,9043,46379847
2021-03-10,36.28,37.68,35.82,37.51,1551000,10413,57151527
2021-03-11,37.66,37.9,36.72,37.66,850500,5153,31767637
2021-03-12,37.65,37.65,36.13,36.86,974000,4977,35647669
2021-03-15,36.31,37.49,36.31,37.04,587500,3697,21826387
2021-03-16,37.09,37.34,36.33,36.67,604200,3419,22201786
2021-03-17,36.6,37.54,35.97,37.54,652700,2776,24139284
2021-03-18,37.33,37.63,36.62,36.77,825300,4581,30574651
2021-03-19,36.87,38.49,36.31,38.49,1309900,3741,49614639
2021-03-22,38.4,38.71,37.76,38.4,647300,2968,24837740
2021-03-23,38.21,39.0,38.04,38.49,603200,2804,23282321
2021-03-24,38.56,38.59,37.66,37.76,604900,3290,23051188
2021-03-25,37.68,39.27,37.04,38.62,1443400,3020,55092453
2021-03-26,38.61,39.0,38.05,38.76,494800,2761,19110180
2021-03-29,38.58,38.68,37.01,37.37,850700,4350,31855135
2021-03-30,37.36,39.51,37.13,39.43,1345500,4864,51877646
2021-03-31,39.67,39.82,38.53,39.3,1643400,4875,64283077
2021-04-01,39.9,39.99,38.8,39.06,1360100,4657,53669450
2021-04-05,39.35,39.94,38.96,39.66,600900,4215,23797351
2021-04-06,39.66,40.33,39.57,39.81,716900,3787,28643155
2021-04-07,39.7,40.64,39.41,40.27,962500,4382,38558876
2021-04-08,40.06,40.61,39.9,39.98,567400,3667,22809874
2021-04-09,39.99,41.0,39.28,40.5,2531300,4981,101248084
2021-04-12,40.5,40.98,40.34,40.64,353800,2404,14379851
2021-04-13,40.63,40.74,39.7,39.72,674900,3421,26919435
2021-04-14,39.83,39.88,38.83,39.69,453100,2455,17849573
2021-04-15,39.67,40.65,39.42,40.41,559000,3028,22495584
2021-04-16,40.48,41.08,40.15,40.84,412900,2147,16846839
2021-04-19,40.95,41.81,40.49,40.86,449200,2826,18529238
2021-04-20,40.85,41.34,40.29,40.5,644200,4602,26170446
2021-04-22,40.71,40.8,39.94,40.39,488900,3229,19728705
2021-04-23,40.42,40.57,39.76,40.5,986000,4769,39726036
2021-04-26,40.51,40.69,40.04,40.35,457600,2865,18443820
2021-04-27,40.34,40.35,39.28,39.4,468700,3601,18548014
2021-04-28,39.46,39.62,38.5,38.8,969700,2700,37718172
2021-04-29,38.9,39.68,38.4,39.59,588800,2886,23036996
2021-04-30,39.36,39.62,38.18,39.2,1593100,5319,61999916
2021-05-03,38.81,38.94,37.7,38.25,969400,4771,37002088
2021-05-04,38.18,38.46,37.42,37.85,638200,4313,24171575
2021-05-05,37.83,38.08,37.27,38.08,494300,2888,18643959
2021-05-06,38.07,38.17,37.19,37.91,670400,4055,25350035
2021-05-07,38.03,38.81,37.74,38.55,801300,2470,30657239
2021-05-10,38.8,38.88,37.01,37.65,829400,2973,31204202
2021-05-11,37.4,37.54,36.8,37.2,698100,3223,25947320
2021-05-12,36.99,37.12,36.08,36.5,852000,3903,30990476
2021-05-13,36.55,37.0,36.1,36.75,762000,3890,27804711
2021-05-14,37.06,37.37,36.74,37.01,491000,2377,18184594
2021-05-17,36.98,37.69,36.0,37.2,1174900,3869,43104800
2021-05-18,37.16,37.78,37.08,37.2,495300,3090,18498237
2021-05-19,37.06,37.91,36.89,37.25,334500,1732,12492014
2021-05-20,37.11,37.47,37.01,37.14,224900,1459,8363970
2021-05-21,37.16,37.54,36.55,36.87,286000,1613,10538355
2021-05-24,36.83,38.21,36.51,37.88,864200,5411,32534035
2021-05-25,37.9,38.16,37.63,37.74,278100,1934,10534140
2021-05-26,38.04,38.04,37.2,37.34,738900,3818,27695951
2021-05-27,37.34,37.72,37.23,37.72,649200,1723,24441706
2021-05-28,37.56,38.31,37.4,38.31,498300,2400,18937825
2021-05-31,38.3,39.93,38.3,39.76,1032500,6351,40763792
2021-06-01,39.96,40.05,39.58,39.62,600800,3151,23917660
2021-06-02,39.93,39.93,39.2,39.6,695200,3135,27522851
2021-06-04,39.64,39.7,38.81,39.39,765900,3554,30045238
2021-06-07,39.38,40.32,39.25,40.13,938800,4714,37328684
2021-06-08,40.0,40.63,39.82,39.94,536500,2359,21496665
2021-06-09,40.06,40.13,39.66,39.66,502500,3147,20019819
2021-06-10,39.97,40.25,39.73,39.84,491000,2934,19630639
2021-06-11,40.12,40.12,38.96,39.68,465600,2515,18379732
2021-06-14,39.77,40.5,39.21,39.68,659500,4542,26173305
2021-06-15,39.81,40.04,39.36,39.8,297700,2012,11846117
2021-06-16,39.89,40.41,39.5,39.76,645200,3938,25788720
2021-06-17,39.76,40.27,39.28,39.28,387600,2517,15371661
2021-06-18,39.41,39.74,38.51,38.51,1267400,3057,49220380
2021-06-21,38.66,38.99,38.35,38.51,586100,2890,22627370
2021-06-22,38.77,38.77,37.86,38.35,483700,2769,18497271
2021-06-23,38.36,38.57,37.86,37.86,308800,1787,11748506
2021-06-24,38.07,38.25,37.78,38.14,380500,1931,14473355
2021-06-25,38.18,38.7,37.96,38.42,581400,2991,22250708
2021-06-28,38.42,38.8,38.12,38.52,536000,2283,20646937
2021-06-29,38.5,38.53,37.82,38.17,598000,1592,22797672
2021-06-30,38.21,38.21,37.22,38.0,1094400,3322,41372696
2021-07-01,37.99,37.99,37.03,37.32,1314000,3353,49072098
2021-07-02,37.53,37.59,37.1,37.26,612000,3051,22875184
2021-07-05,37.26,37.66,36.6,36.61,531700,2052,19658804
2021-07-06,36.5,36.72,36.21,36.43,552900,3824,20147192
2021-07-07,36.6,37.79,36.36,37.79,595700,3772,22192854
2021-07-08,37.19,38.06,37.11,37.82,604900,3633,22824591
2021-07-12,37.81,38.53,37.4,38.45,421900,2526,16066154
2021-07-13,38.45,38.45,37.78,38.36,233300,1429,8911280
2021-07-14,38.46,38.95,38.15,38.69,693500,3257,26735637
2021-07-15,38.68,38.71,38.28,38.4,902400,5930,34702866
2021-07-16,38.34,38.75,37.74,37.9,792100,3672,30211075
2021-07-19,37.74,37.85,37.07,37.34,480400,2974,17936825
2021-07-20,37.52,37.56,36.97,37.45,432900,2204,16121296
2021-07-21,37.34,37.48,36.87,37.43,682500,3272,25368845
2021-07-22,37.43,37.98,37.41,37.63,331800,1917,12492857
2021-07-23,37.67,37.68,37.09,37.44,308400,1976,11511896
2021-07-26,37.29,37.37,36.72,37.33,414900,1935,15374524
2021-07-27,37.27,37.46,36.54,37.34,611300,3141,22590850
2021-07-28,37.37,37.4,36.3,36.4,816900,4295,29867408
2021-07-29,36.46,37.45,36.25,37.42,1035800,6179,38233716
2021-07-30,37.37,37.71,35.48,36.12,1277200,5735,46445239
2021-08-02,36.11,36.33,35.64,35.85,746200,4901,26827700
2021-08-03,35.85,36.6,35.17,36.6,770900,4160,27905368
2021-08-04,35.82,36.52,35.62,35.65,1003600,5556,35984517
2021-08-05,35.98,35.98,34.55,35.09,797000,4345,27887151
2021-08-06,35.09,35.78,34.72,35.58,799100,4303,28362267
2021-08-09,35.5,35.95,35.21,35.71,707900,3248,25199163
2021-08-10,35.61,35.85,34.79,34.82,721900,4505,25249836
2021-08-11,34.95,34.95,33.96,34.72,553600,2840,19093680
2021-08-12,34.37,34.47,33.69,34.35,882900,4544,30121195
2021-08-13,34.42,34.42,33.81,34.42,498000,2639,17039225
2021-08-16,34.4,34.4,33.44,33.56,672900,3380,22628028
2021-08-17,33.51,33.51,32.04,32.78,815700,4000,26639403
2021-08-18,32.82,33.44,32.45,32.91,425900,2783,14056673
2021-08-19,32.62,34.06,32.4,33.96,537500,3197,18017877
2021-08-20,33.81,34.84,33.44,34.68,504200,3597,17365352
2021-08-23,34.57,34.61,33.92,34.05,623300,3965,21280437
2021-08-24,34.35,34.66,34.13,34.48,483700,3075,16635360
2021-08-25,34.48,34.65,33.94,34.14,584800,4802,20012603
2021-08-26,34.08,34.15,33.58,33.59,704900,4083,23823679
2021-08-27,33.8,33.89,33.38,33.8,471000,3014,15869863
2021-08-30,33.79,33.98,33.08,33.26,382900,2822,12754852
2021-08-31,33.19,33.79,32.81,33.14,1475000,6384,48951996
2021-09-01,33.38,35.0,33.14,34.98,940700,5271,32349041
2021-09-02,34.89,34.98,34.32,34.67,888100,5664,30752214
2021-09-03,35.04,35.28,33.94,34.68,1076900,4783,37054062
2021-09-06,34.65,35.39,34.38,35.39,279500,1531,9798277
2021-09-08,35.45,35.64,34.26,34.93,975700,3721,34060123
2021-09-09,34.93,36.42,34.48,36.03,1206100,5314,43071746
2021-09-10,36.36,36.36,35.57,36.12,887000,5564,31914284
2021-09-13,36.33,37.2,36.14,36.95,328800,2297,12110910
2021-09-14,36.96,37.27,36.54,36.85,421800,2526,15582545
2021-09-15,37.08,37.09,35.85,36.09,1294800,5125,47298873
2021-09-16,35.98,36.72,35.82,36.11,723300,3744,26171770
2021-09-17,36.11,36.43,35.86,35.95,1497100,4876,53977501
2021-09-20,35.64,36.29,35.33,35.48,601600,3851,21402554
2021-09-21,35.55,36.77,35.52,36.41,737100,4685,26798329
2021-09-22,36.61,36.62,35.31,35.4,1698800,4110,60517866
2021-09-23,35.32,35.54,34.64,35.06,2978700,4401,103845962
2021-09-24,34.83,34.89,33.5,33.9,2228000,4371,75974335
2021-09-27,34.5,34.84,32.93,33.49,3826000,6503,127722057
2021-09-28,33.45,33.93,32.41,32.43,1675400,9805,55271813
2021-09-29,32.81,32.84,31.13,31.72,7309400,6900,229779004
2021-09-30,31.98,32.22,31.39,32.08,4541000,5751,145044914
2021-10-01,32.08,34.62,31.88,34.2,2378700,9140,80220047
2021-10-04,34.2,34.21,33.03,33.46,3084100,3506,103245334
2021-10-05,33.8,33.8,32.0,32.58,1218700,6162,39618045
2021-10-06,32.49,33.14,32.0,33.03,1682200,6536,55102347
2021-10-07,33.12,33.22,32.21,32.45,1426000,4790,46518062
2021-10-08,34.52,34.6,33.3,33.39,3870400,8219,130599797
2021-10-11,33.41,33.42,31.97,32.29,814400,2964,26375643
2021-10-13,31.92,32.82,31.51,32.61,2291300,5318,73499178
2021-10-14,32.39,33.46,32.14,33.19,1785000,5216,58982801
2021-10-15,33.38,34.46,33.09,34.01,909100,3312,30934758
2021-10-18,34.01,35.5,33.66,34.65,1197200,7807,41654958
2021-10-19,34.3,34.8,33.45,33.63,598100,3424,20302618
2021-10-20,33.97,34.92,33.85,34.77,1366100,4286,47191894
2021-10-21,34.35,34.42,32.75,32.96,552400,2962,18407769
2021-10-22,32.62,32.66,30.89,32.02,1296500,6497,41186217
2021-10-25,32.4,33.18,32.01,32.94,353200,2525,11571246
2021-10-26,32.95,33.01,31.7,31.85,722800,3839,23169092
2021-10-27,31.84,33.24,31.82,32.93,1397300,4441,45967562
2021-10-28,32.85,33.83,32.5,33.51,1390400,5880,46405746
2021-10-29,33.67,33.8,32.53,32.73,1911400,6800,63305060
2021-11-01,33.26,33.26,32.47,32.9,647600,3899,21286631
2021-11-03,32.91,33.85,32.56,33.45,1858800,4888,61931371
2021-11-04,33.15,33.28,30.16,30.7,3564600,10598,110181520
2021-11-05,31.0,31.16,30.34,30.73,630600,3632,19417010
2021-11-08,30.52,30.64,29.85,30.06,807600,4141,24323009
2021-11-09,30.45,30.59,29.72,29.82,836100,5942,25034747
2021-11-10,29.72,31.32,29.68,30.98,2015300,10201,62326690
2021-11-11,31.28,32.08,30.99,31.83,2148200,10100,68384309
2021-11-12,31.52,32.17,30.4,30.81,1135900,6225,35076014
2021-11-16,30.94,31.02,28.82,29.4,1526900,7932,44865033
2021-11-17,29.53,29.71,28.32,28.6,737700,4143,21169058
2021-11-18,28.8,29.4,28.18,28.21,1981800,5778,56364411
2021-11-19,28.55,30.11,28.47,29.5,2136700,5066,63322545
2021-11-22,29.49,30.35,29.09,29.44,895700,4564,26375885
2021-11-23,29.73,29.76,28.92,29.5,913100,5497,26831745
2021-11-24,29.45,29.9,29.09,29.59,1300600,6403,38426365
2021-11-25,29.32,30.07,29.08,29.62,975800,3509,28879291
2021-11-26,29.07,29.32,28.5,28.56,639500,3007,18436154
2021-11-29,28.75,28.82,27.94,28.61,1183100,4957,33512390
2021-11-30,28.56,28.56,26.76,27.14,2658500,8829,72393255
2021-12-01,27.08,27.39,25.88,26.24,2004000,10200,53071936
2021-12-02,26.51,27.41,26.35,27.14,2051800,8460,55391796
2021-12-03,27.14,28.23,26.9,28.13,1165500,5744,32586908
2021-12-06,28.48,28.48,27.58,28.05,5758300,6848,159827176
2021-12-07,28.27,28.49,27.75,27.9,908100,4082,25470065
2021-12-08,27.98,28.84,27.56,28.11,827900,4665,23317374
2021-12-09,28.11,28.21,27.01,27.2,643400,3802,17640252
2021-12-10,27.81,27.81,26.95,27.06,500400,2741,13608138
2021-12-13,27.01,27.49,26.76,27.1,637200,4506,17385497
2021-12-14,27.01,27.36,25.71,25.74,541100,2693,14134461
2021-12-15,25.97,26.25,24.75,26.25,5402200,8662,135040183
2021-12-16,26.24,26.84,26.05,26.13,836000,4967,22018533
2021-12-17,25.87,27.66,25.87,27.58,3755200,9524,101891470
2021-12-20,27.01,28.0,27.0,27.74,2039400,6242,56027871
2021-12-21,27.76,28.24,27.67,28.1,2294400,6542,64449727
2021-12-22,28.24,28.24,27.15,27.81,934100,4501,25945463
2021-12-23,27.91,28.19,27.34,27.57,834900,4869,23046273
