Date,Open,High,Low,Close,Volume,Neg,Fin
2020-09-02,9.11,10.95,8.8,10.3,15462800,33701,153575926
2020-09-03,10.78,11.3,10.1,10.4,12416100,27694,132689081
2020-09-04,10.7,10.8,10.25,10.4,4048500,10802,42232220
2020-09-08,10.4,10.4,10.0,10.35,1459400,3195,14971912
2020-09-09,10.35,10.44,10.19,10.29,1223400,2259,12578458
2020-09-10,10.25,10.25,10.1,10.1,905400,2022,9196945
2020-09-11,10.08,10.1,9.67,9.9,1523800,3701,15107133
2020-09-14,9.9,10.13,9.77,9.77,1182400,4709,11676639
2020-09-15,9.75,9.83,9.5,9.78,838400,3653,8101675
2020-09-16,9.76,9.87,9.62,9.87,252900,752,2455624
2020-09-17,9.86,9.86,9.59,9.6,517300,924,4990485
2020-09-18,9.59,9.6,9.38,9.38,338200,958,3201238
2020-09-21,9.38,9.38,9.03,9.3,359200,903,3309991
2020-09-22,9.38,9.8,9.2,9.8,418000,1389,4012582
2020-09-23,9.8,9.9,9.56,9.56,285500,862,2763478
2020-09-24,9.57,9.7,9.3,9.6,400200,607,3829813
2020-09-25,9.59,9.59,9.38,9.48,406700,2066,3851227
2020-09-28,9.42,9.52,9.25,9.3,1806300,1283,17119352
2020-09-29,9.24,9.28,9.01,9.24,163100,836,1495981
2020-09-30,9.24,9.33,9.08,9.2,937200,1295,8573761
2020-10-01,9.3,9.3,9.05,9.26,909400,1117,8306321
2020-10-02,9.2,9.5,9.08,9.3,539800,2336,5021994
2020-10-05,9.48,9.48,9.1,9.16,656700,1014,6027050
2020-10-06,9.17,9.34,9.06,9.06,282500,924,2582604
2020-10-07,9.09,9.25,8.95,9.1,408800,1108,3710555
2020-10-08,9.11,9.16,8.95,8.95,496200,2183,4458525
2020-10-09,8.94,9.09,8.8,9.07,524000,1915,4677671
2020-10-13,9.37,9.7,8.88,9.1,2013400,5925,18665347
2020-10-14,9.4,9.52,9.24,9.36,1747800,3149,16336324
2020-10-15,9.6,9.7,9.43,9.6,2068000,7062,19836109
2020-10-16,9.62,9.66,9.42,9.45,674300,2108,6418927
2020-10-19,9.35,9.44,9.02,9.03,2158200,4192,19741149
2020-10-20,9.12,9.15,9.06,9.14,340600,970,3100421
2020-10-21,9.14,9.14,9.06,9.09,346500,963,3148696
2020-10-22,9.05,9.1,9.0,9.1,474400,1182,4281374
2020-10-23,9.09,9.09,8.95,8.98,301800,885,2713868
2020-10-26,9.02,9.02,8.88,8.99,253800,676,2268111
2020-10-27,9.0,9.04,8.86,9.04,281200,1083,2514849
2020-10-28,9.02,9.02,8.6,8.6,526200,2168,4569325
2020-10-29,8.61,8.68,8.32,8.51,502300,1463,4253774
2020-10-30,8.91,8.99,8.08,8.2,1287900,3594,10896063
2020-11-03,8.35,8.47,7.93,8.02,457300,965,3707387
2020-11-04,8.1,8.2,8.01,8.2,193200,723,1566824
2020-11-05,8.26,8.39,8.26,8.35,226000,807,1887522
2020-11-06,8.35,8.49,8.2,8.49,300400,861,2518462
2020-11-09,8.67,8.85,8.41,8.44,410100,1052,3511199
2020-11-10,8.61,8.7,8.38,8.42,643000,1620,5480760
2020-11-11,8.49,8.55,8.27,8.45,451500,1340,3775084
2020-11-12,8.45,8.45,8.25,8.25,391100,896,3261891
2020-11-13,8.25,8.43,8.25,8.43,166100,462,1387862
2020-11-16,8.45,8.55,8.35,8.51,311800,1067,2638211
2020-11-17,8.49,8.5,8.41,8.42,256700,917,2165635
2020-11-18,8.42,8.49,8.35,8.42,217700,587,1830066
2020-11-19,8.43,8.48,8.3,8.38,434100,762,3626960
2020-11-20,8.39,8.39,8.3,8.33,257700,619,2151036
2020-11-23,8.39,8.39,8.19,8.2,351800,923,2905046
2020-11-24,8.22,8.3,8.2,8.3,227800,486,1880122
2020-11-25,8.3,8.37,8.23,8.33,446600,1040,3724241
2020-11-26,8.31,8.38,8.24,8.36,218700,712,1819313
2020-11-27,8.39,8.39,8.32,8.34,182300,816,1522785
2020-11-30,8.34,8.39,8.25,8.29,186600,639,1549737
2020-12-01,8.32,8.35,8.21,8.21,307600,737,2546718
2020-12-02,8.26,8.3,8.13,8.2,443000,1528,3633139
2020-12-03,8.17,8.31,8.17,8.19,681900,2205,5616520
2020-12-04,8.19,8.27,8.13,8.13,408100,850,3332247
2020-12-07,8.1,8.19,7.99,8.04,542900,982,4380909
2020-12-08,8.05,8.09,7.9,7.94,625400,1775,4978639
2020-12-09,7.94,8.0,7.83,7.99,434100,1357,3432260
2020-12-10,8.04,8.09,7.84,7.95,1281100,678,10176471
2020-12-11,7.95,8.06,7.93,8.02,444000,1208,3552506
2020-12-14,7.95,8.09,7.95,8.03,388900,1216,3119117
2020-12-15,8.1,8.32,8.05,8.27,621600,1352,5101395
2020-12-16,8.3,8.4,8.25,8.37,338500,949,2820994
2020-12-17,8.4,8.55,8.35,8.49,487600,1046,4125439
2020-12-18,8.55,8.57,8.44,8.45,303600,780,2582078
2020-12-21,8.2,8.54,8.09,8.5,491900,1298,4090943
2020-12-22,8.5,8.63,8.37,8.52,478300,2121,4074113
2020-12-23,8.52,8.64,8.4,8.64,480600,1458,4123573
2020-12-28,8.68,8.89,8.68,8.85,923600,2356,8121161
2020-12-29,9.0,9.01,8.8,8.95,479500,2185,4273364
2020-12-30,9.11,9.11,8.93,9.02,753700,2606,6787627
2021-01-04,9.2,9.2,8.8,9.08,614800,2497,5516015
2021-01-05,9.19,9.2,8.8,9.2,632600,2479,5699793
2021-01-06,9.28,9.3,9.06,9.14,1036700,4044,9553523
2021-01-07,9.23,9.23,8.96,9.06,759700,3165,6900910
2021-01-08,9.23,9.23,8.98,9.02,537900,2231,4863332
2021-01-11,9.11,9.18,8.91,9.1,762400,2527,6914634
2021-01-12,9.22,9.59,9.11,9.59,1718900,4716,16061086
2021-01-13,9.68,10.2,9.45,10.2,2040700,5013,20091833
2021-01-14,10.4,10.4,9.9,10.31,1032400,3332,10549256
2021-01-15,10.27,10.6,10.11,10.4,780800,2670,8124792
2021-01-18,10.6,10.7,10.46,10.69,764100,2255,8112515
2021-01-19,10.88,10.88,10.63,10.72,517800,2536,5562972
2021-01-20,10.9,10.9,10.52,10.74,381600,1564,4094203
2021-01-21,10.85,10.85,10.21,10.4,767500,2588,8027085
2021-01-22,10.38,10.47,10.07,10.3,767600,2169,7904610
2021-01-26,10.7,10.77,10.51,10.62,647000,2100,6876482
2021-01-27,10.76,10.76,10.3,10.36,422200,1920,4450028
2021-01-28,10.47,10.5,10.31,10.37,447400,2019,4654225
2021-01-29,10.39,10.4,10.1,10.15,362900,1690,3716406
2021-02-01,10.47,10.47,9.85,9.96,822700,3435,8247494
2021-02-02,10.17,10.17,9.99,10.04,596800,2811,5999420
2021-02-03,10.2,10.2,9.85,10.0,556500,2012,5569340
2021-02-04,10.12,10.12,9.8,9.92,398100,2351,3950055
2021-02-05,10.05,10.44,9.89,10.44,1910000,2850,19126600
2021-02-08,10.66,10.79,10.06,10.22,1000200,4159,10457253
2021-02-09,10.12,10.18,9.95,9.98,422300,1850,4225700
2021-02-10,10.0,10.1,9.85,10.02,762700,3127,7609140
2021-02-11,9.99,10.48,9.99,10.3,943400,3763,9640551
2021-02-12,10.19,10.2,9.95,10.0,780400,3164,7810146
2021-02-17,10.0,10.15,9.82,10.06,625600,1859,6268640
2021-02-18,10.0,10.09,9.96,10.0,508000,3060,5078585
2021-02-19,9.91,10.1,9.91,10.07,564800,2525,5651361
2021-02-22,9.91,9.93,9.42,9.8,980400,4528,9505793
2021-02-23,9.78,10.24,9.69,10.23,718800,3490,7147194
2021-02-24,10.13,10.19,9.96,9.99,835400,3636,8356323
2021-02-25,10.06,10.08,9.78,9.93,947600,3869,9440004
2021-02-26,9.97,9.99,9.7,9.91,867300,4179,8576720
2021-03-01,10.03,10.03,9.77,9.89,708500,3356,6996490
2021-03-02,10.02,10.3,9.57,9.69,1023100,2964,10112074
2021-03-03,9.71,9.76,9.1,9.26,806600,2482,7474651
2021-03-04,9.25,9.55,9.12,9.3,683400,2568,6358467
2021-03-05,9.15,9.26,8.97,9.12,684900,3405,6219109
2021-03-08,9.1,9.25,8.98,9.1,871500,3154,7945589
2021-03-09,9.05,9.13,8.93,9.01,1189300,5280,10730010
2021-03-10,8.98,9.13,8.65,8.81,1152500,5351,10170537
2021-03-11,8.91,9.08,8.71,8.96,467400,2496,4155501
2021-03-12,8.9,8.96,8.8,8.96,364200,1553,3235291
2021-03-15,9.0,9.15,8.9,9.08,690300,3411,6241813
2021-03-16,9.13,9.3,8.98,9.2,377000,2034,3432973
2021-03-17,9.18,9.2,9.02,9.13,376200,1902,3424835
2021-03-18,9.16,9.27,9.04,9.17,990400,3152,9097408
2021-03-19,9.24,9.42,9.15,9.39,326000,1376,3035934
2021-03-22,9.4,9.47,9.15,9.16,543100,2380,5035799
2021-03-23,9.05,9.28,9.04,9.2,1550800,6210,14232568
2021-03-24,9.2,9.26,8.88,9.0,555200,1913,5004698
2021-03-25,9.0,9.1,8.82,8.96,753100,3017,6756123
2021-03-26,9.08,9.08,8.89,8.96,670800,2943,6007389
2021-03-29,8.96,9.17,8.94,9.05,829800,2754,7516003
2021-03-30,9.06,9.26,9.05,9.17,371000,1709,3403471
2021-03-31,9.17,9.25,8.99,9.04,2572000,2009,23227845
2021-04-01,9.19,9.3,9.11,9.2,916400,2936,8439445
2021-04-05,9.25,9.3,9.14,9.26,338700,1609,3117904
2021-04-06,9.17,9.65,9.17,9.65,1137300,4877,10830977
2021-04-07,9.67,9.8,9.4,9.4,602800,2393,5748465
2021-04-08,9.49,9.49,9.35,9.41,750700,2066,7060260
2021-04-09,9.43,9.58,9.27,9.35,537800,2621,5070703
2021-04-12,9.3,9.58,9.3,9.47,488900,2824,4625107
2021-04-13,9.47,9.67,9.43,9.45,360400,1804,3432919
2021-04-14,9.5,9.57,9.43,9.5,3398700,4350,32276744
2021-04-15,9.5,9.96,9.47,9.95,554700,2492,5407720
2021-04-16,9.95,9.95,9.62,9.63,605400,2424,5889973
2021-04-19,9.64,9.68,9.5,9.5,622300,3248,5962379
2021-04-20,9.5,9.56,9.04,9.31,2037300,4849,19087699
2021-04-22,9.23,9.37,9.22,9.25,591400,1922,5485089
2021-04-23,9.2,9.57,9.15,9.26,778200,2514,7254625
2021-04-26,9.27,9.32,9.03,9.06,2314700,2865,21020854
2021-04-27,9.2,9.42,9.05,9.25,4305000,3810,39500783
2021-04-28,9.16,9.35,9.16,9.3,806900,2915,7475389
2021-04-29,9.41,9.61,9.29,9.58,1115700,4628,10595079
2021-04-30,9.57,9.66,9.38,9.6,618600,2698,5883913
2021-05-03,9.69,9.79,9.54,9.74,1012500,3589,9813948
2021-05-04,9.85,9.93,9.6,9.75,1408600,5225,13814110
2021-05-05,9.75,10.2,9.7,10.2,1996400,2833,19905989
2021-05-06,10.21,10.33,9.95,10.2,723800,3856,7311756
2021-05-07,10.2,10.69,10.07,10.55,1722900,4230,18134691
2021-05-10,10.82,10.82,10.46,10.76,864800,3466,9236740
2021-05-11,10.5,10.99,10.46,10.99,800100,3880,8633807
2021-05-12,10.93,11.0,10.55,10.65,1193400,5406,12834118
2021-05-13,10.66,10.84,10.5,10.84,1183600,3214,12644938
2021-05-14,10.92,10.94,10.57,10.68,607000,3771,6473575
2021-05-17,10.68,10.78,10.51,10.74,329100,1582,3507892
2021-05-18,12.0,12.3,11.65,11.77,3953800,7811,46879606
2021-05-19,12.05,12.4,11.53,11.75,2493600,5632,29702481
2021-05-20,11.74,11.91,11.58,11.7,768900,2483,8997611
2021-05-21,11.66,11.73,11.4,11.5,794200,2890,9167515
2021-05-24,11.63,11.63,11.28,11.56,690800,3076,7911757
2021-05-25,11.63,11.99,11.63,11.99,1893200,2672,22218327
2021-05-26,12.01,12.09,11.73,11.89,553000,2327,6553457
2021-05-27,11.97,11.97,11.64,11.75,707600,2641,8298699
2021-05-28,11.68,11.81,11.57,11.8,294800,1500,3442454
2021-05-31,11.69,11.97,11.69,11.86,467600,1989,5558864
2021-06-01,11.95,11.95,11.65,11.72,671400,2505,7890628
2021-06-02,11.8,11.82,11.61,11.82,406600,1949,4777768
2021-06-04,11.7,11.89,11.66,11.88,305600,1542,3609705
2021-06-07,11.9,12.49,11.87,12.4,981100,3595,12036555
2021-06-08,12.49,12.73,12.33,12.66,1547000,4264,19465489
2021-06-09,12.73,12.82,12.18,12.4,960000,3146,11946031
2021-06-10,12.41,12.78,12.39,12.7,684200,3476,8627639
2021-06-11,12.69,12.69,12.32,12.45,922400,2655,11471493
2021-06-14,12.53,12.66,12.33,12.48,548600,3208,6838025
2021-06-15,12.38,13.14,12.38,12.79,3166700,6002,40238687
2021-06-16,12.97,12.97,12.58,12.75,604400,2549,7722368
2021-06-17,12.61,12.83,11.73,12.0,8711800,6698,105069950
2021-06-18,11.91,12.0,11.7,11.8,793500,2961,9393342
2021-06-21,11.76,11.99,11.72,11.99,329300,1802,3906359
2021-06-22,11.78,11.95,11.61,11.9,442300,1652,5203328
2021-06-23,11.88,11.99,11.63,11.85,564300,2484,6657690
2021-06-24,11.94,11.94,11.71,11.71,596200,2046,7024586
2021-06-25,11.59,11.7,11.36,11.5,945900,3309,10869810
2021-06-28,11.36,11.52,11.22,11.39,445000,1995,5058268
2021-06-29,11.35,11.44,11.12,11.27,540700,2303,6088200
2021-06-30,11.34,11.46,11.06,11.25,942600,2953,10547579
2021-07-01,11.12,11.55,11.12,11.52,1178600,3024,13479574
2021-07-02,11.52,11.52,11.32,11.45,551400,2300,6302391
2021-07-05,11.48,11.74,11.37,11.73,704600,2752,8160553
2021-07-06,11.74,11.74,11.32,11.41,730600,2677,8336503
2021-07-07,11.55,11.64,11.39,11.59,793000,2932,9139539
2021-07-08,11.44,11.65,11.29,11.51,753000,2682,8622125
2021-07-12,11.65,11.94,11.57,11.89,1414500,5762,16714390
2021-07-13,11.79,12.31,11.77,12.28,1430900,4504,17333001
2021-07-14,12.28,12.37,12.06,12.15,938800,3266,11417358
2021-07-15,12.1,12.25,11.97,12.25,631800,2407,7657090
2021-07-16,12.3,12.45,12.01,12.15,1162800,3679,14207746
2021-07-19,12.13,12.27,11.61,12.2,980900,4053,11828015
2021-07-20,12.2,12.43,12.06,12.28,1017100,4060,12504961
2021-07-21,12.28,12.42,12.01,12.38,972400,3786,11932996
2021-07-22,12.4,12.74,12.3,12.68,877900,3045,11055463
2021-07-23,12.7,12.79,12.5,12.52,1164800,3268,14688534
2021-07-26,12.52,12.68,12.43,12.57,998900,3259,12566809
2021-07-27,12.5,12.54,12.11,12.3,1217900,4021,14950142
2021-07-28,12.17,12.44,12.17,12.3,876700,3481,10807508
2021-07-29,12.26,12.32,12.13,12.18,477500,1990,5828676
2021-07-30,12.12,12.18,11.78,11.95,774400,2651,9283412
2021-08-02,12.14,12.16,11.93,12.09,977300,3955,11771825
2021-08-03,12.32,12.59,12.22,12.59,2163800,6989,26893408
2021-08-04,12.58,12.85,12.5,12.69,1482600,4640,18885481
2021-08-05,12.81,12.92,12.4,12.47,2049000,3759,26124851
2021-08-06,12.47,12.83,12.33,12.8,944300,3238,11995414
2021-08-09,12.88,13.1,12.77,13.0,1491900,6012,19380101
2021-08-10,13.06,13.4,13.03,13.39,1406600,5345,18685943
2021-08-11,13.39,13.74,13.27,13.65,1076500,4279,14522470
2021-08-12,13.65,13.65,13.29,13.34,867900,4373,11614302
2021-08-13,13.33,13.66,13.12,13.54,1176800,4848,15813488
2021-08-16,13.64,13.64,13.32,13.39,1765600,9174,23665257
2021-08-17,13.05,13.26,12.58,12.73,2027800,7413,26145125
2021-08-18,12.62,12.95,12.18,12.37,997500,4193,12548647
2021-08-19,12.0,12.91,11.96,12.8,825300,3318,10366849
2021-08-20,12.8,13.0,12.65,12.89,617400,2471,7903664
2021-08-23,12.91,12.96,12.18,12.29,2088600,9172,25872717
2021-08-24,12.39,12.69,12.32,12.62,657700,2806,8227378
2021-08-25,12.56,12.77,12.5,12.77,768400,4210,9719298
2021-08-26,12.73,12.8,12.52,12.52,359100,2287,4545717
2021-08-27,12.51,12.61,12.37,12.4,639000,2849,7970429
2021-08-30,12.37,12.68,12.31,12.68,895900,4711,11239400
2021-08-31,12.7,12.8,12.03,12.11,1178200,4274,14550073
2021-09-01,12.19,12.38,12.14,12.35,616500,2622,7568689
2021-09-02,12.43,12.48,12.05,12.16,862700,2816,10521537
2021-09-03,12.3,13.23,12.18,13.23,5196400,9798,67406590
2021-09-06,13.19,13.41,12.8,13.29,1302600,3014,17112258
2021-09-08,13.23,13.4,12.65,12.94,1375800,6162,17834120
2021-09-09,12.94,13.4,12.6,13.4,1489200,5101,19181872
2021-09-10,13.53,13.66,12.85,12.9,1557200,6572,20357523
2021-09-13,13.28,13.56,13.0,13.51,1498500,4375,20017403
2021-09-14,13.57,13.75,13.26,13.45,1298900,3402,17530820
2021-09-15,13.44,13.44,12.87,13.25,1683200,4126,22003930
2021-09-16,13.17,13.21,12.85,12.99,1428400,3436,18563056
2021-09-17,12.97,13.14,12.7,13.14,1000600,3141,12994062
2021-09-20,12.82,12.89,12.43,12.89,928200,3075,11839652
2021-09-21,12.95,13.11,12.76,12.88,768700,2734,9937327
2021-09-22,13.05,13.05,12.66,12.88,1853700,4197,23775545
2021-09-23,12.95,13.11,12.69,13.08,910800,2524,11808507
2021-09-24,12.96,13.08,12.68,12.74,1295000,3759,16586294
2021-09-27,12.76,12.78,12.5,12.61,928300,3399,11744791
2021-09-28,12.55,12.59,12.21,12.42,749100,2658,9249885
2021-09-29,12.49,12.54,12.24,12.39,531400,2144,6585816
2021-09-30,12.46,12.53,12.13,12.43,918800,2993,11334217
2021-10-01,12.43,12.82,12.2,12.82,1021700,5929,12871724
2021-10-04,12.85,12.94,12.4,12.42,744700,4156,9332665
2021-10-05,12.39,12.5,12.0,12.0,1308800,3756,15980603
2021-10-06,11.86,11.96,11.4,11.69,1124100,4185,13191307
2021-10-07,11.68,11.75,11.36,11.59,1187500,4733,13699592
2021-10-08,11.52,11.74,11.5,11.64,779800,2710,9069564
2021-10-11,11.63,11.79,11.53,11.69,847900,3040,9907672
2021-10-13,11.69,11.83,11.5,11.75,861600,4319,10045373
2021-10-14,11.75,11.88,11.58,11.83,706400,3489,8308752
2021-10-15,11.83,12.04,11.69,11.96,830800,3230,9881746
2021-10-18,11.8,12.07,11.55,11.93,971200,4446,11508147
2021-10-19,11.92,11.92,11.15,11.17,849000,3639,9654816
2021-10-20,11.25,11.28,10.77,10.9,1158100,5493,12691821
2021-10-21,10.7,10.81,10.41,10.54,904200,3777,9582299
2021-10-22,10.43,10.44,9.6,10.04,2683800,10733,26745294
2021-10-25,10.1,10.47,9.9,10.39,1699900,8035,17381207
2021-10-26,10.29,10.33,9.84,9.91,782200,4120,7792760
2021-10-27,9.92,10.09,9.81,9.9,1400300,8281,13927730
2021-10-28,9.86,10.0,9.46,9.53,1432100,7147,13803964
2021-10-29,9.62,9.72,9.41,9.44,1923100,8966,18377438
2021-11-01,9.54,9.82,9.25,9.69,1596700,7539,15399633
2021-11-03,9.6,9.95,9.57,9.78,1180500,7066,11496655
2021-11-04,9.76,10.21,9.61,9.92,1608600,7443,15933536
2021-11-05,10.14,10.24,10.0,10.01,944800,3843,9551893
2021-11-08,9.95,10.05,9.51,9.51,819400,3538,7952958
2021-11-09,9.57,9.82,9.52,9.52,751500,3346,7233125
2021-11-10,9.6,9.94,9.51,9.59,1402600,6286,13560365
2021-11-11,9.71,9.71,9.36,9.63,2969800,9352,28205897
2021-11-12,9.6,9.6,9.24,9.3,1593300,5272,14974300
2021-11-16,9.31,9.35,8.94,8.96,1337900,5866,12077401
2021-11-17,9.02,9.04,8.61,8.75,1047000,3953,9213382
2021-11-18,8.75,8.97,8.66,8.74,713100,2859,6261199
2021-11-19,8.74,8.83,8.54,8.69,1618900,3626,14050943
2021-11-22,8.77,8.98,8.52,8.59,1382600,7620,11993670
2021-11-23,8.71,8.71,8.46,8.68,932700,3676,8038832
2021-11-24,8.65,8.81,8.58,8.69,860500,3132,7467182
2021-11-25,8.62,9.12,8.62,8.95,587300,2050,5257539
2021-11-26,8.8,8.86,8.63,8.67,606300,2947,5281638
2021-11-29,8.67,8.72,8.43,8.5,1011400,5199,8644018
2021-11-30,8.41,8.43,8.04,8.13,1292000,3971,10561072
2021-12-01,8.26,8.34,7.85,7.89,911500,4453,7329608
2021-12-02,8.01,8.15,7.93,8.04,762100,3118,6113012
2021-12-03,8.03,8.33,8.03,8.2,774600,3116,6337124
2021-12-06,8.28,8.46,8.22,8.31,575500,2386,4801420
2021-12-07,8.45,8.56,8.3,8.42,608800,2397,5133654
2021-12-08,8.48,8.69,8.35,8.55,743400,3653,6356791
2021-12-09,8.53,8.61,8.39,8.48,807400,4114,6832752
2021-12-10,8.52,8.81,8.52,8.65,606600,3180,5236863
2021-12-13,8.88,8.95,8.54,8.6,961100,4996,8310705
2021-12-14,8.75,8.8,8.46,8.71,1044400,6022,8991761
2021-12-15,8.85,8.93,8.53,8.6,1079200,5989,9305977
2021-12-16,8.69,8.73,8.54,8.68,821900,3524,7118201
2021-12-17,8.73,8.99,8.58,8.99,1308300,6224,11550224
2021-12-20,8.89,8.91,8.66,8.74,707900,3118,6219232
2021-12-21,8.67,8.85,8.67,8.79,376000,1818,3303076
2021-12-22,8.97,8.98,8.61,8.93,751000,3579,6641153
2021-12-23,8.98,9.1,8.86,8.93,457600,2418,4084691
2021-12-27,9.09,9.09,8.87,9.09,713500,3139,6404816
2021-12-28,9.09,9.41,8.99,9.41,1326700,5688,12261729
2021-12-29,9.48,9.51,9.27,9.47,944800,5307,8901227
2021-12-30,9.69,9.69,9.21,9.35,1039300,4083,9715308
