Date,Open,High,Low,Close,Volume,Neg,Fin
2010-01-04,6.00737,6.00737,5.88722,5.96982,30000,24,238080
2010-01-05,5.87971,6.04492,5.87971,5.99235,13400,24,106715
2010-01-06,5.89473,5.96231,5.8722,5.93228,12200,37,96127
2010-01-07,5.85718,5.93228,5.85718,5.86469,28900,42,225862
2010-01-08,5.87971,5.89473,5.707,5.89473,314600,55,2412352
2010-01-11,5.80462,6.00737,5.78209,6.00737,111500,33,884108
2010-01-12,5.85718,6.23265,5.85718,6.23265,146200,69,1175820
2010-01-13,6.21763,6.23265,6.05242,6.23265,216700,35,1789870
2010-01-14,6.30774,6.30774,6.22514,6.26268,45400,63,379475
2010-01-15,6.27019,6.27019,6.12752,6.21012,15800,18,130116
2010-01-18,6.15755,6.30774,6.15755,6.27019,52600,34,438792
2010-01-19,6.29272,6.29272,6.18008,6.21763,94700,22,789872
2010-01-20,6.23265,6.24015,6.04492,6.08246,144300,105,1175592
2010-01-21,6.15004,6.15004,5.93228,5.96982,93600,86,743936
2010-01-22,5.99986,5.99986,5.93228,5.96982,30300,54,240241
2010-01-26,5.8722,6.00737,5.83466,5.83466,65400,22,515860
2010-01-27,5.89473,5.92477,5.85718,5.85718,12000,13,93784
2010-01-28,5.85718,5.96982,5.78209,5.89473,21700,15,169835
2010-01-29,5.96231,5.96231,5.92477,5.93228,3400,4,26937
2010-02-01,5.93228,5.9548,5.86469,5.93228,5800,18,45770
2010-02-02,5.9473,6.00737,5.93228,5.96982,18800,32,149272
2010-02-03,5.96231,5.99986,5.96231,5.99235,17300,25,137971
2010-02-04,5.93228,5.9473,5.76707,5.85718,93000,41,726540
2010-02-05,5.74455,5.75956,5.59436,5.75956,54900,153,417520
2010-02-08,5.69949,5.89473,5.69949,5.89473,538600,35,4094520
2010-02-09,6.05993,6.05993,5.85718,5.85718,10500,8,82370
2010-02-10,5.85718,5.92477,5.7896,5.87971,43100,25,335856
2010-02-11,5.89473,5.96982,5.89473,5.91726,4300,15,33968
2010-02-12,5.93228,5.93228,5.74455,5.91726,52000,20,401824
2010-02-17,5.90975,6.00737,5.75206,6.00737,35300,38,276391
2010-02-18,6.00737,6.00737,5.93228,5.93228,11700,10,92672
2010-02-19,5.99235,5.99235,5.89473,5.9473,12600,5,99643
2010-02-22,5.96982,5.96982,5.89473,5.9473,700,7,5539
2010-02-23,5.93228,5.93228,5.8722,5.93228,9700,16,76238
2010-02-24,5.92477,5.96982,5.81213,5.96231,31600,41,249325
2010-02-25,5.85718,5.98484,5.81213,5.93228,42900,113,334546
2010-02-26,5.93228,5.93228,5.81964,5.90224,166000,96,1300036
2010-03-01,5.90975,5.90975,5.78209,5.84968,2400,9,18634
2010-03-02,5.7896,5.8722,5.63191,5.63191,105500,109,802154
2010-03-03,5.78209,5.84968,5.71451,5.74455,170600,123,1310928
2010-03-04,5.81964,5.81964,5.76707,5.76707,2300,3,17691
2010-03-05,5.72202,5.78209,5.64693,5.64693,57000,24,433035
2010-03-08,5.63191,5.63191,5.60938,5.63191,35800,20,268283
2010-03-09,5.55682,5.63191,5.48172,5.59436,56800,98,422141
2010-03-10,5.66195,5.66195,5.59436,5.6244,13600,18,101973
2010-03-11,5.63191,5.63191,5.59436,5.63191,37500,18,280677
2010-03-12,5.61689,5.63191,5.45169,5.48172,139500,46,1021161
2010-03-15,5.48172,5.56433,5.41414,5.5418,84800,29,623372
2010-03-16,5.61689,5.6244,5.57934,5.57934,33500,12,250615
2010-03-17,5.59436,5.59436,5.41414,5.49674,118100,39,864494
2010-03-18,5.51176,5.51176,5.44418,5.51176,101300,14,739502
2010-03-19,5.51927,5.51927,5.4592,5.49674,45100,12,329259
2010-03-22,5.51176,5.51176,5.40663,5.50425,1000,7,7263
2010-03-23,5.51927,5.51927,5.49674,5.50425,6700,32,49127
2010-03-24,5.51927,5.51927,5.4592,5.48172,12400,5,90723
2010-03-25,5.48172,5.48172,5.40663,5.48172,18800,11,136415
2010-03-26,5.48172,5.48172,5.36158,5.36158,7900,7,57220
2010-03-29,5.36909,5.47422,5.36909,5.47422,9000,11,64453
2010-03-30,5.51927,5.51927,5.40663,5.46671,14400,14,103907
2010-03-31,5.4592,5.47422,5.44418,5.46671,9500,25,69146
2010-04-01,5.51927,5.51927,5.40663,5.44418,30800,14,222889
2010-04-05,5.44418,5.44418,5.25645,5.32403,49600,26,351151
2010-04-06,5.36158,5.36158,5.14381,5.16634,115900,251,805044
2010-04-07,5.20388,5.2189,5.14381,5.19637,14700,18,101147
2010-04-08,5.25645,5.25645,5.12128,5.18136,56500,45,387854
2010-04-09,5.19637,5.36909,5.14381,5.33154,52600,27,365561
2010-04-12,5.3766,5.3766,5.17385,5.2189,38800,19,269010
2010-04-13,5.25645,5.25645,5.2189,5.25645,7100,10,49370
2010-04-14,5.28649,5.28649,5.14381,5.25645,35000,14,242178
2010-04-15,5.32403,5.32403,5.18136,5.30901,24000,15,167166
2010-04-16,5.33154,5.34656,5.14381,5.34656,14200,19,98488
2010-04-19,5.34656,5.34656,5.14381,5.2189,4400,10,30484
2010-04-20,5.25645,5.27898,5.15883,5.15883,14300,30,99229
2010-04-22,5.24143,5.24143,5.12128,5.24143,11100,16,76954
2010-04-23,5.25645,5.25645,5.15132,5.18136,12700,10,87224
2010-04-26,5.18136,5.24894,5.14381,5.2189,27200,16,188214
2010-04-27,5.19637,5.25645,5.12128,5.25645,2300,11,15898
2010-04-28,5.24894,5.24894,5.18136,5.24894,6800,7,47478
2010-04-29,5.33154,5.33154,5.21139,5.21139,4300,8,29896
2010-04-30,5.27147,5.27147,5.14381,5.25645,900,7,6247
2010-05-03,5.25645,5.25645,5.2189,5.2189,9800,13,68115
2010-05-04,5.25645,5.25645,5.12128,5.18136,61500,39,423577
2010-05-05,5.11377,5.25645,5.11377,5.24894,40700,16,283005
2010-05-06,5.25645,5.25645,5.06872,5.18136,31800,20,219207
2010-05-07,5.2189,5.2189,5.00864,5.18136,46200,25,311990
2010-05-10,5.25645,5.31652,5.18136,5.18136,41000,16,284813
2010-05-11,5.24894,5.24894,5.07623,5.2189,4800,8,32926
2010-05-12,5.24894,5.24894,5.24143,5.24894,1100,3,7684
2010-05-13,5.11377,5.18136,4.88099,4.95608,58800,43,390415
2010-05-14,4.98612,4.98612,4.65571,4.67073,70300,66,440547
2010-05-17,4.7308,4.7308,4.58062,4.61817,36600,21,227716
2010-05-18,4.64105,4.66425,4.61784,4.66425,11700,12,70122
2010-05-19,4.57916,4.63331,4.50955,4.51728,39200,38,230765
2010-05-20,4.40126,4.40899,4.18468,4.29297,82200,35,455286
2010-05-21,4.35485,4.47087,4.35485,4.47087,45200,12,258777
2010-05-24,4.46314,4.56369,4.4554,4.56369,26300,6,151919
2010-05-25,4.48634,4.51728,4.41673,4.41673,41800,13,242547
2010-05-26,4.40899,4.50955,4.3007,4.3007,46400,17,263146
2010-05-27,4.3007,4.48634,4.3007,4.47087,33400,12,191090
2010-05-28,4.48634,4.48634,4.39352,4.47087,24100,9,137203
2010-05-31,4.48634,4.78801,4.4554,4.78801,30000,22,176469
2010-06-01,4.67972,4.67972,4.67199,4.67199,4700,6,28410
2010-06-02,4.67972,4.68746,4.50955,4.64105,16800,51,99382
2010-06-04,4.64105,4.66425,4.54822,4.64105,6200,10,36847
2010-06-07,4.69519,4.69519,4.56369,4.56369,12300,4,72648
2010-06-08,4.54822,4.57143,4.44767,4.44767,19200,21,111482
2010-06-09,4.52502,4.57143,4.46314,4.46314,14200,10,82879
2010-06-10,4.52502,4.52502,4.46314,4.52502,24100,7,139935
2010-06-11,4.50955,4.50955,4.40899,4.48634,11900,7,67875
2010-06-14,4.52502,4.52502,4.51728,4.51728,2200,21,12849
2010-06-15,4.52502,4.52502,4.43993,4.51728,8000,13,46459
2010-06-16,4.52502,4.60237,4.44767,4.56369,12300,20,71874
2010-06-17,4.48634,4.52502,4.26203,4.26203,55000,37,309516
2010-06-18,4.26976,4.42446,4.26976,4.40899,67700,25,381951
2010-06-21,4.44767,4.52502,4.44767,4.52502,31300,14,181250
2010-06-22,4.51728,4.67972,4.51728,4.54822,43700,38,259454
2010-06-23,4.64105,4.64105,4.50181,4.60237,18300,5,108685
2010-06-24,4.60237,4.60237,4.55596,4.60237,5600,8,33049
2010-06-25,4.70293,4.70293,4.59464,4.59464,15200,52,90770
2010-06-28,4.64105,4.66425,4.57143,4.66425,11700,7,70221
2010-06-29,4.67199,4.67199,4.52502,4.62558,6800,12,39925
2010-06-30,4.62558,4.62558,4.52502,4.60237,21700,9,127188
2010-07-01,4.63331,4.64105,4.52502,4.59464,5300,8,31116
2010-07-02,4.63331,4.78801,4.60237,4.74934,16100,20,97189
2010-07-05,4.64105,4.67972,4.62558,4.67972,1000,5,6006
2010-07-06,4.67972,4.71066,4.62558,4.64105,23900,23,145161
2010-07-07,4.62558,4.67972,4.59464,4.67972,17200,15,103807
2010-07-08,4.5869,4.65652,4.57916,4.65652,1400,14,8333
2010-07-12,4.71066,4.71066,4.53275,4.54049,31100,52,183697
2010-07-13,4.54049,4.60237,4.54049,4.60237,39100,17,230625
2010-07-14,4.64105,4.66425,4.54822,4.66425,16200,20,97276
2010-07-15,4.68746,4.68746,4.57916,4.64105,2500,15,15004
2010-07-16,4.62558,4.63331,4.50955,4.63331,6700,9,40089
2010-07-19,4.57916,4.59464,4.52502,4.59464,15300,4,90403
2010-07-20,4.59464,4.64105,4.54822,4.64105,10900,8,65037
2010-07-21,4.64105,4.67972,4.60237,4.66425,5600,14,33601
2010-07-22,4.67972,4.75707,4.67972,4.7184,152000,26,923119
2010-07-23,4.67972,4.7184,4.67199,4.71066,1500,11,9102
2010-07-26,4.72613,4.72613,4.66425,4.66425,4800,20,29067
2010-07-27,4.67972,4.7416,4.67972,4.7416,3300,7,20205
2010-07-28,4.7184,4.78028,4.70293,4.78028,51800,20,316111
2010-07-29,4.78028,5.0278,4.78028,4.98912,79700,64,504368
2010-07-30,4.98912,5.64661,4.98912,5.35267,152400,84,1035821
2010-08-02,5.4919,5.56925,5.45323,5.4919,90900,34,643940
2010-08-03,5.37588,5.64661,5.37588,5.56152,20800,23,148422
2010-08-04,5.60793,6.18806,5.43002,5.78584,60200,65,440651
2010-08-05,5.83998,6.05656,5.7549,5.83998,61200,62,462230
2010-08-06,5.80131,5.83225,5.45323,5.4919,34600,31,248647
2010-08-09,5.43776,5.72396,5.43776,5.55378,16300,13,117530
2010-08-10,5.53058,5.53058,5.41455,5.41455,34100,17,239851
2010-08-11,5.41455,5.53058,5.41455,5.41455,40700,38,287121
2010-08-12,5.39908,5.53058,5.39908,5.41455,48100,30,339034
2010-08-13,5.49964,5.63887,5.49964,5.63887,40200,21,289283
2010-08-16,5.4919,5.64661,5.4919,5.6234,35100,23,254567
2010-08-17,5.64661,5.7781,5.60019,5.60019,17200,34,125870
2010-08-18,5.70075,5.73943,5.60793,5.71622,13800,21,101741
2010-08-19,5.72396,5.79357,5.64661,5.64661,4800,9,35379
2010-08-20,5.64661,5.87866,5.64661,5.72396,139200,44,1042096
2010-08-23,5.87092,5.87092,5.73943,5.73943,38600,17,287190
2010-08-24,5.73169,6.07977,5.72396,5.87866,8032100,53,62648027
2010-08-25,5.94054,6.11071,5.87866,5.95601,26900,33,207737
2010-08-26,5.94827,5.94827,5.77037,5.81678,27900,26,209267
2010-08-27,5.80131,5.80131,5.72396,5.7781,26200,45,195179
2010-08-30,5.7781,5.80131,5.68528,5.70075,21200,26,157670
2010-08-31,5.67755,5.7781,5.63887,5.76263,24600,24,180783
2010-09-01,5.80131,5.94827,5.79357,5.83998,74800,69,564252
2010-09-02,5.85545,5.87866,5.81678,5.83225,8900,8,67435
2010-09-03,5.87866,5.87866,5.80131,5.80131,29000,9,217985
2010-09-06,5.80131,5.80131,5.72396,5.72396,24100,11,179564
2010-09-08,5.72396,5.7549,5.70075,5.70075,38300,30,283703
2010-09-09,5.72396,5.72396,5.63887,5.72396,27300,16,201881
2010-09-10,5.72396,5.84772,5.66208,5.71622,30400,30,225389
2010-09-13,5.72396,5.77037,5.61567,5.72396,21500,15,159039
2010-09-14,5.72396,5.73169,5.71622,5.73169,26900,17,199045
2010-09-15,5.72396,5.73169,5.63887,5.72396,102700,11,759897
2010-09-16,5.69302,5.69302,5.61567,5.63114,7300,13,53139
2010-09-17,5.67755,5.7549,5.66208,5.72396,139100,33,1022094
2010-09-20,5.68528,5.68528,5.64661,5.68528,114000,13,837895
2010-09-21,5.70075,5.70849,5.6234,5.68528,117400,109,864850
2010-09-22,5.71622,5.71622,5.63887,5.68528,16500,15,120990
2010-09-23,5.70075,5.72396,5.63114,5.68528,29400,28,215080
2010-09-24,5.67755,5.67755,5.58472,5.58472,9400,14,67927
2010-09-27,5.58472,5.58472,5.51511,5.53058,95400,24,682150
2010-09-28,5.54605,5.54605,5.52284,5.54605,18800,56,134783
2010-09-29,5.53831,5.53831,5.50737,5.51511,35100,94,250232
2010-09-30,5.56925,5.56925,5.39908,5.41455,63100,208,445214
2010-10-01,5.45323,5.50737,5.43002,5.4687,5800,9,41159
2010-10-04,5.48417,5.4919,5.4687,5.47643,22700,72,160741
2010-10-05,5.47643,5.47643,5.38361,5.47643,14200,28,99313
2010-10-06,5.47643,5.4919,5.41455,5.47643,15800,28,112064
2010-10-07,5.50737,5.53058,5.42229,5.53058,26200,57,186252
2010-10-08,5.4919,5.53058,5.4919,5.53058,16000,20,114336
2010-10-11,5.56925,5.56925,5.4919,5.53058,11500,31,82223
2010-10-13,5.4687,5.56152,5.4687,5.53831,30000,30,214477
2010-10-14,5.54605,5.56925,5.4919,5.55378,49500,62,354751
2010-10-15,5.55378,5.55378,5.53058,5.53058,16500,7,118406
2010-10-18,5.53058,5.53058,5.50737,5.53058,22400,15,160115
2010-10-19,5.52284,5.53058,5.48417,5.4919,47000,212,335810
2010-10-20,5.49964,5.49964,5.47643,5.4919,34100,35,242429
2010-10-21,5.4919,5.49964,5.4919,5.4919,97800,67,695220
2010-10-22,5.4919,5.54605,5.4919,5.4919,12100,8,85939
2010-10-25,5.4919,5.4919,5.45323,5.48417,43600,33,308914
2010-10-26,5.47643,5.4919,5.4687,5.4687,24300,27,171903
2010-10-27,5.80131,5.80131,5.47643,5.56925,84800,34,613710
2010-10-28,5.56925,5.66981,5.56925,5.60793,51200,16,373971
2010-10-29,5.61567,5.61567,5.53831,5.60793,29300,24,211357
2010-11-01,5.60793,5.60793,5.52284,5.60019,78900,45,566261
2010-11-03,5.60019,5.60793,5.54605,5.56925,38900,25,280266
2010-11-04,5.60793,5.6234,5.56152,5.56925,50100,28,361518
2010-11-05,5.56925,5.56925,5.46096,5.46096,71200,38,505424
2010-11-08,5.46096,5.56925,5.42229,5.56925,9200,20,65599
2010-11-09,5.49964,5.53831,5.43776,5.52284,50500,43,357188
2010-11-10,5.4919,5.52284,5.46096,5.50737,9900,15,70456
2010-11-11,5.50737,5.50737,5.4919,5.50737,7900,14,56232
2010-11-12,5.4919,5.4919,5.21344,5.39135,36900,35,255814
2010-11-16,5.39908,5.45323,5.23665,5.41455,40500,111,278978
2010-11-17,5.29853,5.4687,5.29853,5.43002,57500,33,397760
2010-11-18,5.44549,5.4919,5.39135,5.44549,101900,81,713750
2010-11-19,5.4608,5.55549,5.4608,5.55549,785300,47,5516964
2010-11-22,5.52393,5.52393,5.50814,5.51604,7200,19,50349
2010-11-23,5.52393,5.58706,5.52393,5.57917,21400,21,150912
2010-11-24,5.58706,5.61073,5.56338,5.61073,83700,84,592675
2010-11-25,5.61862,5.68175,5.61862,5.65019,47000,33,336592
2010-11-26,5.6423,5.65808,5.62651,5.6423,40400,34,288840
2010-11-29,5.6423,5.6423,5.57127,5.61862,428400,10,3037408
2010-11-30,5.60284,5.60284,5.58706,5.60284,75400,72,535328
2010-12-01,5.6423,5.72121,5.57917,5.60284,58500,23,417059
2010-12-02,5.57917,5.60284,5.57917,5.59495,20000,17,141791
2010-12-03,5.59495,5.65019,5.59495,5.61073,138900,43,987521
2010-12-06,5.61862,5.61862,5.51604,5.51604,28700,76,203140
2010-12-07,5.57127,5.57127,5.5476,5.56338,17100,46,120545
2010-12-08,5.57127,5.62651,5.57127,5.61862,22400,75,159626
2010-12-09,5.6423,5.6423,5.62651,5.6423,9200,52,65774
2010-12-10,5.67386,5.67386,5.57917,5.59495,8800,8,62557
2010-12-13,5.59495,5.66597,5.58706,5.6423,11200,24,79842
2010-12-14,5.6423,5.6423,5.6344,5.6344,61800,522,441831
2010-12-15,5.66597,5.66597,5.61862,5.6423,399400,14,2855725
2010-12-16,5.6344,5.6423,5.61862,5.61862,1300,8,9270
2010-12-17,5.6423,5.65808,5.61073,5.61073,27200,60,194307
2010-12-20,5.61073,5.65019,5.61073,5.6423,63600,302,453560
2010-12-21,5.6423,5.65808,5.6344,5.65808,97100,464,695958
2010-12-22,5.68175,5.68175,5.6344,5.6344,8400,38,60162
2010-12-23,5.6344,5.65808,5.6344,5.65808,11200,71,80294
2010-12-27,5.65019,5.69754,5.61073,5.61073,5700,32,40730
2010-12-28,5.65808,5.65808,5.6423,5.65808,600,6,4294
2010-12-29,5.6423,5.69754,5.61073,5.69754,4700,9,33656
2010-12-30,5.69754,5.83958,5.69754,5.83958,31300,39,228172
2011-01-03,5.8238,6.0921,5.8238,5.9106,207000,65,1570933
2011-01-04,5.87904,5.95795,5.87115,5.91849,23900,21,179559
2011-01-05,5.9106,5.95795,5.87904,5.93428,39100,19,295021
2011-01-06,5.94217,6.01319,5.94217,5.99741,223300,23,1688206
2011-01-07,5.99741,5.99741,5.96584,5.98162,7400,8,55965
2011-01-10,5.96584,5.98162,5.89482,5.98162,7000,16,52777
2011-01-11,5.98952,6.13156,5.98952,6.13156,94100,17,716170
2011-01-12,6.13156,6.19469,6.0921,6.0921,165500,48,1285177
2011-01-13,6.0921,6.11578,6.0921,6.10788,8100,12,62764
2011-01-14,6.07632,6.17891,6.07632,6.17891,3000,9,23395
2011-01-17,6.17891,6.17891,6.07632,6.07632,1600,8,12356
2011-01-18,6.05265,6.17891,6.05265,6.09999,27200,10,208823
2011-01-19,6.0921,6.0921,5.97373,6.01319,23800,21,181476
2011-01-20,6.0053,6.02108,5.97373,5.99741,36200,20,275123
2011-01-21,5.99741,6.01319,5.91849,6.01319,27400,14,206160
2011-01-24,6.01319,6.17891,6.01319,6.17891,35000,31,271826
2011-01-26,6.17891,6.17891,5.98162,5.98162,44100,23,338797
2011-01-27,5.99741,6.02897,5.91849,6.02897,20600,10,155904
2011-01-28,6.01319,6.01319,5.77645,5.77645,31700,19,235474
2011-01-31,5.78434,5.87115,5.77645,5.80012,38200,25,282297
2011-02-01,5.8238,5.99741,5.8238,5.99741,53900,43,404334
2011-02-02,5.99741,5.99741,5.83958,5.9106,4900,25,37021
2011-02-03,5.91849,5.98162,5.81591,5.91849,59100,56,445342
2011-02-04,5.91849,5.91849,5.80801,5.80801,32300,19,240415
2011-02-07,5.81591,5.91849,5.80801,5.85536,6100,22,45007
2011-02-08,5.91849,5.91849,5.8238,5.9106,46700,23,349587
2011-02-09,5.90271,5.90271,5.6423,5.68175,62300,77,450618
2011-02-10,5.68175,5.68175,5.59495,5.66597,29400,35,209358
2011-02-11,5.68175,5.68175,5.66597,5.66597,200,2,1438
2011-02-14,5.65808,5.67386,5.6423,5.65019,21500,68,154257
2011-02-15,5.65019,5.65019,5.51604,5.51604,8600,28,61078
2011-02-16,5.53971,5.53971,5.42923,5.51604,27700,26,193229
2011-02-17,5.51604,5.67386,5.40556,5.51604,20200,31,141353
2011-02-18,5.52393,5.53182,5.50814,5.52393,49600,44,347257
2011-02-21,5.52393,5.53971,5.51604,5.52393,46200,39,323998
2011-02-22,5.52393,5.52393,5.44501,5.52393,26100,60,181133
2011-02-23,5.53182,5.53971,5.51604,5.53182,8300,29,58143
2011-02-24,5.57127,5.57127,5.52393,5.53971,2000,12,14033
2011-02-25,5.53182,5.58706,5.4529,5.4529,18200,7,127775
2011-02-28,5.4608,5.62651,5.4529,5.52393,160300,34,1129692
2011-03-01,5.57127,5.6423,5.57127,5.60284,234900,28,1668002
2011-03-02,5.61862,5.6423,5.61862,5.6344,10000,83,71434
2011-03-03,5.6423,5.6423,5.60284,5.62651,6700,21,47758
2011-03-04,5.6344,5.6423,5.59495,5.62651,9600,24,68361
2011-03-09,5.72121,5.72121,5.50814,5.52393,29900,23,210618
2011-03-10,5.60284,5.60284,5.48447,5.59495,4200,11,29233
2011-03-11,5.59495,5.59495,5.59495,5.59495,100,1,709
2011-03-14,5.57917,5.57917,5.28719,5.28719,236300,43,1605251
2011-03-15,5.22406,5.34243,5.22406,5.2714,116300,39,779000
2011-03-16,5.2793,5.35032,5.22406,5.35032,34800,14,232822
2011-03-17,5.3661,5.47658,5.3661,5.47658,8300,14,57323
2011-03-18,5.50025,5.55549,5.39767,5.39767,5300,15,36978
2011-03-21,5.44501,5.48447,5.39767,5.48447,1500,10,10347
2011-03-22,5.3661,5.3661,5.21617,5.22406,77300,43,516140
2011-03-23,5.25562,5.43712,5.25562,5.38977,22100,18,150331
2011-03-24,5.39767,5.39767,5.28719,5.28719,8300,7,55776
2011-03-25,5.2793,5.35032,5.21617,5.21617,23900,11,161122
2011-03-28,5.23984,5.23984,4.93208,4.93208,84700,57,538879
2011-03-29,4.93997,4.99521,4.87684,4.87684,18000,82,112729
2011-03-30,4.86895,4.87684,4.76636,4.79793,184400,111,1127452
2011-03-31,4.80582,4.93208,4.80582,4.88473,42600,27,264486
2011-04-01,5.0031,5.12936,5.0031,5.12936,16700,16,106467
2011-04-04,5.16882,5.24773,4.99521,4.99521,28300,16,183104
2011-04-05,5.0899,5.0899,4.98732,5.06623,7100,53,45220
2011-04-06,5.0899,5.23195,4.99521,5.23195,56100,27,361580
2011-04-07,5.12936,5.16882,5.12936,5.16882,3800,22,24705
2011-04-08,5.0899,5.14514,5.04256,5.04256,15300,37,98626
2011-04-11,5.13725,5.13725,5.01099,5.10569,15900,31,103062
2011-04-12,4.97943,5.01099,4.94786,4.94786,11600,10,72916
2011-04-13,5.01099,5.01099,4.89262,5.01099,6300,37,39636
2011-04-14,4.95575,5.10569,4.90051,4.90051,48000,28,303530
2011-04-15,5.01099,5.01099,5.0031,5.0031,2900,5,18388
2011-04-18,4.9084,4.97153,4.89262,4.9084,51300,28,320826
2011-04-19,4.96364,4.99521,4.96364,4.99521,12300,5,77540
2011-04-20,4.93997,5.05045,4.93208,5.05045,39600,34,251800
2011-04-25,5.0899,5.0899,4.97153,5.03466,6700,12,42337
2011-04-26,5.08201,5.0899,5.03466,5.07412,4200,27,26975
2011-04-27,5.0031,5.08201,5.0031,5.07412,6300,12,40393
2011-04-28,5.10569,5.16882,5.01099,5.0978,7100,10,45864
2011-04-29,5.0978,5.0978,5.01099,5.0899,6700,32,43040
2011-05-02,5.07412,5.07412,5.05045,5.06623,10400,4,66765
2011-05-03,5.0899,5.0899,5.05045,5.05045,4700,20,30174
2011-05-04,5.08201,5.11358,5.05045,5.05045,8700,39,55994
2011-05-05,5.0031,5.01888,4.92419,5.01099,25600,13,161332
2011-05-06,5.01099,5.05045,4.93208,4.99521,32400,19,204196
2011-05-09,4.97153,4.99521,4.93208,4.95575,8100,12,50890
2011-05-10,4.97153,4.97943,4.90051,4.95575,117500,29,733283
2011-05-11,4.93208,4.93208,4.81371,4.81371,133800,88,829707
2011-05-12,4.8216,4.8216,4.65588,4.65588,130700,47,777104
2011-05-13,4.71112,4.71112,4.34023,4.46649,215500,82,1219246
2011-05-16,4.42703,4.57697,4.42703,4.55329,307000,119,1755122
2011-05-17,4.49558,4.53706,4.40434,4.47899,97500,41,529073
2011-05-18,4.48729,4.57023,4.48729,4.57023,11500,4,62354
2011-05-19,4.57853,4.61171,4.4707,4.48729,360000,15,1962744
2011-05-20,4.52047,4.60341,4.4707,4.52047,40400,21,221726
2011-05-23,4.45411,4.65318,4.45411,4.57853,94700,29,528208
2011-05-24,4.58682,4.72783,4.58682,4.65318,226800,32,1270133
2011-05-25,4.73612,4.79418,4.72783,4.7693,36800,22,211410
2011-05-26,4.72783,4.7693,4.60341,4.71953,65100,25,366306
2011-05-27,4.71953,4.71953,4.71953,4.71953,400,2,2270
2011-05-30,4.71953,4.89372,4.71953,4.7693,31000,27,178280
2011-05-31,4.81077,4.89372,4.81077,4.85224,62700,130,366242
2011-06-01,4.85224,4.89372,4.65318,4.89372,227000,51,1295100
2011-06-02,4.89372,4.96837,4.81077,4.88542,37000,147,216097
2011-06-03,4.81077,4.85224,4.78589,4.79418,89600,31,519800
2011-06-06,4.84395,4.85224,4.7693,4.81077,4500,16,26035
2011-06-07,4.89372,4.92689,4.77759,4.81077,65800,123,382412
2011-06-08,4.7693,4.9186,4.7693,4.88542,169100,88,983392
2011-06-09,4.89372,4.89372,4.82736,4.85224,55800,13,326493
2011-06-10,4.89372,4.89372,4.761,4.761,23500,36,136319
2011-06-13,4.89372,4.89372,4.77759,4.84395,9800,17,56888
2011-06-14,4.85224,5.0679,4.81077,5.01813,20200,172,119898
2011-06-15,5.01813,5.01813,4.96007,5.00984,3200,14,19188
2011-06-16,4.92689,5.00984,4.9103,4.9103,20100,66,119872
2011-06-17,4.89372,4.97666,4.86883,4.86883,7600,11,44675
2011-06-20,5.2089,5.2089,4.86883,4.86883,1500,5,8958
2011-06-21,4.94348,5.14255,4.93519,5.14255,3000,18,18007
2011-06-22,5.01813,5.10108,4.9186,5.01813,153600,34,927912
2011-06-24,4.93519,5.00984,4.90201,4.97666,16000,9,95453
2011-06-27,5.01813,5.01813,4.72783,4.72783,128500,22,762961
2011-06-28,4.92689,4.96837,4.89372,4.9103,43100,53,255704
2011-06-29,4.96837,4.96837,4.89372,4.90201,10300,9,60861
2011-06-30,4.96837,4.97666,4.96837,4.97666,97500,139,584948
2011-07-01,5.16743,5.19232,4.92689,5.19232,58700,19,352184
2011-07-04,5.0596,5.07619,4.97666,5.07619,48700,26,295774
2011-07-05,5.07619,5.07619,4.97666,5.07619,63000,32,379711
2011-07-06,4.97666,5.26697,4.97666,5.26697,41700,32,255525
2011-07-07,5.10108,5.2172,5.10108,5.2172,94900,154,586556
2011-07-08,5.2172,5.2172,4.97666,4.97666,64200,33,392876
2011-07-11,5.00984,5.01813,4.89372,5.01813,22900,52,135644
2011-07-12,4.90201,5.00984,4.89372,5.00154,31500,38,188451
2011-07-13,5.00984,5.01813,5.00984,5.01813,4400,9,26600
2011-07-14,5.14255,5.14255,4.89372,4.97666,14400,16,86355
2011-07-15,5.0596,5.0596,4.9186,4.97666,68500,169,411452
2011-07-18,4.96837,4.96837,4.85224,4.86883,39100,14,230419
2011-07-19,4.93519,4.93519,4.89372,4.89372,14600,4,86220
2011-07-20,4.92689,5.01813,4.89372,5.01813,25300,10,150144
2011-07-21,5.00984,5.05131,4.89372,5.05131,56400,13,339915
2011-07-22,4.90201,5.00154,4.89372,4.97666,17800,12,105715
2011-07-25,4.87713,5.05131,4.87713,5.04302,17900,126,107452
2011-07-26,4.97666,4.97666,4.88542,4.92689,45500,25,269292
2011-07-27,4.90201,4.94348,4.85224,4.89372,16600,18,97972
2011-07-28,4.9103,4.93519,4.82736,4.82736,45100,21,266516
2011-07-29,4.85224,4.97666,4.81077,4.97666,51800,7,309164
2011-08-01,4.97666,4.97666,4.89372,4.97666,1700,6,10148
2011-08-02,4.96837,4.96837,4.85224,4.85224,6200,11,36308
2011-08-03,4.81077,4.81077,4.56194,4.72783,80900,27,458654
2011-08-04,4.62829,4.62829,4.31311,4.31311,84600,29,453874
2011-08-05,4.56194,4.56194,4.14722,4.14722,58100,22,297799
2011-08-08,4.14722,4.14722,3.69932,3.69932,32200,28,148307
2011-08-09,3.98133,4.06427,3.65784,3.69102,34600,33,156077
2011-08-10,3.74079,3.81544,3.64955,3.69102,61000,67,274091
2011-08-11,3.80714,3.89838,3.80714,3.82373,33200,13,152583
2011-08-12,3.81544,3.81544,3.70761,3.70761,48200,71,216889
2011-08-15,3.76567,3.81544,3.73249,3.80714,27200,21,123425
2011-08-16,3.74079,3.98133,3.73249,3.82373,58200,101,271330
2011-08-17,3.89838,3.89838,3.85691,3.89009,6100,4,28410
2011-08-18,3.93986,3.93986,3.85691,3.93986,37200,16,174337
2011-08-19,3.83203,4.14722,3.83203,4.14722,26500,15,127684
2011-08-22,3.99792,4.13063,3.99792,4.0228,61000,37,297131
2011-08-23,3.95644,4.14722,3.94815,4.14722,11400,25,55940
2011-08-24,4.14722,4.39605,4.14722,4.14722,11400,17,57342
2011-08-25,4.18039,4.23016,4.10574,4.14722,22200,8,111015
2011-08-26,4.06427,4.09745,3.94815,3.94815,70300,36,338303
2011-08-29,3.90668,4.23016,3.85691,4.23016,23200,21,111303
2011-08-30,4.23016,4.27163,4.14722,4.27163,41900,8,214120
2011-08-31,4.31311,4.64488,4.31311,4.64488,50800,13,277180
2011-09-01,4.64488,4.88542,4.64488,4.87713,37600,10,217174
2011-09-02,4.57023,4.97666,4.57023,4.97666,124400,33,733921
2011-09-05,4.97666,5.00154,4.67806,4.87713,98200,67,581819
2011-09-06,4.99325,4.99325,4.97666,4.97666,500,3,3008
2011-09-08,4.97666,5.01813,4.83565,4.97666,41900,20,247425
2011-09-09,4.89372,4.97666,4.83565,4.97666,66800,110,391813
2011-09-12,4.75271,4.75271,4.64488,4.75271,37500,17,214615
2011-09-13,4.89372,4.89372,4.52876,4.52876,40300,42,224774
2011-09-14,4.94348,4.94348,4.39605,4.43752,166400,44,895994
2011-09-15,4.47899,4.64488,4.47899,4.63659,5300,8,28899
2011-09-16,4.64488,4.97666,4.64488,4.97666,35800,51,209800
2011-09-19,4.80248,4.81077,4.56194,4.56194,135600,44,759883
2011-09-20,4.60341,4.60341,4.57853,4.57853,1700,3,9429
2011-09-21,4.57023,4.68636,4.53706,4.53706,11300,7,61929
2011-09-22,4.39605,4.51217,4.18869,4.23016,40700,24,212015
2011-09-23,4.23016,4.37946,4.23016,4.37946,267100,16,1363969
2011-09-26,4.40434,4.47899,4.27163,4.43752,12500,69,66712
2011-09-27,4.47899,4.68636,4.47899,4.68636,175600,11,951505
2011-09-28,4.72783,4.72783,4.72783,4.72783,10000,3,57000
2011-09-29,4.72783,4.72783,4.58682,4.68636,12500,21,70553
2011-09-30,4.64488,4.81077,4.51217,4.81077,88000,22,499110
2011-10-03,4.68636,4.68636,4.68636,4.68636,2000,5,11300
2011-10-04,4.64488,4.64488,4.40434,4.62829,142800,73,785667
2011-10-05,4.57023,4.761,4.57023,4.68636,10500,8,58309
2011-10-06,4.7693,4.89372,4.7693,4.88542,144400,50,837999
2011-10-07,4.97666,4.97666,4.89372,4.89372,21800,76,129401
2011-10-10,4.96837,4.97666,4.85224,4.85224,6000,9,35293
2011-10-11,4.93519,4.93519,4.81907,4.89372,92000,140,538697
2011-10-13,4.81077,4.97666,4.81077,4.97666,16800,17,99470
2011-10-14,4.97666,5.01813,4.97666,4.99325,2200,12,13241
2011-10-17,4.93519,4.96837,4.93519,4.93519,74300,16,442091
2011-10-18,4.96837,5.00154,4.93519,4.93519,23700,39,141216
2011-10-19,5.01813,5.01813,4.93519,4.99325,20600,12,122595
2011-10-20,4.98495,4.98495,4.87713,4.89372,17400,49,103136
2011-10-21,5.01813,5.0596,4.93519,4.93519,101200,23,611872
2011-10-24,4.89372,5.01813,4.89372,5.01813,47400,27,282428
2011-10-25,4.93519,5.10108,4.90201,4.97666,194200,18,1164536
2011-10-26,5.10108,5.10108,5.00154,5.10108,31700,39,194375
2011-10-27,5.12596,5.15914,5.11767,5.15914,18500,14,114606
2011-10-28,5.16743,5.18402,5.04302,5.10108,26000,21,160005
2011-10-31,5.12635,5.12635,4.98965,5.12635,109900,61,658598
2011-11-01,5.12635,5.12635,5.00674,5.07509,3500,9,20761
2011-11-03,5.21179,5.21179,5.04091,5.04091,1300,4,7690
2011-11-04,5.21179,5.21179,5.06654,5.06654,500,2,3033
2011-11-07,5.06654,5.06654,4.99819,4.99819,17700,24,103782
2011-11-08,4.96402,5.04091,4.93838,4.95547,24400,189,143316
2011-11-09,4.99819,5.10926,4.87858,4.99819,28600,9,167510
2011-11-10,5.04091,5.04091,5.04091,5.04091,100,1,590
2011-11-11,4.99819,5.04091,4.91275,5.04091,41600,17,242613
2011-11-16,5.04091,5.06654,5.03237,5.06654,15700,16,92644
2011-11-17,5.06654,5.06654,4.95547,4.95547,11600,17,67546
2011-11-18,5.058,5.058,4.99819,4.99819,3700,4,21735
2011-11-21,4.88712,5.04091,4.88712,5.04091,7400,6,43601
2011-11-22,5.04091,5.04091,4.91275,5.03237,42200,12,248217
2011-11-23,5.10926,5.10926,4.95547,4.99819,58800,11,343199
2011-11-24,5.04091,5.04091,4.91275,4.95547,24700,77,143357
2011-11-25,4.95547,4.99819,4.95547,4.9811,27300,10,159350
2011-11-28,5.04091,5.04091,5.02382,5.04091,700,7,4126
2011-11-29,5.03237,5.07509,5.03237,5.07509,12000,8,70833
2011-11-30,5.07509,5.11781,4.92984,5.07509,67300,22,399206
2011-12-01,5.03237,5.03237,4.80168,4.87003,4354100,143,24785361
2011-12-02,4.87003,4.98965,4.87003,4.9811,9700,21,55580
2011-12-05,4.9811,4.9811,4.9811,4.9811,11200,4,65296
2011-12-06,5.02382,5.02382,4.9213,4.93838,6500,56,37952
2011-12-07,5.01528,5.01528,4.98965,5.01528,1600,4,9350
2011-12-08,5.01528,5.01528,4.89566,4.99819,14900,12,86272
2011-12-09,4.95547,4.99819,4.87003,4.87003,25200,28,145680
2011-12-12,4.8444,4.94693,4.8444,4.94693,4400,2,24960
2011-12-13,4.95547,5.11781,4.87003,4.87003,17200,7,99577
2011-12-14,4.94693,4.94693,4.9213,4.9213,10100,4,58179
2011-12-15,4.87003,4.91275,4.78459,4.89566,27100,60,155316
2011-12-16,4.94693,4.95547,4.87003,4.95547,15100,27,86573
2011-12-19,4.92984,5.04091,4.92984,5.04091,21800,68,126659
2011-12-20,4.89566,5.09217,4.89566,5.09217,71800,20,419179
2011-12-21,4.95547,5.058,4.87003,5.058,68700,22,398197
2011-12-22,5.058,5.058,4.90421,4.90421,43900,31,253068
2011-12-23,5.06654,5.25451,5.06654,5.25451,10700,79,64574
2011-12-26,5.25451,5.32286,5.25451,5.25451,16300,76,100708
2011-12-27,5.24596,5.25451,5.21179,5.25451,14200,7,87180
2011-12-28,5.12635,5.25451,5.12635,5.22888,8200,7,49827
2011-12-29,5.25451,5.3314,5.12635,5.29723,30200,17,185774
2012-01-02,5.13489,5.22888,5.13489,5.18616,2200,8,13294
2012-01-03,5.21179,5.21179,4.96402,4.96402,5800,12,34583
2012-01-04,5.20324,5.20324,4.83586,4.87858,18700,69,108016
2012-01-05,4.87858,4.87858,4.83586,4.83586,6300,6,35908
2012-01-06,4.8444,5.09217,4.83586,5.09217,2500,7,14368
2012-01-09,5.08363,5.08363,5.08363,5.08363,400,1,2380
2012-01-10,5.07509,5.08363,5.04091,5.08363,51400,92,305743
2012-01-11,4.96402,5.08363,4.96402,5.08363,5300,4,31521
2012-01-12,5.08363,5.22033,5.08363,5.21179,10600,4,63101
2012-01-13,5.20324,5.20324,5.20324,5.20324,10000,5,60900
2012-01-16,5.20324,5.22033,5.058,5.22033,16200,8,98702
2012-01-17,5.09217,5.21179,5.08363,5.21179,11100,9,67676
2012-01-18,5.08363,5.21179,5.08363,5.21179,7200,5,43635
2012-01-19,5.21179,5.29723,5.08363,5.23742,29000,30,176772
2012-01-20,5.23742,5.25451,5.20324,5.21179,3100,9,18921
2012-01-23,5.21179,5.3314,5.04945,5.17761,102200,40,609333
2012-01-24,5.28014,5.28014,5.04091,5.04091,40700,25,242481
2012-01-26,5.04091,5.2716,5.04091,5.16907,34600,56,207816
2012-01-27,5.13489,5.2716,4.95547,5.04091,52900,28,312927
2012-01-30,5.11781,5.11781,5.04091,5.04091,2500,11,14845
2012-01-31,5.16907,5.31432,5.03237,5.2716,37800,25,223818
2012-02-01,5.29723,5.29723,5.04945,5.04945,69200,80,413389
2012-02-02,5.16053,5.18616,5.11781,5.16053,1600,15,9636
2012-02-03,5.21179,5.21179,5.12635,5.20324,17800,59,107848
2012-02-06,5.21179,5.21179,5.12635,5.12635,28600,39,172118
2012-02-07,5.08363,5.21179,5.06654,5.14344,17900,78,107259
2012-02-08,5.12635,5.16907,5.04945,5.16907,20100,19,120963
2012-02-09,5.1947,5.21179,5.11781,5.20324,48400,46,290831
2012-02-10,5.20324,5.20324,5.12635,5.13489,2100,18,12638
2012-02-13,5.21179,5.21179,5.10926,5.1947,2600,16,15702
2012-02-14,5.21179,5.21179,5.04091,5.04091,7200,18,42772
2012-02-15,5.11781,5.11781,4.93838,5.01528,17900,19,104629
2012-02-16,5.01528,5.12635,5.01528,5.12635,2700,9,16143
2012-02-17,5.04091,5.12635,5.00674,5.12635,1400,10,8299
2012-02-22,5.12635,5.16907,5.03237,5.04091,13900,18,82932
2012-02-23,5.12635,5.18616,5.08363,5.08363,4000,31,23991
2012-02-24,5.21179,5.21179,5.08363,5.15198,4600,11,27447
2012-02-27,5.16907,5.16907,5.08363,5.12635,61800,11,370800
2012-02-28,5.12635,5.20324,5.04091,5.16907,11600,24,69023
2012-02-29,5.18616,5.18616,4.95547,5.12635,45000,63,264253
2012-03-01,5.12635,5.12635,4.87858,4.87858,30400,51,175543
2012-03-02,4.90421,4.91275,4.78459,4.78459,73300,55,415926
2012-03-05,4.82731,4.93838,4.78459,4.91275,107800,33,605249
2012-03-06,4.95547,4.95547,4.80168,4.87003,17200,21,97739
2012-03-07,4.99819,5.04091,4.98965,4.98965,35400,14,207463
2012-03-08,5.02382,5.10926,4.97256,5.058,25100,15,147093
2012-03-09,5.058,5.058,5.00674,5.02382,27400,25,160883
2012-03-12,5.10926,5.10926,4.99819,5.04091,397200,32,2338787
2012-03-13,5.058,5.545,5.04945,5.46811,195800,59,1169871
2012-03-14,5.55354,5.55354,5.29723,5.29723,219500,48,1361074
2012-03-15,5.38267,5.45956,5.38267,5.41684,34200,14,215523
2012-03-16,5.39121,5.55354,5.39121,5.46811,8600,10,54912
2012-03-19,5.50228,5.50228,5.42539,5.46811,74700,126,474651
2012-03-20,5.42539,5.6219,5.42539,5.51083,157400,76,1014958
2012-03-21,5.6219,5.6219,5.51083,5.59627,56500,11,364957
2012-03-22,5.46811,5.61335,5.38267,5.60481,3000,10,19369
2012-03-23,5.6219,5.6219,5.46811,5.61335,9400,13,61660
2012-03-26,5.63898,5.69879,5.63898,5.6817,128900,35,851507
2012-03-27,5.72442,5.80986,5.65607,5.70734,77600,123,522059
2012-03-28,5.72442,5.88676,5.6817,5.72442,112500,39,751848
2012-03-29,5.80132,5.80132,5.6817,5.72442,54900,21,365814
2012-03-30,5.76714,5.80986,5.66462,5.71588,121700,313,809510
2012-04-02,5.80132,5.80986,5.6817,5.80132,86200,15,579367
2012-04-03,5.80986,5.80986,5.69025,5.80132,9300,37,63131
2012-04-04,5.78423,5.78423,5.63044,5.72442,71900,31,478872
2012-04-05,5.80132,5.80132,5.72442,5.72442,18100,15,121279
2012-04-09,5.65607,5.72442,5.61335,5.71588,16700,13,110559
2012-04-10,5.76714,5.76714,5.76714,5.76714,100,1,675
2012-04-11,5.72442,5.75006,5.545,5.58772,51300,20,335989
2012-04-12,5.72442,5.72442,5.43393,5.63898,31300,14,206412
2012-04-13,5.7586,5.7586,5.52791,5.7586,20900,12,138316
2012-04-16,5.7586,5.7586,5.45956,5.73297,27700,39,179950
2012-04-17,5.73297,5.7586,5.56209,5.7586,5200,24,34266
2012-04-18,5.7586,5.7586,5.49374,5.53646,17500,33,113789
2012-04-19,5.52791,5.63044,5.46811,5.55354,38700,36,251235
2012-04-20,5.58772,5.58772,5.50228,5.55354,44200,11,285594
2012-04-23,5.55354,5.59627,5.55354,5.57918,33500,66,218769
2012-04-24,5.75006,5.75006,5.50228,5.50228,93300,49,606140
2012-04-25,5.51937,5.66462,5.51937,5.59627,53800,25,350006
2012-04-26,5.59627,5.72442,5.59627,5.72442,20100,2,131670
2012-04-27,5.64753,5.6817,5.59627,5.63044,96400,106,633475
2012-04-30,5.63898,5.72442,5.61335,5.72442,12800,8,84673
2012-05-02,5.74151,5.7586,5.72442,5.73297,9000,53,60449
2012-05-03,5.74151,5.7586,5.70734,5.72442,121900,26,817867
2012-05-04,5.7586,5.7586,5.71588,5.74151,13500,34,90467
2012-05-07,5.73297,5.73297,5.66462,5.73297,7100,50,47441
2012-05-08,5.7586,5.7586,5.6219,5.75006,16400,78,109141
2012-05-09,5.7586,5.7586,5.63898,5.64753,16300,19,108115
2012-05-10,5.65607,5.67316,5.63044,5.67316,5000,21,33077
2012-05-11,5.67316,5.67316,5.48519,5.55354,33500,18,218504
2012-05-14,5.71588,5.71588,5.69025,5.69879,7300,6,48732
2012-05-15,6.01242,6.01242,5.61757,5.89576,67400,109,437705
2012-05-16,5.92268,5.92268,5.65347,5.65347,15000,17,96372
2012-05-17,5.74321,5.74321,5.45605,5.5727,36200,149,225233
2012-05-18,5.74321,5.74321,5.34836,5.38426,39400,19,241904
2012-05-21,5.47399,5.69834,5.47399,5.69834,10000,74,61421
2012-05-22,5.74321,5.74321,5.42015,5.56373,36200,39,222246
2012-05-23,5.56373,5.56373,5.33041,5.55476,319300,69,1914595
2012-05-24,5.56373,5.56373,5.4022,5.56373,37300,70,227624
2012-05-25,5.55476,5.65347,5.55476,5.65347,19100,189,118477
2012-05-28,5.69834,5.83294,5.65347,5.83294,3000,6,18934
2012-05-29,5.83294,5.83294,5.6086,5.67142,18500,64,117144
2012-05-30,5.74321,5.74321,5.51886,5.65347,1100,7,6874
2012-05-31,5.82397,6.01242,5.47399,6.01242,24500,101,157241
2012-06-01,5.83294,5.93165,5.55476,5.55476,16700,88,105834
2012-06-04,5.56373,5.74321,5.56373,5.73423,1600,9,10194
2012-06-05,5.7791,5.78807,5.59065,5.78807,1700,9,10819
2012-06-06,5.82397,5.82397,5.48297,5.48297,44600,76,275819
2012-06-08,5.4022,5.55476,5.4022,5.52784,13200,89,80534
2012-06-11,5.56373,5.56373,5.42015,5.4381,900,7,5535
2012-06-12,5.47399,5.64449,5.47399,5.56373,12300,15,75178
2012-06-13,5.56373,5.69834,5.48297,5.69834,2000,15,12419
2012-06-14,5.68936,5.71628,5.52784,5.71628,15100,32,94537
2012-06-15,5.83294,5.83294,5.54578,5.68936,32600,35,204253
2012-06-18,5.52784,5.63552,5.45605,5.6086,74100,146,455417
2012-06-19,5.6086,5.62655,5.47399,5.59065,14700,37,90606
2012-06-20,5.64449,5.64449,5.47399,5.47399,44500,87,271728
2012-06-21,5.47399,5.59065,5.45605,5.59065,15500,30,94906
2012-06-22,5.58168,5.58168,5.38426,5.41118,24600,33,148556
2012-06-25,5.42912,5.42912,5.38426,5.38426,7000,9,42133
2012-06-26,5.47399,5.62655,5.33939,5.62655,13800,59,84001
2012-06-27,5.6086,5.6086,5.42015,5.42015,31800,77,192974
2012-06-28,5.39323,5.56373,5.39323,5.56373,2300,13,14022
2012-06-29,5.56373,5.65347,5.47399,5.65347,12800,21,79422
2012-07-02,5.56373,5.59065,5.51886,5.59065,3600,18,22305
2012-07-03,5.65347,5.65347,5.49194,5.58168,2900,9,18016
2012-07-04,5.59963,5.59963,5.42912,5.42912,2100,12,12892
2012-07-05,5.4381,5.59963,5.4381,5.59963,32700,4,202720
2012-07-06,5.59963,5.59963,5.42912,5.47399,51400,83,313663
2012-07-10,5.47399,5.6086,5.44707,5.6086,21900,128,134108
2012-07-11,5.59963,5.59963,5.32144,5.33939,116300,64,700368
2012-07-12,5.47399,5.47399,5.34836,5.36631,5400,20,32518
2012-07-13,5.46502,5.46502,5.31247,5.31247,20500,12,122991
2012-07-16,5.33041,5.48297,5.33041,5.47399,2700,8,16439
2012-07-17,5.55476,5.55476,5.42912,5.55476,212400,15,1285562
2012-07-18,5.55476,5.55476,5.38426,5.38426,297000,47,1782562
2012-07-19,5.51886,5.51886,5.38426,5.42015,33500,26,201406
2012-07-20,5.38426,5.47399,5.37528,5.42912,21500,66,129044
2012-07-23,5.47399,5.47399,5.32144,5.42015,6500,12,39028
2012-07-24,5.42015,5.42015,5.33939,5.38426,20700,69,124199
2012-07-25,5.46502,5.46502,5.36631,5.38426,23900,131,143409
2012-07-26,5.38426,5.39323,5.34836,5.38426,35700,118,214218
2012-07-27,5.46502,5.46502,5.33041,5.38426,116700,314,700193
2012-07-30,5.44707,5.47399,5.29452,5.44707,93800,130,566980
2012-07-31,5.38426,5.41118,5.29452,5.29452,109300,562,650902
2012-08-01,5.30349,5.41118,5.2676,5.41118,14700,76,87256
2012-08-02,5.42912,5.42912,5.32144,5.33939,21500,182,128452
2012-08-03,5.42912,5.42912,5.31247,5.31247,18400,135,109147
2012-08-06,5.41118,5.41118,5.30349,5.32144,196600,317,1166252
2012-08-07,5.42912,5.42912,5.24965,5.24965,162500,817,955062
2012-08-08,5.25862,5.38426,5.12402,5.18683,275500,1076,1586082
2012-08-09,5.29452,5.36631,5.13299,5.36631,378800,131,2179958
2012-08-10,5.34836,5.37528,5.33939,5.36631,20800,47,124388
2012-08-13,5.37528,5.55476,5.36631,5.54578,47900,336,291905
2012-08-14,5.51886,5.80602,5.50989,5.56373,95700,236,596523
2012-08-15,5.6086,5.62655,5.47399,5.51886,54900,70,336885
2012-08-16,5.56373,5.63552,5.48297,5.55476,73100,155,449498
2012-08-17,5.6086,5.72526,5.51886,5.72526,55200,468,342220
2012-08-20,5.73423,5.82397,5.72526,5.82397,70800,342,453362
2012-08-21,5.82397,6.00345,5.82397,5.90473,150800,581,980600
2012-08-22,5.94063,5.94063,5.83294,5.84192,57900,59,376637
2012-08-23,5.86884,5.89576,5.69834,5.69834,35700,170,230692
2012-08-24,5.72526,5.79705,5.68936,5.68936,22800,185,145310
2012-08-27,5.74321,5.91371,5.71628,5.74321,47900,110,311407
2012-08-28,5.7791,6.02139,5.7791,6.01242,36300,227,239465
2012-08-29,6.00345,6.10216,5.90473,6.10216,45800,160,304585
2012-08-30,6.10216,6.11113,6.01242,6.11113,24600,13,165131
2012-08-31,6.17395,6.17395,6.03037,6.09318,36200,87,245118
2012-09-03,6.04831,6.12908,5.85089,5.88679,89500,153,595792
2012-09-04,5.92268,5.92268,5.80602,5.80602,21800,45,142376
2012-09-05,5.87781,5.87781,5.78807,5.86884,40100,139,259786
2012-09-06,5.82397,5.92268,5.82397,5.92268,31800,98,208506
2012-09-10,5.90473,5.92268,5.88679,5.92268,15400,23,101577
2012-09-11,5.87781,6.01242,5.87781,5.87781,7500,23,49359
2012-09-12,5.87781,5.9855,5.86884,5.86884,12300,41,81090
2012-09-13,5.90473,5.96755,5.90473,5.92268,92400,166,610191
2012-09-14,5.96755,6.19189,5.96755,6.09318,24600,77,166092
2012-09-17,6.12908,6.12908,5.9855,6.04831,24500,130,164517
2012-09-18,6.01242,6.09318,5.9855,6.09318,56000,248,375093
2012-09-19,6.09318,6.09318,5.95858,6.03934,29900,35,200203
2012-09-20,6.05729,6.05729,5.9855,5.9855,1800,11,12038
2012-09-21,6.03934,6.09318,5.92268,5.92268,83700,37,553552
2012-09-24,5.95858,6.03934,5.93165,6.01242,9400,34,62730
2012-09-25,6.03934,6.05729,5.92268,5.99447,22900,57,152880
2012-09-26,5.93165,6.05729,5.93165,6.01242,24900,15,167233
2012-09-27,6.01242,6.01242,6.00345,6.01242,7100,8,47569
2012-09-28,6.01242,6.14703,5.96755,6.14703,12600,19,85648
2012-10-01,6.156,6.33547,6.06626,6.28163,128500,59,874702
2012-10-02,6.37137,6.45213,6.27266,6.29061,916000,61,6404116
2012-10-03,6.33547,6.37137,6.29958,6.34445,3900,17,27453
2012-10-04,6.37137,6.38932,6.3265,6.3265,11100,61,78785
2012-10-05,6.38932,6.38932,6.28163,6.28163,9500,20,66953
2012-10-08,6.44316,6.45213,6.19189,6.19189,6800,20,47481
2012-10-09,6.26368,6.27266,6.17395,6.19189,35900,71,248071
2012-10-10,6.23676,6.23676,6.14703,6.19189,29200,36,201440
2012-10-11,6.24574,6.24574,6.18292,6.24574,4400,19,30504
2012-10-15,6.28163,6.37137,6.28163,6.37137,27000,15,190428
2012-10-16,6.41624,6.55084,6.37137,6.37137,10200,25,73060
2012-10-17,6.41624,6.59571,6.41624,6.47008,20800,28,150547
2012-10-18,6.41624,6.72135,6.41624,6.55084,17900,31,132137
2012-10-19,6.58674,6.62263,6.37137,6.50598,36900,44,269002
2012-10-22,6.42521,6.55982,6.42521,6.5329,5400,21,39087
2012-10-23,6.43419,6.51495,6.28163,6.38034,18200,30,130416
2012-10-24,6.38034,6.99953,6.38034,6.64058,25900,68,190148
2012-10-25,6.7034,6.94569,6.7034,6.94569,110400,95,845588
2012-10-26,6.94569,7.17901,6.94569,7.13414,114500,105,909405
2012-10-29,7.17003,7.29567,7.0444,7.17003,108500,87,867356
2012-10-30,7.31361,7.31361,7.08927,7.17003,43200,126,344089
2012-10-31,7.18798,7.25977,7.13414,7.25977,100700,40,804152
2012-11-01,7.18798,7.47514,7.18798,7.43027,127200,91,1048568
2012-11-05,7.43027,7.52001,7.39438,7.51104,63300,105,526485
2012-11-06,7.50206,7.52898,7.44822,7.51104,158400,134,1322867
2012-11-07,7.60975,7.60975,7.49309,7.58283,243800,189,2047885
2012-11-08,7.35848,7.61872,7.35848,7.53796,1866500,191,15315013
2012-11-09,7.53796,7.56488,7.49309,7.5559,89600,34,753374
2012-11-12,7.60077,7.7623,7.60077,7.63667,66000,30,562178
2012-11-13,7.7623,7.7623,7.60077,7.64564,48900,43,415960
2012-11-14,7.63685,7.63685,7.46118,7.63685,52300,42,427018
2012-11-16,7.67383,7.67383,7.48892,7.65534,13900,37,113986
2012-11-19,7.64609,7.65534,7.53515,7.54439,16700,24,137069
2012-11-21,7.56288,7.56288,7.21155,7.39646,64600,41,516282
2012-11-22,7.39646,7.39646,7.18382,7.30401,50600,39,397079
2012-11-23,7.35024,7.63685,7.35024,7.53515,55100,172,443099
2012-11-26,7.56288,7.60911,7.39646,7.54439,77700,181,631644
2012-11-27,7.54439,7.63685,7.53515,7.59062,12800,18,105102
2012-11-28,7.59987,7.59987,7.47967,7.59987,13800,21,112779
2012-11-29,7.59987,7.59987,7.51666,7.59062,7600,23,62027
2012-11-30,7.59987,7.59987,7.46118,7.58137,35800,31,291960
2012-12-03,7.43345,7.57213,7.39646,7.48892,19000,75,153591
2012-12-04,7.5259,7.59062,7.44269,7.44269,42200,231,342484
2012-12-05,7.50741,7.55364,7.39646,7.43345,20000,37,160883
2012-12-06,7.47043,7.48892,7.30401,7.38722,39000,195,311149
2012-12-07,7.39646,7.5259,7.13759,7.21155,88000,157,701037
2012-12-10,7.39646,7.39646,7.30401,7.3225,23200,28,184178
2012-12-11,7.36873,7.53515,7.36873,7.40571,92600,53,740189
2012-12-12,7.44269,7.44269,7.36873,7.36873,36900,17,295201
2012-12-13,7.40571,7.53515,7.36873,7.53515,89900,31,719389
2012-12-14,7.58137,7.58137,7.40571,7.48892,124600,21,1009287
2012-12-17,7.53515,7.53515,7.46118,7.50741,85500,195,693751
2012-12-18,7.51666,7.66459,7.51666,7.66459,315700,84,2602586
2012-12-19,7.66459,7.8495,7.59987,7.75704,136700,56,1141232
2012-12-20,8.29328,8.29328,7.59062,7.67383,57700,93,480727
2012-12-21,7.59987,7.75704,7.59987,7.75704,42300,36,352752
2012-12-26,7.9512,7.9512,7.73855,7.7478,36100,52,303756
2012-12-27,7.85874,7.85874,7.70157,7.85874,35100,54,297839
2012-12-28,7.89572,8.27479,7.77553,8.27479,74600,98,646600
2013-01-02,8.29328,8.30253,8.21007,8.26555,75500,173,676134
2013-01-03,8.32102,8.32102,8.13611,8.20083,18900,40,166922
2013-01-04,8.13611,8.26555,8.13611,8.19158,12000,12,106911
2013-01-07,8.22857,8.28404,8.12686,8.21932,87900,97,782438
2013-01-08,8.26555,8.31178,8.18234,8.27479,27900,31,250015
2013-01-09,8.32102,8.32102,8.24706,8.30253,26400,27,237039
2013-01-10,8.34876,8.4597,8.32102,8.41348,30800,82,280042
2013-01-11,8.45046,8.50593,8.04365,8.33027,58500,70,527714
2013-01-14,8.39499,8.42272,8.33027,8.41348,14800,17,134309
2013-01-15,8.55216,8.55216,8.36725,8.36725,52900,49,479489
2013-01-16,8.40423,8.40423,8.28404,8.39499,58700,81,528373
2013-01-17,8.38574,8.49669,8.38574,8.41348,8300,35,75525
2013-01-18,8.57065,8.57065,8.38574,8.4597,29300,67,267476
2013-01-21,8.59839,8.64462,8.43197,8.64462,7900,21,72748
2013-01-22,8.6816,8.6816,8.51518,8.52442,41600,70,384922
2013-01-23,8.56141,8.61688,8.50593,8.55216,6900,15,63801
2013-01-24,8.59839,8.59839,8.39499,8.55216,29900,30,273387
2013-01-28,8.58914,8.59839,8.45046,8.49669,30300,36,278578
2013-01-29,8.50593,8.50593,8.29328,8.36725,37800,195,342366
2013-01-30,8.40423,8.48744,8.30253,8.41348,18300,18,164767
2013-01-31,8.45046,8.45046,8.32102,8.32102,78000,77,702883
2013-02-01,8.358,8.358,8.29328,8.32102,292600,40,2633135
2013-02-04,8.34876,8.36725,8.30253,8.31178,93800,26,844215
2013-02-05,8.32102,8.32102,8.22857,8.32102,33000,22,296548
2013-02-06,8.44121,8.44121,8.32102,8.33027,20900,33,188484
2013-02-07,8.32102,8.32102,8.23781,8.32102,23300,18,208887
2013-02-08,8.33027,8.33027,8.20083,8.30253,10300,29,92174
2013-02-13,8.30253,8.32102,8.27479,8.27479,7000,33,62716
2013-02-14,8.40423,8.50593,8.21932,8.22857,26400,42,235373
2013-02-15,8.22857,8.29328,8.13611,8.13611,59000,42,523738
2013-02-18,8.13611,8.24706,8.08988,8.18234,51400,103,451938
2013-02-19,8.21007,8.21007,8.13611,8.17309,16400,25,144986
2013-02-20,8.18234,8.19158,8.13611,8.18234,67100,122,590623
2013-02-21,8.19158,8.4597,8.13611,8.32102,118900,329,1060960
2013-02-22,8.358,8.358,8.20083,8.2563,251100,114,2245891
2013-02-25,8.28404,8.41348,8.18234,8.18234,16700,105,148771
2013-02-26,8.18234,8.29328,8.18234,8.27479,16500,23,146873
2013-02-27,8.30253,8.50593,8.18234,8.24706,62400,59,560058
2013-02-28,8.27479,8.32102,8.16385,8.32102,101100,166,903977
2013-03-01,8.31178,8.31178,8.10837,8.17309,66100,61,582957
2013-03-04,8.18234,8.18234,8.08988,8.17309,28700,38,252525
2013-03-05,8.20083,8.20083,7.81251,7.9512,149900,119,1293157
2013-03-06,8.01592,8.13611,7.9512,7.97894,9400,38,81553
2013-03-07,8.03441,8.06215,7.96044,8.01592,68600,132,593802
2013-03-08,8.02516,8.12686,8.02516,8.08988,87300,33,764625
2013-03-11,8.13611,8.22857,8.08988,8.22857,41600,88,366496
2013-03-12,8.22857,8.22857,8.21007,8.21007,123600,38,1098206
2013-03-13,8.23781,8.23781,8.04365,8.17309,318500,398,2783469
2013-03-14,8.26555,8.26555,8.01592,8.04365,103900,64,907220
2013-03-15,8.08064,8.31178,7.89572,7.94195,24900,57,214481
2013-03-18,7.94195,7.94195,7.85874,7.94195,26700,30,227620
2013-03-19,7.96044,7.96044,7.83101,7.83101,64700,140,549931
2013-03-20,7.85874,7.9512,7.78478,7.79402,76100,139,650980
2013-03-21,7.78478,7.90497,7.7478,7.85874,57600,62,490843
2013-03-22,7.89572,7.9512,7.8495,7.85874,39300,22,334744
2013-03-25,7.98818,7.98818,7.84025,7.87723,74900,82,637705
2013-03-26,7.90497,7.90497,7.81251,7.85874,43200,22,367192
2013-03-27,7.98818,7.98818,7.85874,7.85874,80300,154,683284
2013-03-28,7.85874,8.07139,7.85874,8.04365,176100,266,1513834
2013-04-01,8.00667,8.04365,7.93271,7.93271,62800,114,540209
2013-04-02,7.9512,8.04365,7.89572,7.94195,61500,106,528471
2013-04-03,7.96044,7.99743,7.96044,7.99743,41600,64,359705
2013-04-04,8.01592,8.04365,7.96969,7.99743,32900,74,284822
2013-04-05,8.12686,8.18234,7.98818,8.18234,70200,87,610483
2013-04-08,8.13611,8.13611,7.98818,8.06215,36200,71,315882
2013-04-09,8.11762,8.11762,8.0529,8.08988,39200,22,342801
2013-04-10,8.13611,8.13611,8.02516,8.08988,58700,48,513177
2013-04-11,8.12686,8.22857,8.08064,8.12686,69900,180,612291
2013-04-12,8.18234,8.18234,8.13611,8.1546,64200,229,565923
2013-04-15,8.13611,8.13611,8.01592,8.06215,30800,190,269643
2013-04-16,8.11762,8.22857,8.11762,8.16385,62700,67,553755
2013-04-17,8.13611,8.32102,8.01592,8.01592,56700,109,500756
2013-04-18,8.03441,8.28404,8.03441,8.12686,27300,71,240652
2013-04-19,8.16385,8.31178,8.13611,8.18234,151600,54,1341227
2013-04-22,8.18234,8.18234,8.11762,8.18234,14800,119,130953
2013-04-23,8.19158,8.22857,8.18234,8.18234,29500,137,261143
2013-04-24,8.19158,8.22857,8.16385,8.18234,96500,40,853942
2013-04-25,8.21007,8.22857,8.13611,8.18234,34300,62,302960
2013-04-26,8.18234,8.31178,8.12686,8.17309,48700,248,429703
2013-04-29,8.18234,8.18234,8.16385,8.17309,8100,40,71623
2013-04-30,8.18234,8.22857,8.1546,8.17309,83600,197,738896
2013-05-02,8.17309,8.22857,8.1546,8.17309,19200,92,169671
2013-05-03,8.21932,8.31178,8.04365,8.04365,71200,63,621920
2013-05-06,8.17309,8.17309,7.91422,8.10837,24200,39,211267
2013-05-07,8.10837,8.10837,7.97894,8.03441,46300,162,401965
2013-05-08,8.04365,8.13611,7.99743,7.99743,40600,66,352476
2013-05-09,7.9512,8.03441,7.86799,7.89572,53800,76,460926
2013-05-10,7.86799,7.92346,7.85874,7.89572,5900,12,50369
2013-05-13,7.86799,7.99743,7.86799,7.99743,19600,67,168102
2013-05-14,7.99743,8.18234,7.99743,8.04365,83200,136,727326
2013-05-15,8.0529,8.11762,8.04365,8.08988,123000,170,1075096
2013-05-16,8.09913,8.10837,7.9512,8.08064,102800,85,894945
2013-05-17,8.11954,8.41126,7.89589,8.03202,95600,94,798519
2013-05-20,8.03202,8.35292,8.03202,8.35292,49400,52,418984
2013-05-21,8.32374,8.42098,8.3043,8.36264,78400,92,673904
2013-05-22,8.39181,8.45988,8.39181,8.45988,119800,43,1036993
2013-05-23,8.4696,8.49878,8.44043,8.45988,82500,68,717771
2013-05-24,8.49878,8.49878,8.43071,8.45988,87600,75,761782
2013-05-27,8.5085,8.51822,8.45016,8.45016,42700,33,372192
2013-05-28,8.45016,8.51822,8.43071,8.47933,21700,20,188949
2013-05-29,8.5085,8.5085,8.43071,8.45016,18800,117,163476
2013-05-31,8.47933,8.47933,8.15844,8.42098,51200,92,440440
2013-06-03,8.45988,8.45988,8.03202,8.16816,33100,162,277169
2013-06-04,8.20706,8.2265,8.17788,8.21678,37900,23,319660
2013-06-05,8.35292,8.35292,8.17788,8.21678,28300,23,239143
2013-06-06,8.35292,8.35292,8.20706,8.25568,19700,24,166953
2013-06-07,8.35292,8.35292,8.15844,8.24595,2100,14,17764
2013-06-10,8.36264,8.36264,8.21678,8.21678,5400,10,45733
2013-06-11,8.35292,8.35292,7.85699,7.93478,35200,43,287988
2013-06-12,7.92506,7.92506,7.69168,7.87644,41300,97,333370
2013-06-13,8.00285,8.00285,7.70141,7.87644,17100,38,137427
2013-06-14,7.88616,8.25568,7.7792,7.8181,18700,35,150814
2013-06-17,7.94451,7.94451,7.8181,7.87644,32600,58,264032
2013-06-18,7.87644,7.87644,7.75975,7.87644,9300,21,75068
2013-06-19,7.89589,7.89589,7.7792,7.87644,21400,167,173225
2013-06-20,7.87644,7.92506,7.68196,7.68196,38200,79,305730
2013-06-21,7.68196,8.0612,7.11797,8.0612,76100,387,590125
2013-06-24,8.0612,8.0612,7.41941,7.66251,31000,54,243091
2013-06-25,7.73058,7.89589,7.73058,7.85699,6900,8,55585
2013-06-26,7.89589,7.89589,7.79865,7.82782,1900,9,15297
2013-06-27,7.86672,8.24595,7.65279,8.04175,29400,61,235004
2013-06-28,8.05147,8.05147,7.70141,8.0223,64100,44,524260
2013-07-01,7.97368,7.97368,7.72086,7.7792,23300,31,186306
2013-07-02,7.73058,7.76948,7.39024,7.76948,32200,51,250861
2013-07-03,7.79865,7.79865,7.45831,7.76948,51000,69,400058
2013-07-04,7.78892,7.78892,7.67224,7.69168,28200,14,223563
2013-07-05,7.7403,7.7792,7.4972,7.7792,37900,27,299751
2013-07-08,7.67224,7.67224,7.39996,7.64306,46800,75,362418
2013-07-10,7.67224,7.67224,7.19576,7.19576,69300,99,520316
2013-07-11,7.19576,7.20548,6.99156,7.00128,70500,166,511222
2013-07-12,6.91376,7.00128,6.91376,6.95266,9200,20,65822
2013-07-15,7.293,7.293,6.90404,6.95266,17900,13,127983
2013-07-16,6.95266,6.95266,6.89432,6.93321,16100,10,114463
2013-07-17,6.92349,7.011,6.90404,6.99156,30800,77,219742
2013-07-18,7.02073,7.44858,7.02073,7.24438,57500,23,424036
2013-07-19,7.43886,7.43886,7.16659,7.21521,27400,29,203391
2013-07-22,7.26383,7.45831,7.17631,7.44858,24400,43,183860
2013-07-23,7.45831,7.45831,7.40969,7.40969,51100,15,390911
2013-07-24,7.48748,7.48748,7.40969,7.48748,2300,7,17584
2013-07-25,7.40969,7.46803,7.40969,7.46803,1700,8,13034
2013-07-26,7.46803,7.5361,7.46803,7.46803,7500,10,57758
2013-07-29,7.58472,7.58472,7.293,7.35134,19000,17,144049
2013-07-30,7.5361,7.5361,7.35134,7.47776,18400,10,141437
2013-07-31,7.46803,7.48748,7.34162,7.48748,9400,20,72165
2013-08-01,7.45831,7.51665,7.32217,7.39996,5300,16,40486
2013-08-02,7.43886,7.51665,7.30272,7.50693,5000,19,38351
2013-08-05,7.47776,7.47776,7.37079,7.45831,2900,8,22224
2013-08-06,7.51665,7.51665,7.45831,7.45831,600,4,4624
2013-08-07,7.43886,7.43886,7.34162,7.39024,2300,15,17474
2013-08-08,7.43886,7.51665,7.30272,7.47776,2500,13,19120
2013-08-09,7.47776,7.47776,7.43886,7.47776,10100,10,77378
2013-08-12,7.47776,7.4972,7.21521,7.4972,26100,66,197097
2013-08-13,7.40969,7.4972,7.19576,7.4972,57100,26,428269
2013-08-14,7.48748,7.4972,7.26383,7.4972,33000,104,249664
2013-08-15,7.43886,7.43886,7.28328,7.42914,25700,68,193629
2013-08-16,7.46803,7.46803,7.31245,7.45831,30600,114,232669
2013-08-19,7.4972,7.4972,7.35134,7.43886,14300,35,109451
2013-08-20,7.40969,7.40969,7.28328,7.39024,18900,82,142962
2013-08-21,7.34162,7.48748,7.34162,7.45831,58500,70,444434
2013-08-22,7.45831,7.45831,6.97211,7.12769,68600,87,501483
2013-08-23,7.011,7.12769,6.70956,6.70956,135900,150,946530
2013-08-26,6.8068,6.8068,6.66094,6.66094,99900,60,689078
2013-08-27,6.66094,6.70956,6.66094,6.67066,96700,106,662776
2013-08-28,6.67066,6.90404,6.66094,6.66094,3700,15,25497
2013-08-29,6.74846,6.98183,6.74846,6.75818,18800,34,132096
2013-08-30,6.78735,7.19576,6.78735,6.88459,42100,52,299817
2013-09-02,6.83597,7.14714,6.83597,6.95266,11300,22,81179
2013-09-03,6.90404,7.4972,6.90404,7.4972,48600,39,356628
2013-09-04,7.38052,7.42914,7.31245,7.42914,21000,16,159177
2013-09-05,7.47776,7.47776,7.24438,7.24438,4600,13,34927
2013-09-06,7.293,7.43886,7.19576,7.43886,22300,32,167587
2013-09-09,7.47776,7.7792,7.36107,7.67224,24800,18,193970
2013-09-10,7.48748,7.64306,7.48748,7.58472,9200,22,71718
2013-09-11,7.60417,7.68196,7.58472,7.67224,7600,18,59366
2013-09-12,7.63334,7.75003,7.58472,7.63334,30600,20,240008
2013-09-13,7.63334,7.68196,7.48748,7.68196,46600,108,362965
2013-09-16,7.73058,7.76948,7.64306,7.76948,53400,36,423970
2013-09-17,7.75975,7.75975,7.45831,7.68196,66600,52,522394
2013-09-18,7.66251,7.76948,7.58472,7.76948,42500,30,334197
2013-09-19,7.75975,7.7792,7.69168,7.69168,16500,17,131740
2013-09-20,7.7403,7.7403,7.61389,7.61389,21400,21,168097
2013-09-23,7.63334,7.64306,7.59444,7.63334,30000,28,235203
2013-09-24,7.66251,7.68196,7.58472,7.58472,47900,45,376028
2013-09-25,7.68196,7.68196,7.58472,7.63334,49800,94,390456
2013-09-26,7.63334,7.63334,7.63334,7.63334,400,2,3140
2013-09-27,7.65279,7.73058,7.55555,7.62362,22200,48,174088
2013-09-30,7.63334,7.70141,7.61389,7.70141,29100,43,229614
2013-10-01,7.73058,7.73058,7.575,7.575,7400,42,58017
2013-10-02,7.63334,7.71113,7.39996,7.71113,18300,59,142479
2013-10-03,7.64306,7.64306,7.44858,7.44858,17100,72,131432
2013-10-04,7.43886,7.5361,7.43886,7.5361,31200,39,240818
2013-10-07,7.5361,7.63334,7.51665,7.63334,2500,9,19554
2013-10-08,7.68196,7.68196,7.293,7.31245,35100,93,267247
2013-10-09,7.37079,7.54582,7.37079,7.50693,12000,30,91985
2013-10-10,7.50693,7.56527,7.50693,7.56527,600,6,4662
2013-10-11,7.60417,7.73058,7.59444,7.68196,18700,22,146759
2013-10-14,7.68196,7.7403,7.68196,7.68196,6900,18,54670
2013-10-15,7.68196,7.76948,7.65279,7.73058,57800,34,456772
2013-10-16,7.71113,8.0223,7.71113,7.82782,43500,44,350726
2013-10-17,7.79865,8.04175,7.79865,7.97368,20300,65,165101
2013-10-18,8.07092,8.12926,7.95423,8.04175,26900,39,221780
2013-10-21,8.04175,8.16816,8.00285,8.16816,14300,18,119307
2013-10-22,8.2654,8.2654,8.16816,8.21678,38000,35,319933
2013-10-23,8.24595,8.24595,8.16816,8.16816,46600,30,393362
2013-10-24,8.17788,8.2265,7.88616,8.15844,53900,60,451404
2013-10-25,8.16816,8.21678,8.16816,8.16816,22300,64,188038
2013-10-28,8.16816,8.17788,7.97368,7.97368,57600,34,480968
2013-10-29,8.03202,8.19733,8.03202,8.11954,68300,28,569665
2013-10-30,8.24595,8.24595,8.05147,8.10982,13100,43,109603
2013-10-31,8.12926,8.24595,8.10982,8.24595,56500,36,475661
2013-11-01,8.16816,8.21678,8.0223,8.15844,33000,88,276309
2013-11-04,8.15844,8.16816,8.14871,8.16816,15800,23,132586
2013-11-05,8.24595,8.24595,8.12926,8.16816,81200,47,681844
2013-11-06,8.16816,8.2654,8.01258,8.2654,30900,38,259421
2013-11-07,8.13899,8.16816,7.99313,8.16816,50800,132,424129
2013-11-08,8.05147,8.10009,7.7403,7.7403,31700,38,255100
2013-11-11,7.83754,8.0223,7.82782,7.82782,23400,135,190148
2013-11-12,7.83754,8.00285,7.83754,7.97368,8200,15,66693
2013-11-13,7.9834,8.2654,7.88616,8.07092,65100,127,537844
2013-11-14,8.14,8.35,8.13,8.35,23300,75,191379
2013-11-18,8.3,8.35,8.21,8.35,22600,54,187336
2013-11-19,8.3,8.3,8.02,8.23,35300,100,289715
2013-11-21,8.12,8.25,7.66,8.07,52800,89,426113
2013-11-22,8.05,8.2,7.96,8.2,44800,62,359386
2013-11-25,8.19,8.19,7.92,8.0,44500,164,357046
2013-11-26,7.9,7.9,7.79,7.79,27600,37,216125
2013-11-27,7.73,7.83,7.61,7.75,77400,95,596334
2013-11-28,7.77,7.81,7.57,7.57,90900,105,695803
2013-11-29,7.63,7.74,7.6,7.74,51400,66,393712
2013-12-02,7.62,7.66,7.47,7.5,61800,149,466550
2013-12-03,7.5,7.73,7.5,7.56,12600,34,95552
2013-12-04,7.58,7.58,7.44,7.54,14700,36,110960
2013-12-05,7.54,7.56,7.41,7.5,48000,106,360145
2013-12-06,7.59,7.59,7.48,7.5,16500,26,123848
2013-12-09,7.49,7.54,7.3,7.5,28000,29,209616
2013-12-10,7.41,7.5,7.4,7.5,20900,123,155923
2013-12-11,7.5,7.5,7.45,7.45,1800,10,13430
2013-12-12,7.5,7.55,7.45,7.45,58300,18,434453
2013-12-13,7.55,7.55,7.25,7.25,22200,22,162438
2013-12-16,7.25,7.41,7.1,7.19,49400,85,357628
2013-12-17,7.16,7.4,7.11,7.23,29500,83,212905
2013-12-18,7.23,7.4,7.05,7.25,23100,105,167365
2013-12-19,7.25,7.32,7.15,7.15,15700,26,112745
2013-12-20,7.18,7.55,6.55,6.99,254200,260,1782385
2013-12-23,6.99,7.29,6.99,7.28,18100,34,129230
2013-12-26,7.4,7.55,7.29,7.54,17600,30,130362
2013-12-27,7.6,7.8,7.46,7.62,82200,101,623909
2013-12-30,7.68,7.89,7.68,7.89,16600,22,129289
2014-01-02,7.82,7.88,7.59,7.75,13000,53,99892
2014-01-03,7.6,7.99,7.57,7.89,36600,210,282847
2014-01-06,7.8,7.85,7.58,7.66,43700,157,335571
2014-01-07,7.71,7.9,7.71,7.77,23600,29,183465
2014-01-08,7.8,7.86,7.7,7.8,9800,24,76087
2014-01-09,7.75,7.89,7.61,7.73,40300,76,312511
2014-01-10,7.69,7.95,7.69,7.72,18200,16,140481
2014-01-13,7.72,7.86,7.66,7.73,13000,20,100495
2014-01-14,7.7,7.7,7.65,7.65,59900,39,459307
2014-01-15,7.71,7.76,7.67,7.7,66500,30,513634
2014-01-16,7.67,7.72,7.6,7.6,25500,34,195006
2014-01-17,7.65,7.65,7.4,7.5,12400,12,92990
2014-01-20,7.54,7.55,7.35,7.4,11300,22,83733
2014-01-21,7.4,7.45,7.38,7.4,38200,25,282632
2014-01-22,7.37,7.4,7.31,7.38,18000,33,132882
2014-01-23,7.35,7.35,7.15,7.15,20300,24,147637
2014-01-24,7.25,7.25,6.82,7.07,77900,110,553003
2014-01-27,7.07,8.7,7.0,8.5,244700,230,2032835
2014-01-28,8.5,8.5,8.05,8.2,55200,77,456550
2014-01-29,8.05,8.4,8.05,8.1,41600,94,339628
2014-01-30,8.13,8.2,8.08,8.2,91900,180,750293
2014-01-31,8.13,8.25,8.12,8.2,86900,57,711184
2014-02-03,8.26,8.26,8.09,8.09,47200,74,384527
2014-02-04,8.03,8.2,8.0,8.2,94400,69,769188
2014-02-05,8.19,8.38,8.18,8.25,290300,37,2380775
2014-02-06,8.22,8.23,8.22,8.23,56600,65,465749
2014-02-07,8.26,8.3,8.22,8.22,23300,13,192580
2014-02-10,8.24,8.3,8.11,8.15,30300,22,249406
2014-02-11,8.2,8.2,8.13,8.13,73100,50,595376
2014-02-12,8.24,8.28,8.17,8.28,1800,9,14820
2014-02-13,8.21,8.21,8.12,8.21,321400,115,2611373
2014-02-14,8.16,8.24,8.16,8.23,500,5,4100
2014-02-17,8.27,8.27,8.15,8.23,10500,11,86138
2014-02-18,8.15,8.25,8.14,8.19,53600,135,438974
2014-02-19,8.16,8.2,8.16,8.2,248900,85,2040770
2014-02-20,8.25,8.25,8.17,8.19,107500,104,881021
2014-02-21,8.18,8.21,8.16,8.21,74500,80,610616
2014-02-24,8.22,8.22,8.16,8.16,11200,10,91622
2014-02-25,8.2,8.22,8.18,8.19,82200,97,673343
2014-02-26,8.2,8.2,8.18,8.19,137000,129,1122029
2014-02-27,8.11,8.14,7.85,7.9,85600,90,681869
2014-02-28,7.83,8.1,7.8,7.85,118900,88,933766
2014-03-05,7.85,7.86,7.85,7.85,4400,15,34557
2014-03-06,7.94,7.97,7.76,7.85,55700,120,437370
2014-03-07,7.85,7.95,7.82,7.95,12400,14,97442
2014-03-10,7.85,7.9,7.8,7.82,220800,88,1732930
2014-03-11,7.85,7.95,7.84,7.95,88500,7,694991
2014-03-12,7.98,7.98,7.81,7.84,11900,21,94331
2014-03-13,7.89,7.9,7.81,7.82,27600,44,216781
2014-03-14,7.9,7.92,7.85,7.92,27700,27,218488
2014-03-17,7.97,7.98,7.86,7.98,17000,10,134476
2014-03-18,7.96,7.96,7.83,7.9,46100,88,363384
2014-03-19,7.94,7.94,7.85,7.9,22600,23,178060
2014-03-20,7.94,7.94,7.75,7.8,52200,103,408585
2014-03-21,7.97,7.97,7.8,7.9,15300,33,120642
2014-03-24,7.99,8.08,7.76,7.84,34300,70,269322
2014-03-25,7.84,7.94,7.81,7.85,40700,71,319178
2014-03-26,7.9,7.9,7.84,7.85,179800,224,1417494
2014-03-27,7.95,7.95,7.94,7.95,3800,10,30200
2014-03-28,8.03,8.03,7.9,7.9,5600,11,44424
2014-03-31,8.0,8.05,7.9,8.05,29500,19,235989
2014-04-01,8.0,8.09,8.0,8.09,7800,8,62807
2014-04-02,8.05,8.15,8.05,8.13,315500,27,2554158
2014-04-03,8.13,8.19,8.01,8.1,221400,28,1799594
2014-04-04,8.15,8.15,8.04,8.04,24100,16,195205
2014-04-07,8.13,8.13,8.02,8.02,12600,10,101782
2014-04-08,8.13,8.13,8.04,8.13,30100,9,243813
2014-04-09,8.13,8.19,8.0,8.19,162900,61,1323029
2014-04-10,8.19,8.19,8.0,8.1,29800,44,240261
2014-04-11,8.14,8.19,8.05,8.19,9500,22,77530
2014-04-14,8.11,8.17,8.1,8.15,91000,16,742933
2014-04-15,8.19,8.2,8.05,8.2,81100,14,663208
2014-04-16,8.23,8.23,8.0,8.0,132400,67,1082128
2014-04-17,8.07,8.2,8.03,8.2,101100,26,819679
2014-04-22,8.2,8.2,8.11,8.2,57100,14,468028
2014-04-23,8.2,8.2,8.06,8.17,85200,20,697020
2014-04-24,8.2,8.2,8.17,8.18,51800,7,424719
2014-04-25,8.2,8.2,8.02,8.17,64100,21,524642
2014-04-28,8.19,8.19,8.0,8.0,68000,17,554240
2014-04-29,8.08,8.1,8.08,8.1,50200,3,405618
2014-04-30,8.02,8.14,8.02,8.09,54600,11,443978
2014-05-02,8.01,8.1,8.0,8.03,78100,58,627256
2014-05-05,8.15,8.15,8.12,8.12,2400,4,19491
2014-05-06,8.05,8.14,8.0,8.12,70700,36,573399
2014-05-07,8.15,8.15,7.95,7.95,311100,97,2497182
2014-05-08,8.0,8.05,7.95,7.95,36900,41,295247
2014-05-09,8.01,8.04,7.97,8.0,32700,19,261816
2014-05-12,8.06,8.06,7.95,7.95,29600,13,237324
2014-05-13,8.05,8.05,7.9,7.9,59900,35,473540
2014-05-14,7.94,7.94,7.8,7.8,34400,40,268853
2014-05-15,7.71,7.9,7.7,7.72,179500,104,1390311
2014-05-16,7.77,7.83,7.7,7.75,105300,20,811563
2014-05-19,7.79,8.0,7.79,7.99,12400,16,98252
2014-05-20,7.95,7.95,7.75,7.85,43000,35,335382
2014-05-21,7.82,7.85,7.55,7.71,68200,72,526922
2014-05-22,7.67,7.8,7.67,7.75,3400,6,26346
2014-05-23,7.72,7.75,7.63,7.68,127100,46,979681
2014-05-26,7.65,7.67,7.52,7.67,5500,9,42030
2014-05-27,7.64,7.69,7.64,7.67,2400,5,18421
2014-05-28,7.65,7.66,7.6,7.65,59200,22,452658
2014-05-29,7.65,7.79,7.65,7.7,400,4,3090
2014-05-30,7.77,7.77,7.65,7.65,24000,16,183982
2014-06-02,7.74,7.75,7.63,7.64,32500,20,248934
2014-06-03,7.74,7.74,7.7,7.7,20100,8,154973
2014-06-04,7.67,7.73,7.67,7.67,45600,37,349870
2014-06-05,7.73,7.73,7.66,7.68,1500,8,11521
2014-06-06,7.68,7.85,7.68,7.77,24200,43,188229
2014-06-09,7.73,7.84,7.73,7.79,4000,9,31102
2014-06-10,7.9,7.91,7.8,7.85,73300,51,576549
2014-06-11,7.8,7.95,7.67,7.81,39400,32,308796
2014-06-16,7.97,7.97,7.86,7.88,6600,10,52092
2014-06-17,7.98,7.98,7.86,7.9,8600,5,68410
2014-06-18,7.88,7.94,7.85,7.85,236400,42,1870833
2014-06-20,7.89,7.93,7.8,7.81,11500,13,89739
2014-06-23,8.13,8.13,7.95,8.02,36000,35,288317
2014-06-24,7.97,8.01,7.82,7.82,19900,32,156926
2014-06-25,7.8,7.82,7.66,7.82,6600,8,51472
2014-06-26,7.76,7.8,7.65,7.69,13600,18,105233
2014-06-27,7.68,7.68,7.5,7.5,9000,18,68025
2014-06-30,7.5,7.59,7.48,7.51,48700,29,366213
2014-07-01,7.51,7.65,7.5,7.61,5300,7,40301
2014-07-02,7.72,7.8,7.7,7.73,10100,15,77967
2014-07-03,7.7,7.75,7.6,7.67,17200,12,131906
2014-07-04,7.67,7.67,7.67,7.67,10000,4,76700
2014-07-07,7.6,7.68,7.6,7.68,13500,18,103495
2014-07-08,7.67,7.75,7.67,7.7,56900,5,436499
2014-07-10,7.69,7.71,7.66,7.68,11700,29,89902
2014-07-11,7.6,7.85,7.6,7.85,18600,13,144925
2014-07-14,7.86,7.86,7.86,7.86,5100,5,40086
2014-07-15,7.76,8.18,7.75,7.96,17000,104,135008
2014-07-16,7.9,7.9,7.78,7.81,38200,43,298829
2014-07-17,7.85,7.85,7.8,7.82,8300,18,64942
2014-07-18,7.95,7.98,7.78,7.78,19500,55,153542
2014-07-21,7.79,7.81,7.79,7.8,7600,19,59288
2014-07-22,7.82,7.85,7.76,7.85,2900,17,22642
2014-07-23,7.81,7.82,7.81,7.81,500,5,3906
2014-07-24,7.75,7.78,7.75,7.75,3800,12,29477
2014-07-25,7.7,7.78,7.7,7.74,1500,6,11592
2014-07-28,7.61,7.69,7.6,7.6,13700,33,104677
2014-07-29,7.7,7.76,7.65,7.65,2700,6,20712
2014-07-30,7.78,7.78,7.69,7.7,253800,12,1974504
2014-07-31,7.66,7.67,7.61,7.61,134900,11,1034462
2014-08-01,7.62,7.62,7.62,7.62,5000,9,38100
2014-08-04,7.69,7.69,7.46,7.6,252700,49,1927441
2014-08-05,7.57,7.7,7.57,7.7,3000,3,23086
2014-08-06,7.68,7.69,7.68,7.68,5900,9,45338
2014-08-07,7.73,7.73,7.6,7.7,262800,44,2031238
2014-08-08,7.6,7.73,7.6,7.73,10400,13,79505
2014-08-11,7.69,7.7,7.51,7.54,18800,56,142654
2014-08-12,7.64,7.64,7.55,7.55,1600,7,12173
2014-08-13,7.55,7.65,7.55,7.65,156800,13,1192045
2014-08-14,7.74,7.74,7.65,7.65,200,2,1539
2014-08-15,7.65,7.65,7.54,7.56,7100,27,53753
2014-08-18,7.65,7.65,7.5,7.5,6500,59,49428
2014-08-19,7.5,7.6,7.5,7.56,9800,25,74239
2014-08-20,7.56,7.56,7.56,7.56,300,1,2268
2014-08-21,7.55,7.56,7.55,7.56,6700,17,50612
2014-08-22,7.55,7.59,7.52,7.53,3300,9,24899
2014-08-25,7.56,7.57,7.53,7.55,148400,42,1117874
2014-08-26,7.6,7.6,7.54,7.54,8000,39,60488
2014-08-27,7.53,7.56,7.53,7.55,11600,29,87497
2014-08-28,7.55,7.56,7.55,7.55,7300,17,55126
2014-08-29,7.54,7.65,7.53,7.54,25200,60,190026
2014-09-01,7.55,7.6,7.53,7.53,98600,15,748723
2014-09-02,7.55,7.68,7.55,7.57,14000,13,107196
2014-09-03,7.58,7.68,7.57,7.68,20400,27,156159
2014-09-04,7.61,7.67,7.6,7.6,6300,16,47900
2014-09-05,7.72,7.75,7.61,7.75,3200,6,24766
2014-09-08,7.61,7.75,7.6,7.75,12500,19,96064
2014-09-09,7.9,8.1,7.9,7.97,233300,103,1857303
2014-09-10,7.91,8.0,7.9,7.98,135800,48,1083338
2014-09-11,8.03,8.03,7.95,7.97,207200,32,1661341
2014-09-12,7.86,8.08,7.86,8.0,28400,22,227023
2014-09-15,7.97,8.07,7.95,7.95,72100,16,575227
2014-09-16,8.01,8.05,8.01,8.01,60400,52,485098
2014-09-17,8.01,8.04,8.01,8.03,31000,31,249005
2014-09-18,8.0,8.09,8.0,8.05,64200,29,515845
2014-09-19,8.03,8.07,8.03,8.04,79700,49,641505
2014-09-22,8.04,8.11,8.04,8.09,205300,92,1659647
2014-09-23,8.1,8.15,8.09,8.09,27300,16,221083
2014-09-24,8.1,8.28,8.1,8.2,86900,20,712326
2014-09-25,8.15,8.25,8.15,8.25,10500,2,86575
2014-09-26,8.25,8.25,8.2,8.2,26100,6,214500
2014-09-29,8.25,8.25,8.15,8.2,32100,36,263817
2014-09-30,8.2,8.24,8.2,8.2,67000,19,549944
2014-10-01,8.2,8.2,8.2,8.2,8600,6,70520
2014-10-02,8.2,8.22,8.2,8.22,39700,36,325952
2014-10-03,8.22,8.22,8.22,8.22,16200,14,133164
2014-10-06,8.26,8.3,8.21,8.22,11800,9,96896
2014-10-07,8.24,8.24,8.22,8.23,9000,19,74051
2014-10-08,8.22,8.25,8.22,8.22,43800,36,360453
2014-10-09,8.23,8.24,8.23,8.23,2700,6,22231
2014-10-10,8.22,8.3,8.22,8.27,44400,25,365931
2014-10-13,8.25,8.27,8.25,8.25,7800,11,64362
2014-10-14,8.25,8.29,8.21,8.29,8100,9,66896
2014-10-15,8.23,8.25,8.23,8.23,112900,30,929977
2014-10-16,8.24,8.25,8.23,8.25,45200,28,372430
2014-10-17,8.25,8.27,8.25,8.25,52000,20,429008
2014-10-20,8.23,8.25,8.23,8.25,16200,3,133646
2014-10-21,8.28,8.28,8.2,8.24,73500,20,605249
2014-10-22,8.24,8.26,8.24,8.26,25700,12,211878
2014-10-23,8.25,8.26,8.25,8.26,52300,25,431558
2014-10-24,8.27,8.27,8.24,8.26,101500,27,838273
2014-10-27,8.2,8.25,8.2,8.25,19400,33,159439
2014-10-28,8.22,8.28,8.22,8.26,67300,26,555355
2014-10-29,8.28,8.28,8.24,8.25,39400,43,325056
2014-10-30,8.25,8.28,8.25,8.25,153100,26,1264005
2014-10-31,8.25,8.28,8.25,8.28,52700,27,435452
2014-11-03,8.26,8.3,8.26,8.27,21300,20,176162
2014-11-04,8.3,8.3,8.27,8.3,9800,17,81191
2014-11-05,8.23,8.3,8.23,8.3,6500,9,53943
2014-11-06,8.3,8.3,8.29,8.3,98400,26,816719
2014-11-07,8.31,8.31,8.3,8.3,42900,25,356084
2014-11-10,8.31,8.34,8.31,8.31,22500,26,187064
2014-11-11,8.3,8.34,8.14,8.32,28900,25,240307
2014-11-12,8.31,8.32,8.31,8.32,1300,2,10808
2014-11-13,8.32,8.4,8.32,8.35,16100,16,134279
2014-11-14,8.33,8.39,8.33,8.35,20200,58,168688
2014-11-17,8.35,8.36,8.35,8.36,25400,10,212331
2014-11-18,8.36,8.46,8.36,8.42,23400,18,196621
2014-11-19,8.42,8.53,8.42,8.5,88500,33,751743
2014-11-21,8.5,8.5,8.4,8.4,237600,92,1999408
2014-11-24,8.51,8.54,8.49,8.49,445200,93,3787237
2014-11-25,8.5,8.52,8.49,8.5,275800,32,2345428
2014-11-26,8.52,8.52,8.49,8.5,362200,127,3078687
2014-11-27,8.53,8.53,8.53,8.53,114900,1,980097
2014-11-28,8.5,8.6,8.5,8.53,22400,17,191406
2014-12-01,8.5,8.5,8.45,8.5,72000,17,611898
2014-12-02,8.51,8.51,8.45,8.5,297600,7,2532060
2014-12-03,8.46,8.51,8.46,8.51,14700,4,124997
2014-12-04,8.51,8.51,8.5,8.51,300,3,2552
2014-12-05,8.5,8.51,8.46,8.51,6800,5,57857
2014-12-08,8.46,8.56,8.46,8.51,168300,15,1424889
2014-12-09,8.47,8.51,8.47,8.51,12000,6,101650
2014-12-10,8.48,8.49,8.48,8.49,75700,16,642141
2014-12-11,8.48,8.5,8.48,8.5,27700,7,235013
2014-12-12,8.48,8.48,8.48,8.48,60300,15,511344
2014-12-15,8.45,8.48,8.45,8.48,47900,14,405168
2014-12-16,8.45,8.5,8.44,8.5,22700,7,191794
2014-12-17,8.46,8.5,8.46,8.5,32400,26,274743
2014-12-18,8.46,8.51,8.46,8.51,79600,66,676460
2014-12-19,8.5,8.5,8.5,8.5,124000,21,1054000
2014-12-22,8.54,8.54,8.54,8.54,1000,1,8540
2014-12-23,8.5,8.54,8.5,8.5,22800,9,193845
2014-12-26,8.48,8.48,8.48,8.48,500,2,4240
2014-12-29,8.45,8.53,8.45,8.48,4600,41,39159
2014-12-30,8.48,8.6,8.48,8.6,49300,29,420400
2015-01-02,8.6,8.6,8.6,8.6,1900,6,16340
2015-01-05,8.62,8.62,8.6,8.6,300,3,2583
2015-01-07,8.51,8.56,8.51,8.56,1100,2,9366
2015-01-08,8.51,8.6,8.51,8.6,25000,51,212952
2015-01-09,8.51,8.62,8.51,8.62,43200,48,367694
2015-01-12,8.51,8.55,8.51,8.55,16700,18,142432
2015-01-13,8.51,8.55,8.51,8.51,9900,16,84397
2015-01-14,8.52,8.52,8.52,8.52,17200,14,146544
2015-01-15,8.52,8.55,8.52,8.54,7200,13,61477
2015-01-16,8.52,8.54,8.5,8.52,29400,16,250583
2015-01-19,8.52,8.52,8.32,8.46,43200,93,366142
2015-01-20,8.45,8.46,8.45,8.45,25500,50,215481
2015-01-21,8.48,8.48,8.42,8.42,3800,4,32002
2015-01-22,8.42,8.45,8.24,8.4,201000,10,1698369
2015-01-23,8.09,8.3,8.01,8.3,10300,23,84230
2015-01-26,8.28,8.28,8.1,8.2,106100,6,860028
2015-01-27,8.19,8.2,8.16,8.2,2000,6,16343
2015-01-28,8.05,8.15,8.05,8.15,5600,5,45140
2015-01-29,8.05,8.15,8.05,8.15,2700,13,21828
2015-01-30,8.1,8.15,8.1,8.15,600,2,4865
2015-02-02,8.01,8.16,8.0,8.16,252000,27,2016105
2015-02-03,8.0,8.05,8.0,8.0,14600,16,116843
2015-02-04,8.01,8.01,7.9,7.95,12100,9,96753
2015-02-05,8.0,8.01,8.0,8.0,500,4,4001
2015-02-06,8.0,8.0,8.0,8.0,400,2,3200
2015-02-09,7.81,7.92,7.8,7.92,7400,9,57817
2015-02-10,7.92,7.92,7.9,7.92,35400,17,280338
2015-02-11,7.88,7.99,7.87,7.95,2800,9,22177
2015-02-12,7.76,8.01,7.76,7.96,33200,12,264265
2015-02-13,8.0,8.2,8.0,8.0,8200,12,66206
2015-02-18,8.01,8.01,7.95,7.95,415800,11,3328437
2015-02-19,8.0,8.1,7.95,8.01,84300,10,674422
2015-02-20,8.01,8.01,8.0,8.0,134300,9,1075679
2015-02-23,8.0,8.0,8.0,8.0,80500,3,644000
2015-02-24,8.1,8.1,7.99,8.0,9600,11,76864
2015-02-25,8.01,8.1,8.0,8.1,257100,4,2059420
2015-02-26,8.1,8.1,8.1,8.1,200,1,1620
2015-02-27,8.35,8.37,8.2,8.2,500,4,4132
2015-03-02,8.3,8.3,8.3,8.3,500,2,4150
2015-03-04,8.3,8.3,8.3,8.3,135700,3,1126310
2015-03-06,8.11,8.35,8.11,8.3,21300,10,174691
2015-03-09,8.25,8.35,8.2,8.2,6500,4,53620
2015-03-10,8.24,8.4,8.2,8.2,6700,9,55285
2015-03-11,8.1,8.35,8.1,8.3,1500,5,12305
2015-03-12,8.3,8.4,8.25,8.3,5100,9,42420
2015-03-13,8.4,8.4,8.4,8.4,2800,1,23520
2015-03-16,8.27,8.39,8.27,8.39,300,2,2493
2015-03-17,8.32,8.39,8.32,8.39,200,2,1671
2015-03-18,8.38,8.4,8.3,8.4,72500,30,603455
2015-03-19,8.35,8.4,8.32,8.4,252800,5,2110849
2015-03-23,8.26,8.35,8.25,8.35,2900,8,24058
2015-03-24,8.34,8.34,8.34,8.34,1400,1,11676
2015-03-26,8.34,8.35,8.3,8.35,23100,6,192791
2015-03-30,8.1,8.35,8.1,8.3,8000,35,66177
2015-03-31,8.3,8.3,8.3,8.3,100,1,830
2015-04-02,8.16,8.3,8.16,8.3,6200,19,51296
2015-04-06,8.25,8.3,8.25,8.3,1400,11,11561
2015-04-07,8.3,8.3,8.15,8.3,18100,13,150132
2015-04-09,8.4,8.47,8.26,8.4,35400,24,298796
2015-04-10,8.4,8.5,8.4,8.5,25300,37,213842
2015-04-13,8.5,8.5,8.4,8.5,7500,10,63690
2015-04-14,8.5,8.55,8.45,8.5,3100,19,26297
2015-04-16,8.54,8.55,8.45,8.55,383800,40,3278175
2015-04-17,8.54,8.55,8.5,8.55,305300,16,2595855
2015-04-20,8.5,8.55,8.5,8.55,1800,11,15317
2015-04-22,8.5,8.55,8.5,8.55,7000,10,59720
2015-04-23,8.46,8.55,8.45,8.55,4900,12,41656
2015-04-24,8.49,8.55,8.47,8.55,2900,15,24664
2015-04-27,8.54,8.55,8.46,8.55,9100,30,77504
2015-04-28,8.51,8.55,8.51,8.55,300,3,2557
2015-04-30,8.45,8.6,8.45,8.55,23500,48,200629
2015-05-04,8.8,8.8,8.52,8.7,17400,38,150068
2015-05-05,8.69,8.7,8.6,8.69,17900,14,155288
2015-05-06,8.55,8.7,8.55,8.69,9700,17,83853
2015-05-07,8.7,8.7,8.7,8.7,100,1,870
2015-05-08,8.65,8.69,8.6,8.69,11500,8,99478
2015-05-11,8.68,8.7,8.65,8.65,26300,6,228475
2015-05-12,8.65,8.65,8.62,8.65,20800,3,179917
2015-05-13,8.65,8.66,8.6,8.62,15000,64,129446
2015-05-14,8.74,8.74,8.65,8.65,368500,29,3220393
2015-05-15,8.66,8.8,8.65,8.65,8000,51,69464
2015-05-18,8.71,8.71,8.65,8.65,129200,49,1124185
2015-05-19,8.55,8.66,8.55,8.65,14600,43,126249
2015-05-20,8.61,8.65,8.61,8.65,7200,61,62146
2015-05-21,8.64,8.65,8.64,8.65,251800,33,2175577
2015-05-22,8.6,8.7,8.6,8.69,5200,52,45031
2015-05-25,8.7,8.74,8.6,8.62,75900,87,656951
2015-05-26,8.63,8.65,8.45,8.64,16000,48,137888
2015-05-27,8.51,8.63,8.5,8.63,70300,75,603693
2015-05-28,8.69,8.69,8.5,8.6,148000,132,1281247
2015-05-29,8.6,8.62,8.5,8.62,183200,279,1572328
2015-06-01,8.51,8.7,8.3,8.7,51700,101,439011
2015-06-02,8.51,8.7,8.51,8.7,3200,22,27696
2015-06-05,8.7,8.7,8.5,8.7,4600,41,39450
2015-06-08,8.65,8.68,8.51,8.68,11300,14,97681
2015-06-10,8.6,8.68,8.6,8.68,5500,13,47420
2015-06-11,8.68,8.68,8.68,8.68,2400,2,20832
2015-06-12,8.67,8.7,8.6,8.65,17900,10,154567
2015-06-15,8.65,8.65,8.6,8.65,16000,5,137676
2015-06-16,8.65,8.7,8.65,8.7,700,2,6060
2015-06-17,8.58,8.7,8.58,8.7,1300,4,11243
2015-06-18,8.65,8.7,8.65,8.7,1100,2,9520
2015-06-19,8.65,8.69,8.65,8.69,200,2,1734
2015-06-23,8.67,8.7,8.67,8.7,2700,2,23412
2015-06-24,8.7,8.7,8.55,8.7,47600,8,414105
2015-06-25,8.7,8.75,8.7,8.75,50500,9,440370
2015-06-26,8.65,8.74,8.65,8.74,1700,7,14732
2015-06-29,8.75,8.75,8.75,8.75,100,1,875
2015-06-30,8.75,8.85,8.75,8.83,33600,11,295239
2015-07-01,8.7,8.8,8.7,8.8,5000,15,43783
2015-07-02,8.57,8.82,8.57,8.82,200,2,1739
2015-07-06,8.85,8.85,8.85,8.85,1000,2,8850
2015-07-08,8.85,8.85,8.71,8.84,2300,6,20235
2015-07-10,8.9,8.98,8.9,8.93,1200,3,10723
2015-07-13,8.76,8.8,8.65,8.8,2600,7,22691
2015-07-14,8.8,8.8,8.8,8.8,1100,3,9680
2015-07-15,8.9,8.9,8.9,8.9,1000,4,8900
2015-07-16,8.81,8.9,8.81,8.9,300,3,2660
2015-07-20,8.8,8.9,8.8,8.9,900,3,7931
2015-07-23,8.89,8.9,8.89,8.9,900,3,8009
2015-07-24,8.9,8.9,8.9,8.9,100,1,890
2015-07-27,8.81,8.9,8.81,8.9,800,3,7093
2015-07-28,8.9,8.9,8.9,8.9,100,1,890
2015-07-30,8.97,9.49,8.97,9.3,8900,15,83262
2015-08-05,9.04,9.09,9.0,9.09,800,7,7242
2015-08-07,8.91,8.91,8.91,8.91,500,1,4455
2015-08-11,8.91,8.91,8.91,8.91,1000,1,8910
2015-08-13,8.85,8.85,8.76,8.76,1200,3,10602
2015-08-14,8.76,8.76,8.76,8.76,600,2,5256
2015-08-18,9.06,9.6,9.06,9.15,32700,44,307500
2015-08-19,10.06,10.14,10.01,10.05,82500,59,828741
2015-08-20,10.05,10.15,10.05,10.15,23900,11,240218
2015-08-21,10.1,10.28,10.09,10.25,13600,14,137854
2015-08-24,10.06,10.25,10.06,10.23,40200,17,406313
2015-08-25,10.29,10.3,10.15,10.23,7700,8,78564
2015-08-26,10.2,10.25,10.2,10.25,7400,11,75774
2015-08-27,10.12,10.32,10.12,10.32,2000,5,20425
2015-08-28,10.31,10.31,10.27,10.28,104000,9,1072230
2015-08-31,10.33,10.33,10.3,10.3,300,3,3093
2015-09-01,10.31,10.41,10.3,10.4,96300,9,1001275
2015-09-02,10.31,10.4,10.31,10.4,3200,7,33250
2015-09-03,10.32,10.4,10.32,10.4,3100,6,32196
2015-09-04,10.37,10.4,10.37,10.4,1500,3,15580
2015-09-08,10.36,10.39,10.35,10.39,4100,6,42495
2015-09-09,10.35,10.4,10.3,10.35,54300,8,561982
2015-09-10,10.35,10.56,10.35,10.42,27000,6,279779
2015-09-11,10.41,10.41,10.36,10.36,23300,34,241457
2015-09-14,10.36,10.4,10.36,10.37,2700,7,27991
2015-09-15,10.36,10.64,10.3,10.36,32400,18,334759
2015-09-16,10.32,10.36,10.32,10.36,600,6,6200
2015-09-17,10.33,10.33,10.33,10.33,1300,3,13429
2015-09-18,10.33,10.33,10.32,10.32,18600,9,192012
2015-09-21,10.35,10.35,10.35,10.35,1100,2,11385
2015-09-22,10.34,10.34,10.34,10.34,1300,2,13442
2015-09-24,10.34,10.4,10.34,10.4,79900,7,826172
2015-09-25,10.4,10.4,10.37,10.37,1900,3,19730
2015-09-28,10.35,10.37,10.35,10.37,1900,4,19691
2015-09-30,10.39,10.43,10.36,10.43,23300,6,242215
2015-10-01,10.42,10.48,10.41,10.48,4700,6,48959
2015-10-02,10.4,10.5,10.4,10.5,2200,5,22994
2015-10-05,10.49,10.5,10.4,10.5,63000,11,655746
2015-10-06,10.4,10.64,10.4,10.42,128000,18,1332054
2015-10-07,10.32,10.4,10.25,10.35,82500,48,849600
2015-10-08,10.3,10.38,10.3,10.36,13500,7,139419
2015-10-09,10.36,10.5,10.36,10.5,21100,46,219863
2015-10-13,10.43,10.54,10.43,10.54,7500,6,78815
2015-10-14,10.43,10.46,10.43,10.46,1200,4,12528
2015-10-15,10.5,10.5,10.45,10.45,20400,7,213217
2015-10-16,10.5,10.5,10.5,10.5,8800,1,92400
2015-10-19,10.48,10.48,10.48,10.48,1200,1,12576
2015-10-20,10.5,10.5,10.5,10.5,100,1,1050
2015-10-21,10.5,10.5,10.5,10.5,800,2,8400
2015-10-23,10.51,10.51,10.51,10.51,100,1,1051
2015-10-26,10.5,10.5,10.5,10.5,1000,1,10500
2015-10-27,10.5,10.5,10.5,10.5,1900,1,19950
2015-10-28,10.52,10.52,10.52,10.52,100,1,1052
2015-10-29,10.53,10.54,10.53,10.54,4400,3,46340
