Date,Open,High,Low,Close,Volume,Neg,Fin
2010-01-05,419.67856,456.79297,419.67856,456.79297,1100,4,6567
2010-01-07,449.65564,460.36166,449.65564,456.79297,3400,5,21465
2010-01-11,428.24347,428.24347,428.24347,428.24347,15000,1,90000
2010-01-12,428.24347,499.61728,428.24347,499.61728,2300,3,14550
2010-01-14,435.3808,435.3808,435.3808,435.3808,500,2,3050
2010-01-19,499.61728,521.02942,499.61728,521.02942,4700,7,34159
2010-01-21,478.20511,478.20511,478.20511,478.20511,100,1,670
2010-02-09,436.09454,436.09454,436.09454,436.09454,300,2,1833
2010-02-10,484.62878,484.62878,431.09833,431.09833,400,3,2491
2010-02-11,436.09454,436.09454,436.09454,436.09454,1000,2,6110
2010-02-18,463.93036,477.49139,463.93036,477.49139,300,3,1988
2010-02-22,491.76617,499.61728,491.76617,499.61728,200,2,1389
2010-02-26,499.61728,499.61728,499.61728,499.61728,122900,1,860300
2010-03-03,499.61728,499.61728,499.61728,499.61728,1100,2,7700
2010-03-26,534.59045,535.3042,534.59045,535.3042,700,3,5244
2010-04-16,499.61728,499.61728,499.61728,499.61728,100,1,700
2010-04-20,563.85376,563.85376,563.85376,563.85376,400,1,3160
2010-04-26,563.85376,570.2774,563.85376,570.2774,900,3,7155
2010-04-29,499.61728,499.61728,499.61728,499.61728,9900,3,69300
2010-04-30,570.99115,570.99115,570.99115,570.99115,100,1,800
2010-05-06,628.09033,628.09033,628.09033,628.09033,100,1,220
2010-05-26,622.38043,622.38043,622.38043,622.38043,70000,1,152600
2010-05-31,516.74701,579.55603,516.74701,519.60199,275000,23,497963
2010-06-01,522.45691,522.45691,516.74701,516.74701,19300,5,34941
2010-06-02,513.89209,513.89209,513.89209,513.89209,200,1,360
2010-06-10,513.89209,513.89209,513.89209,513.89209,700,1,1260
2010-06-15,485.34256,511.03705,485.34256,511.03705,800,3,1369
2010-06-18,511.03705,511.03705,511.03705,511.03705,5000,4,8950
2010-06-25,511.03705,511.03705,511.03705,511.03705,100000,2,179000
2010-07-08,511.03705,511.03705,511.03705,511.03705,22000,1,39380
2010-07-12,511.03705,511.03705,511.03705,511.03705,4800,1,8592
2010-07-27,570.99115,570.99115,570.99115,570.99115,110000,6,220000
2010-08-03,499.61728,499.61728,499.61728,499.61728,310200,2,542850
2010-08-10,539.58667,539.58667,539.58667,539.58667,400,2,756
2010-08-11,545.29663,625.23535,542.44165,542.44165,31000,19,61647
2010-09-01,542.44165,570.99115,542.44165,570.99115,2400,3,4570
2010-09-02,570.99115,570.99115,570.99115,570.99115,500,2,1000
2010-09-13,570.99115,570.99115,570.99115,570.99115,2600,4,5200
2010-09-27,553.86151,553.86151,553.86151,553.86151,5000,1,9700
2010-09-29,485.34256,485.34256,485.34256,485.34256,300,3,510
2010-09-30,485.34256,485.34256,456.79297,456.79297,2700,4,4340
2010-10-06,456.79297,456.79297,456.79297,456.79297,2100,2,3360
2010-10-14,399.69388,399.69388,399.69388,399.69388,3000,2,4200
2010-10-15,399.69388,399.69388,399.69388,399.69388,1000,2,1400
2010-10-19,456.79297,456.79297,456.79297,456.79297,200,1,320
2010-10-28,431.09833,431.09833,431.09833,431.09833,200,1,302
2010-11-03,371.14429,371.14429,371.14429,371.14429,2100,5,2730
2010-11-04,479.6326,479.6326,471.06769,471.06769,200,2,333
2010-11-05,471.06769,482.48755,428.24347,456.79297,1000,5,1544
2010-11-17,487.84082,487.84082,487.84082,487.84082,100,1,157
2010-11-19,435.01721,435.01721,435.01721,435.01721,200,2,280
2010-11-22,497.1626,497.1626,497.1626,497.1626,1000,4,1600
2010-12-06,466.0899,466.0899,466.0899,466.0899,100,1,150
2010-12-09,403.94458,456.76813,403.94458,456.76813,2200,6,2928
2010-12-22,450.55362,450.55362,450.55362,450.55362,200,1,290
2010-12-29,453.66089,453.66089,453.66089,453.66089,200,2,292
2011-01-13,466.0899,466.0899,435.01721,435.01721,1200,5,1780
2011-01-18,466.0899,466.0899,466.0899,466.0899,100,1,150
2011-01-19,466.0899,481.62622,466.0899,481.62622,200,2,305
2011-01-21,481.62622,481.62622,481.62622,481.62622,100,1,155
2011-01-27,435.01721,435.01721,435.01721,435.01721,600,1,840
2011-02-21,375.97919,375.97919,375.97919,375.97919,1400,4,1694
2011-02-28,400.83734,400.83734,320.0484,391.51547,500,4,590
2011-03-04,400.83734,400.83734,400.83734,400.83734,200,1,258
2011-03-11,372.87189,372.87189,372.87189,372.87189,100,1,120
2011-03-14,338.69196,338.69196,326.26291,326.26291,4700,7,5101
2011-03-15,310.72659,310.72659,310.72659,310.72659,100,1,100
2011-03-31,310.72659,310.72659,310.72659,310.72659,400,1,400
2011-04-06,310.72659,310.72659,310.72659,310.72659,300,1,300
2011-04-12,310.72659,310.72659,310.72659,310.72659,3500,5,3500
2011-05-31,279.65393,279.65393,267.22488,279.65393,4400,7,3930
2011-06-13,248.5813,248.5813,248.5813,248.5813,3300,3,2640
2011-06-14,279.65393,279.65393,279.65393,279.65393,100,1,90
2011-06-15,251.68857,279.65393,251.68857,279.65393,500,2,414
2011-06-28,279.65393,282.76123,279.65393,282.76123,3800,6,3430
2011-07-01,251.68857,251.68857,251.68857,251.68857,1000,1,810
2011-07-05,245.47403,245.47403,245.47403,245.47403,10000,2,7900
2011-07-14,248.5813,248.5813,248.5813,248.5813,2000,1,1600
2011-07-15,267.22488,279.65393,267.22488,279.65393,412600,32,357475
2011-07-18,307.61932,310.72659,292.08301,307.61932,173500,63,172382
2011-07-19,316.94113,323.15564,279.65393,292.08301,19100,21,18844
2011-07-20,254.79581,254.79581,254.79581,254.79581,3000,2,2460
2011-07-21,279.65393,279.65393,276.54669,276.54669,700,3,625
2011-07-22,242.36676,270.33212,242.36676,270.33212,13300,7,10383
2011-08-01,248.5813,248.5813,236.15222,248.5813,6100,8,4872
2011-08-02,220.61588,239.25949,217.50861,239.25949,9100,9,6437
2011-08-03,217.50861,239.25949,217.50861,239.25949,1100,3,777
2011-08-04,217.50861,236.15222,217.50861,236.15222,11300,9,7916
2011-08-05,229.93768,229.93768,229.93768,229.93768,200,1,148
2011-08-08,214.40137,214.40137,214.40137,214.40137,1400,2,966
2011-08-09,217.50861,217.50861,217.50861,217.50861,900,2,630
2011-08-10,217.50861,217.50861,192.65051,217.50861,16900,12,11270
2011-08-11,223.72316,242.36676,223.72316,242.36676,600,2,438
2011-08-15,223.72316,239.25949,220.61588,223.72316,17100,19,12526
2011-08-16,217.50861,242.36676,217.50861,242.36676,5000,4,3540
2011-08-22,276.54669,276.54669,276.54669,276.54669,100,1,89
2011-08-23,233.04495,276.54669,233.04495,273.43939,4400,4,3858
2011-08-26,223.72316,223.72316,223.72316,223.72316,900,3,648
2011-08-29,264.11761,264.11761,264.11761,264.11761,100,1,85
2011-08-31,233.04495,248.5813,233.04495,239.25949,7400,15,5782
2011-09-01,248.5813,251.68857,239.25949,251.68857,6300,8,4971
2011-09-02,236.15222,245.47403,236.15222,245.47403,200,2,155
2011-09-06,257.90308,257.90308,257.90308,257.90308,100,1,83
2011-09-08,261.01035,261.01035,261.01035,261.01035,200,2,168
2011-09-13,229.93768,229.93768,229.93768,229.93768,500,2,370
2011-09-14,261.01035,261.01035,261.01035,261.01035,100,1,84
2011-09-21,233.04495,248.5813,233.04495,248.5813,1800,4,1365
2011-10-03,233.04495,248.5813,233.04495,248.5813,800,5,605
2011-10-17,301.40479,301.40479,301.40479,301.40479,500,4,485
2011-10-18,264.11761,264.11761,251.68857,251.68857,3600,6,3008
2011-10-19,248.5813,248.5813,248.5813,248.5813,2000,2,1600
2011-10-20,233.04495,273.43939,233.04495,273.43939,3100,4,2338
2011-10-21,261.01035,261.01035,248.5813,257.90308,11200,5,8977
2011-10-26,254.79581,276.54669,254.79581,276.54669,2000,4,1647
2011-10-27,279.65393,279.65393,276.54669,276.54669,4200,4,3779
2011-10-28,288.97571,288.97571,288.97571,288.97571,100,1,93
2011-10-31,292.08301,292.08301,292.08301,292.08301,100,1,94
2011-11-10,239.25949,239.25949,226.83044,226.83044,500,4,377
2011-11-11,226.83044,288.97571,226.83044,288.97571,200,2,166
2011-11-14,229.93768,292.08301,229.93768,292.08301,1200,3,908
2011-11-21,220.61588,261.01035,208.18684,208.18684,4700,11,3286
2011-11-22,226.83044,226.83044,226.83044,226.83044,100,1,73
2011-11-29,186.43594,205.07956,186.43594,201.97229,14900,11,8954
2011-11-30,189.54323,251.68857,189.54323,192.65051,700,6,463
2011-12-01,192.65051,192.65051,192.65051,192.65051,20500,7,12710
2011-12-05,195.75774,201.97229,186.43594,201.97229,11600,8,7115
2011-12-08,183.32869,192.65051,183.32869,192.65051,2700,6,1671
2011-12-09,198.86499,198.86499,198.86499,198.86499,2600,2,1664
2011-12-12,189.54323,189.54323,189.54323,189.54323,1900,3,1159
2011-12-13,189.54323,189.54323,189.54323,189.54323,1100,1,671
2011-12-19,195.75774,195.75774,195.75774,195.75774,100,1,63
2011-12-22,205.07956,205.07956,205.07956,205.07956,100,1,66
2012-01-11,208.18684,211.2941,201.97229,211.2941,6100,5,4026
2012-01-12,186.43594,186.43594,186.43594,186.43594,2900,1,1740
2012-01-13,214.40137,214.40137,214.40137,214.40137,200,2,138
2012-01-18,214.40137,214.40137,214.40137,214.40137,1000,3,690
2012-01-31,186.43594,186.43594,186.43594,186.43594,1800,4,1080
2012-02-01,186.43594,198.86499,186.43594,198.86499,2800,2,1760
2012-02-03,214.40137,214.40137,214.40137,214.40137,500,2,345
2012-02-06,190.95866,197.65897,190.95866,194.30881,10700,10,6234
2012-02-07,197.65897,197.65897,190.95866,190.95866,16100,6,9478
2012-02-08,187.60852,187.60852,174.2079,174.2079,69100,20,37221
2012-02-09,184.25836,190.95866,177.55804,177.55804,14100,12,7788
2012-02-10,177.55804,177.55804,174.2079,174.2079,9600,4,5040
2012-02-13,174.2079,174.2079,164.15746,164.15746,8500,7,4354
2012-02-14,167.5076,167.5076,160.80728,160.80728,17100,8,8389
2012-02-24,147.40668,147.40668,147.40668,147.40668,10000,5,4400
2012-02-27,170.85774,170.85774,170.85774,170.85774,100,1,51
2012-03-01,170.85774,170.85774,170.85774,170.85774,3000,1,1530
2012-03-05,170.85774,187.60852,170.85774,174.2079,14300,10,7631
2012-03-06,174.2079,174.2079,160.80728,160.80728,44300,14,22202
2012-03-16,157.45714,157.45714,157.45714,157.45714,3100,3,1457
2012-03-21,154.10699,157.45714,154.10699,157.45714,15400,6,7088
2012-03-29,150.75684,150.75684,150.75684,150.75684,100,1,45
2012-04-03,144.05653,144.05653,144.05653,144.05653,2000,2,860
2012-04-04,140.70638,140.70638,140.70638,140.70638,2300,1,966
2012-04-05,137.35623,137.35623,123.95561,123.95561,11300,7,4538
2012-04-11,117.25532,117.25532,117.25532,117.25532,1000,1,350
2012-04-13,117.25532,147.40668,117.25532,147.40668,2700,2,954
2012-04-17,123.95561,123.95561,123.95561,123.95561,100,1,37
2012-04-18,130.65591,130.65591,130.65591,130.65591,100,1,39
2012-04-25,130.65591,130.65591,130.65591,130.65591,650400,2,253656
2012-04-27,130.65591,130.65591,130.65591,130.65591,400,1,156
2012-04-30,130.65591,130.65591,130.65591,130.65591,50000,2,19500
2012-05-02,127.30577,127.30577,123.95561,123.95561,100200,4,37076
2012-05-03,123.95561,123.95561,123.95561,123.95561,100100,2,37037
2012-05-04,123.95561,123.95561,123.95561,123.95561,50100,3,18537
2012-05-07,120.60547,120.60547,120.60547,120.60547,50400,3,18144
2012-05-08,120.60547,120.60547,120.60547,120.60547,75100,2,27036
2012-05-09,120.60547,120.60547,120.60547,120.60547,125200,4,45072
2012-05-10,120.60547,120.60547,120.60547,120.60547,50100,2,18036
2012-05-11,120.60547,120.60547,120.60547,120.60547,50100,2,18036
2012-05-14,120.60547,120.60547,113.90517,113.90517,50300,3,18104
2012-05-15,120.60547,120.60547,120.60547,120.60547,50100,2,18036
2012-05-16,120.60547,120.60547,120.60547,120.60547,175100,2,63036
2012-05-17,117.25532,117.25532,117.25532,117.25532,300,1,105
2012-05-18,110.55502,110.55502,100.50455,100.50455,16400,5,5091
2012-05-25,100.50455,100.50455,100.50455,100.50455,200,1,60
2012-06-04,87.10395,87.10395,83.7538,83.7538,2700,6,700
2012-06-05,100.50455,100.50455,100.50455,100.50455,26000,4,7800
2012-06-06,83.7538,83.7538,83.7538,83.7538,1200,5,300
2012-06-12,87.10395,87.10395,87.10395,87.10395,1100,2,286
2012-06-19,83.7538,83.7538,83.7538,83.7538,7200,3,1800
2012-07-04,87.10395,87.10395,87.10395,87.10395,1000,1,260
2012-07-10,87.10395,87.10395,87.10395,87.10395,100,1,26
2012-07-11,103.85471,103.85471,103.85471,103.85471,900,3,279
2012-07-12,77.0535,80.40364,77.0535,80.40364,1400,5,326
2012-07-17,83.7538,83.7538,83.7538,83.7538,300,1,75
2012-07-18,83.7538,83.7538,83.7538,83.7538,1000,3,250
2012-07-20,80.40364,83.7538,80.40364,83.7538,10300,10,2481
2012-08-01,67.00304,80.40364,67.00304,80.40364,63800,12,12770
2012-08-02,80.40364,80.40364,67.00304,70.35319,147000,16,31982
2012-08-03,67.00304,67.00304,67.00304,67.00304,199000,11,39800
2012-08-08,70.35319,70.35319,70.35319,70.35319,805000,3,169050
2012-08-09,63.65289,77.0535,63.65289,77.0535,21300,4,4751
2012-08-13,77.0535,77.0535,77.0535,77.0535,600,2,138
2012-08-16,77.0535,80.40364,77.0535,80.40364,8100,3,1864
2012-08-20,77.0535,77.0535,77.0535,77.0535,2000,3,460
2012-08-23,67.00304,67.00304,67.00304,67.00304,527800,5,105560
2012-08-27,67.00304,67.00304,67.00304,67.00304,3300,1,660
2012-08-28,67.00304,67.00304,63.65289,63.65289,16300,4,3220
2012-08-29,70.35319,73.70334,70.35319,73.70334,600,5,131
2012-08-30,60.30273,70.35319,60.30273,70.35319,4000,5,735
2012-09-03,73.70334,73.70334,73.70334,73.70334,100,1,22
2012-09-04,73.70334,73.70334,73.70334,73.70334,4800,5,1056
2012-09-05,73.70334,77.0535,60.30273,67.00304,13400,18,2471
2012-09-06,73.70334,73.70334,63.65289,63.65289,23000,13,4444
2012-09-10,70.35319,70.35319,63.65289,67.00304,5800,6,1126
2012-09-12,63.65289,67.00304,60.30273,60.30273,3100,7,561
2012-09-13,67.00304,70.35319,56.95259,60.30273,12200,15,2121
2012-09-14,63.65289,70.35319,60.30273,70.35319,9300,30,1794
2012-09-17,67.00304,67.00304,63.65289,63.65289,200,2,39
2012-09-18,67.00304,67.00304,67.00304,67.00304,200,2,40
2012-09-19,67.00304,70.35319,63.65289,67.00304,1800,18,364
2012-09-20,63.65289,63.65289,60.30273,63.65289,9900,8,1788
2012-09-21,60.30273,63.65289,60.30273,63.65289,10400,11,1903
2012-09-24,63.65289,67.00304,63.65289,63.65289,4200,7,799
2012-09-25,63.65289,67.00304,56.95259,56.95259,718600,12,122172
2012-09-26,53.60242,53.60242,43.55198,46.90213,290300,54,41515
2012-09-27,46.90213,46.90213,43.55198,46.90213,64800,21,8520
2012-09-28,50.80725,54.7155,46.899,50.80725,52800,18,6566
2012-10-01,46.899,50.80725,42.99075,46.899,144600,25,16156
2012-10-02,46.899,46.899,42.99075,42.99075,121300,12,14545
2012-10-03,46.899,50.80725,42.99075,46.899,162000,27,19439
2012-10-04,42.99075,50.80725,42.99075,46.899,73400,14,8443
2012-10-05,42.99075,46.899,42.99075,46.899,21800,8,2580
2012-10-08,42.99075,42.99075,42.99075,42.99075,149700,24,16467
2012-10-09,42.99075,42.99075,39.0825,42.99075,93500,16,9738
2012-10-10,39.0825,42.99075,39.0825,42.99075,168600,21,17445
2012-10-11,39.0825,39.0825,39.0825,39.0825,147900,18,14790
2012-10-15,39.0825,39.0825,35.17425,39.0825,71200,9,6620
2012-10-16,39.0825,42.99075,39.0825,42.99075,194900,26,19742
2012-10-17,39.0825,42.99075,39.0825,42.99075,62200,8,6221
2012-10-18,42.99075,42.99075,39.0825,42.99075,75600,14,7562
2012-10-19,39.0825,42.99075,39.0825,42.99075,105800,23,10583
2012-10-22,39.0825,39.0825,39.0825,39.0825,85400,12,8540
2012-10-23,39.0825,39.0825,35.17425,39.0825,60800,9,5589
2012-10-24,39.0825,39.0825,35.17425,35.17425,58200,8,5239
2012-10-25,39.0825,39.0825,39.0825,39.0825,7400,2,740
2012-10-26,35.17425,39.0825,35.17425,39.0825,97300,21,9011
2012-10-29,39.0825,39.0825,39.0825,39.0825,100,1,10
2012-10-30,39.0825,39.0825,35.17425,35.17425,12200,10,1099
2012-10-31,39.0825,39.0825,27.35775,31.266,293700,41,23508
2012-11-01,31.266,35.17425,31.266,35.17425,200,2,17
2012-11-05,35.17425,35.17425,35.17425,35.17425,100,1,9
2012-11-06,35.17425,35.17425,35.17425,35.17425,100,1,9
2012-11-07,31.266,35.17425,31.266,35.17425,200,2,17
2012-11-08,31.266,31.266,31.266,31.266,70500,55,5640
2012-11-09,31.266,35.17425,31.266,35.17425,200,2,17
2012-11-12,35.17425,35.17425,31.266,31.266,44200,7,3537
2012-11-13,31.266,31.266,27.35775,31.266,163200,20,11426
2012-11-14,27.35775,31.266,27.35775,31.266,20100,2,1607
2012-11-16,31.266,35.17425,27.35775,35.17425,76700,14,6137
2012-11-19,27.35775,31.266,27.35775,31.266,400,4,30
2012-11-21,31.266,31.266,31.266,31.266,100,1,8
2012-11-22,31.266,31.266,31.266,31.266,100,1,8
2012-11-23,31.266,31.266,31.266,31.266,100,1,8
2012-11-26,31.266,31.266,31.266,31.266,75500,7,6040
2012-11-27,31.266,35.17425,31.266,35.17425,29300,13,2440
2012-11-28,31.266,35.17425,31.266,31.266,60100,12,4818
2012-11-29,31.266,35.17425,31.266,31.266,2200,4,177
2012-11-30,35.17425,35.17425,31.266,35.17425,8400,5,755
2012-12-03,35.17425,35.17425,35.17425,35.17425,100,1,9
2012-12-04,35.17425,35.17425,35.17425,35.17425,100,1,9
2012-12-05,35.17425,35.17425,35.17425,35.17425,100,1,9
2012-12-06,35.17425,35.17425,35.17425,35.17425,2100,2,189
2012-12-07,31.266,35.17425,31.266,35.17425,200,2,17
2012-12-10,31.266,35.17425,31.266,35.17425,200,2,17
2012-12-11,35.17425,35.17425,31.266,35.17425,4100,33,330
2012-12-14,35.17425,35.17425,35.17425,35.17425,100,1,9
2012-12-17,35.17425,35.17425,31.266,35.17425,30600,14,2452
2012-12-18,31.266,35.17425,31.266,35.17425,1100,2,98
2012-12-19,31.266,31.266,27.35775,31.266,43700,12,3495
2012-12-20,31.266,31.266,27.35775,27.35775,43000,4,3439
2012-12-21,31.266,35.17425,27.35775,31.266,2900,15,232
2012-12-26,31.266,35.17425,31.266,35.17425,700,5,62
2012-12-27,35.17425,35.17425,31.266,31.266,1100,7,94
2012-12-28,35.17425,35.17425,31.266,35.17425,5400,17,484
2013-01-02,31.266,35.17425,31.266,31.266,9000,11,722
2013-01-03,31.266,35.17425,31.266,35.17425,5800,5,465
2013-01-04,35.17425,35.17425,35.17425,35.17425,100,1,9
2013-01-07,31.266,35.17425,31.266,35.17425,22500,5,2024
2013-01-08,31.266,35.17425,31.266,35.17425,60100,3,5408
2013-01-09,31.266,35.17425,31.266,31.266,51500,15,4622
2013-01-10,35.17425,35.17425,35.17425,35.17425,200,2,18
2013-01-11,35.17425,35.17425,35.17425,35.17425,100,1,9
2013-01-14,35.17425,35.17425,35.17425,35.17425,300,1,27
2013-01-15,31.266,35.17425,31.266,35.17425,200,2,17
2013-01-16,31.266,35.17425,31.266,35.17425,500,5,43
2013-01-17,31.266,35.17425,31.266,31.266,300,3,25
2013-01-18,31.266,39.0825,31.266,39.0825,91800,12,8439
2013-01-21,39.0825,39.0825,35.17425,39.0825,44700,7,4420
2013-01-22,39.0825,39.0825,35.17425,35.17425,300,2,29
2013-01-23,35.17425,35.17425,35.17425,35.17425,13100,16,1179
2013-01-24,39.0825,39.0825,39.0825,39.0825,100,1,10
2013-01-28,39.0825,39.0825,39.0825,39.0825,100,1,10
2013-01-29,39.0825,39.0825,35.17425,35.17425,76800,10,6913
2013-01-30,31.266,39.0825,31.266,39.0825,11200,11,1114
2013-01-31,39.0825,39.0825,35.17425,35.17425,200,2,19
2013-02-01,39.0825,39.0825,39.0825,39.0825,6400,5,640
2013-02-04,39.0825,39.0825,39.0825,39.0825,100,1,10
2013-02-05,39.0825,39.0825,39.0825,39.0825,100,1,10
2013-02-06,39.0825,39.0825,31.266,31.266,148700,17,14612
2013-02-07,39.0825,39.0825,31.266,31.266,1600,7,158
2013-02-08,39.0825,39.0825,35.17425,39.0825,300,3,29
2013-02-13,39.0825,39.0825,39.0825,39.0825,16300,6,1630
2013-02-14,35.17425,42.99075,35.17425,42.99075,500,5,50
2013-02-15,39.0825,42.99075,39.0825,39.0825,300,3,31
2013-02-18,42.99075,42.99075,42.99075,42.99075,100,1,11
2013-02-19,39.0825,42.99075,35.17425,39.0825,6500,21,650
2013-02-20,39.0825,42.99075,39.0825,39.0825,39200,21,3934
2013-02-21,39.0825,42.99075,39.0825,39.0825,2300,5,232
2013-02-22,42.99075,42.99075,42.99075,42.99075,190700,24,20977
2013-02-25,39.0825,39.0825,39.0825,39.0825,100,1,10
2013-02-26,42.99075,46.899,42.99075,46.899,5100,6,563
2013-02-27,42.99075,46.899,42.99075,46.899,100200,9,11023
2013-02-28,42.99075,46.899,42.99075,42.99075,3600,11,398
2013-03-01,46.899,46.899,42.99075,42.99075,400,3,47
2013-03-04,42.99075,46.899,42.99075,46.899,22900,13,2726
2013-03-05,42.99075,42.99075,42.99075,42.99075,10000,11,1100
2013-03-06,42.99075,46.899,39.0825,39.0825,1300,8,138
2013-03-07,46.899,46.899,46.899,46.899,200,1,24
2013-03-08,42.99075,46.899,42.99075,46.899,80700,17,9677
2013-03-11,46.899,46.899,46.899,46.899,30100,3,3612
2013-03-12,46.899,54.7155,46.899,50.80725,103000,16,13110
2013-03-13,50.80725,50.80725,42.99075,42.99075,80200,12,9424
2013-03-14,42.99075,46.899,42.99075,42.99075,7100,6,850
2013-03-15,46.899,50.80725,46.899,46.899,2700,12,325
2013-03-19,42.99075,50.80725,42.99075,42.99075,58700,14,6719
2013-03-20,50.80725,50.80725,46.899,50.80725,32800,6,4039
2013-03-21,50.80725,50.80725,46.899,50.80725,31000,13,4026
2013-03-22,50.80725,50.80725,42.99075,42.99075,55300,13,6188
2013-03-25,46.899,46.899,46.899,46.899,100,1,12
2013-03-26,46.899,46.899,39.0825,39.0825,30300,8,3334
2013-03-27,42.99075,46.899,42.99075,46.899,800,8,91
2013-03-28,42.99075,50.80725,42.99075,46.899,40300,13,4836
2013-04-01,50.80725,50.80725,50.80725,50.80725,100,1,13
2013-04-03,42.99075,46.899,42.99075,42.99075,25000,11,2758
2013-04-04,46.899,46.899,42.99075,42.99075,13800,5,1520
2013-04-05,42.99075,46.899,42.99075,46.899,30600,14,3452
2013-04-09,42.99075,46.899,39.0825,39.0825,20300,8,2233
2013-04-10,46.899,50.80725,46.899,50.80725,21700,11,2606
2013-04-11,46.899,50.80725,46.899,46.899,400,4,49
2013-04-12,46.899,50.80725,46.899,50.80725,200,2,25
2013-04-15,42.99075,42.99075,42.99075,42.99075,1300,2,143
2013-04-16,46.899,46.899,46.899,46.899,10800,5,1296
2013-04-25,42.99075,42.99075,42.99075,42.99075,8900,2,979
2013-04-26,42.99075,42.99075,42.99075,42.99075,1500,3,165
2013-05-03,42.99075,42.99075,42.99075,42.99075,4500,2,495
2013-05-07,42.99075,42.99075,42.99075,42.99075,1700,1,187
2013-05-08,42.99075,42.99075,42.99075,42.99075,17900,3,1969
2013-05-14,39.0825,39.0825,39.0825,39.0825,1100,2,110
2013-05-23,39.0825,42.99075,39.0825,42.99075,600,2,65
2013-05-27,42.99075,42.99075,42.99075,42.99075,100,1,11
2013-05-28,39.0825,39.0825,39.0825,39.0825,600,1,60
2013-06-05,39.0825,39.0825,39.0825,39.0825,100,1,10
2013-06-11,39.0825,39.0825,35.17425,35.17425,70300,4,6427
2013-06-17,35.17425,35.17425,35.17425,35.17425,100,1,9
2013-07-02,31.266,31.266,27.35775,27.35775,171000,10,12069
2013-07-03,19.54125,23.4495,19.54125,23.4495,18200,10,954
2013-07-04,23.4495,23.4495,23.4495,23.4495,100,1,6
2013-07-05,27.35775,27.35775,27.35775,27.35775,100,1,7
2013-07-08,27.35775,27.35775,27.35775,27.35775,14900,2,1043
2013-07-10,27.35775,27.35775,27.35775,27.35775,100,1,7
2013-07-11,27.35775,27.35775,27.35775,27.35775,100,1,7
2013-07-16,31.266,31.266,31.266,31.266,100,1,8
2013-07-17,27.35775,27.35775,27.35775,27.35775,1100,2,77
2013-08-01,27.35775,27.35775,27.35775,27.35775,2100,4,147
2013-08-02,27.35775,27.35775,27.35775,27.35775,3500,3,245
2013-08-05,27.35775,27.35775,27.35775,27.35775,800,2,56
2013-08-06,27.35775,27.35775,27.35775,27.35775,87300,7,6111
2013-08-07,27.35775,27.35775,23.4495,23.4495,400,4,27
2013-08-08,27.35775,35.17425,27.35775,35.17425,51600,8,4376
2013-08-09,35.17425,35.17425,31.266,31.266,200,2,17
2013-08-12,31.266,31.266,27.35775,27.35775,137100,10,9678
2013-08-13,27.35775,31.266,27.35775,31.266,3100,3,218
2013-08-14,31.266,31.266,31.266,31.266,54000,7,4320
2013-08-16,31.266,31.266,31.266,31.266,100,1,8
2013-08-19,31.266,31.266,31.266,31.266,200,2,16
2013-08-20,31.266,31.266,27.35775,27.35775,14500,7,1158
2013-08-21,31.266,31.266,27.35775,27.35775,105400,17,8408
2013-08-22,31.266,35.17425,31.266,35.17425,2000,3,166
2013-08-28,31.266,31.266,31.266,31.266,500,5,40
2013-08-29,35.17425,35.17425,31.266,31.266,200,2,17
2013-09-03,31.266,31.266,31.266,31.266,50100,3,4008
2013-09-04,31.266,31.266,31.266,31.266,118300,9,9464
2013-09-09,31.266,31.266,31.266,31.266,25000,3,2000
2013-09-12,31.266,31.266,31.266,31.266,39600,2,3168
2013-09-13,31.266,31.266,27.35775,27.35775,2000,3,144
2013-09-16,31.266,31.266,31.266,31.266,1000,1,80
2013-09-17,31.266,31.266,31.266,31.266,600,1,48
2013-09-20,35.17425,39.0825,35.17425,39.0825,96100,13,8650
2013-09-23,35.17425,35.17425,31.266,31.266,26200,5,2357
2013-09-24,35.17425,39.0825,31.266,35.17425,540000,44,48646
2013-09-25,39.0825,39.0825,31.266,31.266,173000,7,15572
2013-09-26,31.266,35.17425,31.266,35.17425,73800,8,6270
2013-09-27,35.17425,35.17425,31.266,31.266,11600,4,1034
2013-09-30,35.17425,35.17425,35.17425,35.17425,600,2,54
2013-10-01,31.266,39.0825,31.266,39.0825,60600,8,5454
2013-10-02,35.17425,35.17425,31.266,31.266,6200,3,557
2013-10-03,31.266,31.266,31.266,31.266,100,1,8
2013-10-08,31.266,31.266,31.266,31.266,50600,6,4048
2013-10-09,35.17425,35.17425,35.17425,35.17425,100,1,9
2013-10-10,39.0825,39.0825,39.0825,39.0825,277900,42,27790
2013-10-11,39.0825,46.899,39.0825,42.99075,163300,37,17859
2013-10-14,39.0825,39.0825,39.0825,39.0825,24300,6,2430
2013-10-15,39.0825,42.99075,39.0825,42.99075,6600,4,661
2013-10-16,39.0825,39.0825,39.0825,39.0825,300,3,30
2013-10-17,39.0825,39.0825,35.17425,35.17425,97100,7,8745
2013-10-22,35.17425,35.17425,35.17425,35.17425,100,1,9
2013-10-24,39.0825,46.899,39.0825,42.99075,1244800,104,135667
2013-10-25,42.99075,42.99075,35.17425,39.0825,339200,33,31743
2013-10-28,39.0825,39.0825,39.0825,39.0825,201900,22,20190
2013-10-29,39.0825,39.0825,39.0825,39.0825,21400,3,2140
2013-10-30,39.0825,39.0825,39.0825,39.0825,500,2,50
2013-10-31,42.99075,42.99075,39.0825,39.0825,93400,10,9341
2013-11-01,39.0825,42.99075,39.0825,42.99075,81000,10,8102
2013-11-04,39.0825,39.0825,39.0825,39.0825,29300,5,2930
2013-11-05,39.0825,39.0825,35.17425,35.17425,79800,4,7183
2013-11-06,39.0825,39.0825,35.17425,39.0825,21800,5,2003
2013-11-07,39.0825,39.0825,35.17425,39.0825,34100,3,3075
2013-11-08,39.0825,39.0825,35.17425,35.17425,8200,3,739
2013-11-11,39.0825,39.0825,39.0825,39.0825,20100,3,2010
2013-11-13,35.17425,35.17425,35.17425,35.17425,60000,7,5400
2013-11-14,35.17425,35.17425,35.17425,35.17425,500,1,45
2013-11-18,35.17425,35.17425,35.17425,35.17425,60000,4,5400
2013-11-19,35.17425,35.17425,35.17425,35.17425,50200,3,4518
2013-11-21,31.266,35.17425,31.266,31.266,106800,12,8822
2013-11-25,35.17425,35.17425,31.266,35.17425,30300,4,2627
2013-11-28,31.266,31.266,31.266,31.266,60000,7,4800
2013-12-03,31.266,31.266,31.266,31.266,900,2,72
2013-12-09,35.17425,35.17425,35.17425,35.17425,10000,1,900
2013-12-10,35.17425,35.17425,35.17425,35.17425,50000,2,4500
2013-12-11,35.17425,35.17425,35.17425,35.17425,100,1,9
2013-12-12,31.266,31.266,31.266,31.266,19000,4,1520
2013-12-16,31.266,31.266,31.266,31.266,71100,3,5688
2013-12-17,27.35775,27.35775,27.35775,27.35775,306800,12,21476
2013-12-18,27.35775,27.35775,27.35775,27.35775,50000,2,3500
2013-12-19,27.35775,27.35775,27.35775,27.35775,15000,2,1050
2013-12-26,23.4495,27.35775,23.4495,23.4495,52000,4,3340
2013-12-30,27.35775,27.35775,27.35775,27.35775,73600,6,5152
2014-01-02,31.266,31.266,31.266,31.266,1400,1,112
2014-01-06,27.35775,27.35775,27.35775,27.35775,1000,2,70
2014-01-10,27.35775,27.35775,27.35775,27.35775,15600,2,1092
2014-01-13,27.35775,27.35775,27.35775,27.35775,20000,1,1400
2014-01-14,27.35775,27.35775,27.35775,27.35775,7000,2,490
2014-01-22,27.35775,27.35775,27.35775,27.35775,9000,1,630
2014-01-28,27.35775,31.266,27.35775,31.266,16300,2,1303
2014-01-29,31.266,31.266,31.266,31.266,2700,3,216
2014-01-30,31.266,31.266,31.266,31.266,200,2,16
2014-01-31,31.266,31.266,31.266,31.266,100,1,8
2014-02-03,31.266,31.266,31.266,31.266,300,3,24
2014-02-04,31.266,35.17425,31.266,35.17425,154200,10,12338
2014-02-05,35.17425,35.17425,31.266,35.17425,60000,8,4803
2014-02-06,35.17425,35.17425,35.17425,35.17425,12200,4,1098
2014-02-07,35.17425,35.17425,35.17425,35.17425,200,2,18
2014-02-10,31.266,31.266,31.266,31.266,13900,4,1112
2014-02-12,31.266,31.266,31.266,31.266,100,1,8
2014-02-19,27.35775,27.35775,27.35775,27.35775,103900,8,7273
2014-02-20,27.35775,27.35775,27.35775,27.35775,91800,8,6426
2014-02-21,27.35775,27.35775,27.35775,27.35775,16000,2,1120
2014-02-25,27.35775,27.35775,27.35775,27.35775,2000100,2,140007
2014-02-27,27.35775,27.35775,27.35775,27.35775,100,1,7
2014-02-28,27.35775,27.35775,27.35775,27.35775,100,1,7
2014-03-06,27.35775,27.35775,27.35775,27.35775,100,1,7
2014-03-10,27.35775,27.35775,27.35775,27.35775,1100,2,77
2014-03-11,27.35775,27.35775,27.35775,27.35775,5700,2,399
2014-03-14,27.35775,27.35775,27.35775,27.35775,400,2,28
2014-03-17,23.4495,27.35775,19.54125,27.35775,470200,38,28533
2014-03-18,31.266,31.266,27.35775,27.35775,700,4,55
2014-03-19,27.35775,27.35775,27.35775,27.35775,9000,3,630
2014-03-21,27.35775,27.35775,27.35775,27.35775,2500,3,175
2014-03-24,27.35775,27.35775,27.35775,27.35775,100,1,7
2014-03-25,27.35775,27.35775,27.35775,27.35775,2000000,1,140000
2014-03-27,23.4495,27.35775,23.4495,27.35775,62400,3,4356
2014-03-28,27.35775,27.35775,27.35775,27.35775,100,1,7
2014-04-01,27.35775,27.35775,27.35775,27.35775,100,1,7
2014-04-02,27.35775,27.35775,27.35775,27.35775,100,1,7
2014-04-04,27.35775,27.35775,27.35775,27.35775,25000,1,1750
2014-04-09,31.266,31.266,23.4495,27.35775,12300,4,741
2014-04-10,27.35775,27.35775,27.35775,27.35775,3700,2,259
2014-04-11,27.35775,27.35775,27.35775,27.35775,8400,2,588
2014-04-22,27.35775,27.35775,27.35775,27.35775,25000,2,1750
2014-04-23,27.35775,31.266,27.35775,27.35775,17500,8,1247
2014-04-25,27.35775,31.266,27.35775,31.266,40200,5,2815
2014-04-28,27.35775,31.266,27.35775,27.35775,34200,4,2395
2014-04-29,31.266,31.266,27.35775,27.35775,2700,2,190
2014-05-09,27.35775,27.35775,27.35775,27.35775,13700,3,959
2014-05-12,27.35775,27.35775,27.35775,27.35775,200,1,14
2014-05-16,31.266,31.266,31.266,31.266,7900,2,632
2014-05-19,27.35775,31.266,27.35775,31.266,700,2,52
2014-05-22,27.35775,27.35775,27.35775,27.35775,8300,3,581
2014-05-27,27.35775,27.35775,27.35775,27.35775,9300,2,651
2014-05-29,27.35775,27.35775,27.35775,27.35775,3700,2,259
2014-05-30,23.4495,23.4495,23.4495,23.4495,200,1,12
2014-06-02,27.35775,27.35775,27.35775,27.35775,64600,7,4522
2014-06-03,27.35775,27.35775,27.35775,27.35775,5000,2,350
2014-06-05,27.35775,27.35775,27.35775,27.35775,1500,1,105
2014-06-09,31.266,31.266,31.266,31.266,40200,8,3216
2014-06-10,23.4495,23.4495,23.4495,23.4495,353000,19,21180
2014-06-11,27.35775,27.35775,27.35775,27.35775,321500,19,22505
2014-06-16,23.4495,27.35775,23.4495,27.35775,300,3,19
2014-06-18,23.4495,27.35775,23.4495,27.35775,200,2,13
2014-06-23,23.4495,23.4495,23.4495,23.4495,100,1,6
2014-06-24,27.35775,27.35775,27.35775,27.35775,100,1,7
2014-06-25,23.4495,27.35775,23.4495,27.35775,200,2,13
2014-06-26,23.4495,23.4495,23.4495,23.4495,20400,3,1224
2014-06-27,23.4495,23.4495,23.4495,23.4495,48100,3,2886
2014-06-30,23.4495,27.35775,23.4495,27.35775,30100,3,1807
2014-07-01,27.35775,27.35775,27.35775,27.35775,4100,1,287
2014-07-03,23.4495,23.4495,23.4495,23.4495,114000,5,6840
2014-07-04,23.4495,23.4495,23.4495,23.4495,46000,3,2760
2014-07-07,23.4495,23.4495,23.4495,23.4495,41000,1,2460
2014-07-17,23.4495,23.4495,23.4495,23.4495,44000,3,2640
2014-07-18,27.35775,27.35775,27.35775,27.35775,39900,2,2793
2014-07-21,23.4495,23.4495,23.4495,23.4495,8100,2,486
2014-07-22,27.35775,31.266,27.35775,27.35775,206100,15,14428
2014-07-23,31.266,31.266,27.35775,27.35775,140500,21,10338
2014-07-25,23.4495,27.35775,23.4495,27.35775,9600,3,596
2014-07-28,23.4495,23.4495,23.4495,23.4495,8000,4,480
2014-07-30,27.35775,31.266,27.35775,27.35775,40700,5,2850
2014-07-31,27.35775,27.35775,27.35775,27.35775,9800,3,686
2014-08-01,27.35775,31.266,23.4495,23.4495,30500,8,2136
2014-08-04,27.35775,27.35775,27.35775,27.35775,10000,2,700
2014-08-08,27.35775,27.35775,27.35775,27.35775,4500,2,315
2014-08-11,27.35775,27.35775,27.35775,27.35775,12200,4,854
2014-08-12,31.266,31.266,23.4495,23.4495,9300,5,693
2014-08-13,31.266,31.266,31.266,31.266,4900,2,392
2014-08-15,27.35775,27.35775,27.35775,27.35775,17000,3,1190
2014-08-18,31.266,31.266,23.4495,27.35775,47300,22,3251
2014-08-19,27.35775,31.266,27.35775,27.35775,25800,10,1807
2014-08-20,23.4495,23.4495,23.4495,23.4495,400,3,24
2014-08-21,27.35775,27.35775,27.35775,27.35775,2300,3,161
2014-08-22,27.35775,27.35775,27.35775,27.35775,51900,4,3633
2014-08-25,27.35775,27.35775,27.35775,27.35775,100,1,7
2014-08-27,27.35775,27.35775,27.35775,27.35775,27900,2,1953
2014-08-28,27.35775,27.35775,27.35775,27.35775,12000,1,840
2014-08-29,27.35775,27.35775,23.4495,27.35775,33000,7,2309
2014-09-02,31.266,35.17425,31.266,31.266,226200,35,18117
2014-09-03,35.17425,35.17425,27.35775,27.35775,10300,9,765
2014-09-04,31.266,35.17425,27.35775,27.35775,44800,13,3343
2014-09-05,31.266,31.266,31.266,31.266,14200,4,1136
2014-09-08,27.35775,27.35775,27.35775,27.35775,600,2,42
2014-09-09,31.266,31.266,31.266,31.266,29600,7,2368
2014-09-10,31.266,31.266,31.266,31.266,11000,2,880
2014-09-15,27.35775,27.35775,27.35775,27.35775,43000,9,3010
2014-09-17,31.266,31.266,31.266,31.266,92900,9,7432
2014-09-19,27.35775,27.35775,27.35775,27.35775,100,1,7
2014-09-22,31.266,31.266,31.266,31.266,23000,2,1840
2014-09-23,31.266,31.266,27.35775,27.35775,136800,13,10521
2014-09-29,27.35775,27.35775,27.35775,27.35775,100,1,7
2014-10-03,31.266,31.266,31.266,31.266,100,1,8
2014-10-10,27.35775,27.35775,23.4495,23.4495,61000,8,3670
2014-10-13,23.4495,23.4495,19.54125,19.54125,327200,19,17928
2014-10-14,23.4495,23.4495,15.633,19.54125,43500,14,2175
2014-10-15,19.54125,19.54125,19.54125,19.54125,100,1,5
2014-10-16,19.54125,19.54125,19.54125,19.54125,61200,2,3060
2014-10-17,19.54125,19.54125,19.54125,19.54125,19000,7,950
2014-10-20,19.54125,19.54125,19.54125,19.54125,600,1,30
2014-10-21,19.54125,19.54125,19.54125,19.54125,8000,1,400
2014-10-24,15.633,19.54125,15.633,15.633,856700,33,34269
2014-10-27,15.633,15.633,15.633,15.633,30000,2,1200
2014-10-28,11.72475,15.633,11.72475,15.633,161300,17,6376
2014-10-29,15.633,15.633,15.633,15.633,50400,8,2016
2014-10-30,15.633,15.633,15.633,15.633,98100,7,3924
2014-10-31,15.633,15.633,15.633,15.633,100,1,4
2014-11-03,15.633,15.633,15.633,15.633,500,2,20
2014-11-06,15.633,15.633,15.633,15.633,100,1,4
2014-11-07,15.633,15.633,15.633,15.633,12500,3,500
2014-11-10,15.633,19.54125,15.633,15.633,76100,5,3045
2014-11-12,15.633,15.633,15.633,15.633,40300,4,1612
2014-11-14,15.633,15.633,11.72475,11.72475,28000,3,841
2014-11-17,11.72475,11.72475,11.72475,11.72475,46000,3,1380
2014-11-18,11.72475,11.72475,11.72475,11.72475,32600,3,978
2014-11-19,15.633,15.633,15.633,15.633,63000,12,2520
2014-11-25,15.633,15.633,15.633,15.633,1000,1,40
2014-11-26,15.633,15.633,15.633,15.633,74600,4,2984
2014-11-27,15.633,19.54125,15.633,19.54125,2700,7,118
2014-11-28,19.54125,19.54125,15.633,15.633,89000,10,3635
2014-12-01,19.54125,19.54125,19.54125,19.54125,1000,1,50
2014-12-02,19.54125,19.54125,19.54125,19.54125,1200,3,60
2014-12-04,15.633,15.633,15.633,15.633,80000,3,3200
2014-12-05,15.633,15.633,15.633,15.633,65900,5,2636
2014-12-08,15.633,15.633,15.633,15.633,600,1,24
2014-12-19,11.72475,19.54125,11.72475,19.54125,39100,6,1561
2014-12-22,15.633,15.633,15.633,15.633,31000,5,1240
2014-12-29,19.54125,19.54125,15.633,15.633,1100,2,45
2015-01-02,15.633,15.633,15.633,15.633,23600,1,944
2015-01-06,15.633,15.633,15.633,15.633,200,1,8
2015-01-07,15.633,19.54125,15.633,19.54125,15600,5,626
2015-01-09,15.633,15.633,15.633,15.633,10000,1,400
2015-01-14,15.633,15.633,15.633,15.633,100,1,4
2015-01-15,19.54125,19.54125,19.54125,19.54125,200,2,10
2015-01-20,15.633,15.633,15.633,15.633,60100,4,2404
2015-01-22,15.633,15.633,15.633,15.633,1000,1,40
2015-01-27,15.633,15.633,15.633,15.633,3700,1,148
2015-01-29,15.633,15.633,11.72475,15.633,96200,7,3844
2015-02-03,15.633,15.633,15.633,15.633,52500,3,2100
2015-02-11,15.633,15.633,15.633,15.633,10200,3,408
2015-02-12,15.633,15.633,15.633,15.633,100,1,4
2015-02-18,15.633,15.633,15.633,15.633,12000,1,480
2015-02-19,19.54125,19.54125,19.54125,19.54125,2100,2,105
2015-02-20,19.54125,19.54125,19.54125,19.54125,21000,4,1050
2015-02-23,15.633,15.633,15.633,15.633,28300,6,1132
2015-02-24,15.633,15.633,15.633,15.633,100,1,4
2015-02-26,15.633,15.633,15.633,15.633,100,1,4
2015-02-27,15.633,15.633,15.633,15.633,27700,4,1108
2015-03-02,15.633,15.633,15.633,15.633,3000,2,120
2015-03-03,15.633,15.633,15.633,15.633,130800,17,5232
2015-03-04,15.633,15.633,15.633,15.633,2500,3,100
2015-03-09,15.633,15.633,15.633,15.633,1000,10,40
2015-03-17,15.633,15.633,11.72475,15.633,20500,7,817
2015-03-18,15.633,15.633,15.633,15.633,100,1,4
2015-03-20,15.633,15.633,15.633,15.633,1000,1,40
2015-03-23,11.72475,15.633,11.72475,15.633,30200,5,908
2015-03-24,15.633,15.633,15.633,15.633,10000,3,400
2015-03-25,15.633,15.633,15.633,15.633,100,1,4
2015-03-27,11.72475,15.633,11.72475,15.633,4100,4,124
2015-04-10,11.72475,15.633,11.72475,11.72475,49100,11,1474
2015-04-15,11.72475,11.72475,11.72475,11.72475,100,1,3
2015-04-17,15.633,15.633,15.633,15.633,16000,3,640
2015-04-27,15.633,15.633,15.633,15.633,100,1,4
2015-05-06,15.633,15.633,15.633,15.633,200,1,8
2015-05-07,11.72475,15.633,11.72475,15.633,33400,4,1003
2015-05-08,15.633,15.633,15.633,15.633,800,2,32
2015-05-11,15.633,19.54125,15.633,15.633,200000,9,8041
2015-05-13,19.54125,19.54125,19.54125,19.54125,800,2,40
2015-05-14,15.633,15.633,15.633,15.633,1000,1,40
2015-05-15,15.633,15.633,15.633,15.633,32700,7,1308
2015-05-18,15.633,15.633,15.633,15.633,300,1,12
2015-05-19,19.54125,19.54125,15.633,15.633,1700,3,78
2015-05-20,15.633,15.633,15.633,15.633,2000,2,80
2015-05-21,15.633,15.633,15.633,15.633,2400,1,96
2015-05-27,15.633,15.633,15.633,15.633,400,1,16
2015-06-01,15.633,15.633,15.633,15.633,100,1,4
2015-06-02,15.633,15.633,15.633,15.633,30100,5,1204
2015-06-03,15.633,15.633,15.633,15.633,11800,1,472
2015-07-01,11.72475,11.72475,7.8165,7.8165,407000,15,11110
2015-07-02,7.8165,7.8165,7.8165,7.8165,255100,14,5102
2015-07-03,11.72475,11.72475,7.8165,11.72475,993000,25,26781
2015-07-06,11.72475,11.72475,11.72475,11.72475,156500,7,4695
2015-07-07,11.72475,11.72475,11.72475,11.72475,25500,3,765
2015-07-08,7.8165,11.72475,7.8165,7.8165,200200,3,4005
2015-07-10,7.8165,11.72475,7.8165,7.8165,205600,6,4126
2015-07-13,7.8165,11.72475,7.8165,7.8165,445100,14,9107
2015-07-14,11.72475,23.4495,7.8165,19.54125,3094400,101,122437
2015-07-15,19.54125,23.4495,15.633,15.633,1156400,53,52075
2015-07-16,15.633,15.633,11.72475,11.72475,47000,8,1877
2015-07-17,11.72475,15.633,11.72475,11.72475,48700,7,1464
2015-07-20,11.72475,11.72475,11.72475,11.72475,272700,10,8181
2015-07-21,11.72475,11.72475,11.72475,11.72475,33000,7,990
2015-07-22,11.72475,15.633,11.72475,11.72475,68000,5,2190
2015-07-23,15.633,15.633,11.72475,11.72475,51400,6,2055
2015-07-24,11.72475,15.633,11.72475,15.633,15100,2,454
2015-07-27,15.633,15.633,11.72475,11.72475,208000,9,6340
2015-07-28,15.633,15.633,11.72475,11.72475,50400,5,1515
2015-07-29,11.72475,11.72475,7.8165,11.72475,179000,18,5369
2015-07-30,11.72475,15.633,11.72475,11.72475,600,6,20
2015-07-31,11.72475,11.72475,7.8165,7.8165,127700,9,2672
2015-08-03,11.72475,11.72475,7.8165,7.8165,590000,10,12101
2015-08-04,11.72475,11.72475,7.8165,7.8165,100600,11,2467
2015-08-05,11.72475,11.72475,7.8165,11.72475,137500,11,3125
2015-08-06,11.72475,11.72475,7.8165,11.72475,131400,11,2942
2015-08-07,11.72475,11.72475,7.8165,7.8165,229700,15,4795
2015-08-10,7.8165,7.8165,5.52366,6.09687,1000,8,1191
2015-08-11,4.89834,4.89834,4.63779,4.63779,2500,9,2249
2015-08-12,4.01247,4.01247,4.01247,4.01247,1100,2,847
2015-08-13,3.1266,3.1266,2.65761,2.65761,3900,10,2079
2015-08-14,2.76183,2.76183,2.76183,2.76183,900,3,477
2015-08-17,3.23082,3.96036,2.86605,3.96036,17900,29,10860
2015-08-18,4.6899,4.6899,3.43926,3.49137,8000,21,5691
2015-08-19,3.33504,3.33504,3.33504,3.33504,100,1,64
2015-08-20,2.81394,2.91816,2.81394,2.91816,1600,5,874
2015-08-21,2.91816,2.91816,2.91816,2.91816,200,2,112
2015-08-25,2.91816,2.91816,2.91816,2.91816,900,5,504
2015-08-26,2.91816,3.33504,2.91816,3.33504,1200,5,704
2015-08-28,3.33504,3.33504,3.33504,3.33504,300,1,192
2015-08-31,3.1266,3.1266,3.1266,3.1266,100,1,60
2015-09-04,3.1266,3.1266,3.1266,3.1266,500,2,300
2015-09-11,2.91816,3.38715,2.91816,3.38715,1300,5,773
2015-09-14,4.22091,6.20109,4.22091,5.47155,8500,20,8505
2015-09-15,5.78421,6.35742,5.211,5.211,4000,14,4507
2015-09-16,5.211,5.211,5.211,5.211,800,2,800
2015-09-17,4.48146,5.41944,4.48146,5.41944,2700,7,2675
2015-09-18,6.51375,6.51375,5.78421,5.78421,1800,5,2143
2015-09-21,6.20109,6.2532,4.53357,4.53357,6800,14,7248
2015-09-22,5.26311,5.26311,5.26311,5.26311,200,1,202
2015-09-23,5.47155,5.47155,5.26311,5.26311,5500,7,5655
2015-09-24,5.36733,5.36733,5.26311,5.26311,2000,5,2040
2015-09-25,4.95045,4.95045,4.95045,4.95045,200,2,190
2015-10-01,5.41944,5.41944,5.41944,5.41944,1000,2,1040
2015-10-08,5.41944,5.41944,5.41944,5.41944,1600,3,1664
2015-10-14,5.05467,5.05467,5.05467,5.05467,500,2,485
2015-10-15,4.01247,5.05467,4.01247,5.05467,200,2,174
2015-10-16,5.211,5.88843,5.211,5.88843,2500,9,2643
2015-10-19,6.20109,7.50384,6.09687,7.50384,3200,13,4076
2015-10-20,7.71228,7.8165,7.50384,7.8165,4000,9,5873
2015-10-22,6.7743,7.2954,6.7743,7.2954,1300,7,1757
2015-10-23,7.66017,7.66017,7.66017,7.66017,1300,3,1911
2015-10-26,7.71228,9.64035,7.71228,9.64035,1600,6,2422
2015-10-27,8.8587,10.422,8.8587,10.422,1200,8,2363
2015-10-28,10.68255,10.73466,10.10934,10.10934,2200,8,4393
2015-10-29,8.70237,8.70237,8.70237,8.70237,800,5,1336
2015-10-30,8.44182,8.44182,7.55595,7.55595,2100,10,3140
2015-11-03,8.07705,9.32769,7.55595,8.80659,22400,31,37237
2015-11-04,9.22347,9.22347,9.22347,9.22347,100,1,177
2015-11-05,8.3376,8.54604,8.3376,8.54604,600,3,979
2015-11-11,8.70237,10.63044,8.70237,10.63044,3300,10,6416
2015-11-12,10.57833,10.83888,10.57833,10.83888,1200,6,2445
2015-11-13,9.9009,9.9009,9.9009,9.9009,100,1,190
2015-11-16,9.11925,9.11925,9.11925,9.11925,100,1,175
2015-11-17,8.59815,8.59815,8.59815,8.59815,100,1,165
2015-11-19,9.11925,10.63044,9.11925,10.63044,1600,9,3126
2015-11-23,10.63044,10.68255,10.63044,10.68255,400,3,818
2015-11-24,10.57833,10.57833,10.57833,10.57833,500,2,1015
2015-11-25,10.16145,10.16145,9.64035,9.64035,200,2,380
2015-12-02,9.32769,9.32769,9.32769,9.32769,100,1,179
2015-12-03,9.64035,9.64035,9.64035,9.64035,100,1,185
2015-12-07,8.70237,8.70237,8.70237,8.70237,200,1,334
2015-12-16,8.8587,8.8587,8.8587,8.8587,200,1,340
2015-12-17,8.8587,9.9009,8.3376,8.3376,3900,7,7180
2015-12-18,9.9009,10.422,9.9009,10.422,2100,9,4065
2015-12-21,10.00512,10.422,7.39962,7.39962,14400,24,27582
2015-12-22,7.50384,11.67264,7.50384,11.20365,13800,48,27658
2015-12-23,11.20365,11.67264,11.20365,11.4642,1500,9,3284
2015-12-28,11.62053,11.62053,11.56842,11.56842,2500,4,5571
2015-12-29,10.57833,12.97539,10.57833,12.92328,7100,14,15129
2015-12-30,13.0275,15.58089,12.81906,15.47667,5700,17,14381
2016-01-04,13.0275,13.0275,13.0275,13.0275,2700,4,6750
2016-01-05,13.07961,13.07961,13.07961,13.07961,1500,2,3765
2016-01-06,14.0697,14.0697,14.0697,14.0697,400,3,1080
2016-01-07,15.47667,15.47667,15.42456,15.47667,1700,9,5046
2016-01-08,15.47667,17.1963,10.47411,12.24585,16600,34,38726
2016-01-11,10.57833,10.57833,10.52622,10.52622,300,3,607
2016-01-13,13.0275,13.07961,13.0275,13.07961,200,2,501
2016-01-26,9.3798,9.3798,6.82641,6.98274,5900,22,8219
2016-01-27,7.13907,8.44182,7.08696,8.44182,3900,21,5724
2016-01-28,8.80659,8.80659,8.80659,8.80659,900,5,1521
2016-01-29,7.2954,7.8165,7.24329,7.8165,1800,5,2579
2016-02-02,7.8165,7.8165,7.55595,7.60806,2300,6,3403
2016-02-03,6.61797,7.2954,6.61797,7.2954,500,5,661
2016-02-04,7.03485,7.03485,7.03485,7.03485,300,1,405
2016-02-05,6.56586,6.56586,6.56586,6.56586,200,2,252
2016-02-11,7.2954,7.2954,7.2954,7.2954,600,2,840
2016-02-15,8.8587,8.8587,8.49393,8.49393,400,4,673
2016-02-16,8.70237,8.70237,8.70237,8.70237,400,2,668
2016-02-18,8.80659,8.80659,8.80659,8.80659,100,1,169
2016-02-19,9.06714,9.06714,9.06714,9.06714,100,1,174
2016-02-22,9.11925,9.11925,9.11925,9.11925,200,2,350
2016-03-01,7.2954,8.8587,7.2954,8.8587,4800,16,6922
2016-03-02,9.11925,9.11925,8.8587,9.11925,900,4,1550
2016-03-03,7.86861,8.23338,7.86861,8.23338,1100,7,1696
2016-03-04,8.3376,9.11925,8.3376,9.11925,1100,5,1790
2016-03-07,9.11925,9.11925,9.11925,9.11925,100,1,175
2016-03-08,9.96,9.96,7.8,7.8,3100,11,4550
2016-03-09,7.5,7.5,6.6,7.2,18900,39,21511
2016-03-10,7.26,7.26,6.96,7.2,3400,9,4077
2016-03-11,6.9,7.2,6.66,6.66,8000,13,9181
2016-03-16,6.06,6.54,6.06,6.54,3900,9,4003
2016-03-17,6.0,6.6,6.0,6.6,5000,9,5185
2016-03-18,6.9,7.44,6.9,7.44,900,9,1107
2016-03-21,7.98,7.98,6.72,6.72,5300,10,5957
2016-03-22,6.3,6.9,5.76,6.36,3000,10,3129
2016-03-23,6.78,6.78,6.6,6.72,1900,6,2109
2016-03-24,7.2,7.2,7.2,7.2,100,1,120
2016-03-29,7.5,7.5,7.5,7.5,100,1,125
2016-03-30,6.9,6.9,6.9,6.9,100,1,115
2016-03-31,6.42,6.54,6.42,6.54,2500,5,2687
2016-04-01,6.3,6.9,6.3,6.9,2200,6,2385
2016-04-04,6.42,6.42,6.42,6.42,400,1,428
2016-04-06,6.9,7.2,6.9,7.2,3400,9,4049
2016-04-11,8.04,9.78,7.92,9.78,3800,8,5131
2016-04-12,9.78,10.8,9.6,10.68,2300,6,3740
2016-04-13,12.84,12.84,10.68,10.68,300,3,577
2016-04-14,10.5,10.5,10.5,10.5,100,1,175
2016-04-15,10.38,10.38,10.38,10.38,100,1,173
2016-04-18,10.38,10.38,10.38,10.38,800,5,1384
2016-04-20,10.14,10.14,10.14,10.14,1200,3,2028
2016-04-22,12.0,13.38,12.0,12.24,5500,17,11270
2016-04-25,11.7,12.3,11.7,12.0,4300,10,8575
2016-04-26,12.96,12.96,11.4,11.4,1100,7,2134
2016-04-27,11.4,11.88,11.04,11.04,3500,10,6630
2016-04-29,9.66,9.66,9.66,9.66,100,1,161
2016-05-02,10.14,10.14,10.14,10.14,1000,1,1690
2016-05-03,10.5,10.5,10.5,10.5,500,2,875
2016-05-04,9.78,9.78,9.78,9.78,200,1,326
2016-05-06,9.3,9.3,9.3,9.3,1200,3,1860
2016-05-09,9.36,9.36,9.3,9.3,1500,3,2328
2016-05-10,9.3,9.3,9.3,9.3,300,1,465
2016-05-24,9.42,9.42,7.8,7.8,400,4,598
2016-05-27,7.8,7.8,7.8,7.8,400,1,520
2016-05-31,8.04,8.1,8.04,8.1,300,3,404
2016-06-01,8.1,8.1,8.1,8.1,400,1,540
2016-06-02,9.6,9.96,9.6,9.84,500,4,822
2016-06-06,7.92,7.98,7.92,7.98,300,3,397
2016-06-16,8.1,8.1,8.1,8.1,500,1,675
2016-06-17,8.4,8.4,7.92,7.92,200,2,272
2016-06-20,7.86,7.86,7.86,7.86,600,1,786
2016-06-22,7.62,7.62,7.62,7.62,200,2,254
2016-07-05,7.38,7.38,7.38,7.38,100,1,123
2016-07-06,7.44,7.5,7.44,7.5,800,6,998
2016-07-08,7.2,7.2,7.2,7.2,500,3,600
2016-07-11,7.2,7.2,6.9,6.9,500,2,580
2016-07-12,7.32,7.32,6.96,6.96,8000,12,9448
2016-07-13,7.5,8.1,7.32,7.5,5200,15,6571
2016-07-14,7.56,7.56,7.56,7.56,200,1,252
2016-07-15,7.26,15.06,7.26,15.0,29400,57,61251
2016-07-18,14.94,19.74,14.94,19.68,21300,44,61530
2016-07-19,19.74,26.4,15.6,20.46,21900,67,74611
2016-07-20,18.06,21.9,18.0,19.26,5800,16,18803
2016-07-21,19.5,21.54,19.5,21.54,3300,9,11013
2016-07-22,19.5,20.34,16.86,18.3,14700,34,43998
2016-07-25,18.6,21.12,18.6,21.0,3900,5,12212
2016-07-26,18.18,18.3,17.7,17.7,18800,39,57035
2016-07-27,17.76,17.76,17.46,17.58,1700,8,4985
2016-07-28,17.46,17.46,17.46,17.46,1800,6,5238
2016-07-29,17.16,17.16,16.32,16.32,800,6,2247
2016-08-01,14.1,14.4,12.84,14.4,9900,27,22772
2016-08-02,14.94,15.0,14.94,15.0,4500,4,11249
2016-08-03,15.66,19.2,15.66,19.2,8900,23,27013
2016-08-04,21.0,22.86,20.1,20.46,23400,54,83300
2016-08-05,19.98,19.98,18.0,18.6,10400,29,32673
2016-08-08,19.5,22.08,18.0,18.0,9600,25,30840
2016-08-09,17.7,17.7,16.92,16.98,500,5,1437
2016-08-11,16.2,19.8,16.2,19.8,5000,19,15526
2016-08-15,19.62,19.62,16.08,18.0,3500,10,10221
2016-08-16,18.66,19.8,18.06,18.06,2100,12,6806
2016-08-17,18.06,18.06,16.32,17.88,2900,15,8295
2016-08-18,19.08,19.08,19.08,19.08,100,1,318
2016-08-19,15.66,18.0,15.6,17.4,6000,19,16012
2016-08-22,17.34,18.6,16.26,16.74,4300,14,11913
2016-08-23,17.22,17.22,17.16,17.16,200,2,573
2016-08-24,17.22,17.22,16.32,16.5,500,5,1381
2016-08-25,15.78,16.02,15.78,16.02,400,3,1060
2016-08-29,15.72,15.72,15.48,15.48,400,2,1040
2016-08-30,15.6,15.6,15.0,15.0,1600,7,4068
2016-09-01,17.94,17.94,14.76,16.74,11200,45,29985
2016-09-02,17.4,17.4,15.24,15.6,1000,7,2786
2016-09-05,15.18,16.2,15.18,16.2,1600,8,4099
2016-09-06,15.54,16.14,15.54,16.14,1700,10,4444
2016-09-08,16.8,16.8,15.0,15.0,4000,18,10206
2016-09-09,16.14,16.14,14.88,14.88,6200,17,15511
2016-09-12,15.24,15.24,14.82,14.82,700,4,1744
2016-09-13,14.82,14.82,14.82,14.82,100,1,247
2016-09-15,15.6,16.2,15.36,15.36,4200,20,10935
2016-09-16,14.7,14.94,14.52,14.82,2400,8,5862
2016-09-20,14.4,14.4,14.4,14.4,1100,4,2640
2016-09-22,14.1,14.1,13.8,13.8,2200,6,5066
2016-09-23,14.4,14.4,14.4,14.4,1500,5,3600
2016-09-29,13.8,13.8,13.8,13.8,100,1,230
2016-09-30,14.4,15.0,14.4,15.0,200,2,490
2016-10-04,13.8,13.8,13.5,13.5,1200,4,2705
2016-10-05,14.4,14.94,14.4,14.94,600,4,1469
2016-10-06,14.4,14.46,13.56,14.34,1900,15,4428
2016-10-11,13.86,13.86,13.2,13.8,400,4,911
2016-10-13,13.26,14.4,13.2,13.74,900,5,2029
2016-10-14,14.4,14.4,14.4,14.4,100,1,240
2016-10-18,14.22,14.22,14.22,14.22,100,1,237
2016-10-24,13.98,14.1,13.2,13.68,2300,16,5195
2016-10-26,13.68,13.68,12.3,12.3,600,6,1299
2016-10-27,12.36,16.02,12.36,16.02,5600,11,13074
2016-10-28,15.0,15.0,15.0,15.0,100,1,250
2016-10-31,15.0,15.0,14.4,15.0,9900,17,24330
2016-11-01,14.4,14.7,14.4,14.7,7300,26,17677
2016-11-03,15.0,15.0,15.0,15.0,100,1,250
2016-11-09,14.7,14.7,14.7,14.7,1300,5,3185
2016-11-11,11.94,13.8,11.94,12.06,10500,26,21188
2016-11-14,11.52,12.54,11.52,12.54,200,2,401
2016-11-16,12.36,12.84,12.36,12.84,600,4,1244
2016-11-22,12.0,14.64,12.0,14.64,5900,24,12590
2016-11-23,14.64,14.64,12.6,12.9,3100,24,6755
2016-11-24,12.9,12.9,12.9,12.9,500,2,1075
2016-11-25,12.84,12.84,12.84,12.84,20000,1,42800
2016-12-01,11.58,12.12,11.04,11.34,5700,21,10860
2016-12-02,11.58,11.58,11.58,11.58,100,1,193
2016-12-06,11.22,11.22,11.22,11.22,100,1,187
2016-12-07,12.0,15.06,12.0,15.06,8000,25,17089
2016-12-08,15.48,15.9,13.2,13.68,12900,36,30869
2016-12-09,14.76,14.76,13.98,13.98,200,2,479
2016-12-13,12.9,13.08,12.06,12.36,14300,65,29633
2016-12-14,12.78,12.78,12.78,12.78,100,1,213
2016-12-15,12.78,13.56,11.58,11.64,6500,31,12864
2016-12-16,14.1,14.1,13.08,13.5,50200,75,112160
2016-12-19,13.92,13.92,13.14,13.14,300,3,681
2016-12-20,14.04,14.04,14.04,14.04,200,2,468
2016-12-21,13.74,13.74,13.74,13.74,100,1,229
2016-12-22,12.12,12.12,11.94,11.94,4300,13,8626
2016-12-23,12.54,13.74,12.54,13.14,3100,12,6687
2016-12-27,12.06,12.06,12.06,12.06,100,1,201
2016-12-28,12.06,13.02,11.46,11.46,5800,22,11218
2016-12-29,11.34,11.94,11.34,11.94,16400,11,31006
2017-01-03,11.94,11.94,11.64,11.64,300,3,587
2017-01-04,11.88,12.3,11.64,11.88,1000,6,1963
2017-01-05,11.94,11.94,11.64,11.64,1800,3,3542
2017-01-06,11.64,11.64,11.64,11.64,200,1,388
2017-01-12,10.86,11.4,10.86,11.4,1800,7,3336
2017-01-13,11.4,11.4,11.22,11.4,400,4,755
2017-01-16,12.0,12.0,12.0,12.0,100,1,200
2017-01-17,11.1,11.88,10.92,11.82,2400,20,4565
2017-01-18,11.82,11.88,10.8,11.7,1100,9,2092
2017-01-19,11.82,14.1,11.52,14.1,34100,78,72647
2017-01-20,15.3,15.6,13.62,13.62,14700,31,36746
2017-01-23,13.62,13.62,11.4,12.06,16200,29,31076
2017-01-24,12.96,12.96,12.3,12.42,4100,12,8549
2017-01-26,13.62,13.62,12.48,12.48,4500,11,9686
2017-01-27,12.48,13.5,12.48,13.5,300,2,641
2017-02-02,12.18,13.44,12.18,13.44,1900,16,4024
2017-02-03,13.38,13.38,13.38,13.38,100,1,223
2017-02-10,11.46,11.46,11.46,11.46,4600,5,8786
2017-02-13,11.46,11.46,11.46,11.46,1000,5,1910
2017-02-14,12.0,12.0,11.7,11.7,4800,18,9478
2017-02-15,12.0,13.14,11.7,12.12,46500,80,93336
2017-02-16,12.24,12.24,12.24,12.24,600,1,1224
2017-02-17,11.52,12.0,11.52,11.52,5000,12,9621
2017-02-20,12.3,12.3,11.64,11.7,4300,12,8461
2017-02-21,11.88,11.88,11.4,11.4,1900,8,3650
2017-02-22,11.7,11.88,11.52,11.52,4200,11,8085
2017-02-23,11.46,11.7,11.4,11.7,1500,4,2863
2017-03-02,11.4,11.4,11.4,11.4,100,1,190
2017-03-03,11.4,11.7,11.4,11.7,200,2,385
2017-03-07,11.4,11.4,11.4,11.4,100,1,190
2017-03-08,11.34,11.34,11.34,11.34,400,1,756
2017-03-10,10.32,10.8,10.32,10.74,2800,13,4837
2017-03-13,10.26,10.74,10.26,10.74,200,2,350
2017-03-14,11.7,11.76,11.4,11.4,2400,6,4571
2017-03-15,10.2,11.34,10.2,11.34,1500,5,2569
2017-03-27,10.92,10.92,9.6,10.62,4600,8,7847
2017-03-28,10.62,10.68,10.62,10.68,600,5,1063
2017-04-04,10.62,11.82,10.62,11.34,3400,7,6205
2017-04-05,11.34,11.7,11.1,11.1,11500,15,22023
2017-04-06,11.64,11.64,11.64,11.64,200,2,388
2017-04-07,11.4,11.4,11.4,11.4,100,1,190
2017-04-10,11.64,11.64,11.64,11.64,100,1,194
2017-04-11,10.56,11.34,10.56,11.34,200,2,365
2017-04-13,9.0,11.04,9.0,11.04,5500,17,8830
2017-04-17,9.36,9.6,9.36,9.54,600,6,943
2017-04-18,10.68,10.68,9.6,9.6,200,2,338
2017-04-19,10.62,10.68,10.62,10.68,200,2,355
2017-04-20,10.5,10.5,10.5,10.5,500,2,875
2017-05-02,9.06,9.9,9.06,9.9,1200,9,1916
2017-05-03,9.36,9.36,9.36,9.36,2400,4,3744
2017-05-04,9.84,10.2,9.6,9.6,1900,8,3095
2017-05-05,9.66,10.8,9.66,10.8,3300,26,5621
2017-05-08,10.74,10.74,10.74,10.74,100,1,179
2017-05-09,10.38,10.68,10.38,10.68,5100,5,9038
2017-05-10,10.62,10.62,10.62,10.62,100,1,177
2017-05-11,9.96,10.44,9.96,10.44,200,2,340
2017-05-12,9.9,9.9,9.9,9.9,700,1,1155
2017-05-15,9.96,10.62,9.96,10.62,600,2,1007
2017-05-17,10.44,10.44,9.96,9.96,1800,7,3043
2017-05-18,9.72,9.9,9.72,9.9,1300,4,2109
2017-05-23,9.18,9.84,9.18,9.42,2500,9,3924
2017-05-24,9.9,9.9,9.9,9.9,100,1,165
2017-05-25,9.9,11.4,9.9,10.8,45600,96,82373
2017-05-26,10.98,12.9,10.98,12.0,139400,263,276083
2017-05-29,11.82,11.82,10.86,11.16,106200,223,195685
2017-05-30,11.64,11.64,10.2,10.2,6300,12,10928
2017-05-31,10.98,10.98,10.8,10.92,7500,22,13553
2017-06-01,10.86,10.92,10.86,10.92,700,6,1270
2017-06-02,11.16,11.16,11.1,11.1,7100,3,13136
2017-06-05,11.1,11.1,9.72,10.56,23300,39,40136
2017-06-06,11.16,11.16,11.16,11.16,100,1,186
2017-06-07,11.04,11.04,10.56,10.56,5200,11,9190
2017-06-08,10.2,10.74,10.02,10.02,7800,15,13300
2017-06-09,9.96,10.44,9.9,9.9,5100,12,8470
2017-06-12,10.86,11.1,9.66,9.66,52700,78,88794
2017-06-13,10.14,10.14,9.66,9.9,1000,5,1622
2017-06-14,10.38,10.38,9.9,10.2,1600,6,2682
2017-06-16,10.2,10.5,10.2,10.32,32700,86,55643
2017-06-19,10.44,10.5,10.2,10.2,1000,10,1741
2017-06-20,10.44,10.44,10.2,10.2,1900,5,3249
2017-06-21,10.38,10.38,10.2,10.2,200,2,343
2017-06-23,10.14,10.14,9.3,9.48,11800,14,18493
2017-06-26,9.84,10.5,9.84,10.32,16600,22,28120
2017-06-27,10.2,10.2,10.2,10.2,2100,4,3570
2017-06-28,10.26,10.8,10.26,10.8,19700,20,33928
2017-06-29,10.26,11.16,10.26,10.56,29300,59,51094
2017-06-30,10.38,10.62,9.36,10.14,20100,33,32691
2017-07-03,9.96,10.38,9.9,10.2,30600,45,50994
2017-07-04,10.14,10.44,10.08,10.32,1700,11,2893
2017-07-05,9.84,10.14,9.6,9.6,8100,13,13348
2017-07-06,9.9,10.2,9.72,10.02,10400,28,17011
2017-07-07,10.2,10.2,9.72,10.08,300,3,500
2017-07-10,10.08,10.26,10.02,10.02,400,4,675
2017-07-11,9.78,10.02,9.66,9.96,20200,20,32834
2017-07-12,9.96,9.96,9.54,9.84,8100,19,13050
2017-07-13,9.72,9.84,9.48,9.48,800,4,1286
2017-07-14,9.78,9.78,9.54,9.54,400,2,640
2017-07-17,9.9,9.9,9.48,9.6,3600,11,5770
2017-07-18,9.6,9.6,9.48,9.6,2900,8,4591
2017-07-19,9.6,9.9,9.6,9.9,10100,6,16172
2017-07-20,9.9,9.9,9.9,9.9,2500,21,4125
2017-07-21,9.6,9.6,9.6,9.6,1100,3,1760
2017-07-24,9.84,10.68,9.84,10.2,13100,21,22293
2017-07-25,10.62,10.62,9.6,9.9,14700,23,23660
2017-07-26,9.96,9.96,9.54,9.54,27500,21,43897
2017-07-27,9.66,9.72,9.48,9.48,8300,14,13218
2017-07-28,9.72,9.72,9.42,9.66,6500,11,10383
2017-07-31,9.66,9.72,9.66,9.72,2800,5,4510
2017-08-01,9.66,9.66,9.42,9.42,3400,21,5373
2017-08-02,9.6,9.66,9.42,9.54,600,6,955
2017-08-03,9.66,9.78,9.48,9.78,28400,65,45735
2017-08-04,10.2,10.44,9.66,9.66,6800,11,11083
2017-08-07,10.02,10.44,9.54,9.54,60800,78,99465
2017-08-08,9.72,10.02,9.48,9.78,25900,54,41360
2017-08-09,9.78,10.02,9.78,9.96,500,5,825
2017-08-10,9.96,9.96,9.48,9.6,4600,16,7323
2017-08-11,9.96,9.96,9.78,9.78,1700,11,2809
2017-08-14,9.78,9.9,9.72,9.9,1800,11,2952
2017-08-15,9.66,9.9,9.54,9.54,4900,18,7853
2017-08-16,9.78,9.78,9.54,9.66,15300,5,24339
2017-08-17,9.72,9.78,9.42,9.72,7000,19,11217
2017-08-18,9.48,9.78,9.48,9.78,8600,14,13676
2017-08-21,9.78,9.78,9.78,9.78,100,1,163
2017-08-22,9.78,10.02,9.12,9.24,39000,56,61675
2017-08-23,9.48,9.54,9.24,9.24,800,8,1258
2017-08-24,9.54,9.6,9.12,9.42,4200,22,6530
2017-08-25,9.42,9.42,9.42,9.42,100,1,157
2017-08-28,9.54,9.6,9.12,9.48,1700,11,2651
2017-08-29,9.54,9.78,9.36,9.36,4400,9,7004
2017-08-30,9.78,9.78,9.3,9.6,4100,11,6402
2017-08-31,9.6,9.66,9.36,9.36,1300,10,2054
2017-09-01,9.66,9.66,9.6,9.6,400,3,641
2017-09-04,9.78,9.78,9.72,9.72,2600,4,4213
2017-09-05,9.72,9.78,9.72,9.78,200,2,325
2017-09-06,9.0,9.6,9.0,9.6,24500,82,37496
2017-09-08,9.66,9.66,9.42,9.42,12000,2,18844
2017-09-11,9.72,9.72,9.72,9.72,100,1,162
2017-09-13,9.36,9.66,9.36,9.66,4900,7,7656
2017-09-15,9.6,9.6,9.48,9.48,2500,4,3953
2017-09-18,9.6,9.6,9.6,9.6,100,1,160
2017-09-19,9.6,9.6,9.54,9.54,1100,5,1751
2017-09-20,9.6,9.6,9.6,9.6,100,1,160
2017-09-21,9.6,9.6,9.6,9.6,100,1,160
2017-09-27,9.12,9.42,9.12,9.42,300,2,461
2017-09-28,9.0,9.6,9.0,9.6,3500,18,5301
2017-09-29,9.3,9.3,9.3,9.3,1100,3,1705
2017-10-03,9.24,9.24,9.18,9.24,4400,6,6754
2017-10-04,9.18,9.18,9.18,9.18,500,1,765
2017-10-05,9.06,9.42,9.0,9.36,1200,8,1822
2017-10-06,9.0,9.3,9.0,9.3,5200,3,7815
2017-10-09,9.6,9.6,9.42,9.42,200,2,317
2017-10-10,9.0,9.6,8.94,9.6,700,6,1078
2017-10-11,9.3,9.3,9.3,9.3,100,1,155
2017-10-13,8.94,9.3,8.94,9.18,19000,15,28363
2017-10-16,9.3,9.3,9.12,9.24,900,5,1383
2017-10-19,9.3,9.3,8.94,9.3,700,7,1064
2017-10-20,8.94,8.94,8.94,8.94,100,1,149
2017-10-23,8.94,9.3,8.94,9.18,600,6,914
2017-10-24,9.18,9.3,9.18,9.3,400,2,614
2017-10-25,11.61,11.61,10.53,10.59,1700,15,6201
2017-10-26,11.49,11.49,11.49,11.49,200,1,766
2017-10-27,11.4,11.4,11.25,11.37,300,3,1134
2017-10-31,9.6,10.65,9.6,10.62,1200,11,4046
2017-11-01,10.35,11.22,10.35,10.65,1100,7,4006
2017-11-03,11.16,11.16,11.16,11.16,100,1,372
2017-11-07,11.01,11.01,11.01,11.01,600,1,2202
2017-11-22,8.7,10.65,8.7,10.65,1000,7,3287
2017-11-23,10.8,10.83,10.8,10.83,200,2,721
2017-11-24,9.99,9.99,9.0,9.0,2200,7,6725
2017-11-27,9.6,9.6,9.0,9.33,6000,21,18463
2017-11-28,9.3,9.3,8.64,8.85,11000,9,32164
2017-11-29,9.15,9.15,9.0,9.0,1400,4,4252
2017-12-14,8.85,8.85,8.85,8.85,100,1,295
2017-12-18,8.88,8.88,8.88,8.88,200,1,592
2017-12-22,8.67,8.67,8.67,8.67,100,1,289
2018-01-11,8.4,8.64,8.4,8.64,6900,29,19433
2018-01-12,8.64,8.64,8.4,8.4,1000,3,2840
2018-01-24,7.56,8.34,7.5,8.34,1400,13,3696
2018-01-26,8.24,8.25,7.7,8.06,3800,8,31113
2018-01-29,8.23,8.28,8.11,8.11,2400,10,19746
2018-01-30,8.5,8.5,7.95,7.95,1400,7,11365
2018-01-31,7.9,8.05,7.8,7.98,2300,11,18099
2018-02-01,7.9,7.9,7.5,7.87,1000,4,7844
2018-02-05,7.36,7.72,7.2,7.68,1500,12,11228
2018-02-19,6.36,7.55,6.36,7.55,200,2,1391
2018-02-22,7.36,7.38,7.0,7.24,500,5,3634
2018-03-05,6.84,7.04,6.8,6.8,600,4,4131
2018-03-06,6.15,6.6,6.15,6.6,1500,7,9270
2018-03-12,6.4,6.4,5.8,6.39,1500,9,9163
2018-03-13,6.5,8.0,6.48,7.7,9200,33,66689
2018-03-14,7.75,9.9,7.75,8.4,6700,23,54632
2018-03-15,7.96,8.3,7.96,8.3,200,2,1626
2018-03-16,7.25,7.86,7.1,7.1,1000,10,7363
2018-03-19,6.62,6.62,6.4,6.4,300,3,1963
2018-03-20,6.55,6.55,6.4,6.4,800,5,5156
2018-03-22,6.51,6.51,6.5,6.5,300,2,1951
2018-03-28,6.0,6.0,5.75,5.75,500,3,2900
2018-03-29,5.3,5.7,5.3,5.4,1300,4,7050
2018-04-03,5.4,6.0,5.4,6.0,1200,5,6599
2018-04-05,5.31,5.56,5.0,5.21,13800,69,70408
2018-04-06,5.48,5.48,5.01,5.2,900,6,4589
2018-04-10,5.3,5.3,5.3,5.3,300,3,1590
2018-04-12,4.6,5.0,4.52,4.99,12300,39,59318
2018-04-13,5.0,5.0,4.67,4.8,2600,13,12363
2018-04-16,4.56,4.94,4.5,4.94,4200,6,19089
2018-04-17,4.94,4.94,4.94,4.94,100,1,494
2018-04-24,4.37,4.75,4.37,4.75,3500,32,15888
2018-04-25,4.48,4.75,4.48,4.75,400,2,1819
2018-04-26,4.7,4.7,4.7,4.7,100,1,470
2018-04-27,4.7,4.7,4.7,4.7,100,1,470
2018-05-03,4.75,5.67,4.52,4.52,11300,53,58272
2018-05-04,4.66,5.0,4.39,4.39,1400,10,6489
2018-05-07,4.39,4.39,4.39,4.39,100,1,439
2018-05-08,4.39,4.4,4.38,4.4,1400,3,6155
2018-05-10,4.4,4.4,3.84,4.3,1200,3,5214
2018-05-11,3.88,3.88,3.88,3.88,1600,8,6208
2018-05-14,3.88,3.88,3.88,3.88,300,1,1164
2018-05-15,3.96,3.96,3.4,3.4,900,6,3314
2018-05-17,3.36,3.36,3.32,3.32,2500,6,8380
2018-05-23,3.5,3.5,2.99,2.99,1600,2,5549
2018-05-24,2.52,3.0,2.52,3.0,200,2,552
2018-05-25,3.0,3.0,3.0,3.0,2900,3,8700
2018-05-30,3.2,3.81,3.0,3.47,14800,49,51235
2018-06-01,3.51,3.51,3.0,3.5,2000,12,6272
2018-06-04,3.08,3.23,3.01,3.01,3700,25,11546
2018-06-05,3.3,3.3,3.3,3.3,500,3,1650
2018-06-06,3.3,3.3,3.3,3.3,1500,1,4950
2018-06-08,2.65,2.65,2.65,2.65,1900,4,5035
2018-06-11,2.6,2.6,2.6,2.6,1900,8,4940
2018-06-15,2.21,2.21,2.09,2.1,800,7,1723
2018-06-18,2.03,2.04,2.03,2.03,1500,5,3046
2018-06-19,2.02,2.02,2.01,2.01,700,4,1409
2018-06-21,2.17,2.94,2.17,2.94,1500,12,3687
2018-06-22,2.95,3.32,2.95,3.29,8000,23,24729
2018-06-25,3.35,5.8,3.35,5.59,8400,32,37404
2018-06-26,5.7,5.7,4.54,4.69,20100,40,99255
2018-06-28,4.7,4.75,4.7,4.75,2000,4,9410
2018-06-29,4.75,4.75,4.75,4.75,100,1,475
2018-07-02,4.5,4.5,4.5,4.5,400,1,1800
2018-07-03,4.49,4.49,4.49,4.49,1000,1,4490
2018-07-04,4.19,4.19,4.19,4.19,1200,2,5028
2018-07-11,3.41,3.97,3.4,3.45,3300,19,11857
2018-07-12,3.45,3.5,3.42,3.47,6900,25,23840
2018-07-17,3.59,3.6,3.41,3.41,2800,12,9831
2018-07-18,3.46,3.46,3.41,3.46,500,5,1725
2018-07-19,3.36,3.36,3.35,3.35,1200,3,4030
2018-07-20,2.95,3.35,2.95,3.35,900,6,2734
2018-07-24,3.35,3.8,3.35,3.75,15900,39,55631
2018-07-26,3.73,3.73,3.73,3.73,200,2,746
2018-07-30,3.72,3.72,3.5,3.5,1700,8,6067
2018-08-02,3.6,3.75,3.6,3.75,600,3,2235
2018-08-03,3.75,3.75,3.43,3.43,2000,7,7468
2018-08-06,3.6,3.6,3.6,3.6,100,1,360
2018-08-07,4.04,4.04,3.99,3.99,2100,3,8394
2018-08-08,3.99,3.99,3.99,3.99,100,1,399
2018-08-22,3.7,3.85,3.65,3.78,2400,14,8926
2018-08-23,3.79,3.79,3.78,3.78,200,2,757
2018-08-24,3.89,3.89,3.89,3.89,600,2,2334
2018-08-27,3.7,3.7,3.7,3.7,1000,1,3700
2018-08-28,3.98,3.99,3.6,3.7,14100,20,51391
2018-08-29,3.51,3.69,3.51,3.69,200,2,720
2018-08-30,3.69,3.98,3.69,3.98,300,3,1162
2018-08-31,3.79,3.79,3.6,3.77,5200,12,18976
2018-09-03,3.85,3.85,3.85,3.85,100,1,385
2018-09-05,3.5,3.85,3.28,3.28,38200,52,134904
2018-09-06,3.84,3.84,3.45,3.45,1200,6,4209
2018-09-10,3.5,3.5,3.4,3.4,1800,6,6132
2018-09-11,3.4,3.4,3.4,3.4,100,1,340
2018-09-12,3.3,3.3,3.3,3.3,100,1,330
2018-09-13,2.81,3.07,2.81,2.92,25400,102,73931
2018-09-14,3.03,3.73,2.92,2.92,20300,39,68576
2018-09-17,3.28,3.28,3.12,3.2,6700,7,20928
2018-09-18,3.1,3.26,3.1,3.24,600,5,1890
2018-09-19,3.28,3.28,3.2,3.2,600,6,1950
2018-09-21,3.1,3.27,3.07,3.07,2300,8,7129
2018-09-24,3.44,3.44,3.2,3.3,4200,10,13956
2018-09-25,3.4,3.4,3.38,3.38,300,3,1017
2018-09-26,3.38,3.38,3.38,3.38,100,1,338
2018-10-02,3.19,3.19,3.06,3.08,2000,16,6241
2018-10-03,3.08,3.08,3.08,3.08,700,3,2156
2018-10-04,3.05,3.05,3.05,3.05,200,2,610
2018-10-08,3.1,3.1,3.1,3.1,500,3,1550
2018-10-09,3.18,3.2,3.01,3.01,800,7,2513
2018-10-10,3.01,3.01,3.01,3.01,2300,4,6923
2018-10-11,3.01,3.19,3.01,3.19,1800,7,5616
2018-10-15,3.01,3.01,3.0,3.0,10700,8,32105
2018-10-16,3.05,3.1,3.05,3.05,7200,15,21980
2018-10-17,3.04,3.05,3.02,3.02,600,3,1822
2018-10-18,3.0,3.0,3.0,3.0,500,1,1500
2018-10-22,3.39,3.39,3.04,3.07,2000,12,6336
2018-10-23,3.0,3.1,3.0,3.1,300,2,920
2018-10-24,3.0,3.1,3.0,3.1,3500,3,10510
2018-10-26,3.39,3.73,3.08,3.4,35500,80,122718
2018-10-29,3.42,3.9,2.89,3.0,10200,44,32741
2018-10-30,3.0,3.0,3.0,3.0,200,2,600
2018-10-31,3.05,3.15,2.89,2.89,2800,11,8346
2018-11-01,3.0,3.07,2.81,2.83,23300,29,65893
2018-11-05,3.0,3.04,3.0,3.0,900,6,2710
2018-11-06,2.96,3.0,2.95,3.0,20300,46,59919
2018-11-07,3.09,3.09,2.9,2.95,500,5,1485
2018-11-08,2.86,2.98,2.86,2.98,2100,2,6018
2018-11-09,2.85,2.85,2.85,2.85,900,6,2565
2018-11-12,2.91,2.98,2.87,2.98,11800,21,34021
2018-11-13,2.96,3.06,2.87,2.98,2000,8,5819
2018-11-14,2.86,2.98,2.86,2.98,1900,11,5521
2018-11-16,2.9,2.99,2.81,2.95,900,7,2574
2018-11-19,2.95,2.95,2.94,2.94,200,2,589
2018-11-23,1.85,2.12,1.8,1.98,34200,104,67468
2018-11-26,2.2,3.7,2.04,3.36,96300,243,259711
2018-11-27,4.3,6.0,4.25,5.4,282400,766,1423021
2018-11-28,4.9,5.2,4.3,4.64,124100,333,594553
2018-11-29,4.7,5.0,4.08,4.31,86900,275,397603
2018-11-30,4.67,4.67,3.6,3.9,54200,130,208139
2018-12-03,4.22,4.22,3.55,3.73,19800,73,75479
2018-12-04,3.73,3.8,3.44,3.54,10100,37,36128
2018-12-05,3.64,3.64,3.55,3.62,1500,5,5439
2018-12-06,3.63,3.75,3.5,3.65,3700,15,13311
2018-12-07,3.71,3.71,3.48,3.48,1100,5,3880
2018-12-10,3.64,3.64,3.6,3.6,1000,3,3604
2018-12-11,3.6,3.6,3.45,3.57,1800,11,6350
2018-12-12,3.54,3.55,2.8,3.05,20200,88,60995
2018-12-13,3.04,3.05,2.65,2.65,19000,62,54470
2018-12-14,2.65,2.94,2.65,2.79,6000,33,17143
2018-12-17,3.1,3.1,2.75,2.86,1300,11,3755
2018-12-18,2.85,2.85,2.85,2.85,400,4,1140
2018-12-19,2.86,2.86,2.6,2.76,4700,29,12775
2018-12-20,2.7,2.7,2.65,2.65,4400,5,11667
2018-12-21,2.94,2.99,2.61,2.71,5600,22,15557
2018-12-26,2.52,2.7,2.52,2.7,2000,12,5087
2018-12-27,2.71,2.77,2.12,2.5,8500,33,20860
2018-12-28,2.49,2.78,2.49,2.78,1100,7,2917
2019-01-02,2.7,2.7,2.5,2.68,2600,10,6935
2019-01-03,2.67,2.7,2.6,2.65,7600,21,20420
2019-01-04,2.65,2.65,2.5,2.5,2700,6,6850
2019-01-07,2.9,2.94,2.54,2.65,16200,59,45111
2019-01-08,2.8,2.8,2.6,2.68,6300,21,16716
2019-01-09,2.69,2.69,2.51,2.64,35500,57,91874
2019-01-10,2.72,2.72,2.58,2.69,8100,24,21696
2019-01-11,2.69,2.75,2.61,2.73,2700,12,7242
2019-01-14,2.7,2.7,2.55,2.69,12000,22,31272
2019-01-15,2.68,2.69,2.51,2.65,2200,13,5675
2019-01-16,2.68,2.68,2.6,2.65,1200,10,3150
2019-01-17,2.68,2.85,2.62,2.7,10100,53,27195
2019-01-18,2.73,2.74,2.65,2.65,500,5,1346
2019-01-21,2.73,2.73,2.6,2.64,4700,17,12343
2019-01-22,2.69,2.75,2.5,2.5,7200,30,19049
2019-01-23,2.75,2.75,2.6,2.68,5400,18,14426
2019-01-24,2.6,2.7,2.6,2.62,5800,16,15115
2019-01-28,2.63,2.63,2.55,2.55,600,2,1538
2019-01-29,2.6,2.6,2.49,2.5,16100,17,40243
2019-01-30,2.63,2.64,2.63,2.64,200,2,527
2019-01-31,2.61,2.62,2.5,2.61,26500,25,68227
2019-02-01,2.63,2.63,2.5,2.6,2200,11,5574
2019-02-04,2.7,2.7,2.5,2.6,3300,8,8363
2019-02-06,2.55,2.55,2.45,2.5,4300,6,10682
2019-02-07,2.64,2.64,2.39,2.45,4300,15,10517
2019-02-08,2.45,2.55,2.2,2.55,2400,17,5722
2019-02-11,2.55,2.55,2.34,2.49,1100,8,2668
2019-02-12,2.35,2.51,2.25,2.45,3900,23,9101
2019-02-13,2.59,2.64,2.36,2.41,23500,81,56475
2019-02-14,2.53,2.53,2.38,2.4,17900,10,42900
2019-02-15,2.49,2.5,2.3,2.39,19800,47,47470
2019-02-18,2.43,2.44,2.25,2.35,42700,99,98297
2019-02-19,2.44,2.44,2.24,2.41,24600,78,57152
2019-02-20,2.42,2.42,2.3,2.3,3900,17,9151
2019-02-21,2.35,2.39,2.25,2.33,13500,23,31469
2019-02-22,2.35,2.35,2.3,2.3,1100,10,2559
2019-02-25,2.39,2.39,2.2,2.31,2100,14,4763
2019-02-26,2.26,2.35,2.18,2.32,24000,36,53143
2019-02-27,2.35,2.35,2.25,2.34,500,5,1144
2019-03-12,2.16,2.3,2.14,2.16,38700,121,83967
2019-03-13,2.24,2.24,2.12,2.15,12400,32,26977
2019-03-14,2.24,2.25,2.15,2.2,1500,9,3297
2019-03-15,2.1,2.19,2.1,2.19,200,2,429
2019-03-18,2.0,2.42,2.0,2.24,20300,65,44768
2019-03-19,2.31,2.7,2.3,2.45,161600,420,409287
2019-03-20,2.45,2.54,2.3,2.39,18800,56,44809
2019-03-21,2.41,2.41,2.24,2.4,3400,14,8024
2019-03-22,2.4,2.41,2.2,2.34,2000,12,4564
2019-03-25,2.3,2.3,2.12,2.18,6100,28,13495
2019-03-26,2.3,2.45,2.3,2.33,15800,69,37481
2019-03-27,2.4,2.4,2.2,2.38,5900,20,13477
2019-03-28,2.3,2.37,2.2,2.3,19600,37,43670
2019-03-29,2.34,2.34,2.25,2.3,2600,12,5910
2019-04-01,2.3,2.3,2.2,2.3,1600,12,3639
2019-04-02,2.3,2.34,2.3,2.3,500,5,1154
2019-04-03,2.29,2.32,2.26,2.29,7400,15,16950
2019-04-04,2.3,2.3,2.2,2.29,800,6,1802
2019-04-08,2.25,2.25,2.16,2.24,3500,10,7634
2019-04-09,2.1,2.13,1.98,2.07,120400,205,243910
2019-04-10,2.25,2.25,2.02,2.09,11600,24,24204
2019-04-11,2.04,2.17,2.01,2.06,8400,20,17204
2019-04-12,2.01,2.04,1.99,2.0,2000,11,3997
2019-04-15,2.0,2.05,1.98,2.05,1700,9,3435
2019-04-16,2.05,2.05,1.81,2.05,7400,30,14274
2019-04-17,2.04,2.05,2.04,2.05,1700,3,3484
2019-04-22,2.05,2.05,1.96,2.04,600,4,1193
2019-04-23,1.9,2.05,1.9,2.03,5600,13,11213
2019-04-24,1.9,2.01,1.75,2.0,2300,10,4282
2019-04-25,1.95,2.03,1.9,2.02,800,8,1550
2019-04-26,2.0,2.03,1.9,2.03,7200,13,13823
2019-04-29,1.85,1.9,1.79,1.84,79300,270,145087
2019-04-30,1.9,1.9,1.67,1.72,63900,182,111487
2019-05-02,1.75,1.76,1.65,1.68,17300,54,29058
2019-05-03,1.67,1.77,1.63,1.68,37800,87,63683
2019-05-06,1.73,1.73,1.56,1.59,40400,127,64063
2019-05-07,1.6,1.63,1.52,1.6,14800,39,23555
2019-05-08,1.59,1.6,1.5,1.5,23300,57,35356
2019-05-09,1.58,1.58,1.48,1.54,3400,28,5262
2019-05-10,1.54,1.54,1.43,1.43,3700,8,5394
2019-05-13,1.59,1.59,1.35,1.45,57700,79,81774
2019-05-14,1.55,1.59,1.43,1.43,17500,48,26518
2019-05-15,1.48,1.48,1.31,1.4,14200,74,19795
2019-05-16,1.48,1.48,1.37,1.37,7500,36,10406
2019-05-17,1.4,1.4,1.26,1.33,2700,14,3663
2019-05-20,1.49,1.49,1.36,1.42,1600,12,2252
2019-05-21,1.38,1.42,1.38,1.4,13400,16,18780
2019-05-22,1.4,1.42,1.4,1.42,8300,16,11634
2019-05-23,1.46,1.46,1.39,1.41,1000,8,1431
2019-05-24,1.41,1.47,1.36,1.43,6700,33,9510
2019-05-27,1.47,1.55,1.4,1.47,66500,138,98038
2019-05-28,1.48,1.48,1.33,1.4,14100,56,19219
2019-05-29,1.47,1.47,1.33,1.33,8800,32,12100
2019-05-30,1.46,1.46,1.37,1.4,102300,203,144530
2019-05-31,1.46,1.48,1.4,1.4,3200,9,4600
2019-06-03,1.45,1.47,1.31,1.4,4100,17,5687
2019-06-04,1.4,1.45,1.39,1.4,4800,16,6726
2019-06-05,1.43,1.43,1.39,1.4,3000,10,4178
2019-06-06,1.4,1.42,1.33,1.33,9400,15,12796
2019-06-07,1.43,1.43,1.33,1.4,38100,25,52995
2019-06-10,1.43,1.43,1.39,1.42,900,9,1269
2019-06-11,1.4,1.4,1.35,1.39,4600,9,6353
2019-06-12,1.4,1.4,1.35,1.35,12700,27,17343
2019-06-13,1.4,1.4,1.34,1.35,19400,14,26188
2019-06-14,1.33,1.37,1.33,1.37,16900,22,22636
2019-06-18,1.36,1.38,1.3,1.32,26000,47,34158
2019-06-19,1.36,1.36,1.3,1.31,1300,5,1706
2019-06-21,1.31,1.32,1.29,1.32,3600,31,4677
2019-06-24,1.34,1.34,1.3,1.3,4700,11,6126
2019-06-25,1.36,1.36,1.33,1.34,900,5,1207
2019-06-26,1.35,1.37,1.34,1.36,4100,22,5540
2019-06-27,1.34,1.35,1.29,1.33,1500,8,1965
2019-06-28,1.3,1.35,1.27,1.34,7200,26,9371
2019-07-01,1.35,1.35,1.25,1.34,600,6,794
2019-07-02,1.3,1.34,1.3,1.33,14000,22,18368
2019-07-03,1.35,1.35,1.29,1.35,1900,10,2530
2019-07-04,1.36,1.49,1.31,1.39,88600,210,123260
2019-07-05,1.39,1.43,1.36,1.39,28800,56,40195
2019-07-08,1.39,1.47,1.35,1.42,71300,135,99082
2019-07-10,1.43,1.63,1.42,1.55,78100,114,116910
2019-07-11,1.6,1.7,1.55,1.64,73600,160,119744
2019-07-12,1.74,1.94,1.7,1.76,121500,325,217838
2019-07-15,1.87,1.9,1.7,1.71,67500,190,122275
2019-07-16,1.84,1.85,1.55,1.67,23300,63,39236
2019-07-17,1.67,1.67,1.46,1.53,137300,181,208149
2019-07-18,1.54,1.54,1.41,1.44,53600,117,78458
2019-07-19,1.46,1.46,1.41,1.44,49600,114,71137
2019-07-22,1.43,1.44,1.4,1.42,11800,31,16656
2019-07-23,1.43,1.44,1.4,1.41,14400,35,20199
2019-07-24,1.41,1.41,1.39,1.4,1900,9,2657
2019-07-25,1.43,1.43,1.37,1.4,2300,9,3171
2019-07-26,1.4,1.41,1.36,1.37,8500,26,11757
2019-07-29,1.43,1.43,1.38,1.38,10500,47,14723
2019-07-30,1.4,1.44,1.37,1.4,33500,109,47427
2019-07-31,1.43,1.43,1.36,1.37,21700,70,30226
2019-08-01,1.42,1.47,1.4,1.43,35500,112,50787
2019-08-02,1.43,1.44,1.41,1.43,2800,16,3997
2019-08-05,1.43,1.43,1.35,1.39,11200,22,15562
2019-08-06,1.36,1.39,1.35,1.39,8400,19,11463
2019-08-07,1.39,1.39,1.35,1.38,1800,10,2454
2019-08-08,1.4,1.4,1.35,1.4,10300,32,14179
2019-08-09,1.4,1.4,1.37,1.38,5000,18,6901
2019-08-12,1.4,1.41,1.37,1.4,11500,38,16053
2019-08-13,1.4,1.47,1.4,1.42,43900,68,62425
2019-08-14,1.43,1.52,1.42,1.42,6400,27,9245
2019-08-15,1.5,1.5,1.37,1.41,5900,12,8353
2019-08-16,1.45,1.45,1.28,1.36,23000,42,30794
2019-08-19,1.47,1.47,1.35,1.38,4200,13,5911
2019-08-20,1.39,1.39,1.3,1.36,1400,10,1911
2019-08-21,1.39,1.42,1.39,1.42,400,3,559
2019-08-22,1.3,1.39,1.3,1.38,17700,44,23511
2019-08-23,1.3,1.37,1.29,1.36,8000,30,10508
2019-08-26,1.32,1.36,1.27,1.36,2100,4,2707
2019-08-27,1.36,1.39,1.3,1.34,3200,13,4288
2019-08-28,1.34,1.34,1.3,1.33,4200,12,5590
2019-08-29,1.38,1.4,1.31,1.39,12200,27,16713
2019-08-30,1.4,1.4,1.33,1.39,7500,23,10382
2019-09-02,1.4,1.4,1.33,1.38,2100,14,2868
2019-09-03,1.39,1.54,1.39,1.48,156000,176,229592
2019-09-04,1.54,1.58,1.34,1.4,70400,126,100942
2019-09-05,1.4,1.53,1.4,1.4,35500,76,51844
2019-09-06,1.44,1.45,1.34,1.44,75400,40,103768
2019-09-09,1.49,1.49,1.36,1.41,17300,36,24268
2019-09-10,1.44,1.47,1.3,1.37,102600,72,137691
2019-09-11,1.4,1.4,1.34,1.36,36800,36,49920
2019-09-12,1.4,1.43,1.31,1.39,24700,45,34164
2019-09-13,1.43,1.43,1.32,1.38,44500,54,60044
2019-09-16,1.39,1.39,1.34,1.36,1800,10,2437
2019-09-17,1.38,1.38,1.32,1.37,10200,27,13654
2019-09-18,1.37,1.38,1.35,1.38,14400,22,19712
2019-09-19,1.34,1.38,1.3,1.37,45600,39,60121
2019-09-20,1.38,1.38,1.34,1.35,33100,48,44911
2019-09-23,1.39,1.39,1.34,1.36,17900,47,24430
2019-09-24,1.35,1.38,1.35,1.36,2200,12,2990
2019-09-25,1.36,1.36,1.34,1.34,2400,8,3223
2019-09-26,1.34,1.35,1.31,1.33,42600,42,56241
2019-09-27,1.36,1.36,1.35,1.35,2100,8,2836
2019-09-30,1.35,1.35,1.31,1.34,12700,16,16786
2019-10-01,1.34,1.36,1.32,1.36,4400,12,5918
2019-10-02,1.33,1.34,1.31,1.32,5000,14,6586
2019-10-03,1.31,1.31,1.25,1.3,7900,16,10165
2019-10-04,1.33,1.36,1.3,1.32,16000,40,21223
2019-10-07,1.35,1.37,1.29,1.33,18800,29,24956
2019-10-08,1.3,1.34,1.3,1.3,1200,8,1585
2019-10-09,1.31,1.31,1.31,1.31,100,1,131
2019-10-10,1.31,1.33,1.27,1.27,600,5,777
2019-10-11,1.28,1.3,1.18,1.25,21500,36,26716
2019-10-14,1.32,1.32,1.22,1.28,6300,23,7905
2019-10-15,1.3,1.3,1.26,1.29,7300,17,9356
2019-10-16,1.3,1.37,1.26,1.3,13000,44,17043
2019-10-17,1.3,1.3,1.27,1.3,7500,13,9640
2019-10-18,1.31,1.31,1.26,1.28,9400,14,11946
2019-10-21,1.3,1.35,1.26,1.31,19700,61,25913
2019-10-22,1.32,1.32,1.28,1.32,6500,19,8360
2019-10-23,1.35,1.35,1.28,1.32,19100,23,24998
2019-10-24,1.34,1.34,1.28,1.28,13800,18,18028
2019-10-25,1.31,1.31,1.29,1.29,700,6,914
2019-10-28,1.23,1.3,1.23,1.27,9800,10,12310
2019-10-29,1.3,1.3,1.27,1.28,1000,9,1282
2019-10-30,1.29,1.32,1.28,1.3,6800,28,8853
2019-10-31,1.32,1.32,1.25,1.31,14100,11,17821
2019-11-01,1.32,1.32,1.3,1.3,2200,7,2872
2019-11-04,1.3,1.32,1.24,1.32,9800,34,12651
2019-11-05,1.32,1.32,1.26,1.32,12500,21,16245
2019-11-06,1.31,1.33,1.27,1.32,2000,7,2586
2019-11-07,1.32,1.34,1.31,1.32,10300,26,13632
2019-11-08,1.33,1.36,1.28,1.35,27500,59,36686
2019-11-11,1.37,1.37,1.31,1.36,1300,4,1719
2019-11-12,1.36,1.36,1.3,1.33,1100,4,1477
2019-11-13,1.31,1.34,1.3,1.31,1500,9,1976
2019-11-14,1.34,1.34,1.25,1.31,11400,13,14426
2019-11-18,1.3,1.32,1.3,1.32,900,2,1176
2019-11-19,1.3,1.3,1.24,1.25,8800,6,11035
2019-11-21,1.26,1.37,1.25,1.34,34300,54,44940
2019-11-22,1.38,1.38,1.27,1.36,6900,37,9222
2019-11-25,1.37,1.38,1.24,1.33,15500,27,19781
2019-11-26,1.34,1.35,1.25,1.3,3300,13,4323
2019-11-27,1.3,1.35,1.28,1.3,10400,23,13505
2019-11-28,1.33,1.33,1.3,1.33,14300,23,18850
2019-11-29,1.32,1.32,1.25,1.3,14600,21,18389
2019-12-02,1.3,1.31,1.27,1.28,4500,10,5819
2019-12-03,1.28,1.31,1.26,1.28,9700,28,12428
2019-12-04,1.29,1.29,1.26,1.29,16000,28,20361
2019-12-05,1.32,1.32,1.27,1.3,9800,19,12672
2019-12-06,1.31,1.34,1.29,1.32,32800,61,42900
2019-12-09,1.32,1.34,1.28,1.33,8800,27,11512
2019-12-10,1.34,1.35,1.32,1.35,11100,33,14857
2019-12-11,1.34,1.34,1.32,1.32,3500,14,4648
2019-12-12,1.33,1.35,1.29,1.35,8100,26,10777
2019-12-13,1.34,1.47,1.34,1.46,126100,176,177887
2019-12-16,1.48,1.62,1.48,1.56,80400,180,123904
2019-12-17,1.69,1.7,1.58,1.64,57500,106,94291
2019-12-18,1.66,1.7,1.55,1.6,125600,178,208022
2019-12-19,1.65,1.66,1.45,1.49,51900,138,80293
2019-12-20,1.6,1.95,1.5,1.8,290500,442,488536
2019-12-23,2.0,2.05,1.63,1.71,337700,455,639207
2019-12-26,1.79,1.88,1.73,1.77,222500,300,399822
2019-12-27,1.83,1.83,1.72,1.75,35100,133,61793
2019-12-30,1.79,1.8,1.65,1.76,137200,185,235153
2020-01-02,1.76,1.87,1.75,1.75,291700,311,523154
2020-01-03,1.76,1.82,1.76,1.79,69700,152,124286
2020-01-06,1.83,2.0,1.76,1.91,412800,394,776288
2020-01-07,2.03,2.19,1.97,2.15,436500,639,914754
2020-01-08,2.3,2.35,2.21,2.23,356800,614,813123
2020-01-09,2.32,2.38,2.09,2.18,182600,392,413936
2020-01-10,2.18,2.31,2.02,2.18,150800,337,332235
2020-01-13,2.26,2.4,2.24,2.29,101400,227,232400
2020-01-14,2.35,2.8,2.3,2.7,432900,711,1091224
2020-01-15,2.81,3.98,2.81,3.83,1029000,1878,3582988
2020-01-16,4.54,5.55,3.9,4.94,1414300,2805,6893617
2020-01-17,5.14,5.5,4.45,4.7,649000,1552,3181613
2020-01-20,4.94,4.95,4.2,4.22,419800,928,1839907
2020-01-21,4.0,4.01,3.39,3.82,501900,867,1821256
2020-01-22,3.8,4.17,3.6,3.86,233700,524,893296
2020-01-23,3.86,3.89,3.69,3.74,94200,210,354305
2020-01-24,3.76,3.8,3.53,3.56,78900,234,284955
2020-01-27,3.35,3.5,3.21,3.29,91700,245,306574
2020-01-28,3.4,3.4,2.82,3.04,302400,466,900437
2020-01-29,3.04,3.07,2.75,2.99,177200,388,513596
2020-01-30,2.89,2.98,2.72,2.91,48200,169,135754
2020-01-31,2.9,3.34,2.8,3.0,182600,342,571671
2020-02-03,3.0,3.14,2.8,2.91,192300,398,575073
2020-02-04,3.02,3.07,2.92,2.98,71800,168,214276
2020-02-05,3.02,3.1,2.9,3.08,133400,264,403465
2020-02-06,3.1,3.1,2.9,2.9,78500,141,233327
2020-02-07,2.86,3.08,2.86,2.95,118600,133,353693
2020-02-10,2.82,2.9,2.62,2.69,160500,356,433200
2020-02-11,2.73,2.9,2.62,2.7,123800,262,340003
2020-02-12,2.73,2.78,2.63,2.73,48800,112,133576
2020-02-13,2.79,3.25,2.76,3.1,589200,846,1823520
2020-02-14,3.14,3.18,2.92,2.92,153300,321,466030
2020-02-17,3.05,3.05,2.75,2.8,117600,262,333508
2020-02-18,2.79,3.0,2.72,2.84,118800,218,343167
2020-02-19,2.9,2.9,2.75,2.75,96500,186,271235
2020-02-20,2.85,2.85,2.76,2.78,19100,69,53556
2020-02-21,2.78,2.82,2.7,2.79,99000,152,272936
2020-02-26,2.69,2.7,2.55,2.6,42200,135,110429
2020-02-27,2.58,2.6,2.5,2.5,52000,157,131388
2020-02-28,2.51,2.58,2.26,2.3,29400,125,68888
2020-03-02,2.6,2.6,2.49,2.51,40000,129,100375
2020-03-03,2.52,2.6,2.44,2.55,46600,118,118748
2020-03-04,2.6,2.6,2.4,2.45,37600,88,91669
2020-03-05,2.56,2.56,2.2,2.28,12300,53,28989
2020-03-06,2.36,2.36,1.95,2.2,40300,111,84885
2020-03-09,1.9,2.07,1.73,1.88,30700,95,58967
2020-03-10,2.25,2.25,2.08,2.1,23500,48,50882
2020-03-11,2.25,2.25,1.93,2.0,20800,60,41635
2020-03-12,1.8,1.98,1.4,1.65,27500,84,44340
2020-03-13,2.0,2.0,1.52,1.75,32600,77,57270
2020-03-16,1.75,1.75,1.5,1.55,25500,65,39722
2020-03-17,1.66,1.66,1.4,1.54,11800,48,17806
2020-03-18,1.4,1.42,1.19,1.27,28500,94,36925
2020-03-19,1.13,1.3,1.02,1.2,36700,151,43682
2020-03-20,1.66,1.66,1.25,1.25,21200,69,30408
2020-03-23,1.48,1.48,1.1,1.2,25300,69,31621
2020-03-24,1.3,1.4,1.27,1.32,11800,45,15593
2020-03-25,1.39,1.39,1.22,1.36,29100,95,39858
2020-03-26,1.4,1.48,1.31,1.39,45400,154,63848
2020-03-27,1.4,1.5,1.36,1.39,8300,43,11647
2020-03-30,1.5,1.5,1.29,1.38,20000,72,28164
2020-03-31,1.44,1.44,1.31,1.32,19200,56,25856
2020-04-01,1.4,1.4,1.14,1.32,9700,57,12551
2020-04-02,1.38,1.38,1.25,1.32,8600,34,11126
2020-04-03,1.37,1.37,1.15,1.33,8000,24,10495
2020-04-06,1.39,1.39,1.3,1.32,21300,48,28056
2020-04-07,1.36,1.42,1.35,1.35,13200,46,18162
2020-04-08,1.42,1.42,1.32,1.39,12500,41,17088
2020-04-09,1.4,1.55,1.4,1.44,23800,100,34960
2020-04-13,1.54,1.59,1.4,1.59,35200,135,53002
2020-04-14,1.58,1.93,1.58,1.84,56800,220,99864
2020-04-15,1.84,1.85,1.69,1.8,40600,108,72078
2020-04-16,1.97,1.99,1.79,1.92,55000,207,105473
2020-04-17,1.99,2.25,1.88,1.95,97900,327,201888
2020-04-20,2.08,2.2,1.92,2.08,109500,308,227838
2020-04-22,2.15,2.15,2.05,2.11,63400,161,133404
2020-04-23,2.17,2.17,2.05,2.12,89700,184,190635
2020-04-24,2.19,2.19,1.87,2.09,53600,113,105009
2020-04-27,2.19,2.19,2.0,2.06,29800,86,60850
2020-04-28,2.13,2.15,1.95,2.04,45200,107,92221
2020-04-29,2.09,2.1,1.93,1.96,38500,100,76303
2020-04-30,2.0,2.0,1.9,1.92,20400,67,39093
2020-05-04,1.92,1.94,1.83,1.85,9400,37,17448
2020-05-05,1.86,1.95,1.81,1.83,4500,24,8377
2020-05-06,1.94,1.94,1.75,1.79,17500,44,31162
2020-05-07,1.76,1.8,1.68,1.71,33800,64,57751
2020-05-08,1.78,1.89,1.71,1.78,18600,33,32399
2020-05-11,1.79,2.05,1.78,1.92,150600,303,294754
2020-05-12,2.03,2.03,1.76,1.82,99300,197,180416
2020-05-13,1.84,1.9,1.7,1.78,15100,76,26739
2020-05-14,1.75,1.78,1.6,1.75,21500,73,35868
2020-05-15,1.7,1.78,1.67,1.73,8200,30,13940
2020-05-18,1.78,1.79,1.69,1.75,10100,37,17542
2020-05-19,1.8,1.82,1.7,1.8,19200,86,33892
2020-05-20,1.79,1.8,1.7,1.76,10400,37,18160
2020-05-21,1.8,1.9,1.7,1.79,25200,79,44641
2020-05-22,1.8,1.8,1.7,1.74,6300,16,10820
2020-05-25,1.74,1.93,1.74,1.89,35800,103,64781
2020-05-26,1.92,1.93,1.78,1.79,9800,29,17825
2020-05-27,1.79,1.88,1.74,1.86,31700,75,56988
2020-05-28,1.77,1.81,1.77,1.78,32500,46,57934
2020-05-29,1.8,1.8,1.76,1.77,12100,24,21402
2020-06-01,1.8,1.82,1.75,1.75,34700,76,61830
2020-06-02,1.81,1.81,1.75,1.76,33300,68,59220
2020-06-03,1.8,1.89,1.76,1.84,64200,103,116950
2020-06-04,1.79,1.98,1.77,1.89,107100,246,201565
2020-06-05,1.9,1.98,1.88,1.94,56000,112,107518
2020-06-08,1.94,2.1,1.9,2.08,74100,163,147928
2020-06-09,2.05,2.35,2.0,2.22,120300,201,263551
2020-06-10,2.35,2.5,2.01,2.16,110100,232,241191
2020-06-12,2.0,2.15,1.81,2.1,64000,135,130065
2020-06-15,2.03,2.05,1.92,2.03,27400,71,54765
2020-06-16,2.18,2.18,2.0,2.03,20800,55,42809
2020-06-17,1.97,2.38,1.97,2.17,103200,183,225341
2020-06-18,2.17,2.2,2.1,2.11,66900,117,142272
2020-06-19,2.12,2.17,2.02,2.07,33500,77,69871
2020-06-22,1.99,2.11,1.99,2.08,55600,105,115232
2020-06-23,2.12,2.16,2.01,2.04,28900,73,60783
2020-06-24,2.08,2.19,2.03,2.19,69200,117,144591
2020-06-25,2.2,2.26,2.03,2.15,73700,135,159359
2020-06-26,2.24,2.45,2.2,2.26,116000,222,264936
2020-06-29,2.31,2.5,2.31,2.48,143700,263,351666
2020-06-30,2.48,2.54,2.3,2.4,115200,178,281075
2020-07-01,2.48,2.67,2.46,2.56,203300,333,519863
2020-07-02,2.7,2.7,2.3,2.31,160700,301,400454
2020-07-03,2.35,2.5,2.34,2.37,65800,171,158229
2020-07-06,2.42,2.48,2.35,2.4,46800,110,112390
2020-07-07,2.41,2.41,2.31,2.39,35600,81,83906
2020-07-08,2.43,2.43,2.36,2.4,29100,77,69438
2020-07-09,2.4,2.44,2.36,2.39,29300,75,70504
2020-07-10,2.42,2.5,2.31,2.42,59900,132,145175
2020-07-13,2.39,2.48,2.32,2.4,39300,87,94862
2020-07-14,2.45,2.45,2.25,2.38,42600,85,99400
2020-07-15,2.47,2.5,2.38,2.44,87400,144,214311
2020-07-16,2.42,2.5,2.34,2.34,78400,116,186829
2020-07-17,2.34,2.41,2.27,2.31,61600,121,143261
2020-07-20,2.33,2.4,2.31,2.39,73100,135,173864
2020-07-21,2.4,2.4,2.37,2.38,139900,180,333504
2020-07-22,2.39,2.9,2.39,2.62,448200,1043,1192748
2020-07-23,2.63,2.8,2.5,2.57,97500,280,261257
2020-07-24,2.62,2.69,2.36,2.49,96000,239,236338
2020-07-27,2.68,2.68,2.44,2.5,42200,142,105262
2020-07-28,2.55,2.55,2.4,2.45,28100,93,68886
2020-07-29,2.52,2.52,2.35,2.45,21400,94,51747
2020-07-30,2.45,2.51,2.37,2.4,12100,56,29099
2020-07-31,2.36,2.44,2.2,2.33,47800,98,111298
2020-08-03,2.4,2.45,2.25,2.3,11100,38,25520
2020-08-04,2.31,2.31,2.13,2.27,34700,88,76677
2020-08-05,2.2,2.29,2.19,2.24,63400,90,141646
2020-08-06,2.2,2.25,2.15,2.2,46200,90,100832
2020-08-07,2.23,2.23,2.11,2.16,28200,67,60744
2020-08-10,2.2,2.2,2.02,2.11,22400,63,47176
2020-08-11,2.11,2.15,2.06,2.12,28200,57,59260
2020-08-12,2.14,2.19,2.07,2.16,15700,40,33500
2020-08-13,2.18,2.19,2.1,2.1,9600,32,20383
2020-08-14,2.08,2.13,2.03,2.11,6800,26,14026
2020-08-17,2.05,2.1,1.86,2.03,10400,37,21137
2020-08-18,2.09,2.1,2.0,2.09,12200,34,25087
2020-08-19,2.09,2.09,2.0,2.05,11800,45,23865
2020-08-20,2.0,2.05,1.99,2.03,4300,25,8656
2020-08-21,2.04,2.1,2.0,2.05,20600,40,41688
2020-08-24,2.05,2.08,1.99,2.04,11700,37,23791
2020-08-25,2.03,2.07,2.03,2.06,10000,34,20475
2020-08-26,2.01,2.07,1.98,2.02,13800,58,27865
2020-08-27,2.0,2.05,1.96,2.05,52200,76,104725
2020-08-28,2.02,2.05,1.95,2.05,30600,51,61744
2020-08-31,2.05,2.05,1.95,2.02,4600,26,9218
2020-09-01,2.03,2.07,2.0,2.06,31700,68,64458
2020-09-02,2.09,2.09,2.0,2.07,9600,30,19556
2020-09-03,2.07,2.08,2.0,2.04,18500,53,37510
2020-09-04,1.93,2.06,1.93,2.0,2700,18,5381
2020-09-08,2.07,2.07,1.99,2.0,700,7,1417
2020-09-09,1.92,1.99,1.92,1.96,1200,12,2358
2020-09-10,1.97,2.28,1.91,2.06,167300,273,351390
2020-09-11,2.06,2.19,1.95,2.01,68500,116,140429
2020-09-14,2.0,2.18,1.96,2.03,237600,131,496391
2020-09-15,2.1,2.25,2.02,2.09,401800,300,857792
2020-09-16,2.1,2.14,2.0,2.03,58700,83,119027
2020-09-17,2.05,2.1,1.96,2.05,49800,73,101720
2020-09-18,1.96,2.09,1.96,2.0,22600,54,45097
2020-09-21,1.92,2.01,1.92,1.93,11800,35,22892
2020-09-22,1.91,2.0,1.85,2.0,19400,40,37711
2020-09-23,1.96,2.13,1.91,2.07,89000,147,183462
2020-09-24,2.07,2.15,2.01,2.08,44200,88,91711
2020-09-25,2.08,2.11,2.01,2.08,42400,56,87590
2020-09-28,2.13,2.13,1.97,1.98,31200,41,63040
2020-09-29,2.07,2.07,1.97,2.0,13900,34,27791
2020-09-30,2.05,2.05,1.96,2.02,8400,18,16823
2020-10-01,2.02,2.03,1.94,2.02,14500,35,28763
2020-10-02,2.0,2.02,1.96,1.97,9800,31,19344
2020-10-05,1.94,1.96,1.9,1.93,8000,24,15423
2020-10-06,2.0,2.05,1.93,1.93,17800,70,35156
2020-10-07,2.07,2.07,1.95,1.96,19200,44,38447
2020-10-08,2.02,2.06,1.97,2.02,33100,104,66852
2020-10-09,2.02,2.14,2.01,2.08,63200,90,130438
2020-10-13,2.11,2.14,1.99,2.11,35700,86,74380
2020-10-14,2.05,2.39,2.04,2.37,183200,314,412963
2020-10-15,2.44,3.4,2.4,3.3,632300,1036,1801789
2020-10-16,3.25,3.3,2.71,2.83,455500,942,1342448
2020-10-19,3.0,3.2,2.77,2.83,260400,478,761419
2020-10-20,2.83,2.97,2.65,2.88,299500,447,847602
2020-10-21,2.88,2.89,2.51,2.55,195800,386,532370
2020-10-22,2.5,2.69,2.33,2.51,172200,273,436030
2020-10-23,2.57,2.57,2.35,2.49,90500,179,221844
2020-10-26,2.42,2.46,2.21,2.41,63300,129,149336
2020-10-27,2.46,2.57,2.33,2.52,218900,315,543392
2020-10-28,2.57,2.77,2.48,2.73,327300,632,853831
2020-10-29,2.75,2.9,2.75,2.8,544400,883,1533251
2020-10-30,2.82,2.95,2.82,2.92,196400,286,569615
2020-11-03,2.95,3.0,2.93,2.99,217000,378,646316
2020-11-04,3.05,3.17,2.8,3.03,197700,425,598312
2020-11-05,3.0,3.09,2.97,3.05,176900,320,534503
2020-11-06,3.14,3.15,3.01,3.1,220900,272,687894
2020-11-09,3.16,3.3,3.1,3.21,216900,314,697424
2020-11-10,3.2,3.25,3.04,3.16,166800,156,528628
2020-11-11,3.16,3.2,3.05,3.15,89800,82,283863
2020-11-12,3.14,3.25,3.06,3.11,11600,53,36122
2020-11-13,3.2,3.24,3.1,3.2,113600,147,361291
2020-11-16,3.26,3.3,3.21,3.27,161500,351,525163
2020-11-17,3.3,3.8,3.29,3.79,449900,869,1603649
2020-11-18,3.78,5.0,3.78,4.08,957200,1899,4088465
2020-11-19,3.94,4.49,3.85,4.3,599100,1349,2486905
2020-11-20,4.31,4.6,4.21,4.22,391900,1052,1737932
2020-11-23,4.3,4.52,4.25,4.41,324000,1009,1429180
2020-11-24,4.56,4.95,4.52,4.66,454700,1473,2148522
2020-11-25,4.8,5.25,4.71,5.17,797300,1793,4036944
2020-11-26,5.4,5.93,5.4,5.93,586400,1143,3387130
2020-11-27,6.0,6.6,5.96,6.17,617000,1526,3889422
2020-11-30,6.32,6.9,6.32,6.9,454400,1109,3040976
2020-12-01,7.07,11.02,7.07,11.02,1006800,1991,7932190
2020-12-02,12.5,15.79,11.3,13.44,1689000,6354,22787318
2020-12-03,13.9,14.09,8.73,9.95,1256500,4286,13226709
2020-12-04,10.0,10.9,9.01,9.36,817700,2887,8256265
2020-12-07,9.7,9.8,7.98,9.0,1237100,4715,10881909
2020-12-08,9.2,10.08,8.3,9.29,1866300,6814,17874360
2020-12-09,9.57,9.95,9.02,9.15,695800,2770,6572200
2020-12-10,9.32,9.48,8.56,8.85,853000,2551,7613920
2020-12-11,8.87,9.36,8.69,9.24,823600,2332,7492945
2020-12-14,9.26,9.37,8.71,8.9,597100,1588,5440306
2020-12-15,8.95,9.05,8.01,8.14,371300,1214,3192334
2020-12-16,8.3,8.38,7.53,8.16,290200,908,2341751
2020-12-17,8.02,8.4,8.02,8.33,594200,1631,4911936
2020-12-18,8.33,8.64,8.33,8.58,480000,1196,4065715
2020-12-21,8.57,8.78,8.57,8.7,481700,1199,4183678
2020-12-22,8.71,8.98,8.7,8.92,367700,941,3254110
2020-12-23,8.93,9.34,8.93,9.34,603700,1386,5549656
2020-12-28,9.34,9.64,9.34,9.57,461300,1110,4391508
2020-12-29,9.66,10.1,9.66,10.1,653800,1550,6460249
2020-12-30,10.1,10.9,10.07,10.4,908700,2597,9471191
2021-01-04,10.6,10.62,9.65,10.15,2002400,4934,20453691
2021-01-05,10.19,11.48,10.16,11.32,1803900,4539,19381427
2021-01-06,11.3,11.67,10.74,10.78,2690100,7574,30437942
2021-01-07,11.03,11.43,9.93,10.3,2388000,6397,25673780
2021-01-08,10.6,10.74,9.2,9.72,2236800,5441,22035338
2021-01-11,9.87,9.89,8.66,8.81,1075800,3601,9873841
2021-01-12,9.04,9.6,8.94,9.59,798800,2166,7375535
2021-01-13,9.71,10.09,9.65,9.98,676100,1755,6655971
2021-01-14,10.01,10.4,9.16,10.4,2159200,8124,21389890
2021-01-15,10.41,10.67,9.19,9.19,2151600,8112,21233103
2021-01-18,9.31,9.48,8.87,8.98,1204000,4179,11010384
2021-01-19,9.08,9.21,7.72,8.0,1186500,3912,10022269
2021-01-20,7.96,9.09,7.96,9.09,1247300,3558,10747381
2021-01-21,8.98,9.27,8.26,8.74,1723200,6566,15096306
2021-01-22,8.7,8.91,7.85,7.91,1831600,5368,14966143
2021-01-26,8.0,8.28,7.32,7.37,1748100,5149,13563258
2021-01-27,7.36,7.59,7.06,7.36,976000,2693,7125786
2021-01-28,7.38,9.1,7.38,8.85,2764600,8344,23972337
2021-01-29,8.93,9.2,7.83,7.97,1897600,4901,16064331
2021-02-01,8.21,8.4,7.93,8.13,1480500,3434,12118156
2021-02-02,8.21,8.45,7.96,8.15,1315900,3351,10851479
2021-02-03,8.21,8.62,8.11,8.6,1583000,3309,13284237
2021-02-04,8.69,9.02,8.66,8.77,775900,2352,6872511
2021-02-05,8.87,9.47,8.71,9.4,1715000,3818,15761877
2021-02-08,9.42,9.57,8.48,8.97,1219000,3498,11113773
2021-02-09,8.97,9.21,8.88,9.14,733200,2052,6668892
2021-02-10,9.17,9.3,8.82,9.11,751200,2336,6834498
2021-02-11,9.17,9.32,9.07,9.21,560400,1245,5163230
2021-02-12,9.25,9.75,9.25,9.63,917300,2503,8750733
2021-02-17,9.75,9.77,8.83,8.93,1389000,3374,12823550
2021-02-18,9.05,9.22,8.22,8.44,1688900,3938,14532059
2021-02-19,8.55,8.75,8.12,8.74,1304500,3064,10986969
2021-02-22,8.63,9.38,8.57,9.19,2339000,6871,21093328
2021-02-23,9.27,9.87,9.17,9.34,3581700,9298,34070136
2021-02-24,9.37,9.66,9.06,9.36,2117300,4199,19904479
2021-02-25,9.42,9.59,8.95,9.3,1067500,2893,9947219
2021-02-26,9.37,9.67,9.36,9.5,939800,2994,8918273
2021-03-01,9.57,9.83,9.06,9.3,1100900,3542,10424368
2021-03-02,9.44,9.7,9.23,9.59,1347200,4096,12766982
2021-03-03,9.71,10.67,9.7,10.67,1365000,4042,13856103
2021-03-04,10.77,10.91,8.79,8.95,3193400,9465,30694029
2021-03-05,9.15,9.19,8.54,8.9,1347800,3320,11979415
2021-03-08,8.87,8.9,8.12,8.32,1245300,3726,10680832
2021-03-09,8.38,8.58,7.5,7.78,1810900,5149,14458202
2021-03-10,7.8,7.99,7.54,7.95,1651700,3038,12810924
2021-03-11,7.95,8.29,7.75,8.22,1406400,4164,11400433
2021-03-12,8.21,8.3,7.71,7.97,1534000,4018,12166132
2021-03-15,8.01,8.1,7.67,7.9,1497400,3270,11788574
2021-03-16,7.91,8.0,7.81,7.95,659600,1922,5226471
2021-03-17,7.95,8.13,7.56,8.12,2218300,4698,17267250
2021-03-18,8.12,8.18,7.8,7.97,1327900,3416,10609481
2021-03-19,7.97,8.34,7.73,8.29,1824800,3449,14565256
2021-03-22,8.29,8.57,8.13,8.25,1678300,4440,13938789
2021-03-23,8.27,8.41,7.91,7.93,1506700,4668,12249327
2021-03-24,7.95,8.19,7.89,7.98,1310300,2440,10486322
2021-03-25,7.98,8.06,7.86,7.95,982000,2399,7801343
2021-03-26,7.97,8.1,7.8,8.02,1425400,3465,11350432
2021-03-29,8.04,8.17,7.79,8.0,2786300,4149,22081201
2021-03-30,7.99,8.06,7.82,7.94,1569000,3566,12450431
2021-03-31,7.95,8.15,7.9,8.0,1255100,2713,10073631
2021-04-01,8.02,8.08,7.84,7.94,1015300,2361,8068669
2021-04-05,8.0,8.4,7.99,8.08,1320300,3118,10785674
2021-04-06,8.1,8.3,8.01,8.08,1603600,3369,13038202
2021-04-07,8.07,8.2,8.0,8.05,1222300,2808,9893204
2021-04-08,8.07,8.24,7.95,8.11,1367300,2873,11051233
2021-04-09,8.11,8.37,8.05,8.3,1285300,3001,10554694
2021-04-12,8.31,8.91,8.31,8.64,2408400,4953,20875466
2021-04-13,8.73,8.98,8.71,8.88,1677500,4484,14886623
2021-04-14,8.89,9.02,8.88,8.95,1102300,3270,9862867
2021-04-15,8.97,9.24,8.97,9.14,1335700,2717,12142476
2021-04-16,9.17,9.51,9.17,9.46,1950300,3783,18284258
2021-04-19,9.52,9.96,9.52,9.85,2079200,3809,20445521
2021-04-20,9.99,10.52,9.9,10.23,2313600,5737,23632943
2021-04-22,10.39,10.63,8.65,8.7,5375800,11444,51782451
2021-04-23,8.9,8.99,8.19,8.39,2404500,6582,20680228
2021-04-26,8.45,8.63,8.19,8.5,1135600,3641,9606171
2021-04-27,8.57,8.78,8.0,8.05,2254900,6249,18738950
2021-04-28,8.14,8.45,8.05,8.14,1696500,5072,13872684
2021-04-29,8.22,8.27,7.82,7.91,1612800,5351,13007348
2021-04-30,7.99,8.1,7.42,7.56,2012200,6408,15485914
2021-05-03,7.7,7.89,7.67,7.85,1525800,4742,11897941
2021-05-04,7.87,7.95,7.47,7.61,2591800,7780,19855387
2021-05-05,7.7,8.0,7.6,7.88,3069500,7789,23821449
2021-05-06,7.95,8.04,7.72,7.79,1993300,5920,15724732
2021-05-07,7.87,7.98,7.79,7.96,2333700,5664,18383809
2021-05-10,8.05,8.13,7.87,8.04,1710500,5233,13699190
2021-05-11,8.05,8.2,7.86,8.17,1759800,5659,14119154
2021-05-12,8.19,8.68,8.09,8.59,2137500,5439,17968684
2021-05-13,8.69,9.0,8.66,8.9,1887000,5675,16692426
2021-05-14,8.96,9.03,7.8,7.86,3283800,9042,27652966
2021-05-17,7.9,8.72,7.87,8.51,2219600,6460,18567647
2021-05-18,8.58,8.65,7.89,8.04,2838200,7488,23439631
2021-05-19,8.06,8.21,7.69,7.85,1771000,4870,14035832
2021-05-20,7.9,7.96,7.52,7.64,1560100,5008,11945633
2021-05-21,7.68,7.72,7.32,7.43,1329500,3820,10036920
2021-05-24,7.48,7.66,7.39,7.59,1037400,2681,7791911
2021-05-25,7.6,7.71,7.34,7.46,1741500,4247,13004127
2021-05-26,7.5,7.63,7.32,7.44,1350200,3316,10068517
2021-05-27,7.5,7.56,7.38,7.48,940700,1849,7033064
2021-05-28,7.48,7.61,7.4,7.47,805800,1836,6035677
2021-05-31,7.5,7.55,7.3,7.4,2192100,3751,16182995
2021-06-01,7.49,7.61,7.37,7.43,1365800,3012,10228802
2021-06-02,7.49,7.52,7.25,7.39,1933100,3423,14240687
2021-06-04,7.42,7.46,7.29,7.35,1321900,2895,9735482
2021-06-07,7.4,7.5,7.21,7.29,2077100,3682,15214558
2021-06-08,7.33,7.37,7.18,7.29,1505600,2584,10943445
2021-06-09,7.3,7.35,6.98,7.08,2199300,4578,15715707
2021-06-10,7.12,7.14,6.44,6.75,2015300,4308,13634660
2021-06-11,6.79,6.9,6.7,6.8,947800,2696,6425427
2021-06-14,6.85,6.92,6.69,6.75,1142200,3165,7752111
2021-06-15,6.8,6.85,6.49,6.57,2394000,4493,15753768
2021-06-16,6.6,6.67,6.45,6.49,1329400,4270,8692312
2021-06-17,6.47,6.5,6.02,6.1,1682600,4501,10513729
2021-06-18,6.1,6.23,6.04,6.21,941100,2616,5766089
2021-06-21,6.22,6.28,6.11,6.26,625600,2142,3875328
2021-06-22,6.23,6.29,6.05,6.29,622100,1854,3838345
2021-06-23,6.3,6.56,6.2,6.44,1099300,2546,6968389
2021-06-24,6.61,7.15,6.54,6.6,2360900,5111,15955439
2021-06-25,6.6,6.71,6.42,6.5,1032700,2954,6796909
2021-06-28,6.55,6.62,6.48,6.57,623900,1364,4080530
2021-06-29,6.57,6.68,6.27,6.35,829200,2361,5381627
2021-06-30,6.35,6.57,6.2,6.49,496200,1257,3162998
2021-07-01,6.54,6.69,6.44,6.6,1255900,2276,8256377
2021-07-02,6.66,6.91,6.5,6.68,1996900,4127,13385911
2021-07-05,6.74,6.92,6.67,6.78,1588600,3515,10776753
2021-07-06,6.86,6.92,6.12,6.24,4733000,7634,30132959
2021-07-07,6.31,6.43,6.18,6.33,758000,1600,4773736
2021-07-08,6.24,6.28,6.1,6.28,1221400,1995,7568114
2021-07-12,6.31,6.36,6.15,6.24,2015100,3326,12579072
2021-07-13,6.25,6.32,5.99,6.13,3558300,5005,21748815
2021-07-14,6.22,6.35,6.16,6.26,1643500,2229,10270670
2021-07-15,6.29,6.32,6.12,6.22,1779000,2798,11023397
2021-07-16,6.2,6.3,6.14,6.29,1561600,2344,9687671
2021-07-19,6.2,6.28,6.05,6.2,1210700,2177,7468251
2021-07-20,6.27,6.36,6.2,6.24,529600,1009,3310334
2021-07-21,6.25,6.35,6.16,6.31,2468100,2805,15398300
2021-07-22,6.36,7.04,6.31,7.04,1419100,2354,9374740
2021-07-23,7.08,7.12,6.74,7.0,6454300,8987,44748756
2021-07-26,7.04,7.15,6.96,7.0,3629500,6101,25508051
2021-07-27,7.04,7.08,6.88,7.01,1928100,4469,13459624
2021-07-28,7.05,7.25,7.01,7.18,1659200,3202,11844759
2021-07-29,7.22,7.24,7.12,7.21,1172000,3443,8422713
2021-07-30,7.21,7.27,7.04,7.15,1398000,3451,10018034
2021-08-02,7.22,7.25,7.13,7.2,1499800,3317,10786353
2021-08-03,7.21,7.27,5.94,5.94,6949500,14327,44960412
2021-08-04,6.05,6.12,5.68,5.79,4328800,9645,25431680
2021-08-05,5.81,5.84,5.1,5.14,4755000,7307,25613881
2021-08-06,5.16,5.22,5.0,5.17,1874500,3678,9563657
2021-08-09,5.17,5.57,5.09,5.57,3917500,7600,20703427
2021-08-10,5.55,5.92,5.54,5.69,4218300,7433,24170385
2021-08-11,5.7,5.83,5.4,5.45,3077700,6404,17273255
2021-08-12,5.47,5.64,4.94,5.03,4417500,7880,22992984
2021-08-13,5.09,5.13,4.77,5.0,2405300,6227,11886487
2021-08-16,4.99,5.15,4.5,4.6,4571800,10810,21944298
2021-08-17,4.6,4.96,3.75,3.93,4891500,8009,20529836
2021-08-18,4.0,4.43,3.88,4.43,6304900,10608,26046339
2021-08-19,4.38,4.6,4.21,4.5,4168700,9597,18209594
2021-08-20,4.49,4.62,4.33,4.48,2701900,5856,12079997
2021-08-23,4.5,4.75,4.45,4.75,2878400,3805,13091752
2021-08-24,4.74,5.0,4.65,4.95,3653100,5267,17411197
2021-08-25,4.92,5.14,4.82,5.09,3168700,3601,15777165
2021-08-26,5.1,5.34,5.08,5.34,1881600,3280,9681505
2021-08-27,5.49,5.55,4.95,5.09,5457300,12636,28052778
2021-08-30,5.09,5.3,5.04,5.3,2838900,3770,14514745
2021-08-31,5.3,5.55,5.22,5.55,4256100,6642,22750760
2021-09-01,5.54,5.64,5.48,5.6,1957000,3307,10858506
2021-09-02,5.6,5.64,4.6,4.6,12213100,21048,61394951
2021-09-03,4.77,5.1,4.63,5.1,3965600,8828,19020058
2021-09-06,5.04,5.08,4.84,4.9,2357900,5466,11599015
2021-09-08,4.92,5.03,4.44,4.6,6536100,11597,31015763
2021-09-09,4.6,4.72,4.41,4.7,2898500,3718,13150158
2021-09-10,4.74,5.0,4.74,4.94,2311000,3908,11380974
2021-09-13,5.0,5.12,4.54,4.84,8440800,11415,40297973
2021-09-14,4.86,4.96,4.65,4.9,4164000,7387,19947296
2021-09-15,4.82,5.09,4.58,5.0,2910900,5472,14066836
2021-09-16,4.96,5.65,4.91,5.65,4545800,7642,24108318
2021-09-17,5.62,5.75,5.01,5.37,6421900,10844,34386220
2021-09-20,5.35,5.92,5.32,5.8,6335600,11777,35891495
2021-09-21,5.86,6.53,5.86,6.0,9752400,16545,59962988
2021-09-22,6.02,6.24,5.17,5.17,9736100,20700,55461578
2021-09-23,5.17,5.74,5.17,5.5,8001500,16380,43369670
2021-09-24,5.61,5.74,5.39,5.49,3137200,9225,17424251
2021-09-27,5.53,5.68,5.06,5.25,3349100,8512,18017954
2021-09-28,5.3,5.45,4.54,4.6,6685700,12282,33148556
2021-09-29,4.67,4.91,4.58,4.75,6182900,9412,29139799
2021-09-30,4.79,4.87,4.71,4.8,3932900,9285,18811373
2021-10-01,4.8,5.48,4.8,5.4,4529600,11224,23745324
2021-10-04,5.4,5.51,4.96,5.25,3391300,9295,17760559
2021-10-05,5.31,5.45,4.78,4.9,4734500,10574,23707502
2021-10-06,4.88,5.01,4.58,5.0,5526300,10086,26044903
2021-10-07,5.0,5.05,4.83,4.95,2823300,7127,13968799
2021-10-08,4.99,5.16,4.93,5.04,3282600,9389,16475910
2021-10-11,5.04,5.26,4.91,5.1,4765900,11399,24384670
2021-10-13,5.13,5.23,4.92,5.07,2455800,4902,12426053
2021-10-14,5.08,5.18,4.95,5.02,1964600,5105,9873964
2021-10-15,5.03,5.08,4.85,4.86,3334900,4817,16401617
2021-10-18,4.87,5.06,4.72,5.0,4690300,7991,22813517
2021-10-19,5.0,5.05,4.85,4.88,2675100,6978,13106798
2021-10-20,5.0,5.03,4.55,4.66,4069400,8877,19373279
2021-10-21,4.63,4.7,4.07,4.1,6082700,8276,26273356
2021-10-22,4.11,4.17,3.83,4.1,7808900,10859,31182757
2021-10-25,4.15,4.42,3.9,4.42,6142300,8188,25199031
2021-10-26,4.39,4.43,4.18,4.34,2946000,6084,12637635
2021-10-27,4.33,4.51,4.2,4.5,3207300,4322,14009359
2021-10-28,4.45,4.47,4.25,4.38,2844400,3664,12317273
2021-10-29,4.4,4.4,4.09,4.16,1639300,5109,6928885
2021-11-01,4.23,4.44,4.13,4.38,1563200,4141,6716377
2021-11-03,4.36,4.46,4.26,4.44,2764800,4754,12150349
2021-11-04,4.42,4.67,4.32,4.49,3203900,6616,14282570
2021-11-05,4.49,4.63,4.36,4.61,2908800,5635,13094336
2021-11-08,4.59,4.66,4.51,4.65,2523800,4155,11558299
2021-11-09,4.65,5.19,4.47,5.19,3030800,6533,14500727
2021-11-10,5.18,5.52,5.18,5.3,2247300,7447,11972588
2021-11-11,5.35,5.51,5.33,5.39,1391800,4367,7514836
2021-11-12,5.4,5.61,4.94,5.1,3983300,8501,21271247
2021-11-16,5.12,5.25,4.28,4.35,3981600,11512,18738375
2021-11-17,4.37,4.39,3.97,4.02,3684700,7510,15105195
2021-11-18,4.06,4.11,3.44,3.47,10747600,18345,39884591
2021-11-19,3.46,3.8,3.44,3.7,4050200,7301,14706568
2021-11-22,3.7,3.85,3.49,3.5,2350300,4594,8523133
2021-11-23,3.5,3.62,3.2,3.37,3875800,7753,12989155
2021-11-24,3.36,3.57,3.25,3.5,2243400,5880,7694953
2021-11-25,3.51,3.89,3.45,3.86,2578400,4208,9423371
2021-11-26,3.71,4.13,3.62,4.06,6019700,15574,23670002
2021-11-29,4.11,4.31,3.95,4.14,3495000,7839,14404179
2021-11-30,4.16,4.64,4.14,4.42,6013400,19475,26723993
2021-12-01,4.47,4.75,3.83,3.91,7571600,17454,32581432
2021-12-02,3.94,4.07,3.82,3.9,3792800,9273,14885541
2021-12-03,3.95,4.49,3.92,4.49,4613000,13392,19692065
2021-12-06,4.5,4.68,3.47,3.77,12347300,22831,49066649
2021-12-07,3.83,4.17,3.8,3.88,9283100,15181,36458647
2021-12-08,3.9,4.05,3.84,4.04,3698100,6143,14615151
2021-12-09,4.03,4.12,3.81,4.05,2988800,8860,11860429
2021-12-10,4.08,4.13,3.86,3.96,4176900,8769,16648004
2021-12-13,3.95,4.13,3.95,4.05,2623300,5087,10542948
2021-12-14,4.07,4.1,3.84,3.95,2979000,6404,11777460
2021-12-15,3.95,4.0,3.68,3.98,2839800,4736,10882690
2021-12-16,3.97,4.18,3.84,4.17,4550400,6431,18057422
2021-12-17,4.12,4.29,4.06,4.29,2461500,4172,10254129
2021-12-20,4.27,4.52,4.26,4.44,1698500,4418,7489276
2021-12-21,4.48,4.75,4.27,4.5,6697500,11054,30305034
2021-12-22,4.5,4.75,4.5,4.71,3577800,4696,16547370
2021-12-23,4.7,4.88,4.66,4.88,2266800,2410,10763616
2021-12-27,4.9,5.2,4.9,5.05,3448400,5867,17533370
2021-12-28,5.06,5.57,4.64,5.53,7285500,15451,36514458
2021-12-29,5.54,5.66,5.36,5.5,4237600,8576,23346900
2021-12-30,5.57,5.85,5.43,5.69,4292300,5749,24309525
