Date,Open,High,Low,Close,Volume,Neg,Fin
2010-01-04,0.14,0.14,0.13,0.13,99000,7,12950
2010-01-05,0.14,0.14,0.14,0.14,20000,3,2800
2010-01-06,0.14,0.14,0.13,0.14,186000,8,24200
2010-01-07,0.14,0.15,0.14,0.14,718000,34,101550
2010-01-08,0.15,0.15,0.13,0.13,356000,21,47020
2010-01-11,0.14,0.14,0.14,0.14,24000,5,3360
2010-01-12,0.14,0.15,0.13,0.14,348000,30,48820
2010-01-13,0.14,0.15,0.14,0.14,101000,6,14150
2010-01-14,0.14,0.14,0.14,0.14,6000,2,840
2010-01-15,0.14,0.25,0.14,0.24,12984000,512,2548670
2010-01-18,0.24,0.36,0.23,0.24,37808000,2078,10881990
2010-01-19,0.26,0.27,0.21,0.23,13675000,710,3285120
2010-01-20,0.24,0.24,0.2,0.23,4059000,270,889390
2010-01-21,0.23,0.23,0.2,0.21,2059000,161,433850
2010-01-22,0.21,0.23,0.2,0.2,3074000,232,653140
2010-01-26,0.22,0.26,0.22,0.22,10676000,502,2559190
2010-01-27,0.24,0.24,0.22,0.23,1600000,117,370920
2010-01-28,0.23,0.23,0.21,0.22,2349000,92,517930
2010-01-29,0.22,0.22,0.21,0.21,955000,74,205740
2010-02-01,0.22,0.22,0.21,0.21,1746000,76,368040
2010-02-02,0.21,0.22,0.2,0.21,1319000,84,275840
2010-02-03,0.21,0.25,0.2,0.25,5156000,281,1226510
2010-02-04,0.26,0.27,0.21,0.21,10067000,658,2476190
2010-02-05,0.22,0.24,0.21,0.22,2812000,198,636940
2010-02-08,0.23,0.23,0.21,0.22,1075000,99,238660
2010-02-09,0.23,0.28,0.22,0.27,18690000,757,4815140
2010-02-10,0.28,0.29,0.23,0.24,13764000,716,3522880
2010-02-11,0.24,0.25,0.23,0.23,3015000,202,697690
2010-02-12,0.24,0.24,0.21,0.22,5592000,248,1249110
2010-02-17,0.22,0.23,0.22,0.23,1786000,110,395020
2010-02-18,0.23,0.23,0.22,0.22,3810000,183,840040
2010-02-19,0.22,0.25,0.22,0.22,11710000,368,2751580
2010-02-22,0.23,0.24,0.22,0.22,2883000,195,663320
2010-02-23,0.23,0.24,0.22,0.23,3377000,164,776070
2010-02-24,0.23,0.26,0.23,0.25,11641000,472,2867910
2010-02-25,0.25,0.25,0.23,0.23,3147000,140,752800
2010-02-26,0.24,0.25,0.22,0.23,5667000,243,1323300
2010-03-01,0.23,0.25,0.23,0.24,6984000,360,1668560
2010-03-02,0.24,0.24,0.23,0.24,4734000,214,1109550
2010-03-03,0.24,0.24,0.22,0.22,6767000,308,1523160
2010-03-04,0.22,0.23,0.21,0.22,3590000,206,791270
2010-03-05,0.23,0.23,0.21,0.22,3597000,174,794820
2010-03-08,0.22,0.22,0.21,0.21,1141000,75,243970
2010-03-09,0.22,0.22,0.21,0.21,1343000,87,286520
2010-03-10,0.21,0.22,0.2,0.21,3087000,171,641300
2010-03-11,0.21,0.22,0.21,0.21,593000,60,124660
2010-03-12,0.22,0.22,0.21,0.21,1812000,101,384190
2010-03-15,0.21,0.22,0.2,0.21,1585000,107,330500
2010-03-16,0.21,0.21,0.2,0.2,941000,61,192740
2010-03-17,0.21,0.22,0.21,0.21,2246000,81,472750
2010-03-18,0.2,0.22,0.2,0.2,248000,24,51780
2010-03-19,0.21,0.21,0.2,0.2,2057000,109,414050
2010-03-22,0.2,0.2,0.19,0.19,1578000,106,312430
2010-03-23,0.2,0.2,0.19,0.19,290000,24,56110
2010-03-24,0.2,0.2,0.19,0.2,716000,37,136400
2010-03-25,0.19,0.2,0.19,0.19,747000,41,142250
2010-03-26,0.19,0.19,0.18,0.19,1127000,77,209160
2010-03-29,0.19,0.2,0.18,0.19,1879000,97,352850
2010-03-30,0.19,0.2,0.18,0.19,585000,36,111120
2010-03-31,0.19,0.23,0.19,0.21,17157000,640,3705480
2010-04-01,0.21,0.21,0.19,0.19,3568000,172,693480
2010-04-05,0.2,0.2,0.18,0.19,1621000,90,308340
2010-04-06,0.19,0.2,0.19,0.19,816000,54,157030
2010-04-07,0.19,0.19,0.18,0.19,522000,39,96930
2010-04-08,0.19,0.19,0.18,0.19,469000,27,85850
2010-04-09,0.18,0.19,0.18,0.19,519000,45,95980
2010-04-12,0.19,0.19,0.18,0.18,453000,31,83690
2010-04-13,0.19,0.19,0.18,0.19,61000,13,11170
2010-04-14,0.19,0.2,0.18,0.18,2807000,87,533880
2010-04-15,0.19,0.2,0.18,0.19,361000,24,68210
2010-04-16,0.19,0.19,0.18,0.18,316000,26,57750
2010-04-19,0.18,0.19,0.18,0.18,373000,29,67160
2010-04-20,0.18,0.18,0.18,0.18,194000,13,34920
2010-04-22,0.18,0.18,0.17,0.17,1767000,83,311910
2010-04-23,0.18,0.18,0.17,0.18,126000,9,22630
2010-04-26,0.18,0.18,0.16,0.17,1660000,99,282400
2010-04-27,0.17,0.17,0.16,0.16,1639000,123,263060
2010-04-28,0.16,0.16,0.15,0.16,1519000,57,238380
2010-04-29,0.16,0.17,0.15,0.17,1572000,76,249360
2010-04-30,0.16,0.17,0.16,0.17,111000,15,17890
2010-05-03,0.17,0.17,0.15,0.16,781000,51,123920
2010-05-04,0.16,0.16,0.14,0.15,1625000,80,242740
2010-05-05,0.14,0.15,0.14,0.15,339000,19,49040
2010-05-06,0.14,0.15,0.14,0.15,1031000,47,144830
2010-05-07,0.14,0.14,0.13,0.14,1173000,50,155540
2010-05-10,0.14,0.15,0.13,0.15,1798000,63,255400
2010-05-11,0.14,0.14,0.13,0.14,478000,34,66450
2010-05-12,0.14,0.14,0.13,0.14,354000,28,49540
2010-05-13,0.14,0.15,0.14,0.14,107000,20,15000
2010-05-14,0.14,0.14,0.13,0.14,351000,19,46110
2010-05-17,0.13,0.14,0.12,0.13,2007000,59,259870
2010-05-18,0.13,0.13,0.12,0.13,1006000,36,126210
2010-05-19,0.12,0.12,0.11,0.12,1794000,48,211220
2010-05-20,0.12,0.12,0.1,0.11,2830000,66,308440
2010-05-21,0.11,0.11,0.1,0.11,2388000,67,261850
2010-05-24,0.11,0.12,0.11,0.12,249000,12,27830
2010-05-25,0.11,0.12,0.11,0.12,1734000,45,190850
2010-05-26,0.12,0.12,0.12,0.12,224000,12,26880
2010-05-27,0.12,0.12,0.11,0.11,607000,15,70620
2010-05-28,0.12,0.12,0.11,0.11,342000,9,39610
2010-05-31,0.11,0.12,0.11,0.11,510000,19,59140
2010-06-01,0.11,0.12,0.11,0.11,215000,12,24950
2010-06-02,0.12,0.12,0.11,0.12,225000,13,26800
2010-06-04,0.11,0.12,0.11,0.11,240000,5,27590
2010-06-07,0.11,0.12,0.11,0.11,155000,11,17230
2010-06-08,0.11,0.18,0.11,0.17,11441000,320,1613490
2010-06-09,0.18,0.19,0.13,0.14,15693000,555,2586620
2010-06-10,0.15,0.15,0.13,0.14,3421000,101,488780
2010-06-11,0.14,0.15,0.13,0.14,711000,27,99510
2010-06-14,0.14,0.14,0.13,0.14,1490000,61,197080
2010-06-15,0.14,0.14,0.13,0.14,420000,16,55090
2010-06-16,0.13,0.15,0.13,0.15,1922000,66,264620
2010-06-17,0.15,0.16,0.14,0.15,4031000,83,596250
2010-06-18,0.14,0.15,0.14,0.15,796000,22,112250
2010-06-21,0.15,0.15,0.14,0.15,355000,21,52590
2010-06-22,0.14,0.16,0.14,0.15,2196000,53,329140
2010-06-23,0.15,0.15,0.13,0.15,4461000,77,625430
2010-06-24,0.14,0.15,0.14,0.14,313000,16,44840
2010-06-25,0.14,0.14,0.14,0.14,230000,10,32200
2010-06-28,0.15,0.15,0.14,0.14,368000,24,51600
2010-06-29,0.14,0.14,0.13,0.14,122000,10,16210
2010-06-30,0.13,0.14,0.12,0.13,3691000,67,479630
2010-07-01,0.12,0.14,0.12,0.14,2547000,46,332470
2010-07-02,0.14,0.14,0.13,0.14,87000,6,11600
2010-07-05,0.14,0.14,0.13,0.14,679000,16,88740
2010-07-06,0.13,0.21,0.13,0.21,33840000,1040,5877360
2010-07-07,0.2,0.23,0.16,0.17,43648000,1805,8427820
2010-07-08,0.17,0.17,0.15,0.16,4796000,141,745830
2010-07-12,0.16,0.16,0.15,0.15,3289000,84,494800
2010-07-13,0.16,0.2,0.15,0.18,16620000,475,2934330
2010-07-14,0.18,0.21,0.17,0.18,13710000,458,2554680
2010-07-15,0.18,0.18,0.17,0.18,1560000,60,273550
2010-07-16,0.17,0.18,0.16,0.17,2158000,83,364700
2010-07-19,0.17,0.18,0.16,0.17,1906000,71,311260
2010-07-20,0.17,0.17,0.15,0.16,3127000,110,500750
2010-07-21,0.17,0.17,0.16,0.16,506000,44,82200
2010-07-22,0.16,0.19,0.16,0.17,10059000,318,1792840
2010-07-23,0.19,0.19,0.17,0.17,1836000,115,334810
2010-07-26,0.18,0.19,0.17,0.18,1793000,79,322290
2010-07-27,0.18,0.19,0.18,0.18,1657000,49,298930
2010-07-28,0.18,0.18,0.17,0.17,2619000,31,457510
2010-07-29,0.17,0.18,0.16,0.18,2482000,83,421940
2010-07-30,0.17,0.18,0.16,0.17,682000,43,115940
2010-08-02,0.17,0.19,0.17,0.18,5736000,209,1037400
2010-08-03,0.18,0.18,0.17,0.17,1748000,64,308800
2010-08-04,0.17,0.19,0.17,0.18,2503000,96,449990
2010-08-05,0.18,0.19,0.17,0.17,1711000,77,306140
2010-08-06,0.18,0.2,0.17,0.19,10192000,412,1921690
2010-08-09,0.19,0.2,0.18,0.19,4360000,149,811400
2010-08-10,0.18,0.19,0.18,0.18,2826000,176,510580
2010-08-11,0.18,0.19,0.18,0.19,2111000,79,387230
2010-08-12,0.19,0.2,0.18,0.19,6789000,265,1290820
2010-08-13,0.19,0.2,0.18,0.19,1878000,57,345460
2010-08-16,0.19,0.19,0.17,0.17,6280000,169,1103870
2010-08-17,0.18,0.18,0.17,0.18,3474000,134,592160
2010-08-18,0.17,0.18,0.17,0.17,625000,35,106570
2010-08-19,0.17,0.17,0.16,0.16,824000,41,139130
2010-08-20,0.17,0.17,0.16,0.17,225000,19,38050
2010-08-23,0.17,0.18,0.16,0.17,718000,54,122130
2010-08-24,0.16,0.17,0.16,0.17,616000,17,99790
2010-08-25,0.17,0.17,0.16,0.17,263000,18,42450
2010-08-26,0.16,0.17,0.16,0.17,891000,24,144610
2010-08-27,0.17,0.17,0.16,0.17,393000,23,63130
2010-08-30,0.17,0.17,0.15,0.16,1437000,69,228140
2010-08-31,0.16,0.16,0.15,0.16,731000,41,114570
2010-09-01,0.16,0.17,0.15,0.16,1720000,129,275260
2010-09-02,0.16,0.17,0.16,0.17,1013000,27,169010
2010-09-03,0.16,0.17,0.16,0.17,304000,16,49780
2010-09-06,0.17,0.17,0.16,0.16,533000,16,85300
2010-09-08,0.16,0.17,0.16,0.16,614000,32,100270
2010-09-09,0.17,0.17,0.16,0.17,461000,28,73830
2010-09-10,0.16,0.16,0.16,0.16,6611000,39,1057760
2010-09-13,0.17,0.17,0.16,0.16,361000,25,57790
2010-09-14,0.16,0.17,0.15,0.16,392000,31,62510
2010-09-15,0.16,0.17,0.15,0.16,1094000,39,173320
2010-09-16,0.16,0.17,0.16,0.17,598000,23,95700
2010-09-17,0.17,0.17,0.16,0.16,583000,30,93500
2010-09-20,0.16,0.16,0.15,0.16,647000,40,103390
2010-09-21,0.16,0.18,0.16,0.17,4221000,219,716570
2010-09-22,0.16,0.17,0.16,0.16,3635000,104,586900
2010-09-23,0.16,0.17,0.16,0.16,484000,28,78120
2010-09-24,0.16,0.17,0.16,0.16,627000,27,100440
2010-09-27,0.17,0.17,0.16,0.16,173000,12,28070
2010-09-28,0.16,0.17,0.16,0.17,187000,11,29980
2010-09-29,0.17,0.17,0.16,0.17,126000,14,21160
2010-09-30,0.16,0.17,0.16,0.16,455000,12,74100
2010-10-01,0.16,0.18,0.16,0.16,5774000,161,983980
2010-10-04,0.17,0.17,0.16,0.16,107000,8,17150
2010-10-05,0.17,0.17,0.16,0.16,1434000,28,231940
2010-10-06,0.17,0.17,0.16,0.17,369000,28,60580
2010-10-07,0.17,0.17,0.16,0.17,178000,9,28590
2010-10-08,0.17,0.17,0.16,0.17,86000,21,14030
2010-10-11,0.16,0.17,0.16,0.17,166000,8,27310
2010-10-13,0.17,0.17,0.16,0.17,1199000,42,192000
2010-10-14,0.16,0.17,0.16,0.17,210000,13,33620
2010-10-15,0.16,0.17,0.16,0.17,262000,19,42950
2010-10-18,0.16,0.17,0.15,0.16,2425000,91,387890
2010-10-19,0.17,0.17,0.15,0.16,669000,39,106230
2010-10-20,0.16,0.17,0.15,0.16,1169000,23,187050
2010-10-21,0.16,0.16,0.15,0.15,1142000,12,181910
2010-10-22,0.16,0.16,0.15,0.16,217000,14,33490
2010-10-25,0.15,0.16,0.15,0.16,450000,15,67750
2010-10-26,0.16,0.16,0.15,0.16,217000,12,33510
2010-10-27,0.15,0.16,0.15,0.16,581000,19,89900
2010-10-28,0.16,0.16,0.15,0.16,1151000,176,182260
2010-10-29,0.15,0.17,0.15,0.15,674000,48,105700
2010-11-01,0.16,0.16,0.15,0.16,64000,6,9810
2010-11-03,0.16,0.17,0.15,0.16,1550000,121,248000
2010-11-04,0.16,0.17,0.15,0.15,375000,23,58840
2010-11-05,0.16,0.17,0.15,0.16,2330000,41,373790
2010-11-08,0.15,0.17,0.15,0.17,1126000,58,179480
2010-11-09,0.16,0.17,0.16,0.17,275000,29,44100
2010-11-10,0.16,0.16,0.15,0.16,304000,9,46140
2010-11-11,0.15,0.16,0.15,0.16,21000,4,3260
2010-11-12,0.15,0.16,0.15,0.15,159000,8,23870
2010-11-16,0.15,0.16,0.15,0.16,619000,13,92900
2010-11-17,0.16,0.16,0.15,0.15,793000,10,118980
2010-11-18,0.16,0.16,0.15,0.16,25000,7,3950
2010-11-19,0.16,0.16,0.15,0.16,190000,14,28630
2010-11-22,0.15,0.16,0.14,0.15,2231000,108,332700
2010-11-23,0.14,0.15,0.14,0.14,100000,18,14730
2010-11-24,0.15,0.15,0.14,0.15,9000,3,1330
2010-11-25,0.15,0.15,0.14,0.15,67000,6,9870
2010-11-26,0.14,0.15,0.14,0.15,27000,5,3980
2010-11-30,0.15,0.15,0.14,0.15,83000,6,12260
2010-12-01,0.15,0.15,0.14,0.15,123000,7,17390
2010-12-02,0.15,0.15,0.14,0.14,71000,5,10030
2010-12-03,0.14,0.15,0.14,0.14,136000,8,19160
2010-12-06,0.14,0.15,0.14,0.15,82000,10,11610
2010-12-07,0.15,0.15,0.14,0.14,117000,7,16450
2010-12-08,0.15,0.15,0.14,0.15,117000,9,16450
2010-12-09,0.15,0.15,0.14,0.15,113000,6,16440
2010-12-10,0.15,0.15,0.14,0.15,160000,11,23110
2010-12-13,0.14,0.15,0.14,0.14,414000,21,58030
2010-12-14,0.15,0.15,0.14,0.15,204000,10,28590
2010-12-15,0.15,0.15,0.14,0.15,1703000,40,248770
2010-12-16,0.14,0.15,0.13,0.15,1217000,74,171660
2010-12-17,0.14,0.15,0.14,0.15,127000,14,17860
2010-12-20,0.14,0.15,0.14,0.15,184000,14,25800
2010-12-21,0.14,0.15,0.14,0.15,93000,9,13130
2010-12-22,0.14,0.15,0.14,0.15,45000,10,6630
2010-12-23,0.14,0.15,0.13,0.15,943000,46,131940
2010-12-27,0.14,0.15,0.14,0.15,277000,32,38830
2010-12-28,0.15,0.15,0.14,0.15,1433000,24,212260
2010-12-29,0.14,0.15,0.14,0.14,149000,8,20880
2010-12-30,0.15,0.15,0.14,0.14,4000,3,580
2011-01-03,0.14,0.14,0.14,0.14,70000,4,9800
2011-01-04,0.14,0.14,0.14,0.14,179000,6,25060
2011-01-05,0.14,0.15,0.14,0.14,583000,19,81780
2011-01-06,0.14,0.14,0.14,0.14,149000,7,20860
2011-01-07,0.14,0.14,0.13,0.14,707000,21,98620
2011-01-10,0.14,0.14,0.14,0.14,4000,2,560
2011-01-12,0.14,0.14,0.13,0.14,80000,7,10720
2011-01-13,0.14,0.14,0.13,0.14,66000,6,8880
2011-01-14,0.13,0.14,0.13,0.14,96000,5,12780
2011-01-17,0.13,0.14,0.13,0.13,28000,3,3740
2011-01-18,0.13,0.15,0.13,0.14,1765000,57,246760
2011-01-19,0.14,0.14,0.13,0.14,303000,9,42020
2011-01-20,0.13,0.14,0.13,0.14,192000,19,26490
2011-01-21,0.14,0.15,0.13,0.13,237000,15,32700
2011-01-24,0.14,0.14,0.13,0.13,24000,3,3350
2011-01-26,0.13,0.14,0.13,0.13,664000,34,92350
2011-01-27,0.14,0.14,0.13,0.14,220000,5,30720
2011-01-28,0.14,0.15,0.13,0.14,366000,14,51280
2011-01-31,0.14,0.14,0.13,0.14,1461000,12,190040
2011-02-01,0.14,0.14,0.13,0.14,152000,9,20020
2011-02-02,0.14,0.14,0.14,0.14,100000,2,14000
2011-02-03,0.14,0.14,0.13,0.14,453000,15,58930
2011-02-04,0.13,0.13,0.12,0.13,2555000,69,331830
2011-02-07,0.13,0.13,0.12,0.13,542000,17,66010
2011-02-08,0.13,0.13,0.12,0.13,61000,3,7340
2011-02-09,0.13,0.13,0.12,0.12,1118000,8,144230
2011-02-10,0.13,0.13,0.12,0.12,263000,13,33900
2011-02-11,0.13,0.13,0.13,0.13,3000,2,390
2011-02-14,0.13,0.13,0.12,0.13,129000,8,16760
2011-02-15,0.13,0.13,0.12,0.12,188000,10,23160
2011-02-16,0.13,0.13,0.12,0.13,144000,7,17520
2011-02-17,0.12,0.13,0.12,0.13,454000,11,55780
2011-02-18,0.13,0.13,0.12,0.12,67000,5,8150
2011-02-21,0.12,0.13,0.12,0.12,121000,8,14530
2011-02-22,0.12,0.13,0.12,0.12,305000,8,36750
2011-02-23,0.12,0.12,0.11,0.12,1431000,58,171710
2011-02-24,0.12,0.12,0.11,0.12,206000,20,24620
2011-02-25,0.12,0.12,0.12,0.12,239000,19,28680
2011-02-28,0.12,0.12,0.12,0.12,247000,14,29640
2011-03-01,0.12,0.13,0.12,0.13,38000,11,4850
2011-03-02,0.12,0.13,0.12,0.12,129000,15,15560
2011-03-03,0.13,0.13,0.12,0.12,140000,11,16850
2011-03-04,0.12,0.12,0.11,0.12,381000,15,45670
2011-03-09,0.12,0.12,0.11,0.12,43000,6,5150
2011-03-10,0.12,0.12,0.12,0.12,23000,3,2760
2011-03-11,0.12,0.12,0.11,0.11,270000,3,31700
2011-03-14,0.11,0.11,0.11,0.11,5000,1,550
2011-03-15,0.11,0.11,0.11,0.11,85000,3,9350
2011-03-16,0.12,0.12,0.11,0.11,152000,6,17270
2011-03-17,0.11,0.12,0.11,0.12,30000,4,3500
2011-03-18,0.12,0.12,0.11,0.11,173000,4,19760
2011-03-21,0.11,0.11,0.11,0.11,190000,4,20900
2011-03-22,0.11,0.11,0.11,0.11,33000,2,3630
2011-03-23,0.11,0.12,0.11,0.12,72000,6,7940
2011-03-24,0.11,0.12,0.11,0.11,112000,5,12420
2011-03-25,0.12,0.12,0.11,0.11,391000,16,46870
2011-03-28,0.12,0.12,0.11,0.11,25000,5,2770
2011-03-29,0.11,0.12,0.11,0.11,87000,5,9890
2011-03-30,0.11,0.12,0.11,0.11,37000,8,4130
2011-03-31,0.12,0.12,0.11,0.11,440000,12,48650
2011-04-01,0.11,0.12,0.11,0.11,110000,8,12120
2011-04-04,0.11,0.12,0.11,0.12,80000,6,9400
2011-04-05,0.11,0.12,0.11,0.12,140000,7,16410
2011-04-06,0.12,0.14,0.11,0.13,4591000,114,570010
2011-04-07,0.13,0.13,0.12,0.12,1793000,40,218830
2011-04-08,0.12,0.13,0.12,0.13,83000,10,10370
2011-04-11,0.12,0.12,0.12,0.12,253000,8,30360
2011-04-12,0.12,0.12,0.11,0.12,257000,14,30740
2011-04-13,0.12,0.13,0.11,0.11,303000,19,36270
2011-04-14,0.12,0.12,0.11,0.11,53000,3,6340
2011-04-15,0.11,0.12,0.11,0.12,27000,7,2990
2011-04-18,0.11,0.12,0.11,0.11,209000,9,23900
2011-04-19,0.11,0.12,0.11,0.12,48000,3,5290
2011-04-20,0.12,0.12,0.11,0.12,676000,18,80920
2011-04-25,0.12,0.14,0.12,0.14,5531000,182,711330
2011-04-26,0.14,0.14,0.12,0.13,617000,35,78270
2011-04-27,0.13,0.13,0.12,0.13,466000,14,56750
2011-04-28,0.12,0.13,0.12,0.12,2467000,46,297440
2011-04-29,0.12,0.12,0.11,0.12,180000,15,21290
2011-05-02,0.12,0.12,0.12,0.12,279000,18,33480
2011-05-03,0.12,0.12,0.12,0.12,11000,2,1320
2011-05-04,0.12,0.12,0.11,0.11,26000,5,2880
2011-05-05,0.11,0.12,0.11,0.12,281000,7,31920
2011-05-06,0.12,0.12,0.11,0.11,1954000,56,215200
2011-05-09,0.12,0.12,0.11,0.11,461000,10,50830
2011-05-10,0.11,0.12,0.11,0.12,256000,10,28180
2011-05-11,0.12,0.12,0.11,0.11,470000,23,52320
2011-05-12,0.11,0.12,0.11,0.11,419000,19,46320
2011-05-13,0.11,0.12,0.11,0.11,444000,15,48880
2011-05-16,0.11,0.12,0.11,0.11,700000,8,77030
2011-05-17,0.11,0.12,0.11,0.11,291000,7,33220
2011-05-18,0.11,0.12,0.11,0.11,477000,18,52480
2011-05-19,0.11,0.11,0.1,0.11,424000,11,45640
2011-05-20,0.11,0.12,0.11,0.12,186000,15,20500
2011-05-23,0.11,0.12,0.11,0.12,152000,11,16730
2011-05-24,0.11,0.12,0.11,0.11,308000,24,33990
2011-05-25,0.11,0.12,0.11,0.11,199000,9,22390
2011-05-26,0.11,0.11,0.11,0.11,120000,2,13200
2011-05-27,0.12,0.12,0.12,0.12,75000,2,9000
2011-05-30,0.11,0.12,0.11,0.11,286000,8,31620
2011-05-31,0.11,0.12,0.11,0.12,45000,2,5250
2011-06-01,0.12,0.12,0.11,0.11,1159000,8,137490
2011-06-02,0.11,0.11,0.11,0.11,298000,16,32780
2011-06-03,0.11,0.12,0.11,0.12,203000,16,22360
2011-06-06,0.12,0.12,0.11,0.11,213000,16,24470
2011-06-07,0.11,0.12,0.1,0.11,1149000,25,126370
2011-06-08,0.11,0.12,0.1,0.11,421000,23,44800
2011-06-09,0.11,0.12,0.1,0.1,548000,17,58480
2011-06-10,0.11,0.11,0.11,0.11,121000,8,13310
2011-06-13,0.1,0.11,0.1,0.11,4000,2,410
2011-06-14,0.1,0.11,0.1,0.11,39000,5,4230
2011-06-15,0.1,0.11,0.1,0.11,208000,15,22350
2011-06-16,0.1,0.11,0.1,0.1,1860000,16,186010
2011-06-17,0.1,0.11,0.1,0.11,539000,11,53920
2011-06-20,0.11,0.11,0.1,0.1,63000,7,6320
2011-06-21,0.1,0.1,0.1,0.1,95000,9,9500
2011-06-22,0.1,0.11,0.1,0.1,67000,8,6750
2011-06-24,0.1,0.1,0.1,0.1,88000,10,8800
2011-06-27,0.1,0.1,0.1,0.1,725000,32,72500
2011-06-28,0.1,0.1,0.09,0.1,1980000,22,197200
2011-06-29,0.1,0.1,0.1,0.1,107000,6,10700
2011-06-30,0.1,0.1,0.1,0.1,119000,4,11900
2011-07-01,0.11,0.12,0.11,0.11,3044000,49,334870
2011-07-04,0.11,0.11,0.11,0.11,363000,11,39930
2011-07-05,0.11,0.11,0.1,0.1,62000,9,6540
2011-07-06,0.11,0.11,0.1,0.11,35000,6,3840
2011-07-07,0.11,0.11,0.11,0.11,20000,1,2200
2011-07-08,0.11,0.12,0.11,0.12,466000,26,51790
2011-07-11,0.12,0.12,0.11,0.12,443000,26,49830
2011-07-12,0.11,0.11,0.11,0.11,291000,12,32010
2011-07-13,0.11,0.12,0.1,0.1,348000,12,38280
2011-07-14,0.11,0.12,0.11,0.11,1375000,32,152260
2011-07-15,0.12,0.15,0.11,0.14,12137000,446,1602090
2011-07-18,0.15,0.17,0.14,0.17,12698000,574,1952140
2011-07-19,0.17,0.18,0.15,0.15,10294000,424,1670010
2011-07-20,0.14,0.15,0.13,0.13,4934000,152,678650
2011-07-21,0.13,0.13,0.12,0.12,1373000,78,178340
2011-07-22,0.13,0.13,0.11,0.12,3298000,105,399210
2011-07-25,0.12,0.12,0.11,0.11,469000,14,51750
2011-07-26,0.11,0.12,0.11,0.11,574000,20,64270
2011-07-27,0.11,0.12,0.11,0.11,551000,22,60770
2011-07-28,0.12,0.12,0.11,0.12,440000,20,51920
2011-07-29,0.12,0.12,0.11,0.11,293000,23,32680
2011-08-01,0.11,0.12,0.11,0.12,563000,20,61940
2011-08-02,0.12,0.12,0.11,0.11,87000,7,9940
2011-08-03,0.11,0.11,0.11,0.11,3174000,60,349140
2011-08-04,0.11,0.11,0.1,0.1,2420000,32,242570
2011-08-05,0.1,0.11,0.09,0.09,2892000,92,281190
2011-08-08,0.1,0.1,0.09,0.09,3788000,77,345480
2011-08-09,0.1,0.1,0.09,0.09,398000,21,39430
2011-08-10,0.1,0.11,0.1,0.1,1781000,45,178110
2011-08-11,0.1,0.11,0.1,0.1,1138000,20,114260
2011-08-12,0.1,0.11,0.1,0.1,204000,13,20690
2011-08-15,0.1,0.11,0.1,0.11,272000,16,29570
2011-08-16,0.11,0.11,0.1,0.1,372000,8,38330
2011-08-17,0.11,0.11,0.1,0.1,30000,5,3020
2011-08-18,0.1,0.1,0.09,0.1,4069000,65,404870
2011-08-19,0.1,0.11,0.1,0.1,230000,16,23040
2011-08-22,0.1,0.1,0.09,0.1,756000,21,70790
2011-08-23,0.1,0.11,0.1,0.1,620000,14,62010
2011-08-24,0.1,0.11,0.1,0.1,72000,9,7210
2011-08-25,0.1,0.11,0.09,0.1,662000,28,66160
2011-08-26,0.1,0.11,0.1,0.1,1172000,7,126200
2011-08-29,0.1,0.1,0.1,0.1,133000,12,13300
2011-08-30,0.1,0.1,0.1,0.1,26000,1,2600
2011-08-31,0.1,0.11,0.1,0.11,135000,8,14720
2011-09-01,0.11,0.11,0.1,0.1,653000,19,68970
2011-09-02,0.1,0.1,0.1,0.1,1827000,31,182700
2011-09-05,0.1,0.1,0.1,0.1,346000,11,34600
2011-09-06,0.1,0.1,0.1,0.1,25000,3,2500
2011-09-08,0.1,0.11,0.1,0.1,105000,10,10560
2011-09-09,0.1,0.1,0.1,0.1,66000,5,6600
2011-09-12,0.1,0.1,0.1,0.1,39000,6,3900
2011-09-13,0.1,0.1,0.1,0.1,154000,5,15400
2011-09-15,0.1,0.11,0.1,0.11,600000,15,60070
2011-09-16,0.11,0.11,0.1,0.1,234000,12,24570
2011-09-19,0.1,0.1,0.1,0.1,406000,10,40600
2011-09-20,0.1,0.1,0.1,0.1,170000,7,17000
2011-09-21,0.1,0.1,0.1,0.1,246000,12,24600
2011-09-22,0.1,0.1,0.09,0.1,112000,12,11080
2011-09-23,0.1,0.1,0.09,0.09,33000,4,3050
2011-09-26,0.1,0.11,0.1,0.1,1450000,17,147100
2011-09-27,0.11,0.11,0.1,0.1,271000,10,27150
2011-09-28,0.1,0.1,0.1,0.1,541000,12,54100
2011-09-29,0.1,0.1,0.1,0.1,282000,17,28200
2011-09-30,0.1,0.1,0.09,0.1,51000,11,5080
2011-10-03,0.1,0.1,0.1,0.1,202000,7,20200
2011-10-04,0.1,0.1,0.1,0.1,796000,19,79600
2011-10-05,0.1,0.11,0.1,0.1,111000,7,11110
2011-10-06,0.1,0.1,0.1,0.1,123000,8,12300
2011-10-07,0.1,0.1,0.09,0.09,85000,10,7990
2011-10-10,0.1,0.11,0.1,0.1,1060000,10,116000
2011-10-11,0.11,0.11,0.1,0.1,193000,5,21200
2011-10-13,0.1,0.1,0.1,0.1,21000,4,2100
2011-10-14,0.1,0.1,0.1,0.1,6000,6,600
2011-10-17,0.1,0.1,0.1,0.1,114000,6,11400
2011-10-18,0.1,0.1,0.1,0.1,16000,6,1600
2011-10-20,0.09,0.1,0.09,0.09,23000,7,2200
2011-10-21,0.09,0.09,0.09,0.09,54000,2,4860
2011-10-24,0.1,0.1,0.1,0.1,20000,7,2000
2011-10-25,0.1,0.1,0.09,0.09,43000,3,4200
2011-10-26,0.1,0.1,0.1,0.1,752000,17,75200
2011-10-27,0.1,0.11,0.1,0.11,106000,10,10640
2011-10-31,0.1,0.11,0.1,0.11,21000,3,2110
2011-11-01,0.1,0.11,0.1,0.11,14000,3,1420
2011-11-04,0.1,0.1,0.1,0.1,106000,3,10600
2011-11-07,0.11,0.11,0.1,0.1,107000,8,11750
2011-11-08,0.11,0.11,0.1,0.1,137000,8,13710
2011-11-09,0.1,0.1,0.1,0.1,440000,15,44000
2011-11-10,0.1,0.1,0.1,0.1,69000,3,6900
2011-11-11,0.1,0.1,0.09,0.09,124000,8,12330
2011-11-14,0.09,0.1,0.09,0.1,99000,20,9830
2011-11-16,0.1,0.1,0.09,0.09,46000,8,4520
2011-11-17,0.09,0.1,0.09,0.1,5000,2,460
2011-11-18,0.1,0.1,0.1,0.1,21000,2,2100
2011-11-21,0.09,0.1,0.09,0.1,15000,5,1380
2011-11-22,0.09,0.1,0.09,0.09,34000,3,3070
2011-11-23,0.09,0.09,0.09,0.09,227000,4,20430
2011-11-24,0.09,0.09,0.09,0.09,105000,2,9450
2011-11-25,0.09,0.09,0.09,0.09,1000,1,90
2011-11-28,0.09,0.1,0.09,0.09,12000,3,1100
2011-11-29,0.09,0.09,0.09,0.09,17000,1,1530
2011-11-30,0.1,0.1,0.09,0.09,13000,3,1220
2011-12-01,0.1,0.1,0.09,0.1,132000,5,13180
2011-12-02,0.09,0.09,0.09,0.09,100000,3,9000
2011-12-05,0.09,0.09,0.09,0.09,689000,7,62010
2011-12-06,0.09,0.09,0.09,0.09,69000,3,6210
2011-12-07,0.09,0.1,0.09,0.09,33000,5,3210
2011-12-08,0.1,0.1,0.09,0.1,11000,6,1070
2011-12-09,0.09,0.1,0.09,0.09,7000,4,640
2011-12-12,0.09,0.1,0.09,0.1,139000,7,12620
2011-12-13,0.09,0.09,0.09,0.09,34000,2,3060
2011-12-15,0.09,0.09,0.09,0.09,90000,3,8100
2011-12-16,0.09,0.09,0.09,0.09,100000,1,9000
2011-12-19,0.09,0.09,0.09,0.09,2694000,51,242460
2011-12-20,0.09,0.1,0.09,0.1,670000,12,60430
2011-12-21,0.1,0.1,0.1,0.1,904000,4,90400
2011-12-22,0.09,0.1,0.09,0.1,200000,10,18450
2011-12-23,0.09,0.09,0.09,0.09,38000,6,3420
2011-12-26,0.09,0.09,0.09,0.09,206000,11,18540
2011-12-27,0.09,0.09,0.09,0.09,181000,7,16290
2011-12-28,0.09,0.09,0.09,0.09,1000,1,90
2011-12-29,0.09,0.09,0.09,0.09,1000,1,90
2012-01-02,0.09,0.09,0.09,0.09,80000,4,7200
2012-01-03,0.09,0.09,0.09,0.09,99000,6,8910
2012-01-04,0.1,0.1,0.09,0.09,336000,14,31250
2012-01-05,0.09,0.09,0.09,0.09,25000,1,2250
2012-01-06,0.09,0.09,0.09,0.09,4000,1,360
2012-01-09,0.09,0.09,0.08,0.08,182000,9,15070
2012-01-10,0.08,0.09,0.08,0.09,593000,20,53320
2012-01-11,0.09,0.1,0.09,0.1,25000,3,2300
2012-01-12,0.1,0.11,0.1,0.1,4011000,101,401800
2012-01-13,0.1,0.11,0.09,0.09,225000,13,21160
2012-01-16,0.1,0.11,0.09,0.11,847000,52,85080
2012-01-17,0.1,0.11,0.1,0.1,345000,13,35130
2012-01-18,0.1,0.1,0.1,0.1,237000,5,23700
2012-01-19,0.1,0.1,0.1,0.1,206000,9,20600
2012-01-20,0.1,0.1,0.1,0.1,658000,5,65800
2012-01-23,0.1,0.1,0.09,0.1,858000,23,85770
2012-01-24,0.1,0.1,0.09,0.1,181000,5,17510
2012-01-26,0.1,0.11,0.1,0.11,1088000,117,110140
2012-01-27,0.1,0.13,0.1,0.12,6560000,427,767280
2012-01-30,0.12,0.12,0.11,0.11,2329000,67,266510
2012-01-31,0.11,0.11,0.1,0.11,520000,30,55530
2012-02-01,0.11,0.11,0.1,0.11,2340000,30,235230
2012-02-02,0.11,0.11,0.1,0.11,1022000,5,112320
2012-02-03,0.11,0.11,0.1,0.1,279000,12,27910
2012-02-06,0.1,0.1,0.1,0.1,77000,8,7700
2012-02-07,0.11,0.11,0.1,0.1,274000,6,27410
2012-02-08,0.11,0.12,0.1,0.11,6208000,199,699340
2012-02-09,0.11,0.11,0.1,0.1,611000,12,62570
2012-02-10,0.1,0.11,0.1,0.11,522000,20,52280
2012-02-13,0.11,0.11,0.1,0.1,201000,3,20110
2012-02-14,0.11,0.11,0.1,0.1,261000,6,26110
2012-02-15,0.1,0.12,0.1,0.12,6183000,73,682310
2012-02-16,0.12,0.13,0.11,0.12,1133000,47,134970
2012-02-17,0.12,0.13,0.12,0.13,244000,32,29770
2012-02-22,0.12,0.12,0.11,0.11,3000,3,350
2012-02-23,0.12,0.13,0.11,0.11,584000,44,69940
2012-02-24,0.12,0.12,0.11,0.11,99000,14,11030
2012-02-27,0.11,0.12,0.11,0.12,193000,13,21250
2012-02-28,0.12,0.12,0.11,0.12,135000,9,15160
2012-02-29,0.12,0.12,0.12,0.12,1000,1,120
2012-03-01,0.11,0.12,0.1,0.11,1805000,40,197930
2012-03-02,0.11,0.11,0.1,0.11,164000,12,17520
2012-03-05,0.11,0.11,0.1,0.1,64000,5,6510
2012-03-06,0.1,0.1,0.1,0.1,5000,1,500
2012-03-07,0.11,0.11,0.1,0.1,298000,16,30210
2012-03-08,0.1,0.11,0.1,0.1,303000,11,31020
2012-03-09,0.1,0.1,0.1,0.1,52000,4,5200
2012-03-13,0.1,0.11,0.1,0.1,80000,7,8010
2012-03-14,0.11,0.11,0.1,0.1,29000,8,3080
2012-03-15,0.1,0.11,0.1,0.1,2119000,15,212110
2012-03-16,0.1,0.11,0.1,0.11,2164000,14,218900
2012-03-19,0.1,0.11,0.1,0.11,884000,12,89180
2012-03-20,0.1,0.11,0.1,0.1,3459000,41,346090
2012-03-21,0.1,0.1,0.1,0.1,472000,10,47200
2012-03-22,0.1,0.1,0.1,0.1,9000,1,900
2012-03-23,0.1,0.11,0.1,0.11,122000,5,12220
2012-03-26,0.11,0.11,0.1,0.1,568000,15,61830
2012-03-27,0.11,0.11,0.1,0.1,60000,8,6010
2012-03-28,0.1,0.1,0.1,0.1,240000,6,24000
2012-03-29,0.1,0.11,0.1,0.1,427000,5,43700
2012-03-30,0.1,0.1,0.1,0.1,30000,4,3000
2012-04-02,0.1,0.1,0.1,0.1,50000,4,5000
2012-04-03,0.1,0.11,0.1,0.1,251000,15,26000
2012-04-04,0.1,0.1,0.1,0.1,152000,6,15200
2012-04-05,0.1,0.1,0.1,0.1,235000,5,23500
2012-04-09,0.1,0.1,0.1,0.1,27000,1,2700
2012-04-10,0.1,0.1,0.1,0.1,235000,7,23500
2012-04-11,0.11,0.11,0.11,0.11,20000,1,2200
2012-04-12,0.11,0.11,0.11,0.11,5000,2,550
2012-04-13,0.1,0.1,0.1,0.1,150000,2,15000
2012-04-16,0.1,0.1,0.1,0.1,10000,3,1000
2012-04-17,0.11,0.11,0.1,0.1,60000,2,6400
2012-04-18,0.1,0.1,0.1,0.1,257000,4,25700
2012-04-19,0.1,0.1,0.1,0.1,191000,2,19100
2012-04-20,0.1,0.11,0.1,0.1,57000,4,5710
2012-04-23,0.1,0.11,0.1,0.1,1153000,23,115500
2012-04-24,0.1,0.1,0.1,0.1,669000,13,66900
2012-04-25,0.1,0.1,0.1,0.1,166000,8,16600
2012-04-26,0.11,0.11,0.1,0.1,106000,10,10610
2012-04-27,0.1,0.1,0.1,0.1,48000,3,4800
2012-04-30,0.1,0.1,0.1,0.1,160000,1,16000
2012-05-02,0.1,0.11,0.1,0.11,4038000,17,406800
2012-05-03,0.1,0.1,0.1,0.1,76000,2,7600
2012-05-04,0.11,0.11,0.1,0.11,145000,11,15600
2012-05-07,0.1,0.1,0.1,0.1,115000,6,11500
2012-05-08,0.1,0.1,0.1,0.1,11000,1,1100
2012-05-09,0.1,0.1,0.1,0.1,87000,5,8700
2012-05-10,0.1,0.11,0.1,0.11,1109000,7,120940
2012-05-11,0.1,0.1,0.1,0.1,100000,4,10000
2012-05-14,0.1,0.1,0.1,0.1,194000,10,19400
2012-05-15,0.1,0.11,0.1,0.1,71000,7,7300
2012-05-16,0.1,0.1,0.1,0.1,55000,5,5500
2012-05-17,0.1,0.1,0.1,0.1,206000,14,20600
2012-05-18,0.1,0.1,0.1,0.1,452000,15,45200
2012-05-21,0.1,0.1,0.1,0.1,208000,9,20800
2012-05-22,0.1,0.1,0.1,0.1,33000,4,3300
2012-05-23,0.1,0.11,0.1,0.1,306000,7,31610
2012-05-24,0.1,0.1,0.1,0.1,358000,6,35800
2012-05-25,0.1,0.11,0.1,0.11,399000,6,40830
2012-05-28,0.1,0.11,0.1,0.1,25000,3,2510
2012-05-29,0.11,0.11,0.1,0.1,1020000,6,112060
2012-05-30,0.1,0.1,0.1,0.1,73000,3,7300
2012-05-31,0.1,0.1,0.1,0.1,274000,5,27400
2012-06-01,0.1,0.1,0.1,0.1,100000,1,10000
2012-06-04,0.1,0.1,0.1,0.1,75000,4,7500
2012-06-05,0.1,0.1,0.1,0.1,2409000,13,240900
2012-06-06,0.1,0.1,0.1,0.1,667000,13,66700
2012-06-08,0.1,0.11,0.1,0.1,104000,6,10430
2012-06-11,0.1,0.1,0.1,0.1,180000,1,18000
2012-06-12,0.1,0.1,0.1,0.1,84000,3,8400
2012-06-14,0.1,0.11,0.1,0.11,79000,6,7920
2012-06-15,0.1,0.11,0.1,0.11,63000,3,6310
2012-06-18,0.1,0.1,0.1,0.1,2000,2,200
2012-06-19,0.1,0.1,0.1,0.1,85000,3,8500
2012-06-20,0.1,0.1,0.1,0.1,140000,2,14000
2012-06-21,0.11,0.11,0.11,0.11,12000,4,1320
2012-06-22,0.11,0.11,0.11,0.11,1000,1,110
2012-06-25,0.1,0.1,0.1,0.1,35000,4,3500
2012-06-27,0.1,0.1,0.1,0.1,317000,5,31700
2012-06-28,0.1,0.1,0.1,0.1,15000,2,1500
2012-06-29,0.1,0.11,0.1,0.11,149000,4,15090
2012-07-02,0.11,0.11,0.1,0.1,112000,4,11220
2012-07-03,0.1,0.1,0.1,0.1,57000,3,5700
2012-07-04,0.1,0.11,0.1,0.11,186000,4,18610
2012-07-05,0.1,0.1,0.1,0.1,61000,5,6100
2012-07-06,0.11,0.11,0.11,0.11,2000,2,220
2012-07-10,0.1,0.1,0.1,0.1,135000,10,13500
2012-07-11,0.1,0.1,0.1,0.1,10000,3,1000
2012-07-12,0.1,0.1,0.1,0.1,20000,3,2000
2012-07-13,0.1,0.1,0.1,0.1,2000,2,200
2012-07-17,0.1,0.1,0.09,0.09,20000,2,1900
2012-07-18,0.1,0.1,0.09,0.09,120000,3,11800
2012-07-19,0.1,0.1,0.1,0.1,5000,1,500
2012-07-25,0.09,0.09,0.09,0.09,27000,8,2430
2012-07-27,0.1,0.1,0.1,0.1,6000,2,600
2012-07-31,0.1,0.1,0.1,0.1,1000,1,100
2012-08-01,0.09,0.1,0.09,0.1,72000,20,6680
2012-08-02,0.1,0.1,0.09,0.09,3000,3,280
2012-08-03,0.1,0.1,0.1,0.1,1020000,4,102000
2012-08-06,0.1,0.1,0.1,0.1,5000,1,500
2012-08-08,0.09,0.1,0.09,0.09,43000,9,3970
2012-08-09,0.09,0.1,0.09,0.1,115000,16,11250
2012-08-10,0.1,0.1,0.1,0.1,24000,7,2400
2012-08-13,0.09,0.09,0.09,0.09,102000,5,9180
2012-08-15,0.1,0.1,0.1,0.1,1000,1,100
2012-08-16,0.1,0.1,0.09,0.09,234000,9,21580
2012-08-17,0.09,0.09,0.09,0.09,20000,4,1800
2012-08-21,0.09,0.09,0.09,0.09,10000,2,900
2012-08-22,0.1,0.1,0.1,0.1,3000,2,300
2012-08-23,0.1,0.1,0.1,0.1,48000,20,4800
2012-08-24,0.1,0.1,0.09,0.09,16000,7,1520
2012-08-27,0.09,0.09,0.09,0.09,92000,6,8280
2012-08-28,0.09,0.09,0.09,0.09,17000,5,1530
2012-08-29,0.09,0.09,0.09,0.09,63000,5,5670
2012-08-30,0.09,0.09,0.09,0.09,36000,4,3240
2012-08-31,0.09,0.1,0.09,0.09,24000,6,2270
2012-09-03,0.09,0.09,0.09,0.09,50000,3,4500
2012-09-04,0.09,0.09,0.09,0.09,56000,12,5040
2012-09-05,0.09,0.1,0.09,0.1,191000,5,17200
2012-09-06,0.1,0.1,0.1,0.1,66000,6,6600
2012-09-10,0.09,0.1,0.09,0.09,303000,19,27280
2012-09-11,0.09,0.09,0.09,0.09,42000,5,3780
2012-09-12,0.09,0.1,0.09,0.09,41000,7,3710
2012-09-13,0.09,0.09,0.09,0.09,113000,6,10170
2012-09-14,0.09,0.09,0.09,0.09,50000,4,4500
2012-09-17,0.09,0.09,0.09,0.09,43000,3,3870
2012-09-19,0.09,0.09,0.09,0.09,22000,4,1980
2012-09-20,0.1,0.1,0.09,0.09,58000,6,5230
2012-09-21,0.1,0.1,0.1,0.1,1104000,6,110400
2012-09-24,0.09,0.1,0.09,0.09,135000,6,13190
2012-09-25,0.09,0.09,0.09,0.09,17000,5,1530
2012-09-26,0.1,0.1,0.09,0.09,236000,4,22960
2012-09-27,0.1,0.1,0.09,0.09,22000,3,2000
2012-09-28,0.09,0.09,0.09,0.09,8000,2,720
2012-10-01,0.09,0.09,0.09,0.09,1000,1,90
2012-10-03,0.09,0.09,0.09,0.09,5000,1,450
2012-10-04,0.1,0.1,0.09,0.1,236000,7,23100
2012-10-05,0.09,0.09,0.09,0.09,39000,3,3510
2012-10-08,0.09,0.09,0.09,0.09,6000,2,540
2012-10-10,0.1,0.1,0.1,0.1,101000,2,10100
2012-10-11,0.09,0.09,0.09,0.09,143000,14,12870
2012-10-16,0.09,0.09,0.09,0.09,3000,1,270
2012-10-17,0.1,0.1,0.1,0.1,40000,13,4000
2012-10-18,0.1,0.1,0.1,0.1,20000,3,2000
2012-10-22,0.09,0.1,0.09,0.1,694000,6,69340
2012-10-23,0.09,0.09,0.09,0.09,1002000,14,90180
2012-10-24,0.09,0.09,0.09,0.09,991000,7,89190
2012-10-25,0.09,0.09,0.09,0.09,1220000,15,109800
2012-10-26,0.09,0.09,0.09,0.09,341000,18,30690
2012-10-31,0.08,0.08,0.08,0.08,19000,2,1520
2012-11-07,0.08,0.08,0.08,0.08,153000,18,12240
2012-11-08,0.08,0.08,0.08,0.08,205000,3,16400
2012-11-09,0.08,0.08,0.08,0.08,254000,7,20320
2012-11-13,0.08,0.08,0.08,0.08,1000,1,80
2012-11-16,0.08,0.08,0.08,0.08,42000,4,3360
2012-11-19,0.08,0.08,0.08,0.08,190000,10,15200
2012-11-21,0.08,0.08,0.07,0.07,81000,5,6080
2012-11-22,0.07,0.08,0.07,0.08,62000,5,4690
2012-11-23,0.08,0.08,0.08,0.08,264000,7,21120
2012-11-26,0.09,0.09,0.09,0.09,1000,1,90
2012-11-27,0.09,0.09,0.09,0.09,1000,1,90
2012-11-28,0.08,0.08,0.08,0.08,29000,4,2320
2012-11-29,0.08,0.08,0.08,0.08,2000,2,160
2012-12-03,0.08,0.08,0.08,0.08,13000,2,1040
2012-12-05,0.08,0.08,0.08,0.08,85000,5,6800
2012-12-07,0.09,0.09,0.09,0.09,1000,1,90
2012-12-10,0.08,0.08,0.08,0.08,81000,6,6480
2012-12-11,0.08,0.08,0.08,0.08,5000,2,400
2012-12-12,0.08,0.08,0.08,0.08,10000,2,800
2012-12-14,0.08,0.08,0.08,0.08,10000,2,800
2012-12-17,0.08,0.09,0.08,0.09,32000,5,2570
2012-12-18,0.09,0.09,0.09,0.09,1010000,3,90900
2012-12-19,0.08,0.08,0.08,0.08,23000,3,1840
2012-12-21,0.09,0.09,0.09,0.09,574000,3,51660
2012-12-26,0.08,0.08,0.08,0.08,10000,1,800
2013-01-02,0.08,0.08,0.08,0.08,25000,3,2000
2013-01-03,0.08,0.09,0.08,0.09,214000,6,19250
2013-01-08,0.08,0.08,0.08,0.08,3000,2,240
2013-01-10,0.08,0.08,0.08,0.08,10000,3,800
2013-01-11,0.08,0.08,0.08,0.08,50000,2,4000
2013-01-14,0.08,0.08,0.08,0.08,60000,2,4800
2013-01-15,0.08,0.08,0.08,0.08,48000,4,3840
2013-01-16,0.09,0.09,0.08,0.08,2313000,18,208150
2013-01-17,0.09,0.09,0.09,0.09,777000,6,69930
2013-01-18,0.09,0.09,0.09,0.09,109000,4,9810
2013-01-21,0.09,0.09,0.09,0.09,79000,1,7110
2013-01-23,0.09,0.1,0.09,0.1,138000,9,12430
2013-01-24,0.09,0.09,0.09,0.09,159000,7,14310
2013-01-29,0.09,0.09,0.09,0.09,10000,1,900
2013-01-30,0.09,0.09,0.08,0.08,4000,4,330
2013-02-01,0.08,0.08,0.08,0.08,170000,10,13600
2013-02-04,0.09,0.09,0.08,0.08,73000,3,5950
2013-02-07,0.08,0.08,0.08,0.08,8000,3,640
2013-02-14,0.08,0.08,0.08,0.08,124000,12,9920
2013-02-15,0.08,0.08,0.08,0.08,1443000,8,115440
2013-02-18,0.08,0.08,0.08,0.08,54000,11,4320
2013-02-19,0.08,0.08,0.08,0.08,38000,6,3040
2013-02-20,0.08,0.08,0.08,0.08,80000,2,6400
2013-02-21,0.08,0.08,0.08,0.08,25000,2,2000
2013-02-22,0.08,0.08,0.08,0.08,30000,5,2400
2013-02-25,0.08,0.08,0.08,0.08,35000,7,2800
2013-02-26,0.08,0.08,0.08,0.08,11000,3,880
2013-02-27,0.08,0.08,0.08,0.08,62000,24,4960
2013-02-28,0.08,0.08,0.08,0.08,125000,8,10000
2013-03-01,0.08,0.08,0.08,0.08,73000,24,5840
2013-03-04,0.08,0.08,0.08,0.08,65000,5,5200
2013-03-06,0.09,0.09,0.09,0.09,10000,2,900
2013-03-07,0.08,0.08,0.08,0.08,20000,1,1600
2013-03-08,0.08,0.08,0.08,0.08,66000,6,5280
2013-03-11,0.09,0.09,0.08,0.08,5000,4,420
2013-03-13,0.08,0.08,0.08,0.08,10000,1,800
2013-03-15,0.08,0.1,0.08,0.09,3042000,56,271210
2013-03-18,0.09,0.09,0.09,0.09,220000,11,19800
2013-03-19,0.09,0.09,0.09,0.09,257000,5,23130
2013-03-20,0.09,0.1,0.09,0.1,124000,3,12060
2013-03-22,0.09,0.09,0.09,0.09,381000,9,34290
2013-03-25,0.09,0.09,0.09,0.09,313000,6,28170
2013-03-26,0.09,0.09,0.09,0.09,6000,1,540
2013-03-27,0.09,0.09,0.09,0.09,443000,7,39870
2013-03-28,0.09,0.09,0.09,0.09,150000,2,13500
2013-04-02,0.09,0.09,0.09,0.09,42000,1,3780
2013-04-04,0.08,0.08,0.08,0.08,66000,5,5280
2013-04-05,0.09,0.09,0.09,0.09,1600000,5,144000
2013-04-08,0.09,0.09,0.09,0.09,642000,10,57780
2013-04-09,0.09,0.09,0.09,0.09,206000,4,18540
2013-04-10,0.09,0.09,0.09,0.09,15000,1,1350
2013-04-11,0.09,0.09,0.08,0.09,908000,10,81710
2013-04-16,0.08,0.09,0.08,0.09,2000,2,170
2013-04-18,0.09,0.09,0.09,0.09,13000,3,1170
2013-04-23,0.08,0.09,0.08,0.09,37000,4,2970
2013-04-24,0.09,0.09,0.09,0.09,2047000,3,184230
2013-04-25,0.08,0.09,0.08,0.09,77000,8,6170
2013-04-29,0.08,0.09,0.08,0.09,93000,3,7450
2013-04-30,0.08,0.09,0.08,0.09,21000,2,1690
2013-05-02,0.08,0.08,0.08,0.08,140000,1,11200
2013-05-06,0.08,0.08,0.08,0.08,49000,2,3920
2013-05-07,0.08,0.08,0.08,0.08,51000,2,4080
2013-05-08,0.08,0.08,0.08,0.08,248000,5,19840
2013-05-09,0.08,0.09,0.08,0.09,9000,2,730
2013-05-10,0.09,0.09,0.09,0.09,13000,2,1170
2013-05-13,0.09,0.09,0.08,0.09,506000,4,45530
2013-05-14,0.08,0.08,0.08,0.08,1464000,4,117120
2013-05-15,0.08,0.08,0.08,0.08,61000,3,4880
2013-05-16,0.09,0.09,0.09,0.09,1000,1,90
2013-05-17,0.09,0.09,0.08,0.08,11000,2,890
2013-05-20,0.08,0.08,0.08,0.08,20000,4,1600
2013-05-21,0.08,0.08,0.08,0.08,186000,9,14880
2013-05-22,0.09,0.09,0.08,0.08,37000,8,3130
2013-05-23,0.08,0.08,0.08,0.08,56000,14,4480
2013-05-24,0.08,0.08,0.08,0.08,91000,10,7280
2013-05-27,0.08,0.08,0.08,0.08,29000,8,2320
2013-05-28,0.08,0.09,0.08,0.08,4520000,33,361650
2013-05-29,0.08,0.08,0.08,0.08,5000,1,400
2013-05-31,0.09,0.09,0.09,0.09,40000,3,3600
2013-06-03,0.08,0.08,0.08,0.08,53000,3,4240
2013-06-05,0.09,0.09,0.09,0.09,4000,2,360
2013-06-06,0.09,0.09,0.08,0.08,10000,3,840
2013-06-07,0.08,0.09,0.08,0.09,45000,5,3710
2013-06-10,0.08,0.09,0.08,0.08,31000,5,2540
2013-06-11,0.08,0.09,0.08,0.08,1782000,12,152780
2013-06-12,0.08,0.08,0.08,0.08,789000,8,63120
2013-06-13,0.08,0.08,0.08,0.08,162000,3,12960
2013-06-14,0.08,0.08,0.08,0.08,16000,3,1280
2013-06-17,0.08,0.09,0.08,0.08,518000,12,41490
2013-06-20,0.07,0.07,0.07,0.07,1000,1,70
2013-06-21,0.08,0.08,0.08,0.08,151000,6,12080
2013-06-25,0.08,0.08,0.08,0.08,709000,2,56720
2013-06-27,0.08,0.08,0.07,0.07,15000,5,1100
2013-06-28,0.07,0.07,0.07,0.07,50000,5,3500
2013-07-01,0.07,0.07,0.07,0.07,42000,3,2940
2013-07-02,0.08,0.08,0.07,0.07,3107000,13,217500
2013-07-03,0.06,0.07,0.06,0.07,885000,12,53130
2013-07-04,0.07,0.07,0.07,0.07,28000,3,1960
2013-07-05,0.06,0.06,0.05,0.06,452000,16,26820
2013-07-08,0.06,0.06,0.06,0.06,55000,3,3300
2013-07-10,0.06,0.06,0.06,0.06,10000,1,600
2013-07-11,0.05,0.06,0.05,0.06,96000,9,5640
2013-07-12,0.06,0.07,0.06,0.07,717000,17,43030
2013-07-15,0.07,0.08,0.07,0.07,573000,11,40120
2013-07-16,0.07,0.08,0.07,0.08,100000,4,7050
2013-07-17,0.08,0.08,0.07,0.08,45000,5,3400
2013-07-18,0.07,0.07,0.07,0.07,6000,1,420
2013-07-19,0.07,0.07,0.07,0.07,568000,6,39760
2013-07-22,0.07,0.07,0.06,0.07,38000,6,2630
2013-07-23,0.07,0.07,0.07,0.07,5000,3,350
2013-07-24,0.07,0.08,0.06,0.06,577000,7,40090
2013-07-26,0.07,0.08,0.07,0.08,30000,3,2120
2013-07-30,0.07,0.08,0.07,0.07,68000,6,4810
2013-08-01,0.07,0.07,0.06,0.06,12000,3,740
2013-08-02,0.06,0.06,0.06,0.06,32000,15,1920
2013-08-05,0.07,0.07,0.07,0.07,25000,10,1750
2013-08-06,0.07,0.07,0.07,0.07,3000,2,210
2013-08-07,0.07,0.07,0.07,0.07,10000,1,700
2013-08-08,0.07,0.07,0.07,0.07,14000,7,980
2013-08-09,0.07,0.07,0.07,0.07,3000,2,210
2013-08-13,0.07,0.07,0.07,0.07,1000,1,70
2013-08-14,0.06,0.06,0.06,0.06,2000,2,120
2013-08-15,0.07,0.07,0.07,0.07,24000,4,1680
2013-08-19,0.07,0.07,0.06,0.06,1077000,16,64890
2013-08-20,0.06,0.07,0.06,0.07,17000,3,1030
2013-08-22,0.07,0.07,0.07,0.07,64000,7,4480
2013-08-27,0.07,0.07,0.07,0.07,38000,10,2660
2013-08-28,0.07,0.07,0.07,0.07,25000,3,1750
2013-08-29,0.07,0.07,0.06,0.06,44000,8,3000
2013-08-30,0.07,0.07,0.06,0.06,35000,8,2420
2013-09-02,0.07,0.07,0.07,0.07,10000,3,700
2013-09-03,0.07,0.07,0.07,0.07,6000,4,420
2013-09-04,0.07,0.07,0.06,0.07,137000,15,9090
2013-09-05,0.07,0.07,0.06,0.07,654000,9,45520
2013-09-06,0.06,0.07,0.06,0.07,141000,19,8980
2013-09-09,0.06,0.06,0.06,0.06,1000,1,60
2013-09-10,0.06,0.06,0.06,0.06,21000,3,1260
2013-09-11,0.06,0.06,0.06,0.06,99000,6,5940
2013-09-13,0.06,0.06,0.06,0.06,3000,2,180
2013-09-16,0.06,0.06,0.06,0.06,150000,9,9000
2013-09-19,0.06,0.07,0.06,0.07,44000,11,2890
2013-09-20,0.07,0.07,0.06,0.07,5000,3,330
2013-09-23,0.06,0.12,0.06,0.09,10416000,304,980420
2013-09-24,0.1,0.11,0.09,0.09,1181000,64,117210
2013-09-25,0.1,0.1,0.09,0.1,316000,23,30530
2013-09-26,0.1,0.1,0.09,0.09,492000,18,44930
2013-09-27,0.09,0.1,0.09,0.09,247000,33,22350
2013-09-30,0.09,0.1,0.09,0.09,364000,16,32770
2013-10-01,0.1,0.1,0.09,0.09,113000,29,10410
2013-10-02,0.09,0.1,0.09,0.09,423000,21,38130
2013-10-03,0.1,0.1,0.09,0.1,45000,7,4470
2013-10-04,0.09,0.1,0.09,0.09,207000,10,18650
2013-10-07,0.1,0.1,0.09,0.09,235000,7,21480
2013-10-08,0.1,0.1,0.09,0.1,548000,76,54720
2013-10-09,0.1,0.1,0.09,0.09,549000,46,53030
2013-10-10,0.1,0.1,0.09,0.09,343000,24,32630
2013-10-11,0.09,0.1,0.09,0.1,50000,13,4560
2013-10-14,0.09,0.1,0.09,0.09,202000,22,18330
2013-10-15,0.09,0.1,0.09,0.09,303000,44,27300
2013-10-16,0.1,0.1,0.09,0.09,80000,6,7900
2013-10-17,0.09,0.1,0.09,0.1,3000,3,280
2013-10-21,0.09,0.09,0.09,0.09,371000,10,33390
2013-10-22,0.09,0.1,0.08,0.09,206000,27,18540
2013-10-24,0.09,0.09,0.09,0.09,384000,10,34560
2013-10-25,0.09,0.09,0.09,0.09,42000,5,3780
2013-10-28,0.09,0.1,0.09,0.09,63000,34,5680
2013-10-29,0.09,0.09,0.09,0.09,131000,4,11790
2013-10-30,0.09,0.1,0.09,0.1,166000,11,14980
2013-10-31,0.1,0.1,0.09,0.09,155000,21,14960
2013-11-01,0.09,0.09,0.09,0.09,9000,1,810
2013-11-04,0.09,0.1,0.09,0.09,1035000,5,103350
2013-11-05,0.09,0.1,0.09,0.1,31000,4,2800
2013-11-06,0.1,0.1,0.08,0.09,197000,23,17470
2013-11-08,0.1,0.1,0.1,0.1,1000,1,100
2013-11-11,0.09,0.09,0.09,0.09,4000,2,360
2013-11-12,0.08,0.09,0.08,0.08,4000,4,330
2013-11-13,0.08,0.08,0.08,0.08,10000,6,800
2013-11-18,0.09,0.09,0.08,0.08,106000,7,9250
2013-11-19,0.09,0.09,0.08,0.08,84000,7,7230
2013-11-21,0.08,0.08,0.08,0.08,110000,4,8800
2013-11-22,0.08,0.08,0.08,0.08,1000,1,80
2013-11-25,0.08,0.08,0.08,0.08,883000,15,70640
2013-11-26,0.08,0.08,0.07,0.07,451000,17,33810
2013-11-27,0.07,0.09,0.07,0.08,1467000,64,117380
2013-11-28,0.08,0.08,0.08,0.08,211000,39,16880
2013-11-29,0.08,0.08,0.08,0.08,69000,6,5520
2013-12-02,0.08,0.08,0.07,0.07,156000,24,11460
2013-12-03,0.08,0.08,0.07,0.07,162000,27,12440
2013-12-04,0.07,0.07,0.07,0.07,94000,5,6580
2013-12-05,0.07,0.08,0.07,0.08,614000,42,46910
2013-12-06,0.08,0.08,0.08,0.08,116000,21,9280
2013-12-09,0.08,0.08,0.08,0.08,32000,11,2560
2013-12-10,0.08,0.08,0.08,0.08,1000,1,80
2013-12-11,0.08,0.08,0.07,0.07,109000,14,7930
2013-12-12,0.08,0.08,0.08,0.08,141000,8,11280
2013-12-13,0.07,0.08,0.07,0.07,148000,16,11380
2013-12-16,0.08,0.08,0.08,0.08,276000,25,22080
2013-12-17,0.08,0.09,0.08,0.08,1354000,18,118520
2013-12-18,0.08,0.09,0.08,0.08,72000,16,5870
2013-12-19,0.08,0.09,0.08,0.09,51000,5,4210
2013-12-20,0.09,0.09,0.08,0.09,83000,5,7180
2013-12-23,0.08,0.09,0.08,0.09,71000,4,5690
2014-01-02,0.09,0.09,0.09,0.09,102000,2,9180
2014-01-03,0.08,0.08,0.08,0.08,7000,3,560
2014-01-06,0.08,0.08,0.07,0.07,176000,10,14070
2014-01-07,0.08,0.08,0.08,0.08,2000,1,160
2014-01-09,0.09,0.09,0.08,0.08,7000,2,570
2014-01-10,0.08,0.08,0.07,0.07,53000,8,3850
2014-01-13,0.08,0.09,0.08,0.09,587000,44,52170
2014-01-14,0.09,0.09,0.08,0.09,26000,4,2290
2014-01-15,0.09,0.1,0.08,0.09,333000,23,29780
2014-01-16,0.09,0.09,0.09,0.09,72000,4,6480
2014-01-20,0.08,0.08,0.08,0.08,129000,5,10320
2014-01-21,0.08,0.08,0.08,0.08,85000,5,6800
2014-01-22,0.08,0.08,0.08,0.08,56000,6,4480
2014-01-23,0.08,0.08,0.07,0.08,76000,12,6050
2014-01-24,0.08,0.08,0.07,0.08,62000,5,4950
2014-01-27,0.08,0.08,0.08,0.08,6000,3,480
2014-01-29,0.08,0.08,0.08,0.08,6000,3,480
2014-01-30,0.08,0.08,0.07,0.07,12000,5,950
2014-01-31,0.08,0.08,0.08,0.08,178000,35,14240
2014-02-03,0.08,0.08,0.07,0.07,301000,4,22080
2014-02-04,0.07,0.08,0.07,0.07,111000,21,8030
2014-02-05,0.08,0.08,0.08,0.08,90000,13,7200
2014-02-06,0.08,0.08,0.08,0.08,10000,2,800
2014-02-07,0.08,0.08,0.08,0.08,1000,1,80
2014-02-10,0.07,0.08,0.07,0.08,213000,8,14960
2014-02-11,0.07,0.07,0.07,0.07,89000,10,6230
2014-02-12,0.08,0.08,0.07,0.07,11000,6,830
2014-02-13,0.08,0.08,0.08,0.08,10000,8,800
2014-02-14,0.07,0.07,0.07,0.07,41000,5,2870
2014-02-17,0.07,0.07,0.07,0.07,30000,4,2100
2014-02-18,0.07,0.07,0.07,0.07,33000,7,2310
2014-02-20,0.07,0.07,0.07,0.07,2190000,29,153300
2014-02-21,0.07,0.08,0.07,0.08,11000,2,870
2014-02-24,0.07,0.07,0.07,0.07,67000,9,4690
2014-02-26,0.08,0.08,0.08,0.08,9000,3,720
2014-02-27,0.07,0.07,0.07,0.07,79000,15,5530
2014-02-28,0.07,0.07,0.06,0.07,395000,23,27640
2014-03-05,0.07,0.07,0.07,0.07,40000,2,2800
2014-03-06,0.08,0.08,0.07,0.07,18000,5,1320
2014-03-07,0.07,0.07,0.06,0.06,20000,3,1310
2014-03-10,0.07,0.07,0.07,0.07,10000,2,700
2014-03-11,0.07,0.07,0.07,0.07,36000,4,2520
2014-03-14,0.07,0.07,0.06,0.07,157000,5,10890
2014-03-18,0.07,0.07,0.07,0.07,103000,5,7210
2014-03-19,0.07,0.08,0.07,0.08,41000,3,2900
2014-03-21,0.07,0.08,0.07,0.07,271000,18,19090
2014-03-24,0.07,0.07,0.07,0.07,10000,1,700
2014-03-26,0.07,0.07,0.07,0.07,6000,1,420
2014-03-27,0.07,0.07,0.06,0.07,166000,7,11120
2014-03-28,0.07,0.07,0.07,0.07,177000,6,12390
2014-04-01,0.07,0.07,0.07,0.07,4000,1,280
2014-04-02,0.07,0.07,0.07,0.07,3000,1,210
2014-04-03,0.07,0.07,0.07,0.07,28000,3,1960
2014-04-04,0.07,0.07,0.06,0.06,21000,4,1370
2014-04-07,0.06,0.06,0.06,0.06,133000,12,7980
2014-04-09,0.07,0.07,0.07,0.07,181000,19,12670
2014-04-10,0.07,0.07,0.07,0.07,14000,2,980
2014-04-15,0.06,0.07,0.06,0.07,19000,6,1160
2014-04-16,0.07,0.07,0.07,0.07,40000,6,2800
2014-04-17,0.07,0.07,0.06,0.07,74000,5,5030
2014-04-24,0.07,0.08,0.07,0.08,165000,19,11890
2014-04-25,0.07,0.08,0.07,0.08,28000,7,1970
2014-04-29,0.07,0.08,0.07,0.08,27000,3,1900
2014-04-30,0.07,0.07,0.07,0.07,5000,2,350
2014-05-02,0.07,0.07,0.07,0.07,1000,1,70
2014-05-09,0.07,0.08,0.07,0.07,9000,3,650
2014-05-12,0.07,0.07,0.07,0.07,25000,7,1750
2014-05-14,0.08,0.08,0.07,0.07,23000,4,1640
2014-05-15,0.1,0.11,0.09,0.1,5740000,342,554510
2014-05-16,0.1,0.1,0.09,0.1,1463000,45,144070
2014-05-19,0.09,0.1,0.09,0.09,1332000,29,120300
2014-05-20,0.1,0.1,0.09,0.1,899000,30,89190
2014-05-21,0.09,0.1,0.09,0.1,424000,15,38280
2014-05-22,0.1,0.1,0.09,0.09,301000,19,29450
2014-05-23,0.09,0.1,0.09,0.09,324000,27,29170
2014-05-26,0.09,0.1,0.09,0.09,129000,7,11620
2014-05-27,0.09,0.1,0.09,0.09,349000,23,31420
2014-05-28,0.1,0.1,0.09,0.09,486000,22,46940
2014-05-29,0.09,0.1,0.09,0.1,840000,47,81320
2014-05-30,0.1,0.1,0.09,0.1,211000,31,20850
2014-06-02,0.09,0.09,0.09,0.09,49000,7,4410
2014-06-03,0.09,0.09,0.09,0.09,84000,10,7560
2014-06-04,0.1,0.1,0.1,0.1,15000,1,1500
2014-06-05,0.09,0.09,0.09,0.09,205000,4,18450
2014-06-06,0.09,0.1,0.09,0.09,230000,41,20980
2014-06-09,0.1,0.1,0.1,0.1,32000,2,3200
2014-06-10,0.1,0.1,0.1,0.1,1035000,6,103500
2014-06-11,0.09,0.1,0.09,0.1,47000,13,4280
2014-06-13,0.09,0.1,0.09,0.1,755000,24,67960
2014-06-16,0.1,0.1,0.09,0.09,388000,17,37330
2014-06-17,0.09,0.1,0.09,0.1,296000,14,26650
2014-06-18,0.1,0.1,0.1,0.1,215000,8,21500
2014-06-20,0.11,0.12,0.1,0.11,4961000,106,543720
2014-06-23,0.1,0.1,0.1,0.1,92000,25,9200
2014-06-24,0.1,0.11,0.1,0.1,137000,10,13710
2014-06-25,0.11,0.12,0.1,0.11,1370000,55,150620
2014-06-26,0.11,0.11,0.11,0.11,4000,3,440
2014-06-27,0.1,0.11,0.1,0.11,501000,14,55100
2014-06-30,0.1,0.11,0.1,0.1,203000,8,20680
2014-07-01,0.1,0.11,0.1,0.1,4000,3,420
2014-07-02,0.1,0.11,0.1,0.11,1767000,22,193700
2014-07-03,0.11,0.11,0.1,0.11,152000,10,16710
2014-07-04,0.1,0.11,0.1,0.11,86000,9,8610
2014-07-07,0.1,0.11,0.1,0.1,311000,6,34100
2014-07-08,0.11,0.11,0.1,0.11,127000,6,13220
2014-07-10,0.1,0.1,0.1,0.1,2000,2,200
2014-07-11,0.11,0.11,0.1,0.1,122000,5,12210
2014-07-14,0.11,0.11,0.1,0.1,462000,10,49910
2014-07-15,0.1,0.11,0.1,0.11,674000,17,74130
2014-07-16,0.11,0.11,0.11,0.11,1027000,6,112970
2014-07-17,0.11,0.11,0.11,0.11,582000,8,64020
2014-07-18,0.11,0.11,0.11,0.11,447000,10,49170
2014-07-21,0.12,0.12,0.11,0.11,263000,5,30830
2014-07-22,0.11,0.11,0.11,0.11,137000,8,15070
2014-07-23,0.11,0.12,0.11,0.12,156000,4,17180
2014-07-24,0.11,0.11,0.11,0.11,115000,3,12650
2014-07-28,0.11,0.11,0.11,0.11,271000,2,29810
2014-07-29,0.11,0.11,0.11,0.11,94000,3,10340
2014-07-31,0.11,0.11,0.11,0.11,2000,1,220
2014-08-01,0.11,0.11,0.11,0.11,8000,1,880
2014-08-04,0.11,0.11,0.11,0.11,15000,2,1650
2014-08-06,0.11,0.11,0.11,0.11,100000,1,11000
2014-08-07,0.11,0.11,0.11,0.11,5000,1,550
2014-08-08,0.11,0.11,0.11,0.11,32000,4,3520
2014-08-11,0.11,0.11,0.11,0.11,119000,3,13090
2014-08-12,0.11,0.11,0.1,0.1,53000,5,5600
2014-08-13,0.11,0.12,0.11,0.12,1602000,18,176230
2014-08-14,0.11,0.11,0.11,0.11,30000,2,3300
2014-08-15,0.11,0.11,0.11,0.11,71000,3,7810
2014-08-18,0.11,0.11,0.11,0.11,551000,9,60610
2014-08-19,0.11,0.11,0.11,0.11,145000,3,15950
2014-08-20,0.11,0.11,0.11,0.11,172000,2,18920
2014-08-21,0.11,0.11,0.11,0.11,651000,9,71610
2014-08-22,0.11,0.11,0.11,0.11,1000,1,110
2014-08-25,0.11,0.11,0.11,0.11,2000,2,220
2014-08-26,0.11,0.11,0.11,0.11,16000,3,1760
2014-08-27,0.11,0.11,0.11,0.11,200000,1,22000
2014-08-28,0.11,0.11,0.11,0.11,10000,1,1100
2014-08-29,0.11,0.11,0.11,0.11,63000,2,6930
2014-09-01,0.11,0.11,0.11,0.11,67000,2,7370
2014-09-02,0.11,0.11,0.1,0.1,536000,4,58950
2014-09-03,0.11,0.12,0.11,0.11,1938000,10,223460
2014-09-04,0.11,0.11,0.11,0.11,10000,1,1100
2014-09-05,0.11,0.11,0.11,0.11,35000,6,3850
2014-09-08,0.11,0.11,0.11,0.11,32000,3,3520
2014-09-09,0.12,0.12,0.12,0.12,7000,2,840
2014-09-10,0.11,0.11,0.11,0.11,16000,5,1760
2014-09-11,0.11,0.11,0.11,0.11,42000,6,4620
2014-09-12,0.11,0.12,0.11,0.11,199000,12,21930
2014-09-15,0.11,0.11,0.11,0.11,233000,10,25630
2014-09-16,0.11,0.11,0.11,0.11,2964000,17,326040
2014-09-17,0.11,0.11,0.11,0.11,299000,12,32890
2014-09-18,0.11,0.11,0.11,0.11,37000,4,4070
2014-09-19,0.11,0.11,0.11,0.11,15261000,15,1678710
2014-09-22,0.11,0.11,0.11,0.11,306000,4,33660
2014-09-23,0.12,0.12,0.11,0.11,138000,4,15190
2014-09-24,0.11,0.11,0.11,0.11,18000,2,1980
2014-09-25,0.11,0.11,0.11,0.11,18000,1,1980
2014-09-29,0.11,0.11,0.11,0.11,152000,4,16720
2014-09-30,0.11,0.11,0.11,0.11,153000,2,16830
2014-10-01,0.11,0.11,0.11,0.11,190000,4,20900
2014-10-02,0.12,0.12,0.12,0.12,4000,1,480
2014-10-07,0.11,0.12,0.11,0.12,46000,3,5070
2014-10-08,0.11,0.11,0.11,0.11,30000,1,3300
2014-10-09,0.11,0.11,0.11,0.11,10000,1,1100
2014-10-10,0.11,0.11,0.11,0.11,20000,1,2200
2014-10-14,0.11,0.11,0.11,0.11,204000,4,22440
2014-10-16,0.11,0.11,0.11,0.11,20000,1,2200
