Date,Open,High,Low,Close,Volume,Neg,Fin
2020-11-12,20.65,22.38,20.25,20.9,2078600,4125,44088073
2020-11-13,21.0,21.35,20.8,20.8,470000,771,9832056
2020-11-16,21.15,21.25,20.97,21.0,175800,344,3703786
2020-11-17,20.94,20.99,20.65,20.99,256600,319,5377028
2020-11-18,20.99,21.07,20.9,20.9,96600,147,2021766
2020-11-19,21.0,21.04,20.82,20.9,84300,186,1763914
2020-11-20,20.98,21.34,20.9,20.9,50400,171,1061347
2020-11-23,20.96,21.35,20.96,21.02,77700,263,1646964
2020-11-24,21.15,21.5,21.15,21.32,1043300,256,22405467
2020-11-25,21.6,23.24,21.6,23.12,467200,454,10484521
2020-11-26,23.21,23.8,23.21,23.8,71400,281,1694007
2020-11-27,24.0,24.5,23.0,24.0,70500,256,1670953
2020-11-30,24.0,24.2,23.85,23.95,69500,381,1666286
2020-12-01,24.06,24.1,23.96,24.0,91500,390,2195626
2020-12-02,24.0,24.2,24.0,24.05,37600,136,907529
2020-12-03,25.0,26.5,24.04,24.5,477900,840,12063637
2020-12-04,24.76,26.39,24.7,25.24,801800,703,20050129
2020-12-07,25.24,26.69,24.67,26.43,73200,358,1915162
2020-12-08,26.6,27.65,26.6,27.4,123700,389,3392483
2020-12-09,27.56,28.89,27.33,27.92,208300,662,5810351
2020-12-10,28.75,28.89,27.89,28.11,100600,322,2832891
2020-12-11,28.15,30.9,27.57,29.46,105800,479,3081314
2020-12-14,31.95,35.0,31.27,32.0,294200,1647,9451154
2020-12-15,32.93,35.35,32.22,34.34,868700,1611,28718767
2020-12-16,34.98,35.84,33.4,34.0,368700,1782,12663358
2020-12-17,34.98,35.0,32.92,33.4,252700,1228,8484831
2020-12-18,34.8,34.8,32.96,34.05,346800,1436,11897174
2020-12-21,33.15,34.68,30.3,33.48,250800,1234,8380523
2020-12-22,34.55,34.82,33.91,34.5,163900,749,5646569
2020-12-23,34.53,37.23,34.52,36.0,442200,2154,15807418
2020-12-28,37.0,38.14,37.0,37.67,442100,1989,16670695
2020-12-29,38.0,38.56,37.4,37.55,329900,1317,12462147
2020-12-30,37.53,38.1,37.0,37.2,181500,920,6798612
2021-01-04,38.0,38.1,36.39,36.41,324700,1272,12058264
2021-01-05,36.88,37.79,36.0,37.59,321000,1840,11915826
2021-01-06,37.59,38.06,36.82,37.14,393100,2529,14599453
2021-01-07,37.14,37.63,36.29,36.5,1172200,1936,42919012
2021-01-08,36.58,37.2,35.51,35.51,359300,1924,12919580
2021-01-11,35.25,35.25,33.5,33.5,440400,2205,15027720
2021-01-12,34.49,35.0,33.99,34.03,317900,1768,10972335
2021-01-13,34.25,35.62,34.25,34.8,202100,1041,7062247
2021-01-14,34.92,36.0,34.85,36.0,248500,1215,8863370
2021-01-15,36.01,36.46,34.5,35.31,313000,1238,11057669
2021-01-18,35.49,35.9,34.62,35.42,115100,701,4071461
2021-01-19,36.55,37.35,35.6,35.6,712300,2840,25794455
2021-01-20,36.0,36.71,35.02,35.5,351600,1515,12581148
2021-01-21,35.5,35.66,34.73,35.0,188200,847,6607681
2021-01-22,34.53,34.8,33.85,34.28,215600,805,7399296
2021-01-26,34.99,35.36,31.93,32.29,657900,2567,22064276
2021-01-27,32.05,33.01,30.56,32.69,751400,2866,23689018
2021-01-28,32.31,34.21,32.31,33.5,160800,739,5363759
2021-01-29,33.31,34.31,32.0,32.5,178000,987,5834051
2021-02-01,34.0,34.45,32.94,33.06,597300,2784,20169911
2021-02-02,35.0,35.01,33.26,33.95,569700,2781,19520954
2021-02-03,33.97,34.8,33.5,34.26,425500,2151,14534328
2021-02-04,34.4,35.49,33.75,34.0,456700,2239,15785758
2021-02-05,34.0,34.73,33.84,34.57,539200,1488,18394357
2021-02-08,34.57,36.0,34.57,36.0,443400,1842,15812040
2021-02-09,36.41,37.45,35.2,35.69,486700,2359,17724718
2021-02-10,35.82,36.76,35.61,36.24,182200,977,6584979
2021-02-11,36.24,36.73,35.15,35.18,125500,706,4493103
2021-02-12,35.03,35.92,33.99,35.79,213500,1322,7507406
2021-02-17,35.93,37.7,35.93,37.7,432500,2048,16025209
2021-02-18,37.84,38.89,37.15,38.5,647300,2414,24777925
2021-02-19,38.9,39.0,37.3,37.87,274100,1440,10466395
2021-02-22,36.9,39.41,35.95,39.2,580700,2336,22002286
2021-02-23,39.2,39.86,37.7,38.37,371300,1680,14386234
2021-02-24,38.41,41.0,38.06,39.46,579400,2803,22894050
2021-02-25,39.7,40.48,37.81,38.02,392600,2059,15413378
2021-02-26,38.01,38.71,35.11,35.97,401200,2209,14711880
2021-03-01,37.29,40.88,36.71,38.91,2112300,7824,82641475
2021-03-02,38.91,41.88,38.53,41.59,1039800,4461,42008744
2021-03-03,41.4,44.37,39.6,40.6,1525200,6610,63745732
2021-03-04,41.2,42.99,40.9,41.51,483700,2547,20357456
2021-03-05,42.22,44.37,42.22,44.3,700400,3041,30439196
2021-03-08,45.31,46.4,42.35,43.6,990900,4409,44287740
2021-03-09,44.0,45.26,41.5,45.26,551400,2792,24308895
2021-03-10,45.6,46.7,45.13,46.5,416300,1998,19202245
2021-03-11,46.6,49.0,46.6,49.0,666000,2763,31938539
2021-03-12,49.05,50.99,47.01,47.5,934000,4038,45477749
2021-03-15,47.5,48.6,46.0,46.32,345700,1913,16332808
2021-03-16,46.3,47.01,44.48,44.48,549100,3450,24901387
2021-03-17,44.2,45.84,42.92,45.69,627400,2947,27877273
2021-03-18,45.79,46.84,42.21,42.54,560300,2875,24918059
2021-03-19,43.13,45.95,43.13,44.0,625500,2724,27633908
2021-03-22,43.98,44.57,42.8,42.8,248300,1499,10799989
2021-03-23,42.5,42.6,40.95,40.95,325400,1761,13598644
2021-03-24,41.61,42.35,40.41,41.2,448400,2116,18540474
2021-03-25,40.71,41.98,40.1,40.6,408500,1687,16755934
2021-03-26,41.57,42.6,39.08,39.4,822000,3915,33226183
2021-03-29,39.43,40.49,38.41,38.85,572000,3271,22632884
2021-03-30,38.86,40.6,37.75,39.3,926200,4812,36564892
2021-03-31,39.0,39.6,37.7,38.2,2760600,11277,105472771
2021-04-01,38.51,38.72,37.18,37.87,1816800,10240,68828986
2021-04-05,38.51,38.51,36.51,37.12,1068400,6522,39914103
2021-04-06,37.3,38.83,36.74,38.4,1603900,8696,60919642
2021-04-07,38.87,40.34,38.17,39.85,1944300,9239,76317555
2021-04-08,40.31,41.0,39.1,40.37,1489700,7510,59969640
2021-04-09,40.23,40.54,38.55,39.82,1060500,4760,41813206
2021-04-12,39.91,40.35,39.57,40.07,707100,3344,28251304
2021-04-13,40.29,40.29,39.77,39.96,956100,3869,38233984
2021-04-14,40.07,42.88,40.07,41.7,1783300,7958,74105080
2021-04-15,42.3,43.19,41.1,42.0,1276200,7186,53923235
2021-04-16,42.2,42.9,41.2,41.6,918200,4458,38320567
2021-04-19,42.01,43.94,41.83,43.0,1754500,7989,75790288
2021-04-20,43.0,44.89,43.0,43.65,1912900,9472,84222627
2021-04-22,44.3,44.5,42.7,44.08,1150600,5543,50646025
2021-04-23,44.55,46.1,44.09,45.87,1858700,8240,84183923
2021-04-26,45.87,47.15,45.05,45.15,1233900,6410,56376140
2021-04-27,45.15,46.1,44.78,45.5,1121500,7182,51028817
2021-04-28,45.64,46.46,42.57,45.8,1769700,8967,79743491
2021-04-29,46.16,47.42,45.11,45.73,1171800,6684,54075317
2021-04-30,45.73,46.29,43.15,43.67,3825400,13221,167675305
2021-05-03,43.69,43.84,41.7,42.0,1468800,7234,61883935
2021-05-04,42.26,42.7,40.56,41.0,1448700,7185,59856962
2021-05-05,41.5,42.28,40.65,41.35,3572400,10528,147577037
2021-05-06,41.9,42.15,41.09,41.39,909600,4385,37714673
2021-05-07,41.26,41.61,39.03,40.4,2179500,9710,88714346
2021-05-10,40.6,41.15,39.6,39.91,1542000,7624,61708854
2021-05-11,39.67,39.78,38.4,39.15,1010100,4857,39609667
2021-05-12,39.34,40.26,38.55,38.55,766200,3710,30068620
2021-05-13,38.58,39.05,37.21,37.7,970800,4567,36852945
2021-05-14,38.4,39.5,37.6,38.0,1644600,9668,62744864
2021-05-17,38.0,38.63,37.38,37.9,926100,5947,35319002
2021-05-18,38.0,38.4,35.99,36.56,2025900,9079,74959028
2021-05-19,35.5,36.48,35.28,35.69,14067600,11620,500195587
2021-05-20,35.91,36.69,35.91,36.03,923300,4443,33445030
2021-05-21,36.22,37.33,36.17,36.43,1222800,5206,44847117
2021-05-24,36.86,39.5,36.86,38.92,1789000,9147,68063047
2021-05-25,39.04,40.35,38.73,38.8,1693900,8258,66854509
2021-05-26,39.06,40.16,39.06,39.9,1514600,7274,60000377
2021-05-27,40.16,41.25,40.16,40.69,1864900,7285,76007625
2021-05-28,41.1,41.61,39.21,40.9,1246800,5308,50475886
2021-05-31,40.98,41.73,40.6,40.97,700200,3672,28831377
2021-06-01,42.0,42.25,41.04,41.19,1298600,7382,54087219
2021-06-02,41.44,41.95,40.64,41.4,1889500,8565,78434863
2021-06-04,41.99,42.28,40.85,41.24,1478000,7224,61559316
2021-06-07,40.99,41.2,39.64,40.07,1471900,7438,59352332
2021-06-08,39.98,40.42,39.24,40.01,957300,4960,38187552
2021-06-09,40.04,40.22,38.8,39.55,819500,4155,32310165
2021-06-10,39.47,40.02,39.1,39.9,562000,2955,22197628
2021-06-11,39.9,40.19,39.14,39.64,614900,2267,24247796
2021-06-14,40.66,41.81,40.65,41.8,2272900,10273,93933383
2021-06-15,42.06,46.0,42.06,44.69,4115800,18676,181576886
2021-06-16,44.97,46.32,43.27,45.1,1905900,9624,85781310
2021-06-17,44.69,45.78,43.3,44.2,1548100,9279,68598871
2021-06-18,44.2,45.97,43.4,45.3,1494900,6625,67139095
2021-06-21,45.5,49.15,45.29,48.86,2598300,13716,123905363
2021-06-22,49.49,49.98,47.01,48.1,2300400,7873,111636567
2021-06-23,48.85,49.15,47.65,47.71,1456700,5131,69967246
2021-06-24,47.92,48.03,46.15,46.61,1039400,5163,48797930
2021-06-25,46.8,46.8,45.75,46.25,1318900,5003,60880371
2021-06-28,45.91,46.44,44.95,46.33,1086500,5162,49882744
2021-06-29,46.47,47.33,45.57,46.07,1260000,6075,58132797
2021-06-30,46.0,46.25,45.26,45.34,1246700,4974,56972364
2021-07-01,45.0,46.2,43.76,45.75,3854800,14411,171992802
2021-07-02,46.3,46.61,45.3,46.2,1495900,6399,68874522
2021-07-05,46.8,48.08,46.22,46.86,3318100,8077,155645567
2021-07-06,47.63,47.8,45.52,46.16,1529800,7194,71339376
2021-07-07,46.3,47.5,45.58,47.01,1367400,5965,64022290
2021-07-08,46.3,46.62,45.2,46.0,1405000,6020,64683799
2021-07-12,47.6,47.6,45.86,46.53,1563400,6212,72609075
2021-07-13,46.71,46.72,45.88,46.22,957800,3675,44251291
2021-07-14,46.42,46.58,45.31,45.4,742600,3406,33976834
2021-07-15,45.64,45.95,43.04,43.55,2678000,13167,117409659
2021-07-16,43.3,43.6,42.08,43.39,1439500,7803,61882488
2021-07-19,42.1,42.71,41.1,41.85,1597700,7642,66609602
2021-07-20,41.86,42.46,40.66,42.0,3233200,6810,133985962
2021-07-21,42.0,43.07,41.85,42.09,964600,4761,40954254
2021-07-22,42.74,42.81,42.01,42.54,741400,3576,31429594
2021-07-23,42.26,42.51,41.82,42.2,700100,3260,29534506
2021-07-26,42.1,42.5,41.55,42.4,716400,2665,30121476
2021-07-27,42.26,42.49,39.87,40.1,1510600,5496,61265349
2021-07-28,40.15,40.72,39.53,40.05,798800,4018,32052565
2021-07-29,40.2,40.48,39.15,39.25,1413100,5572,55744719
2021-07-30,39.08,39.81,37.8,38.71,1143300,4752,44342438
2021-08-02,40.75,41.97,39.73,40.62,3279900,10953,134809175
2021-08-03,40.6,41.43,39.55,40.98,746600,4246,30289064
2021-08-04,40.66,40.91,39.38,39.85,1004600,4130,40169863
2021-08-05,40.5,40.85,39.03,39.3,796100,4064,31844088
2021-08-06,39.14,39.48,38.42,38.64,812400,4551,31540351
2021-08-09,37.57,38.95,37.39,38.6,1180500,5025,44794283
2021-08-10,38.76,39.73,37.71,37.96,1510000,6974,58397530
2021-08-11,37.94,38.23,37.55,37.9,769600,3131,29113702
2021-08-12,37.65,38.44,36.9,37.58,674800,3429,25393901
2021-08-13,37.13,37.42,35.99,36.16,896200,4447,32693780
2021-08-16,35.8,35.8,33.8,33.8,1526000,7801,52235003
2021-08-17,33.33,33.49,31.65,32.52,2739900,14464,89110125
2021-08-18,32.57,33.7,32.22,33.0,1353400,6970,44697515
2021-08-19,32.0,34.5,31.75,33.8,1939300,9816,64173618
2021-08-20,33.25,35.4,32.92,34.93,1467400,6990,50981292
2021-08-23,35.1,35.81,34.1,34.5,2039200,8214,71013279
2021-08-24,35.3,36.86,34.82,36.86,1398900,7604,50470380
2021-08-25,36.8,37.67,35.56,36.2,1199400,6058,43917134
2021-08-26,35.65,36.8,35.17,35.35,1140400,7107,40940123
2021-08-27,37.2,38.14,36.44,37.9,2643200,10708,98503068
2021-08-30,38.0,39.8,37.84,38.79,1802700,8369,70243695
2021-08-31,39.1,39.1,37.46,38.44,1699300,6207,64990084
2021-09-01,38.6,38.73,36.9,37.46,1125900,6033,42100656
2021-09-02,37.63,38.32,36.15,37.2,1178100,6095,44331114
2021-09-03,38.0,38.19,36.17,36.91,1081600,6421,39896333
2021-09-06,36.8,38.27,36.31,37.57,787500,4961,29722250
2021-09-08,37.56,37.56,34.89,35.1,1696500,7747,61033431
2021-09-09,34.5,35.42,33.41,35.07,1730800,8061,59523004
2021-09-10,35.83,36.21,34.04,34.25,1275200,5400,44962034
2021-09-13,34.51,35.69,34.51,35.46,1276100,5751,44925293
2021-09-14,35.6,36.19,34.74,35.23,1147500,4330,40588145
2021-09-15,35.33,36.4,34.85,36.13,2169800,8472,77432681
2021-09-16,35.99,36.84,35.44,35.81,1465700,5562,52779521
2021-09-17,35.84,35.84,33.64,34.23,1299100,5513,44370433
2021-09-20,32.99,33.4,31.06,31.89,1698800,8909,54161862
2021-09-21,32.41,33.19,31.81,32.9,925500,5000,30265793
2021-09-22,33.56,34.75,33.32,34.33,977000,5152,33181693
2021-09-23,34.33,36.59,34.33,35.85,1460700,7784,52555279
2021-09-24,35.85,37.09,35.25,35.94,2583100,8491,93993514
2021-09-27,36.4,37.44,36.1,37.22,1901300,8391,70064578
2021-09-28,37.51,38.8,37.14,37.71,3758800,17826,142180267
2021-09-29,37.95,40.88,37.95,40.03,4244200,14295,167138474
2021-09-30,39.81,43.18,39.81,42.6,4751200,15505,200652094
2021-10-01,42.0,43.82,40.32,42.57,4672900,17755,195248714
2021-10-04,42.82,44.33,41.79,42.75,3694700,14656,159176412
2021-10-05,43.51,44.81,42.6,42.9,2968500,12976,129907177
2021-10-06,41.71,42.76,40.4,42.01,4202600,17126,175484086
2021-10-07,41.55,42.27,40.36,40.79,2575800,9778,105412385
2021-10-08,41.5,41.91,40.2,40.58,1360300,6563,55492533
2021-10-11,41.2,42.7,40.61,41.03,1474500,7960,61188904
2021-10-13,41.02,41.67,40.45,41.26,1106300,5952,45531602
2021-10-14,41.89,42.65,40.83,41.12,1868700,7681,77336501
2021-10-15,41.19,42.02,41.04,41.33,1125400,5271,46743009
2021-10-18,41.33,43.12,40.76,41.48,2517800,8414,105541628
2021-10-19,41.17,41.7,38.35,39.1,2852600,10752,112967936
2021-10-20,39.59,39.59,37.8,38.0,1789800,6187,69015245
2021-10-21,37.06,37.55,34.83,35.8,3046100,13384,109403448
2021-10-22,34.99,35.44,32.3,33.95,4789200,22085,161798421
2021-10-25,34.08,38.58,34.08,38.1,3396300,14723,127261400
2021-10-26,37.58,38.44,36.77,37.38,2125700,8630,79893524
2021-10-27,37.3,37.3,35.65,36.49,2235200,10135,81059438
2021-10-28,35.45,36.37,34.44,34.91,1675500,5905,59191044
2021-10-29,34.92,35.4,32.34,32.34,2993700,11750,99481173
2021-11-01,33.5,35.67,33.22,34.8,3539900,14459,122942662
2021-11-03,34.11,36.16,33.64,35.56,1934600,10237,68492155
2021-11-04,35.65,36.34,34.43,34.55,3335200,14431,117610681
2021-11-05,34.3,37.02,32.81,35.5,9024100,29442,312714785
2021-11-08,36.04,36.06,33.9,34.89,5843100,21351,203112214
2021-11-09,35.05,36.3,33.74,35.68,6922900,18643,242821006
2021-11-10,35.51,37.07,33.91,34.11,4242400,14250,148494965
2021-11-11,34.14,34.46,33.1,33.65,3214700,12256,107903582
2021-11-12,33.2,34.24,31.74,32.0,3350100,14550,108913523
2021-11-16,32.65,33.39,30.8,31.35,2860800,12039,91225950
2021-11-17,31.35,31.74,29.7,30.11,3020900,13836,92346351
2021-11-18,30.21,30.83,28.92,29.87,3217200,11600,95752927
2021-11-19,29.1,29.44,28.22,29.0,3782100,16919,108602066
2021-11-22,29.1,30.19,28.95,29.12,2889900,13166,85495585
2021-11-23,29.16,30.79,29.06,30.68,2751900,11950,83028855
2021-11-24,30.27,31.2,29.35,29.8,2114700,10292,63639116
2021-11-25,29.75,30.41,29.1,29.71,1337200,7098,39738860
2021-11-26,27.5,28.55,26.73,27.6,3607000,14015,99361119
2021-11-29,28.39,28.84,27.7,27.97,1820700,8089,51274445
2021-11-30,27.44,27.62,26.35,27.62,4683600,13824,127341052
2021-12-01,28.1,28.97,27.22,27.6,3413500,15453,95629892
2021-12-02,27.6,29.4,27.02,29.35,3209400,14341,91505776
2021-12-03,29.38,31.76,29.38,31.22,4087300,17267,126750334
2021-12-06,31.68,32.57,31.4,32.36,3129400,13457,100073835
2021-12-07,33.04,34.02,30.96,31.41,3297700,12708,105669354
2021-12-08,31.4,31.69,30.14,30.39,2633000,12626,80667464
2021-12-09,30.1,30.85,29.64,30.11,1426000,6784,42889248
2021-12-10,30.58,30.78,29.74,30.44,1262000,6881,38284085
2021-12-13,30.49,31.36,29.96,30.57,1501200,7404,45817106
2021-12-14,30.42,31.01,29.13,29.7,1479700,7971,43998020
2021-12-15,29.49,29.75,28.69,29.5,1693700,8159,49486312
2021-12-16,30.5,31.91,30.25,31.67,3423600,15150,106741729
2021-12-17,31.35,32.58,30.84,32.3,3874800,18704,124035563
2021-12-20,31.2,31.32,29.73,30.3,2401500,11112,73213757
2021-12-21,30.97,31.37,30.15,30.84,1737600,8307,53691492
2021-12-22,30.75,31.77,30.39,31.48,1658600,8254,51816062
2021-12-23,31.55,31.79,31.06,31.27,760400,4165,23813213
2021-12-27,31.0,32.07,31.0,31.77,1254100,6513,39703470
2021-12-28,31.99,32.92,31.79,32.07,1921500,9148,61845754
2021-12-29,32.26,33.64,31.82,33.48,2851300,15638,94303281
2021-12-30,33.32,34.3,33.11,33.55,7855700,19632,264140672
