Date,Open,High,Low,Close,Volume,Neg,Fin
2019-04-17,12.2,12.74,12.07,12.3,10338900,12771,127539449
2019-04-18,12.29,12.56,11.82,12.05,3142100,4164,37883273
2019-04-22,12.04,12.1,11.81,12.0,866100,1429,10320027
2019-04-23,12.0,12.04,11.85,11.93,1919200,2033,22864390
2019-04-24,11.9,11.9,11.66,11.86,1161400,2003,13720556
2019-04-25,11.71,11.97,11.68,11.95,1101400,1647,13059593
2019-04-26,11.97,12.05,11.87,11.95,496900,1188,5938498
2019-04-29,11.95,12.08,11.83,11.89,423300,724,5037221
2019-04-30,11.9,12.1,11.16,11.7,3631900,3482,41754402
2019-05-02,11.61,11.8,11.57,11.64,464300,666,5409215
2019-05-03,11.7,11.8,11.5,11.52,778700,551,9000694
2019-05-06,11.49,11.75,11.35,11.67,180200,537,2078476
2019-05-07,11.6,11.79,11.5,11.75,232800,551,2702854
2019-05-08,11.75,11.95,11.63,11.79,78900,315,929812
2019-05-09,11.8,11.94,11.41,11.93,237700,539,2795798
2019-05-10,11.9,12.24,11.9,12.1,669000,790,8077872
2019-05-13,11.99,12.0,11.86,11.95,433700,461,5175635
2019-05-14,12.0,12.39,11.92,12.17,1136200,1148,13743019
2019-05-15,12.09,12.15,11.8,11.8,1335000,1399,15934594
2019-05-16,11.67,11.9,11.52,11.56,1038600,3148,12124697
2019-05-17,11.56,11.88,10.9,11.0,984300,2039,10969126
2019-05-20,11.29,11.29,10.98,11.1,117200,231,1301744
2019-05-21,11.2,11.39,11.12,11.3,253500,239,2861028
2019-05-22,11.59,11.59,11.27,11.35,223300,850,2532676
2019-05-23,11.84,12.21,11.29,11.3,1121200,1839,12899499
2019-05-24,11.3,11.45,11.2,11.3,207200,673,2342848
2019-05-27,11.33,11.69,11.19,11.2,393800,903,4445580
2019-05-28,11.4,11.59,11.3,11.52,291800,816,3343521
2019-05-29,11.69,11.78,11.41,11.7,497500,1459,5787348
2019-05-30,11.73,11.85,11.6,11.73,445800,816,5236219
2019-05-31,11.71,11.94,11.42,11.94,2469900,589,28676347
2019-06-03,11.97,12.1,11.76,11.85,341500,592,4051433
2019-06-04,11.83,11.84,11.45,11.59,433200,1404,5037000
2019-06-05,11.48,11.66,11.46,11.6,186800,218,2166155
2019-06-06,11.64,11.79,11.5,11.6,146300,963,1705707
2019-06-07,11.61,11.74,11.33,11.5,329300,1322,3776572
2019-06-10,11.52,11.6,11.31,11.6,348000,730,3978513
2019-06-11,11.54,11.69,11.45,11.46,345200,858,3966430
2019-06-12,11.67,11.69,11.51,11.55,109500,400,1268634
2019-06-13,11.53,11.84,11.43,11.6,344300,1034,4004914
2019-06-14,11.69,11.72,11.32,11.6,475700,989,5484283
2019-06-17,11.59,11.74,11.51,11.56,150100,648,1738069
2019-06-18,11.69,11.94,11.59,11.9,787900,1019,9274692
2019-06-19,11.89,12.33,11.8,12.3,221700,504,2688123
2019-06-21,12.3,12.9,12.3,12.8,990700,1916,12569727
2019-06-24,12.8,12.91,12.55,12.76,367700,1056,4681283
2019-06-25,12.74,12.99,12.66,12.98,1743100,1380,22433356
2019-06-26,12.9,13.95,12.86,13.75,1344300,2936,18152699
2019-06-27,13.75,14.3,13.75,14.25,2098600,2787,29403136
2019-06-28,14.35,14.51,14.0,14.3,1554600,2350,22085155
2019-07-01,14.42,14.5,13.76,14.0,990900,2432,13877651
2019-07-02,14.0,14.1,13.71,13.8,273500,1183,3792665
2019-07-03,13.85,14.04,13.62,14.0,2832200,898,39122224
2019-07-04,13.94,14.4,13.94,13.95,336300,842,4768096
2019-07-05,14.0,14.37,14.0,14.2,2415300,1738,34072367
2019-07-08,14.3,14.78,14.2,14.78,1069800,2828,15573772
2019-07-10,14.85,15.5,14.81,15.3,1494100,2641,22942024
2019-07-11,15.47,15.63,14.84,15.08,1324100,1973,19939940
2019-07-12,15.27,15.44,14.77,15.01,162300,607,2433532
2019-07-15,15.01,15.26,14.9,15.07,388600,1178,5831952
2019-07-16,15.09,15.14,14.88,15.0,133000,408,1993362
2019-07-17,15.0,15.5,15.0,15.3,155200,679,2363030
2019-07-18,15.3,15.87,15.17,15.5,297300,982,4628255
2019-07-19,15.62,15.74,15.24,15.33,227100,1077,3501398
2019-07-22,15.44,15.96,15.44,15.8,718100,2207,11313631
2019-07-23,15.89,16.08,15.85,15.99,857500,2320,13646269
2019-07-24,15.82,16.15,15.82,15.95,446900,2441,7133184
2019-07-25,16.18,16.18,15.72,15.98,1867000,1454,29736344
2019-07-26,16.0,16.34,15.97,16.31,1397800,808,22486224
2019-07-29,16.32,16.88,16.31,16.76,1345200,943,22293697
2019-07-30,16.75,17.0,16.65,17.0,235800,1235,3987885
2019-07-31,17.03,17.19,16.44,17.09,584400,1712,9965451
2019-08-01,17.06,17.34,16.73,16.8,1399900,2411,23952725
2019-08-02,16.8,17.0,16.51,16.8,1710700,1720,28672936
2019-08-05,16.6,16.6,16.1,16.4,984200,2087,16099036
2019-08-06,16.4,16.71,16.35,16.7,572500,1649,9489149
2019-08-07,16.75,17.61,16.73,17.61,470300,1547,8040149
2019-08-08,17.67,18.18,17.61,18.18,301700,1569,5429751
2019-08-09,18.18,18.57,17.91,18.57,203800,885,3735921
2019-08-12,18.45,18.46,17.95,18.29,611500,1026,11071702
2019-08-13,18.2,18.2,17.55,17.8,1028200,5237,18359119
2019-08-14,18.0,18.63,17.21,17.25,474000,2148,8407099
2019-08-15,17.5,17.54,16.26,16.55,1402800,4497,23233240
2019-08-16,16.71,17.8,16.35,17.8,1108600,1648,18415743
2019-08-19,17.97,17.97,17.3,17.7,399000,1327,6991148
2019-08-20,17.7,17.7,17.12,17.42,1185200,2282,20600285
2019-08-21,17.4,18.16,17.31,18.0,222500,1167,3955346
2019-08-22,18.1,18.58,17.85,18.35,1339200,1212,24511775
2019-08-23,18.07,19.2,17.97,18.5,872600,2710,16170518
2019-08-26,18.71,18.82,18.01,18.7,587300,838,10783721
2019-08-27,19.0,19.4,18.5,18.9,710600,3331,13488176
2019-08-28,18.6,19.9,18.3,19.46,1947300,2842,36168744
2019-08-29,19.48,20.42,19.43,20.42,557500,2798,11119775
2019-08-30,20.49,21.09,20.47,20.75,944900,2714,19553254
2019-09-02,20.75,21.36,20.58,21.0,340500,1707,7160082
2019-09-03,21.0,21.95,21.0,21.33,924400,1310,19939912
2019-09-04,21.75,22.25,21.51,21.7,1207700,2082,26313920
2019-09-05,21.71,22.22,21.19,21.19,461900,2153,9910392
2019-09-06,21.19,21.3,20.61,20.85,948300,1589,19815269
2019-09-09,21.0,21.46,19.95,20.23,611800,2901,12446989
2019-09-10,20.23,20.23,19.56,20.09,349000,1030,6959762
2019-09-11,20.37,20.89,19.94,20.14,933300,2628,19061226
2019-09-12,20.22,20.3,19.68,19.94,415900,1960,8291357
2019-09-13,20.0,20.28,19.12,19.4,2704200,3408,53322567
2019-09-16,19.5,19.73,18.82,19.0,1080000,3148,20734302
2019-09-17,19.08,20.19,18.88,20.1,1145100,3124,22247400
2019-09-18,20.26,21.18,20.2,21.1,1567400,4695,32427790
2019-09-19,21.23,22.06,21.23,21.8,586300,2202,12675875
2019-09-20,22.04,22.49,21.56,22.26,1032800,1844,22773080
2019-09-23,22.57,22.59,21.79,22.13,258600,873,5744884
2019-09-24,23.31,23.71,22.5,22.5,1691800,5669,38909198
2019-09-25,23.38,23.6,22.33,22.85,1513200,6682,34763389
2019-09-26,23.08,23.27,22.6,23.06,621000,2917,14255477
2019-09-27,23.11,23.27,22.65,22.88,425400,2229,9694939
2019-09-30,23.08,23.12,22.57,22.57,504400,1761,11470970
2019-10-01,22.75,22.75,22.1,22.11,517200,2630,11589887
2019-10-02,22.1,22.22,21.35,21.4,478800,1535,10359582
2019-10-03,21.51,21.99,21.46,21.6,610400,2001,13199519
2019-10-04,21.6,22.85,21.52,22.2,953700,2192,21228687
2019-10-07,22.24,22.98,22.0,22.0,511600,2107,11486017
2019-10-08,22.1,22.1,21.55,21.85,324000,1249,7078377
2019-10-09,21.89,22.08,20.85,21.03,1216800,4428,25877386
2019-10-10,21.05,21.38,20.97,20.97,1209500,1890,25675540
2019-10-11,21.07,22.05,21.07,21.77,1753000,2702,38083791
2019-10-14,22.04,22.98,21.73,22.87,922100,3038,20924663
2019-10-15,22.95,24.23,22.89,23.37,1169600,4324,27613385
2019-10-16,23.4,23.91,23.08,23.7,774000,4394,18219724
2019-10-17,23.79,24.14,23.67,23.77,493800,2123,11776082
2019-10-18,23.77,24.17,23.43,23.54,547000,2188,13013471
2019-10-21,23.7,24.7,23.22,24.7,689100,2621,16506374
2019-10-22,24.72,25.6,24.5,25.4,754400,3021,18970981
2019-10-23,25.58,26.08,25.15,25.2,2305600,4022,58868678
2019-10-24,25.29,25.79,24.91,25.75,1233800,2685,31163701
2019-10-25,26.0,26.4,25.31,25.96,977400,3103,25328817
2019-10-28,26.16,27.69,26.1,27.0,974800,3820,26408714
2019-10-29,27.9,28.5,27.0,27.0,3282600,9203,90185647
2019-10-30,27.2,27.79,27.01,27.03,986800,4612,26829357
2019-10-31,27.06,27.37,26.7,26.99,983900,3621,26602049
2019-11-01,27.16,27.9,26.9,27.27,793300,4692,21738120
2019-11-04,27.48,28.18,27.48,28.0,674600,3438,18878218
2019-11-05,28.46,28.84,27.94,27.97,572300,3062,16216256
2019-11-06,28.19,28.4,27.9,27.9,511100,2474,14384579
2019-11-07,27.98,28.35,27.69,28.0,513300,2315,14377704
2019-11-08,27.87,28.29,27.49,27.5,636200,4336,17713585
2019-11-11,27.8,28.79,27.73,28.25,1360200,5233,38631928
2019-11-12,28.48,29.12,27.64,27.99,1405000,6441,39685925
2019-11-13,28.1,28.21,27.76,27.8,593100,3138,16537487
2019-11-14,28.17,28.64,26.85,27.5,1658400,7097,45899460
2019-11-18,27.94,28.14,27.34,27.5,1045200,5173,28817390
2019-11-19,27.72,27.8,27.12,27.12,778500,3447,21244496
2019-11-21,27.3,27.41,26.82,26.9,699200,3256,18846725
2019-11-22,26.91,27.06,26.38,26.65,919200,4496,24514690
2019-11-25,26.81,27.7,26.81,27.34,1617500,6906,44370712
2019-11-26,27.52,27.6,26.66,26.78,1676700,4347,45076171
2019-11-27,26.79,27.01,25.96,26.2,1534800,6927,40363088
2019-11-28,26.2,26.97,25.78,26.79,1150500,4098,30519275
2019-11-29,26.95,27.46,26.85,27.02,1630000,7319,44361044
2019-12-02,27.21,29.09,27.21,28.68,1775700,7797,50594565
2019-12-03,29.1,30.18,28.82,30.12,1627600,6351,48011613
2019-12-04,30.42,30.8,29.37,29.65,2204100,10833,66516852
2019-12-05,29.65,30.64,28.87,30.47,1726200,6262,52269539
2019-12-06,30.6,31.4,30.47,30.65,1348800,4962,41628971
2019-12-09,30.88,31.06,30.07,30.11,590400,2877,17973826
2019-12-10,30.15,30.15,29.57,29.74,763900,3719,22760111
2019-12-11,29.91,30.9,29.91,30.76,1303000,6061,39891871
2019-12-12,31.06,32.62,31.03,32.25,1320800,5616,42343987
2019-12-13,32.95,33.8,32.61,33.0,1941500,8513,64499251
2019-12-16,33.5,34.48,33.41,33.71,1422400,6347,48160147
2019-12-17,34.15,34.31,32.4,32.63,1262300,4871,41972627
2019-12-18,32.7,33.38,32.66,33.18,1262800,5288,41803797
2019-12-19,33.2,33.7,32.9,33.35,679700,2681,22563984
2019-12-20,33.48,33.52,33.04,33.26,2528100,3866,84125094
2019-12-23,33.26,35.0,33.26,34.6,827300,2947,28503935
2019-12-26,34.72,35.77,34.68,35.05,940400,3965,33078547
2019-12-27,35.35,35.6,34.8,35.0,646400,2935,22618330
2019-12-30,35.02,35.44,35.02,35.18,643600,2434,22711079
2020-01-02,35.41,37.43,35.29,37.43,1312600,5260,48162856
2020-01-03,37.0,38.77,36.53,37.97,2515300,8402,95417308
2020-01-06,37.97,38.5,37.16,38.0,1231600,6215,46673692
2020-01-07,38.0,38.65,38.0,38.65,929800,3451,35691684
2020-01-08,38.43,39.21,38.25,38.65,978500,4098,37850823
2020-01-09,38.72,39.08,38.34,38.9,1002900,3765,38885900
2020-01-10,38.9,39.2,38.82,39.15,919400,4430,35935696
2020-01-13,39.35,40.55,39.19,40.26,1839000,7212,73475813
2020-01-14,40.45,42.02,40.26,41.77,1956900,6906,81609181
2020-01-15,41.5,43.02,40.9,42.3,2561700,8639,108898363
2020-01-16,42.77,43.29,40.13,40.22,2889100,10279,119479027
2020-01-17,40.62,41.43,38.38,39.3,3718300,14188,145484565
2020-01-20,39.55,41.27,39.5,40.74,1893400,6596,76558848
2020-01-21,40.74,41.5,40.35,40.8,1445700,5311,59322639
2020-01-22,41.22,41.6,40.56,41.0,1405300,5958,57688317
2020-01-23,41.31,41.31,40.12,40.68,950400,4823,38588766
2020-01-24,40.75,41.21,39.8,40.36,1110500,4469,44840475
2020-01-27,39.42,40.36,38.24,39.7,1317600,4966,52402874
2020-01-28,39.45,41.34,38.91,41.34,1763600,5722,71821628
2020-01-29,41.9,42.33,41.01,41.62,1294300,4121,53925667
2020-01-30,40.63,41.15,39.0,40.0,1862000,6927,74655459
2020-01-31,39.41,40.26,39.1,39.45,1600100,5211,63329065
2020-02-03,39.45,42.3,39.45,42.2,1703600,6668,70422747
2020-02-04,42.84,44.49,42.8,44.0,2134900,7874,93787072
2020-02-05,43.5,43.94,42.52,43.34,2731900,9999,117892003
2020-02-06,45.21,49.71,45.21,49.71,6803000,22540,326335108
2020-02-07,51.01,54.09,46.7,46.73,8429100,27335,424337789
2020-02-10,46.72,49.19,46.51,47.99,2911200,10716,139068918
2020-02-11,49.0,49.75,48.08,48.23,2189100,8624,106593508
2020-02-12,48.73,49.14,47.05,47.99,1198300,6147,57824264
2020-02-13,47.04,48.82,45.88,47.0,1557300,7407,74110789
2020-02-14,47.68,47.81,46.26,47.4,954600,4746,44886152
2020-02-17,47.46,49.0,46.97,49.0,907700,3339,43740334
2020-02-18,48.7,49.6,48.1,49.01,1138300,4558,55640291
2020-02-19,49.45,50.94,49.14,50.93,2000400,6927,100826192
2020-02-20,51.18,51.69,50.21,50.21,1003500,5087,51211188
2020-02-21,49.66,51.32,48.56,50.51,811000,4141,40754502
2020-02-26,47.15,48.45,46.01,47.9,987000,4923,47184633
2020-02-27,47.0,47.57,44.5,44.7,1773000,8808,81383549
2020-02-28,43.51,44.48,40.56,43.59,3154200,13795,135480681
2020-03-02,44.1,47.45,44.1,47.0,1962800,9133,91168092
2020-03-03,47.88,49.75,46.3,48.39,2101900,8079,101392056
2020-03-04,49.84,50.44,47.31,48.15,1380400,6539,66935268
2020-03-05,47.99,47.99,43.2,44.59,1378200,7424,62637486
2020-03-06,41.0,43.95,39.8,43.28,1754400,8006,73762409
2020-03-09,38.0,39.71,35.16,35.16,2155800,8766,80623292
2020-03-10,39.29,40.48,36.57,40.0,1991900,7117,76915456
2020-03-11,37.81,39.1,32.61,35.32,2211100,8434,79861723
2020-03-12,28.89,32.89,23.5,31.27,1655000,5211,48175799
2020-03-13,36.0,36.93,30.5,33.56,2426800,10714,79974649
2020-03-16,27.8,31.8,27.46,27.46,1420100,7274,41176194
2020-03-17,28.19,28.43,24.31,27.0,4197400,17055,113659265
2020-03-18,25.0,25.0,15.7,18.0,5032100,14213,92000398
2020-03-19,15.97,22.2,14.73,20.44,3933800,12871,73845389
2020-03-20,23.0,26.99,21.05,22.35,4389300,15238,105843977
2020-03-23,22.0,23.86,20.0,21.67,2404900,9795,51607873
2020-03-24,23.71,24.8,21.7,23.81,2869200,8973,66616904
2020-03-25,23.86,27.5,23.3,26.42,2938400,8873,75425716
2020-03-26,26.0,30.05,25.54,29.38,1725800,7174,50075029
2020-03-27,28.2,28.86,26.3,26.32,2024100,9191,55519432
2020-03-30,26.52,27.87,25.71,26.16,1330700,6812,35603634
2020-03-31,26.37,26.46,23.33,24.06,1663000,8195,41432901
2020-04-01,22.4,22.62,21.0,21.0,2313200,9665,50120000
2020-04-02,21.35,21.95,20.05,21.05,2890000,8941,60407532
2020-04-03,21.22,21.22,19.0,19.5,2202300,6425,42991281
2020-04-06,21.59,24.47,20.86,23.01,4954700,17606,114156621
2020-04-07,25.5,26.39,25.0,25.2,4003700,15193,103104178
2020-04-08,25.2,26.21,24.71,25.62,2362000,10745,59893957
2020-04-09,26.24,26.75,25.25,25.62,1841100,8389,47985925
2020-04-13,25.5,26.15,24.5,24.5,1649700,5843,41138792
2020-04-14,25.1,25.95,24.68,25.0,1384100,5121,34995105
2020-04-15,24.01,25.58,23.5,24.4,1195900,5882,29701976
2020-04-16,25.29,25.57,23.76,23.76,1150400,4260,28223429
2020-04-17,24.77,25.63,24.24,25.03,2043800,8204,51043200
2020-04-20,24.1,27.21,24.05,26.97,2563500,8710,67202577
2020-04-22,27.5,31.14,27.49,30.62,4273300,13861,126505292
2020-04-23,32.0,33.6,29.04,29.35,2837200,9774,87734514
2020-04-24,28.58,29.23,25.9,27.43,1943600,7922,53662587
2020-04-27,28.9,29.64,27.45,28.54,2033000,8850,57397680
2020-04-28,29.52,33.09,29.26,32.4,3349000,13851,104828429
2020-04-29,33.3,34.7,31.68,33.0,3060300,13376,102528169
2020-04-30,32.0,33.16,30.98,31.6,2013400,9017,64057643
2020-05-04,29.99,31.75,29.2,31.6,1608500,7079,49501471
2020-05-05,32.5,33.04,30.02,30.26,1862000,8984,58753462
2020-05-06,30.8,31.24,28.64,29.75,1729700,7888,51596378
2020-05-07,31.02,31.08,27.73,27.73,2878900,12698,82469740
2020-05-08,28.2,28.56,25.44,25.95,3355200,12962,88851154
2020-05-11,25.28,25.64,24.38,25.02,2649400,11734,66544650
2020-05-12,25.3,25.95,23.33,23.5,3436100,16919,83703822
2020-05-13,23.8,24.16,22.35,23.2,3188300,11079,72890453
2020-05-14,22.39,23.28,21.87,23.0,1812500,7058,41097363
2020-05-15,22.99,24.89,22.77,24.67,3697100,13860,89034665
2020-05-18,25.7,26.1,24.01,25.82,4127300,12698,103452783
2020-05-19,25.65,27.8,25.12,27.23,2191300,10561,59047067
2020-05-20,27.88,28.08,26.19,26.7,1832900,7229,49454073
2020-05-21,26.7,27.72,26.34,26.81,1207900,5837,32541903
2020-05-22,26.05,26.68,25.3,25.54,1380900,5970,35597836
2020-05-25,26.39,28.26,26.24,27.52,1460500,5190,39978390
2020-05-26,28.46,29.51,28.12,28.27,1928700,7969,55562624
2020-05-27,28.56,29.4,28.34,29.29,2308700,7748,66583689
2020-05-28,28.8,30.07,28.14,29.0,2478400,8182,72959868
2020-05-29,28.8,29.26,27.66,29.26,2255700,7175,64251042
2020-06-01,28.68,29.72,28.55,28.75,1604400,6232,46739581
2020-06-02,29.15,30.81,29.06,30.6,2117500,8621,63815736
2020-06-03,31.07,33.25,31.07,32.63,3286900,15046,106999123
2020-06-04,32.19,32.94,31.13,31.5,1734000,7660,55757397
2020-06-05,33.47,35.99,33.02,35.3,5814400,23502,200641842
2020-06-08,35.3,35.72,33.33,34.95,7141600,29450,247031897
2020-06-09,34.0,35.0,33.12,33.88,3265200,10889,111544789
2020-06-10,34.3,34.59,31.37,32.01,3410700,13842,110748229
2020-06-12,30.01,33.52,30.01,33.52,3674500,15644,118299035
2020-06-15,32.5,33.33,31.13,33.08,3246400,11736,104770090
2020-06-16,33.89,34.44,31.89,32.79,3546600,16954,117101759
2020-06-17,32.6,34.05,32.15,33.7,1934300,8193,64354422
2020-06-18,33.71,34.48,33.0,33.6,2070300,7780,69989120
2020-06-19,34.04,35.12,33.46,35.12,2489900,8588,85426396
2020-06-22,35.34,35.98,34.05,34.68,1699900,6980,59208009
2020-06-23,35.02,35.26,33.71,33.9,1337100,6210,45888646
2020-06-24,33.7,33.7,32.03,33.36,2563900,11117,84536866
2020-06-25,33.2,33.58,32.43,33.22,2662400,10005,87602193
2020-06-26,32.9,33.55,31.52,31.83,1407500,6639,45430665
2020-06-29,31.84,33.7,31.6,33.7,1781900,7823,58150744
2020-06-30,33.09,34.28,32.39,32.71,2290400,8118,76002422
2020-07-01,32.61,33.0,31.79,32.22,2441400,9971,78891747
2020-07-02,32.59,33.15,31.91,32.26,1693900,8596,55168877
2020-07-03,32.26,32.5,31.82,32.46,1000300,3880,32219600
2020-07-06,33.01,33.5,32.04,32.2,1899100,9043,62061735
2020-07-07,32.0,33.69,31.98,32.47,2271100,9042,74381024
2020-07-08,32.63,33.4,32.2,33.37,2137900,9357,70167479
2020-07-09,33.4,34.62,33.11,33.92,1551300,6863,52486510
2020-07-10,33.92,34.6,33.27,33.32,1664400,6813,56255648
2020-07-13,33.51,34.0,32.6,32.73,1518500,6734,50746201
2020-07-14,32.6,32.97,31.29,32.49,1676500,7506,53920391
2020-07-15,33.12,33.27,31.66,31.86,2158900,10719,69225717
2020-07-16,31.8,31.92,30.79,31.5,1600600,7556,50043933
2020-07-17,31.5,32.41,31.05,32.1,1920600,8207,61097666
2020-07-20,32.2,33.23,31.82,33.2,1808200,8000,59219837
2020-07-21,33.39,33.64,32.3,32.88,1290100,5721,42439949
2020-07-22,32.69,32.81,31.93,32.15,1990600,7882,64221475
2020-07-23,32.0,32.3,30.66,30.9,1990400,8494,62500508
2020-07-24,30.49,30.49,29.1,29.91,3685600,15014,109746730
2020-07-27,29.99,30.35,28.31,28.75,2575800,11051,74665370
2020-07-28,28.5,28.8,27.85,28.17,2550000,11086,72118930
2020-07-29,28.23,30.15,28.06,29.85,3677000,11279,106129090
2020-07-30,29.19,30.01,28.61,29.5,2474200,9274,72307963
2020-07-31,29.5,29.5,28.53,29.11,1806700,7562,52416865
2020-08-03,29.2,30.01,28.92,29.36,1504200,8422,44215239
2020-08-04,28.82,29.68,28.82,29.27,2035900,8687,59691396
2020-08-05,29.4,29.98,29.28,29.69,1719300,6306,51134794
2020-08-06,29.45,30.48,29.44,30.17,1665200,9184,49933064
2020-08-07,30.0,30.93,29.7,29.85,1347000,8186,40789031
2020-08-10,29.98,30.12,28.64,28.89,1821300,10300,53000979
2020-08-11,29.1,30.86,28.82,29.78,2049400,11375,61198283
2020-08-12,29.97,30.4,28.1,28.49,2491200,12305,71206407
2020-08-13,28.49,29.15,28.01,28.68,2154700,9092,61548588
2020-08-14,28.29,29.53,28.13,29.24,1776900,9621,51137191
2020-08-17,29.5,30.25,26.75,27.4,3495400,14820,98704148
2020-08-18,27.67,28.63,27.37,28.48,2792800,13919,78310896
2020-08-19,28.37,28.5,27.2,27.44,1518600,7187,41824144
2020-08-20,27.04,27.41,26.6,27.3,2411800,10457,65176744
2020-08-21,27.32,28.07,26.9,27.95,2429700,9631,66971170
2020-08-24,28.2,28.65,27.65,27.67,1456200,6395,40643948
2020-08-25,27.67,29.4,27.46,29.4,1901700,8551,54638691
2020-08-26,29.3,30.19,28.76,29.16,2402800,12099,70886300
2020-08-27,29.28,30.76,29.09,30.49,2287100,11232,69034096
2020-08-28,30.5,30.87,29.6,30.44,1984400,9689,60035944
2020-08-31,30.17,30.69,29.73,30.38,2254500,7866,68109912
2020-09-01,30.53,32.18,30.15,32.13,3041200,11363,96526823
2020-09-02,32.11,32.45,31.45,31.85,1806800,6361,57701049
2020-09-03,32.1,32.32,30.7,31.3,2237800,12427,70006990
2020-09-04,31.49,31.62,29.65,30.97,2510700,10840,76941656
2020-09-08,30.52,31.77,29.86,30.79,1483700,8539,45931167
2020-09-09,30.74,31.4,29.6,30.27,2119000,11774,64037070
2020-09-10,30.67,31.1,29.21,29.56,889000,3676,26725247
2020-09-11,29.78,29.83,28.12,28.3,1642200,7300,47052819
2020-09-14,28.7,29.55,28.45,29.22,899700,3849,26211584
2020-09-15,29.3,29.69,28.52,29.19,1187000,4727,34514118
2020-09-16,29.18,29.18,28.37,28.43,1437900,6099,41148087
2020-09-17,28.3,28.65,27.83,28.44,1158600,5605,32688142
2020-09-18,28.36,28.55,27.2,27.47,1344400,6272,37136841
2020-09-21,26.86,27.16,26.16,26.79,1701600,7484,45351061
2020-09-22,26.91,27.21,26.2,26.37,1853300,8649,49221486
2020-09-23,26.37,26.67,25.75,26.2,3121100,10205,81805018
2020-09-24,26.3,26.5,25.62,26.11,3887300,14892,101483183
2020-09-25,26.12,26.26,25.37,25.6,3181400,6684,82036544
2020-09-28,25.95,26.65,25.1,25.35,1729700,6860,44806798
2020-09-29,25.49,25.49,24.65,24.95,1168900,6205,29170172
2020-09-30,25.18,25.59,24.66,25.39,1758000,8378,44330298
2020-10-01,25.5,26.33,24.95,26.21,1386900,6913,35807371
2020-10-02,25.94,26.06,25.54,25.89,1030500,4616,26613319
2020-10-05,25.95,26.06,25.25,25.39,1862100,7151,47493675
2020-10-06,25.47,25.75,24.33,24.63,2126200,10766,53098818
2020-10-07,24.7,24.9,24.1,24.45,1798600,10224,44081788
2020-10-08,24.57,24.78,24.12,24.62,1373200,6231,33599807
2020-10-09,24.61,25.2,24.43,24.94,1979800,6200,49279390
2020-10-13,25.1,26.12,24.55,24.75,3744600,13605,94149681
2020-10-14,24.83,25.17,24.26,24.6,2069800,8691,50918220
2020-10-15,24.24,25.86,24.03,25.29,2238800,8951,56662023
2020-10-16,25.38,25.7,24.76,24.85,1621500,6615,40702070
2020-10-19,24.99,26.27,24.87,26.05,2183200,8927,56434974
2020-10-20,26.26,26.68,25.23,25.61,2866000,8513,73563900
2020-10-21,25.59,25.64,25.0,25.0,1597600,7778,40286505
2020-10-22,25.06,25.36,24.55,25.24,2196600,6546,54806438
2020-10-23,25.24,25.55,24.93,25.37,1279900,4747,32371153
2020-10-26,25.39,25.82,24.75,25.25,1812600,7075,45908261
2020-10-27,25.25,25.57,24.86,25.05,1694700,4773,42850082
2020-10-28,24.27,24.38,23.67,24.05,2892700,9078,69524018
2020-10-29,23.9,24.36,22.87,24.36,3081800,13049,73011051
2020-10-30,24.27,24.5,22.84,22.95,3206600,7397,74520039
2020-11-03,23.33,23.64,22.86,23.43,1832100,8652,42578466
2020-11-04,23.87,24.9,23.48,24.84,1697200,7728,41015328
2020-11-05,25.22,25.53,24.53,25.5,1467100,5583,36820895
2020-11-06,25.07,25.66,24.66,25.23,935600,4656,23529407
2020-11-09,26.31,28.08,25.99,27.99,4038900,15404,109373062
2020-11-10,27.64,28.47,27.2,27.76,3009700,16284,83591010
2020-11-11,27.73,27.83,26.81,27.04,1219800,6752,33238924
2020-11-12,27.05,28.1,26.48,27.15,3176300,10283,86054091
2020-11-13,27.0,28.98,26.5,28.8,2680000,11167,75331052
2020-11-16,29.05,29.68,28.7,29.5,2423800,11670,70966914
2020-11-17,29.02,30.48,28.82,29.75,2147900,11288,64115015
2020-11-18,29.74,30.1,28.85,29.2,2536100,8757,74542390
2020-11-19,29.02,29.3,28.57,28.98,1026500,5876,29666732
2020-11-20,28.93,29.8,28.76,29.29,890100,5661,26223751
2020-11-23,29.64,29.79,28.32,28.32,941500,4431,27109403
2020-11-24,28.42,28.56,27.39,27.99,2384200,10901,66405454
2020-11-25,27.98,28.67,27.5,28.47,1261400,6600,35481832
2020-11-26,28.42,28.69,27.94,28.42,546200,3045,15480955
2020-11-27,28.55,28.9,27.6,27.65,1199600,5321,33843072
2020-11-30,27.64,28.19,26.36,26.56,1770500,6901,47716466
2020-12-01,27.15,28.68,26.79,28.55,1601900,7942,44341328
2020-12-02,28.63,29.31,27.7,28.12,1534600,7146,43684460
2020-12-03,28.12,28.68,27.14,27.55,3140600,13035,87131096
2020-12-04,27.7,28.16,26.72,26.99,2314400,9788,63156136
2020-12-07,27.11,27.38,26.52,26.7,1296900,6740,34962255
2020-12-08,26.64,27.33,26.52,27.0,1524000,5898,41084627
2020-12-09,27.11,27.94,26.86,27.6,2240700,8642,61387765
2020-12-10,27.65,28.4,26.75,28.17,1331100,5186,36835491
2020-12-11,27.78,28.1,27.46,27.68,938700,3746,25981434
2020-12-14,28.16,28.8,27.56,28.53,2344600,8754,66310920
2020-12-15,28.67,29.75,28.11,28.94,1779500,8134,51708926
2020-12-16,29.04,30.42,28.32,30.09,2062300,9128,60663232
2020-12-17,30.09,30.28,29.56,29.82,1046800,4977,31187143
2020-12-18,29.78,30.78,29.72,29.95,1257300,5259,37993208
2020-12-21,29.0,29.49,28.35,28.9,1338000,5822,38714399
2020-12-22,29.05,29.3,28.65,28.75,837000,4159,24213559
2020-12-23,28.75,29.81,28.51,28.67,1065400,5526,30874287
2020-12-28,28.78,29.15,28.21,28.9,745000,4088,21433062
2020-12-29,29.1,29.42,28.58,29.16,637100,3439,18473564
2020-12-30,29.0,29.85,28.76,29.72,1298700,6079,38115373
2021-01-04,29.73,30.15,28.24,28.43,1466300,6481,42087811
2021-01-05,28.46,28.54,27.33,27.39,1214100,6761,33563224
2021-01-06,27.45,27.47,25.71,25.71,1536700,7818,40463273
2021-01-07,25.99,26.22,24.53,24.55,2745600,10579,69324630
2021-01-08,24.79,27.16,24.64,26.5,2774700,12334,72745731
2021-01-11,26.09,26.74,25.82,26.1,1353300,6561,35633766
2021-01-12,26.22,26.6,25.76,26.17,1882900,6713,49239788
2021-01-13,26.13,26.48,25.81,26.13,1251100,5545,32699986
2021-01-14,26.21,26.9,25.82,26.9,1124400,4631,29729942
2021-01-15,26.58,26.7,26.0,26.43,950400,4285,25029049
2021-01-18,26.74,27.0,26.43,26.55,1080800,7223,28860869
2021-01-19,26.78,26.98,25.73,25.75,1516100,4476,39664646
2021-01-20,25.86,26.68,25.6,25.99,1221100,6835,31790529
2021-01-21,25.91,26.14,25.12,25.12,1203600,5172,30563257
2021-01-22,24.95,24.95,24.3,24.55,1350400,6543,33286866
2021-01-26,24.62,25.5,24.37,25.08,1600800,7338,40034970
2021-01-27,25.09,25.36,24.39,24.65,1472500,7036,36673660
2021-01-28,24.4,25.81,24.3,25.75,1477500,7730,37334514
2021-01-29,25.51,26.3,24.87,25.5,1668700,7164,42591853
2021-02-01,25.9,25.94,24.41,24.99,3093300,11218,76726626
2021-02-02,25.21,25.73,24.86,25.35,1324500,5080,33631428
2021-02-03,25.38,25.67,24.85,25.01,3818200,11244,95910857
2021-02-04,25.01,25.4,24.93,25.14,1611200,7539,40521020
2021-02-05,25.21,25.47,24.76,24.94,1071100,4707,26763102
2021-02-08,24.91,24.97,24.54,24.68,1066300,4703,26357396
2021-02-09,24.66,24.68,23.83,23.96,2750700,7808,66043911
2021-02-10,24.0,24.16,23.07,23.25,1712500,7327,40127742
2021-02-11,23.26,23.54,23.01,23.11,1364100,5211,31615081
2021-02-12,23.07,23.41,22.87,23.27,1081700,4940,25074085
2021-02-17,23.27,23.51,22.76,23.38,1040300,4502,24117662
2021-02-18,23.26,23.34,22.88,23.25,740300,3253,17112531
2021-02-19,23.26,24.26,22.86,24.24,1586300,6903,37535983
2021-02-22,23.35,23.66,22.79,23.25,1855000,9020,43025733
2021-02-23,23.4,24.15,23.15,23.8,988000,5282,23373908
2021-02-24,23.82,24.07,23.05,23.94,1896800,7278,44561463
2021-02-25,23.9,23.94,23.21,23.21,1664500,9757,39154401
2021-02-26,23.33,23.46,21.87,22.36,2042700,8052,45837813
2021-03-01,22.37,23.14,22.1,22.36,1263600,4886,28579610
2021-03-02,22.16,22.55,21.15,22.26,1214000,5259,26423736
2021-03-03,22.04,22.21,21.16,21.97,1390100,4645,30003506
2021-03-04,21.97,23.03,21.85,22.31,1303800,5061,29144526
2021-03-05,22.29,23.9,22.09,23.89,2934300,8825,68804488
2021-03-08,23.58,23.87,22.44,22.58,1138000,5404,26349578
2021-03-09,22.58,22.68,20.5,20.73,3517000,11262,74586016
2021-03-10,20.9,21.01,20.21,20.94,2672800,8785,55127750
2021-03-11,21.0,23.77,21.0,23.3,3874700,12180,89096318
2021-03-12,23.15,24.44,22.67,23.62,2643100,8349,62076480
2021-03-15,23.4,24.33,23.23,23.99,840900,3903,20124556
2021-03-16,23.9,24.21,23.48,23.8,1100300,4996,26152794
2021-03-17,23.65,24.77,23.3,24.54,1051400,4846,25390451
2021-03-18,24.3,24.3,23.09,23.36,770600,3708,18194211
2021-03-19,23.5,24.75,23.26,24.75,1152500,4894,27847153
2021-03-22,24.5,25.82,24.37,25.5,3225800,13182,81829985
2021-03-23,25.37,26.99,24.84,26.76,2996700,11843,79173059
2021-03-24,26.99,27.43,26.32,26.75,3020300,11019,81587606
2021-03-25,26.7,27.54,25.96,27.09,2016400,9083,54514701
2021-03-26,27.5,27.85,26.16,26.69,1658200,7645,44773843
2021-03-29,26.68,27.05,26.33,26.8,845200,3899,22530661
2021-03-30,26.76,28.59,26.64,28.08,2083600,9630,58354080
2021-03-31,27.66,28.62,26.41,26.41,7601000,4360,205518866
2021-04-01,26.89,26.9,25.41,26.89,1244600,3712,33075696
2021-04-05,26.87,27.6,26.75,27.4,1183400,4552,32227433
2021-04-06,27.67,28.35,27.18,27.8,874200,3431,24362416
2021-04-07,28.08,28.39,27.26,27.55,331100,1302,9179029
2021-04-08,27.4,28.14,26.65,26.92,2327300,4603,63763027
2021-04-09,26.82,27.45,26.32,27.28,1479500,6814,39783828
2021-04-12,27.06,27.49,26.83,27.49,607300,2528,16462069
2021-04-13,27.16,27.66,27.1,27.27,376700,1897,10295548
2021-04-14,27.35,27.9,27.0,27.29,555300,2381,15150660
2021-04-15,27.1,27.9,27.1,27.5,383100,2045,10529531
2021-04-16,27.73,29.25,27.3,28.59,1936400,6024,55147428
2021-04-19,28.8,28.97,28.07,28.5,1053400,2973,30059082
2021-04-20,28.48,28.48,27.25,27.51,947500,2872,26237449
2021-04-22,27.51,28.15,26.69,26.84,479300,2560,13070817
2021-04-23,26.91,27.51,26.64,27.46,849000,5246,23036864
2021-04-26,27.43,28.2,27.06,27.4,650400,3950,17888490
2021-04-27,27.29,27.72,26.02,26.49,1180900,6051,31198809
2021-04-28,26.75,26.86,25.99,26.86,522700,2373,13879841
2021-04-29,26.85,27.01,26.35,26.8,392100,2631,10490176
2021-04-30,26.57,26.9,25.8,26.03,743400,3835,19574099
2021-05-03,26.03,27.16,26.03,26.4,492900,2805,13090435
2021-05-04,26.4,27.33,26.06,26.89,826900,3756,22262655
2021-05-05,26.58,28.03,26.5,27.6,512200,2579,14082987
2021-05-06,27.6,28.21,27.36,27.74,839200,3415,23306828
2021-05-07,27.7,28.45,27.7,28.25,827500,2908,23328739
2021-05-10,28.08,28.8,28.03,28.7,963200,4869,27488659
2021-05-11,28.51,29.2,27.98,29.2,476700,2305,13783127
2021-05-12,28.91,28.99,26.16,26.78,1663700,5704,44846591
2021-05-13,26.91,27.45,25.91,26.3,1465100,6233,38684314
2021-05-14,26.35,27.96,26.35,27.62,745100,3847,20473481
2021-05-17,27.25,28.6,26.85,28.37,854000,3964,23946877
2021-05-18,28.21,29.42,28.09,28.71,683300,3879,19643798
2021-05-19,28.68,29.32,27.81,27.98,1238500,4921,35300167
2021-05-20,28.01,29.1,27.86,28.71,1217700,4613,35003400
2021-05-21,28.94,29.68,28.46,28.75,1456100,5221,42284284
2021-05-24,28.47,29.5,28.47,29.5,782100,3314,22843592
2021-05-25,29.6,30.35,29.46,29.8,802500,4405,24028862
2021-05-26,30.07,31.0,29.88,30.9,688100,2914,21033469
2021-05-27,31.0,31.68,30.66,31.68,998900,3931,31298231
2021-05-28,31.65,32.94,31.3,32.7,1543700,8517,50072193
2021-05-31,32.7,33.56,32.5,33.41,1368000,6117,45364591
2021-06-01,33.5,35.69,33.31,34.73,3409000,16055,118603853
2021-06-02,34.73,35.93,34.2,35.1,1420200,8048,49606792
2021-06-04,35.0,35.28,34.51,34.9,1113000,4852,38958000
2021-06-07,34.9,36.55,34.34,34.99,1187500,5707,41873685
2021-06-08,34.65,36.14,34.65,35.93,1062900,6432,37827210
2021-06-09,35.93,36.71,35.35,36.49,930900,5369,33813507
2021-06-10,36.2,36.96,35.23,36.5,1309600,6746,47314230
2021-06-11,36.36,38.83,36.2,37.9,1304000,4678,48843368
2021-06-14,38.09,39.2,37.7,38.36,1573500,6891,60819873
2021-06-15,38.3,39.44,37.8,38.95,1322200,6403,51538097
2021-06-16,38.94,39.3,37.85,38.53,1453900,6709,56021146
2021-06-17,38.53,39.43,38.18,38.25,1405500,6165,54355055
2021-06-18,38.8,39.49,37.85,38.84,1658000,4578,64220333
2021-06-21,38.71,39.22,38.07,38.84,1020900,4485,39430773
2021-06-22,38.22,39.13,38.06,38.5,903100,3264,34666586
2021-06-23,38.35,38.99,37.14,37.69,952800,4785,35995740
2021-06-24,37.69,38.4,36.64,36.96,1167600,5894,43351718
2021-06-25,38.1,38.1,35.87,36.21,888100,4070,32549411
2021-06-28,36.14,37.29,35.94,36.98,891000,3526,32749368
2021-06-29,36.94,37.91,36.31,37.56,877800,2915,32747214
2021-06-30,37.54,38.98,37.33,38.26,1605100,8658,61307840
2021-07-01,38.0,38.63,37.46,38.35,860200,3870,32791617
2021-07-02,38.35,39.75,38.04,38.91,1253300,6367,48649876
2021-07-05,38.91,39.75,38.7,39.04,928400,3575,36246779
2021-07-06,38.98,39.16,37.67,38.18,1010200,4806,38592044
2021-07-07,38.55,38.91,38.11,38.5,852100,3867,32831508
2021-07-08,37.66,39.12,36.83,39.12,781400,3309,30018703
2021-07-12,39.26,40.46,39.26,39.52,659100,2772,26204403
2021-07-13,39.53,39.53,38.18,38.93,920800,4126,35777860
2021-07-14,39.0,40.88,38.72,39.5,1491000,5765,59273462
2021-07-15,39.21,39.8,38.8,39.04,384200,1847,15007017
2021-07-16,39.2,39.46,37.42,38.22,877400,3376,33560967
2021-07-19,36.9,37.85,36.18,37.53,692000,3844,25696424
2021-07-20,37.53,37.98,36.55,37.6,924500,3376,34470202
2021-07-21,37.82,37.82,36.81,36.99,460900,2604,17091779
2021-07-22,36.99,38.35,36.78,37.88,673600,3431,25295798
2021-07-23,37.87,38.12,37.01,37.46,561000,2561,21003830
2021-07-26,37.83,38.21,37.02,37.7,436800,1970,16466688
2021-07-27,37.16,37.71,35.65,36.7,900400,4614,32666960
2021-07-28,36.7,37.38,36.14,37.3,535400,3339,19752801
2021-07-29,37.22,37.44,36.14,36.57,709900,3512,25938165
2021-07-30,36.05,36.19,34.86,35.1,1140100,5462,40266657
2021-08-02,35.19,36.18,35.19,35.66,1153100,5355,41389551
2021-08-03,35.26,36.37,34.9,35.97,798700,4004,28493111
2021-08-04,35.97,36.29,34.92,35.65,454700,2526,16142943
2021-08-05,35.66,35.92,34.68,35.21,680400,3163,23941058
2021-08-06,35.22,35.36,34.26,34.71,736900,3778,25572929
2021-08-09,34.49,35.59,34.49,34.94,444900,2107,15587182
2021-08-10,34.95,35.67,34.68,35.21,335500,2003,11816148
2021-08-11,35.34,35.34,33.99,34.94,544900,2469,18876515
2021-08-12,34.7,35.06,33.91,34.68,452300,2114,15633769
2021-08-13,34.75,35.13,33.42,33.92,1030500,2880,35022916
2021-08-16,33.81,34.04,31.72,33.56,1220000,6404,39980814
2021-08-17,32.99,33.0,30.46,32.88,2491100,9625,79361190
2021-08-18,32.4,33.07,31.42,32.19,1495100,6436,48381875
2021-08-19,31.0,33.19,30.95,33.17,1191700,5906,38891776
2021-08-20,32.75,34.05,32.67,33.72,449500,2925,15037790
2021-08-23,33.5,34.79,33.36,34.31,803400,3894,27494531
2021-08-24,35.02,37.03,34.62,36.7,1338400,6924,48038523
2021-08-25,36.5,36.91,35.93,36.85,461300,2691,16824006
2021-08-26,36.54,36.82,34.76,34.85,852900,4080,30133020
2021-08-27,35.14,35.14,34.05,34.84,654900,2765,22760666
2021-08-30,34.45,35.52,34.18,35.05,678700,2334,23800920
2021-08-31,35.1,35.47,34.46,34.71,656700,2819,22811672
2021-09-01,34.73,34.9,33.65,33.65,539500,2920,18381869
2021-09-02,33.7,33.88,32.87,33.43,669700,4081,22318349
2021-09-03,33.49,33.74,31.62,32.49,1806900,8688,58358264
2021-09-06,32.33,32.7,31.87,32.0,607700,2659,19489811
2021-09-08,31.9,31.98,30.54,30.54,518300,2970,16100430
2021-09-09,30.56,32.05,30.11,31.35,1711000,8101,52720586
2021-09-10,32.06,32.85,31.8,32.2,695400,3648,22534138
2021-09-13,32.26,33.64,32.09,33.0,676500,3745,22251845
2021-09-14,33.29,34.2,32.97,33.68,353200,2292,11902848
2021-09-15,33.67,33.7,32.0,32.27,944900,3652,30501939
2021-09-16,31.79,32.64,31.58,31.83,422700,2079,13529250
2021-09-17,31.86,31.86,31.09,31.5,407600,1759,12806145
2021-09-20,30.97,31.27,30.05,30.49,409200,2650,12497499
2021-09-21,31.16,32.21,30.76,31.67,267700,1732,8480831
2021-09-22,31.81,33.2,31.81,32.99,672500,2993,21919822
2021-09-23,33.0,33.83,32.55,33.67,1113800,4170,37271806
2021-09-24,33.03,33.2,31.39,31.78,1265100,6096,40351523
2021-09-27,31.52,31.66,30.86,31.25,409300,3106,12794939
2021-09-28,31.24,31.24,28.33,28.53,1189200,5939,34587195
2021-09-29,28.56,29.84,28.35,28.65,1006800,5645,29284415
2021-09-30,28.82,29.18,27.15,27.95,2108000,10057,58753161
2021-10-01,27.95,28.68,27.28,28.68,1977000,8168,55676354
2021-10-04,28.68,28.68,27.52,27.9,966400,6300,27220551
2021-10-05,28.54,28.54,27.37,27.59,1123700,5001,31028575
2021-10-06,27.25,28.63,26.8,28.63,1528000,9896,42316255
2021-10-07,28.91,29.44,28.6,28.82,920700,5998,26678643
2021-10-08,29.09,30.16,28.9,29.55,712200,4263,21047375
2021-10-11,29.15,29.52,27.45,27.8,1581200,6873,44650280
2021-10-13,28.0,28.78,27.72,28.58,570100,4459,16177743
2021-10-14,28.58,29.33,28.0,28.36,655700,4736,18616163
2021-10-15,29.02,29.05,28.06,28.51,833600,2321,23824524
2021-10-18,27.9,28.57,27.47,28.36,1188100,6837,33465990
2021-10-19,28.06,28.23,25.9,26.28,1196900,6984,31973753
2021-10-20,26.57,26.57,25.41,26.21,1977700,8176,51150721
2021-10-21,25.63,25.8,24.11,24.43,1161600,5303,28910123
2021-10-22,24.18,24.58,21.54,23.75,2354200,13738,54507879
2021-10-25,24.03,25.36,24.0,24.86,1250000,7497,30944345
2021-10-26,24.65,24.67,22.78,23.01,1203400,3125,27751317
2021-10-27,23.11,23.72,22.51,22.78,1470900,5838,33627541
2021-10-28,22.3,23.26,21.73,21.87,1714300,5773,38064349
2021-10-29,22.01,22.43,20.85,20.94,1386800,6035,29618321
2021-11-01,21.11,22.84,21.01,22.5,2083000,7829,46733182
2021-11-03,22.23,23.94,22.02,23.68,1146900,6937,26838856
2021-11-04,23.61,24.14,22.46,23.07,1063000,4921,24590356
2021-11-05,23.37,24.21,23.25,23.9,709700,4072,16775350
2021-11-08,23.76,23.76,22.55,23.11,938800,4975,21613247
2021-11-09,23.21,25.01,23.09,24.57,1107100,6062,27094977
2021-11-10,24.57,26.07,24.32,25.75,1509800,6784,38510407
2021-11-11,25.72,26.41,25.7,25.99,1201600,5830,31317571
2021-11-12,27.02,27.62,26.04,27.24,1535100,6880,41372414
2021-11-16,27.5,27.58,24.49,25.1,1315500,7201,33319330
2021-11-17,25.1,25.55,23.51,24.75,1875600,9774,45724941
2021-11-18,24.76,26.43,24.42,26.13,1745300,8038,45116499
2021-11-19,26.13,28.73,25.76,28.01,1899900,13102,52606065
2021-11-22,28.1,28.32,26.32,26.99,1417300,8419,38457713
2021-11-23,27.0,27.33,25.69,26.1,1018600,7500,26651175
2021-11-24,26.1,26.92,25.42,26.39,983600,5784,25739731
2021-11-25,26.44,27.39,26.43,27.18,1061000,6911,28739257
2021-11-26,25.52,26.43,25.24,25.69,728600,3976,18769315
2021-11-29,25.92,25.96,24.61,25.26,941400,5640,23724794
2021-11-30,24.81,25.33,23.71,24.34,1416200,5843,34495267
2021-12-01,24.63,25.86,23.89,24.15,1232500,7388,30389921
2021-12-02,24.55,24.94,23.53,23.96,1238400,6396,30006489
2021-12-03,24.05,26.06,24.05,25.27,1059100,6711,26719542
2021-12-06,25.5,26.22,25.15,25.78,546700,3449,14082203
2021-12-07,26.2,26.54,25.71,25.74,687200,4015,17933092
2021-12-08,25.65,25.95,24.89,25.55,918600,6233,23421984
2021-12-09,25.06,25.7,23.92,24.68,688300,3952,16936776
2021-12-10,24.98,25.9,24.46,25.52,1318200,4614,33652395
2021-12-13,25.53,26.28,24.7,24.7,718000,3878,18108411
2021-12-14,25.2,25.22,22.73,22.94,1317100,4657,30464153
2021-12-15,23.14,23.21,22.05,23.1,804500,5255,18239482
2021-12-16,23.1,24.27,22.57,22.81,912000,4728,21016229
2021-12-17,22.54,22.75,21.9,22.38,983600,4957,22114091
2021-12-20,22.02,22.17,21.32,21.8,742400,5017,16130024
2021-12-21,22.2,22.27,21.11,21.84,896900,4982,19273601
2021-12-22,21.84,22.16,21.26,21.9,388700,2561,8471475
2021-12-23,22.12,22.12,21.23,21.36,595700,3289,12819307
2021-12-27,22.0,22.49,21.37,22.03,750800,4158,16534845
2021-12-28,22.03,22.41,21.67,22.15,786500,5670,17302084
2021-12-29,22.36,22.36,21.37,21.7,517900,2318,11250508
2021-12-30,21.63,22.75,21.54,22.51,920000,5273,20631276
