Date,Open,High,Low,Close,Volume,Neg,Fin
2020-10-07,12.18,12.35,11.85,12.2,8363200,10626,101180473
2020-10-08,12.05,12.59,12.0,12.45,1970100,2936,24122679
2020-10-09,12.5,12.51,12.12,12.4,1530100,2498,18868718
2020-10-13,12.41,12.5,12.34,12.39,284500,1305,3535545
2020-10-14,12.36,12.54,12.28,12.4,398800,1165,4952833
2020-10-15,12.28,12.58,12.21,12.4,185500,427,2303120
2020-10-16,12.4,12.8,12.36,12.41,254500,878,3169347
2020-10-19,12.42,12.49,12.31,12.38,484100,865,5987920
2020-10-20,12.4,12.64,12.3,12.3,332000,849,4117364
2020-10-21,12.3,12.42,12.3,12.36,62700,150,777260
2020-10-22,12.37,12.46,12.11,12.3,508500,791,6270308
2020-10-23,12.31,12.45,12.31,12.45,186200,245,2308398
2020-10-26,12.4,12.44,12.3,12.4,515000,568,6386067
2020-10-27,12.32,12.45,12.3,12.45,66900,118,830744
2020-10-28,12.32,12.45,12.25,12.4,1139700,1689,14115606
2020-10-29,12.31,12.63,12.31,12.63,171000,176,2148999
2020-10-30,12.41,13.03,12.39,13.0,421400,862,5359550
2020-11-03,12.99,13.8,12.86,13.35,152100,468,2027860
2020-11-04,13.52,13.8,12.83,13.0,564300,1489,7343147
2020-11-05,13.15,13.63,12.95,13.5,68900,317,927632
2020-11-06,13.6,14.45,13.22,14.45,183200,825,2541459
2020-11-09,14.85,14.85,13.86,14.47,291200,1099,4161878
2020-11-10,14.9,14.9,13.74,14.4,887000,1883,12468334
2020-11-11,15.15,16.35,14.53,15.17,869000,3947,13168714
2020-11-12,15.0,15.69,14.75,15.69,500300,1746,7659862
2020-11-13,16.0,16.3,15.69,16.0,353100,929,5650210
2020-11-16,16.85,16.85,15.63,16.4,1139900,3120,18363899
2020-11-17,16.42,16.55,15.92,16.55,519900,2250,8457273
2020-11-18,16.55,17.09,15.85,16.3,1171800,4437,18907962
2020-11-19,16.2,16.91,16.12,16.91,560700,2108,9196690
2020-11-20,16.88,17.99,16.7,17.0,629100,1904,10669731
2020-11-23,17.19,17.29,16.97,17.11,1096400,1731,18739889
2020-11-24,17.2,17.71,17.04,17.15,629000,1823,10807555
2020-11-25,17.15,17.4,16.93,17.3,426300,1604,7329052
2020-11-26,17.15,18.74,17.15,18.08,492400,1520,8869751
2020-11-27,18.51,20.35,18.38,18.66,404900,1375,7699828
2020-11-30,18.97,20.39,18.97,19.55,710600,2732,13950052
2020-12-01,19.81,20.42,19.14,19.31,453000,1596,8849915
2020-12-02,19.32,19.74,18.52,18.56,427600,1596,8030132
2020-12-03,18.7,18.82,18.13,18.46,439900,1871,8113336
2020-12-04,18.46,18.82,18.3,18.54,229000,1145,4233690
2020-12-07,18.53,19.36,18.31,18.93,255800,1306,4853012
2020-12-08,18.81,19.9,18.81,19.32,418900,2109,8132865
2020-12-09,19.4,19.69,18.72,18.85,318000,1737,6057135
2020-12-10,18.81,19.45,18.67,19.3,187700,1061,3616702
2020-12-11,19.45,20.34,19.4,19.97,869800,2491,17344365
2020-12-14,20.0,21.48,20.0,20.21,702800,3197,14540330
2020-12-15,20.41,20.55,20.01,20.48,392400,1212,7966767
2020-12-16,20.48,20.7,20.41,20.41,160500,755,3291574
2020-12-17,20.47,20.9,19.91,20.2,340600,2130,6891995
2020-12-18,20.03,21.29,20.03,20.95,440600,2492,9144247
2020-12-21,20.68,21.85,20.47,21.31,788500,2259,16555948
2020-12-22,21.31,22.29,21.09,22.29,745000,1937,16374625
2020-12-23,22.57,22.99,21.9,22.26,409000,1547,9103405
2020-12-28,22.46,23.25,22.33,22.99,731100,2606,16631522
2020-12-29,22.99,23.67,22.49,22.49,416000,2180,9550118
2020-12-30,23.0,23.0,22.24,22.79,321500,1391,7260964
2021-01-04,23.0,23.23,22.0,22.0,316300,1517,7049737
2021-01-05,22.05,22.41,21.12,21.99,1002100,2543,21907151
2021-01-06,21.97,23.23,21.75,22.27,1103900,3078,24970403
2021-01-07,22.41,22.8,21.94,22.28,522000,1298,11626237
2021-01-08,22.33,23.12,22.24,22.94,473000,1971,10734033
2021-01-11,22.78,24.32,22.64,24.0,1014700,2990,23866258
2021-01-12,24.3,24.98,24.0,24.1,486800,2179,11880926
2021-01-13,24.85,27.08,24.75,27.07,2739900,6730,71454494
2021-01-14,27.05,29.18,26.72,27.63,1353100,5815,37880429
2021-01-15,27.57,29.99,27.11,28.73,1735500,5806,50168728
2021-01-18,28.8,29.86,28.8,29.19,486600,2816,14210309
2021-01-19,29.42,29.96,27.91,28.65,639400,3137,18298988
2021-01-20,28.77,29.95,28.28,28.86,1097500,4635,31759810
2021-01-21,28.87,29.45,28.2,29.45,833700,4845,23861933
2021-01-22,29.3,29.49,27.46,28.2,1407500,5242,39977911
2021-01-26,28.69,30.87,28.42,29.0,2535200,9090,74524542
2021-01-27,28.76,29.34,26.18,26.93,1288700,5006,35371327
2021-01-28,26.88,28.63,24.8,28.59,1771400,7584,48699675
2021-01-29,29.05,29.26,26.84,27.97,1025900,4811,28592345
2021-02-01,28.36,29.44,28.12,29.02,846800,3001,24399956
2021-02-02,29.15,31.29,28.3,28.97,1372300,6868,40424040
2021-02-03,29.55,29.95,28.71,28.87,1725400,4298,50314554
2021-02-04,29.55,30.7,29.33,30.29,1271200,5424,38109866
2021-02-05,30.41,31.78,29.2,29.65,1755300,5735,52837737
2021-02-08,29.29,30.03,28.5,29.57,695800,3796,20428083
2021-02-09,29.55,30.42,29.3,29.89,1172200,3440,35035986
2021-02-10,29.89,30.29,28.63,29.27,875700,4062,25742965
2021-02-11,29.65,29.65,28.69,28.87,420100,2337,12174663
2021-02-12,28.78,28.8,27.77,28.46,484000,2439,13713193
2021-02-17,28.46,29.27,28.0,28.79,423100,2405,12227092
2021-02-18,28.9,29.79,28.4,29.48,480800,2779,14079310
2021-02-19,29.47,31.31,29.36,31.25,583400,2797,17875832
2021-02-22,30.53,31.3,29.42,30.62,647600,3435,19741993
2021-02-23,31.24,31.95,28.72,29.54,1012300,4458,29987584
2021-02-24,29.54,31.34,29.22,30.45,645000,3020,19684397
2021-02-25,30.75,31.79,29.91,30.94,866000,4257,26721508
2021-02-26,31.25,31.25,28.95,30.13,967300,4944,29074700
2021-03-01,30.14,30.68,29.44,30.38,468500,2543,14042386
2021-03-02,30.19,30.35,28.86,29.65,822200,3678,24234176
2021-03-03,29.75,30.5,29.29,29.55,464200,2257,13869850
2021-03-04,29.92,30.22,29.3,29.51,540300,1957,16043467
2021-03-05,29.88,29.99,28.3,28.84,365200,1743,10583642
2021-03-08,28.5,28.6,27.07,27.43,536400,2828,14997288
2021-03-09,27.45,28.28,26.66,27.39,540700,1876,14804920
2021-03-10,27.41,28.26,26.97,27.4,446300,2361,12286333
2021-03-11,27.55,28.47,27.32,27.58,422100,2023,11687202
2021-03-12,27.58,28.9,27.55,28.76,446800,2107,12697035
2021-03-15,28.34,28.79,27.77,28.18,537500,2566,15107833
2021-03-16,28.52,28.52,27.45,28.09,212600,1298,5965884
2021-03-17,28.16,28.21,27.45,27.77,425600,2207,11796296
2021-03-18,27.77,28.39,26.86,27.02,422200,2064,11696983
2021-03-19,27.31,28.68,27.05,28.64,420600,1857,11822689
2021-03-22,28.7,29.8,28.11,28.11,501700,2943,14508978
2021-03-23,28.29,28.74,27.8,28.2,410000,1430,11583379
2021-03-24,28.21,28.61,26.17,26.79,735500,2670,19897910
2021-03-25,26.79,26.86,25.08,25.35,914800,3608,23469772
2021-03-26,25.42,26.6,25.18,26.6,571600,2801,14859723
2021-03-29,26.5,26.5,25.22,25.38,487200,2606,12476839
2021-03-30,25.27,26.03,25.15,25.89,574900,2613,14702314
2021-03-31,25.89,26.6,25.52,26.52,932600,4008,24332458
2021-04-01,26.35,27.21,26.18,27.15,420900,2347,11275699
2021-04-05,27.45,27.85,26.07,27.27,649300,2805,17435726
2021-04-06,27.16,27.4,26.46,27.12,479600,1987,12931650
2021-04-07,27.15,27.34,25.77,25.77,639000,2451,16640996
2021-04-08,25.91,26.06,25.16,25.72,359000,2296,9151264
2021-04-09,25.33,25.65,24.5,24.75,1629800,4094,40176640
2021-04-12,24.87,25.8,24.51,25.68,713200,2637,17989617
2021-04-13,25.68,26.39,25.17,26.39,579800,2592,14907650
2021-04-14,26.46,26.55,25.8,26.33,723400,2748,18917517
2021-04-15,26.12,26.5,25.91,25.91,476700,2300,12448576
2021-04-16,25.7,26.19,25.45,25.9,2250100,7679,58113309
2021-04-19,26.0,26.04,24.91,25.4,2406400,9120,61530384
2021-04-20,25.7,26.0,25.28,25.7,951800,3434,24360979
2021-04-22,25.7,25.7,25.09,25.49,808700,3830,20500901
2021-04-23,25.74,25.74,24.74,25.3,1000600,3873,25124834
2021-04-26,25.36,25.53,24.86,25.05,1312500,4498,33061650
2021-04-27,25.05,25.51,24.79,25.3,1121500,5031,28196024
2021-04-28,25.42,25.47,24.75,25.09,886600,3223,22192520
2021-04-29,25.08,25.75,24.78,25.15,789200,3486,19904364
2021-04-30,25.53,25.66,24.62,25.4,3222000,9515,80969127
2021-05-03,25.44,25.58,24.98,24.98,1157700,5431,29252599
2021-05-04,25.16,25.25,24.06,24.38,1789700,3287,43707969
2021-05-05,24.4,24.85,23.78,24.57,1178900,3207,28845765
2021-05-06,24.72,25.19,24.17,24.54,919300,2469,22725234
2021-05-07,24.5,25.2,24.39,24.54,825100,3024,20379320
2021-05-10,24.61,25.13,24.26,24.5,821600,3824,20280189
2021-05-11,24.5,24.7,23.67,23.73,641100,2763,15360288
2021-05-12,23.72,23.72,22.07,22.07,1108700,4786,24917833
2021-05-13,22.07,23.19,21.36,22.89,2256100,7702,50108764
2021-05-14,23.06,23.56,22.57,23.56,1083400,3396,25228250
2021-05-17,23.53,24.03,23.09,23.55,495600,2572,11620697
2021-05-18,23.49,23.95,23.03,23.5,499700,2425,11794813
2021-05-19,23.3,23.76,22.12,22.3,694500,3712,15702552
2021-05-20,22.37,22.74,21.3,21.95,862800,3871,18765852
2021-05-21,21.79,21.88,21.01,21.35,608000,3028,12923653
2021-05-24,21.36,22.0,21.06,21.85,1095900,4877,23749763
2021-05-25,22.29,22.74,21.53,22.17,1074500,4286,23756488
2021-05-26,22.67,23.46,22.0,22.36,1280700,5974,28851726
2021-05-27,22.92,23.35,22.46,22.74,2048300,6207,46718155
2021-05-28,22.97,23.3,22.43,22.99,645300,3135,14727813
2021-05-31,23.0,23.5,22.29,23.5,1007400,4219,23128055
2021-06-01,23.81,24.33,23.24,24.0,1963700,5972,46608752
2021-06-02,24.05,24.21,23.37,23.93,1871200,5682,44490347
2021-06-04,23.88,24.16,23.11,23.99,1134100,5041,26665413
2021-06-07,24.1,24.3,23.51,23.97,818000,3956,19493786
2021-06-08,24.04,25.12,23.95,24.75,1776800,7258,43722559
2021-06-09,24.84,25.46,24.59,25.01,2525800,9072,63259479
2021-06-10,25.01,25.49,24.51,25.43,1017700,4826,25483350
2021-06-11,25.5,25.77,24.95,25.49,642500,3408,16345177
2021-06-14,25.91,26.5,25.57,26.09,1233900,5179,32117296
2021-06-15,26.1,26.29,25.41,26.04,1062900,6542,27465429
2021-06-16,26.04,26.57,25.83,26.13,1208300,4960,31674190
2021-06-17,25.94,26.4,25.91,26.12,732900,4271,19191862
2021-06-18,26.12,26.87,26.12,26.4,2454500,5012,64978757
2021-06-21,26.56,26.97,26.56,26.8,576700,2675,15436265
2021-06-22,27.0,27.18,26.56,26.71,551700,2611,14797868
2021-06-23,26.56,27.85,26.11,27.2,969900,4204,26453036
2021-06-24,27.2,27.52,26.14,26.5,1113000,5017,29542120
2021-06-25,26.5,26.59,25.72,26.3,955500,4649,25088784
2021-06-28,26.39,27.6,26.33,27.43,909600,4844,24658918
2021-06-29,27.55,28.47,26.96,27.85,1888000,6552,52965050
2021-06-30,27.85,28.83,26.91,28.14,2163900,11270,60328930
2021-07-01,28.16,29.08,27.97,28.59,1787500,10284,51228779
2021-07-02,28.7,29.38,28.7,29.1,2405000,8823,69804046
2021-07-05,29.1,29.27,28.51,28.8,948400,3292,27389405
2021-07-06,28.76,28.76,27.31,27.55,1121500,5546,31139629
2021-07-07,27.55,27.62,26.37,26.79,2840200,11851,76044203
2021-07-08,26.03,26.34,25.54,25.75,4126800,5102,107409903
2021-07-12,25.83,26.12,24.81,25.39,1636300,5580,41069103
2021-07-13,25.34,25.39,24.75,24.79,750600,2737,18724171
2021-07-14,24.85,25.06,24.4,24.91,1482900,4763,36797157
2021-07-15,24.65,25.41,24.3,25.1,2259500,7588,56378218
2021-07-16,25.28,25.5,24.81,25.1,1905300,5245,47672997
2021-07-19,24.85,24.87,23.91,24.3,1053800,4679,25667429
2021-07-20,24.19,24.82,23.9,23.91,2392700,3297,57618106
2021-07-21,23.91,24.11,22.96,23.81,2422300,7482,56916767
2021-07-22,23.89,24.42,23.65,23.97,538000,2872,12908279
2021-07-23,23.71,24.22,23.52,23.87,603500,3594,14406687
2021-07-26,23.87,23.87,22.96,22.99,781700,2931,18131619
2021-07-27,22.81,22.9,22.27,22.6,619300,3750,14004950
2021-07-28,22.67,22.76,21.83,22.29,1100900,3737,24456303
2021-07-29,22.01,23.18,22.01,22.96,863000,2869,19415173
2021-07-30,22.85,23.02,21.58,22.08,1581400,5037,35147097
2021-08-02,22.48,22.86,21.98,22.37,834700,4828,18640134
2021-08-03,22.31,23.38,21.61,22.22,923700,5262,20498222
2021-08-04,22.68,22.68,21.53,21.99,916400,5035,20198599
2021-08-05,22.21,22.26,21.39,21.5,520600,3649,11359801
2021-08-06,21.64,22.08,21.18,22.05,1382200,5820,29775835
2021-08-09,22.05,22.13,21.27,21.8,1011200,4918,21760125
2021-08-10,22.04,22.43,21.36,21.88,2118200,6291,46630810
2021-08-11,21.7,21.8,21.32,21.7,545000,2236,11764522
2021-08-12,21.57,21.71,20.38,21.35,1113000,4899,23367578
2021-08-13,21.47,21.47,19.92,20.05,1571100,7290,31680017
2021-08-16,19.9,19.91,18.02,18.31,2990100,9958,55369509
2021-08-17,18.44,19.35,17.5,19.19,2490100,9754,45924476
2021-08-18,19.19,20.52,18.35,19.32,2547800,10176,49323815
2021-08-19,19.16,20.27,18.67,20.27,1162400,4829,23049543
2021-08-20,20.08,20.18,19.64,19.86,913000,3440,18201582
2021-08-23,19.87,20.5,19.65,20.25,1071300,4103,21470936
2021-08-24,20.45,20.6,19.85,20.15,3193400,6032,64205593
2021-08-25,20.49,21.29,20.44,21.0,2394500,7004,49961738
2021-08-26,20.93,21.75,20.7,21.49,1711400,6309,36606040
2021-08-27,21.49,21.75,20.96,21.32,817900,4076,17362705
2021-08-30,21.47,21.54,20.65,20.85,625200,3489,13081250
2021-08-31,20.95,21.01,19.62,20.0,1439200,5326,28885525
2021-09-01,20.39,20.39,19.74,19.82,1051000,5720,21027510
2021-09-02,19.69,19.78,18.8,18.8,880500,4186,16885998
2021-09-03,18.85,19.2,18.53,18.53,2610200,7886,48799654
2021-09-06,18.9,19.16,18.4,18.84,1082600,4668,20290411
2021-09-08,18.65,18.74,17.17,17.3,1821300,6264,32406356
2021-09-09,17.32,17.62,16.45,17.19,2478600,9366,42082833
2021-09-10,17.51,18.63,17.23,18.2,3170300,5599,56231698
2021-09-13,18.38,18.63,18.06,18.53,2784900,6509,51183399
2021-09-14,18.54,19.2,18.48,19.06,2798400,6016,53189275
2021-09-15,18.91,19.1,18.04,18.13,1582700,5843,29074286
2021-09-16,18.1,18.26,17.32,17.52,1187800,4679,21009823
2021-09-17,17.52,17.53,16.8,16.97,1067600,4471,18191717
2021-09-20,16.65,16.87,16.26,16.68,1159000,3778,19232732
2021-09-21,16.85,17.5,16.42,17.0,1254500,6847,21353642
2021-09-22,17.25,17.83,17.11,17.49,1105200,4964,19336401
2021-09-23,17.49,17.89,17.03,17.1,1410100,3953,24476494
2021-09-24,17.09,17.52,16.64,17.14,1748300,7467,29909367
2021-09-27,17.16,17.62,16.93,17.15,772900,2950,13238342
2021-09-28,17.06,17.06,15.96,16.0,1078100,4171,17425065
2021-09-29,16.09,16.3,15.23,15.23,5840200,8227,90202430
2021-09-30,15.41,15.66,15.05,15.49,3686700,10763,56768826
2021-10-01,15.49,15.79,15.15,15.55,1269200,5348,19712563
2021-10-04,15.55,15.55,14.35,14.71,2064200,6509,30415669
2021-10-05,14.81,15.61,14.67,15.49,1992600,6276,30166737
2021-10-06,15.23,15.82,14.62,15.6,1487600,6395,22721139
2021-10-07,15.63,16.22,15.4,16.09,1612800,5433,25585412
2021-10-08,16.23,17.75,16.06,17.38,2623000,7967,44932938
2021-10-11,17.39,17.48,16.52,16.65,860100,3736,14521371
2021-10-13,16.5,17.28,16.27,16.75,1183900,5132,19991340
2021-10-14,16.8,17.6,16.8,17.25,1339600,5081,23105603
2021-10-15,17.42,18.13,17.08,17.89,1182200,4418,21054930
2021-10-18,17.8,18.05,17.35,17.5,795000,3815,14021635
2021-10-19,17.35,17.36,15.85,16.07,1640200,6222,27036050
2021-10-20,16.15,16.63,15.87,16.39,947500,5025,15513002
2021-10-21,15.8,16.0,14.84,15.22,1231900,4379,18934315
2021-10-22,14.98,14.98,13.5,14.15,2175600,8844,30640936
2021-10-25,14.32,14.81,14.13,14.48,1693700,6622,24353650
2021-10-26,14.49,14.49,13.34,13.34,1098000,4620,15054697
2021-10-27,13.47,13.97,13.35,13.7,854200,3261,11710498
2021-10-28,13.5,13.76,12.91,12.92,1646000,5322,21622193
2021-10-29,12.98,13.21,12.55,13.0,1922000,6442,24787965
2021-11-01,13.05,13.59,12.9,13.1,1145700,4228,15026264
2021-11-03,13.02,14.04,12.93,13.5,1942900,6004,26521222
2021-11-04,13.63,14.02,13.21,13.54,1983000,7244,27114273
2021-11-05,13.72,14.86,13.62,14.55,2212700,5213,31987433
2021-11-08,14.46,14.72,13.7,14.44,1557700,6216,22142861
2021-11-09,14.6,15.05,14.5,14.77,1551100,5936,22892153
2021-11-10,14.99,15.12,13.69,13.8,2075100,7579,29300787
2021-11-11,14.1,14.68,13.78,14.19,2895100,9129,41321478
2021-11-12,14.0,14.19,13.02,13.17,2029800,8283,27301936
2021-11-16,13.3,13.3,12.06,12.22,1846600,10312,22861816
2021-11-17,12.31,12.37,11.52,11.78,1584600,7850,18767602
2021-11-18,11.81,12.38,11.63,12.06,1992900,8461,24033892
2021-11-19,12.06,12.86,12.04,12.42,1310200,5308,16419675
2021-11-22,12.42,12.75,11.37,11.43,2273600,8027,27308747
2021-11-23,11.48,11.55,10.77,10.94,2990100,8614,32735546
2021-11-24,10.8,11.14,10.69,10.93,2373900,6507,25953146
2021-11-25,10.89,11.39,10.74,10.9,2868000,9703,31406321
2021-11-26,10.6,10.6,9.98,10.11,3137000,9873,31845434
2021-11-29,10.3,10.41,9.94,10.23,1259400,4527,12848793
2021-11-30,10.5,10.62,9.45,9.8,2536200,7557,24938081
2021-12-01,10.2,10.2,9.06,9.09,2930400,8470,27798334
2021-12-02,9.22,9.77,9.0,9.65,5203100,9998,48734129
2021-12-03,9.63,10.82,9.59,10.8,7473900,10336,78232356
2021-12-06,11.39,11.83,10.99,11.02,4193500,11545,47841188
2021-12-07,11.17,11.96,11.17,11.5,5502200,7914,63807313
2021-12-08,11.41,13.6,11.18,13.49,5089800,15045,65223740
2021-12-09,13.23,14.26,13.11,13.97,5185500,15025,70865299
2021-12-10,14.0,14.6,13.57,13.8,3685600,7656,51708551
2021-12-13,13.91,14.11,13.34,13.34,1314900,3985,17819878
2021-12-14,13.34,13.58,12.74,12.9,1251900,5390,16222223
2021-12-15,13.03,14.2,12.51,14.1,2195200,6382,29883409
2021-12-16,14.37,14.79,13.14,14.03,3846500,11114,52768395
2021-12-17,13.7,14.7,13.41,14.4,3924100,12245,56461541
2021-12-20,14.14,14.34,13.55,13.64,2099600,10321,28850955
2021-12-21,13.89,14.01,12.88,13.91,2011300,6526,27335798
2021-12-22,13.91,14.31,13.59,14.02,1449800,4468,20311139
2021-12-23,14.11,14.14,13.29,13.54,1243000,5919,16835602
2021-12-27,13.55,13.87,13.18,13.87,783900,3153,10677401
2021-12-28,14.0,14.18,13.68,13.87,674600,3345,9370639
2021-12-29,13.87,13.99,13.31,13.4,669100,2753,9019138
2021-12-30,13.7,14.25,13.24,14.14,1915000,6607,26827824
