Date,Open,High,Low,Close,Volume,Neg,Fin
2010-01-04,1.8,1.8,1.8,1.8,1000,1,720
2010-01-05,1.825,1.85,1.775,1.775,14000,8,10120
2010-01-06,1.775,1.775,1.675,1.7,139000,44,94940
2010-01-07,1.725,2.1,1.725,1.975,440000,122,337930
2010-01-08,2.05,2.375,2.05,2.25,1132000,273,997900
2010-01-11,2.3,2.625,2.25,2.425,506000,130,494300
2010-01-12,2.4,2.4,2.075,2.3,254000,65,224530
2010-01-13,2.25,2.25,2.175,2.225,52000,13,46190
2010-01-14,2.225,2.3,2.175,2.25,152000,32,135910
2010-01-15,2.375,2.375,2.25,2.325,50000,16,45740
2010-01-18,2.275,2.35,2.175,2.25,58000,21,52540
2010-01-19,2.25,2.3,2.225,2.3,20000,10,18040
2010-01-20,2.3,2.35,2.225,2.35,121000,35,111300
2010-01-21,2.35,2.35,2.15,2.25,34000,16,30620
2010-01-22,2.325,2.525,2.3,2.325,262000,70,249960
2010-01-26,2.35,2.5,2.25,2.35,107000,31,100070
2010-01-27,2.35,2.35,2.175,2.225,131000,26,117670
2010-01-28,2.275,2.45,2.275,2.325,187000,39,175100
2010-01-29,2.375,2.45,2.25,2.35,61000,26,57140
2010-02-01,2.35,2.4,2.35,2.375,25000,15,23640
2010-02-02,2.3,2.35,2.275,2.275,18000,16,16530
2010-02-03,2.325,2.375,2.275,2.275,46000,12,43140
2010-02-04,2.325,2.325,2.15,2.2,98000,29,85930
2010-02-05,2.05,2.175,2.0,2.175,60000,14,50180
2010-02-08,2.125,2.225,2.125,2.175,20000,6,17410
2010-02-09,2.225,2.225,2.125,2.15,24000,8,21270
2010-02-10,2.125,2.525,2.1,2.375,278000,42,261870
2010-02-11,2.4,2.625,2.25,2.35,179000,56,177490
2010-02-12,2.475,2.475,2.25,2.45,27000,10,24770
2010-02-17,2.45,2.45,2.45,2.45,1000,1,980
2010-02-18,2.325,2.4,2.3,2.325,65000,28,60800
2010-02-19,2.325,2.575,2.275,2.5,107000,47,102970
2010-02-22,2.5,2.55,2.35,2.475,45000,26,43850
2010-02-23,2.375,2.375,2.3,2.35,22000,10,20370
2010-02-24,2.375,2.375,2.25,2.275,50000,18,45930
2010-02-25,2.375,2.375,2.35,2.35,15000,4,14200
2010-02-26,2.275,2.325,2.275,2.275,72000,23,65580
2010-03-01,2.35,2.35,2.3,2.35,32000,6,29960
2010-03-02,2.4,2.4,2.275,2.35,89000,18,81690
2010-03-03,2.275,2.375,2.25,2.375,31000,14,28340
2010-03-04,2.375,2.375,2.275,2.325,11000,7,10130
2010-03-05,2.375,2.375,2.275,2.35,3000,3,2800
2010-03-08,2.275,2.325,2.275,2.325,19000,7,17330
2010-03-09,2.275,2.325,2.225,2.275,31000,25,28000
2010-03-10,2.25,2.3,2.25,2.3,10000,5,9030
2010-03-11,2.225,2.375,2.225,2.25,44000,21,40330
2010-03-12,2.275,2.375,2.275,2.325,29000,16,27080
2010-03-15,2.325,2.375,2.25,2.25,60000,23,55350
2010-03-16,2.275,2.275,2.225,2.25,36000,9,32430
2010-03-17,2.3,2.3,2.25,2.25,4000,3,3620
2010-03-18,2.225,2.275,2.225,2.275,7000,4,6250
2010-03-19,2.275,2.275,2.275,2.275,4000,3,3640
2010-03-22,2.25,2.275,2.225,2.25,9000,7,8090
2010-03-23,2.25,2.25,2.225,2.225,5000,3,4460
2010-03-24,2.275,2.275,2.175,2.275,12000,6,10570
2010-03-25,2.175,2.225,2.125,2.2,49000,18,42370
2010-03-26,2.15,2.25,2.15,2.15,42000,10,37330
2010-03-29,2.15,2.2,2.125,2.15,13000,8,11240
2010-03-30,2.125,2.2,2.025,2.175,49000,15,40570
2010-03-31,2.05,2.075,2.05,2.05,24000,7,19800
2010-04-01,2.1,2.3,2.1,2.25,27000,11,23860
2010-04-05,2.25,2.25,2.05,2.15,45000,13,39030
2010-04-06,2.175,2.2,2.15,2.2,23000,7,19830
2010-04-08,2.075,2.275,2.075,2.25,22000,8,19570
2010-04-09,2.2,2.225,2.175,2.225,41000,12,36120
2010-04-12,2.25,2.25,2.175,2.25,3000,3,2670
2010-04-13,2.125,2.225,2.1,2.2,7000,7,6040
2010-04-14,2.175,2.175,2.175,2.175,5000,1,4350
2010-04-15,2.075,2.175,2.025,2.15,114000,37,94960
2010-04-16,2.1,2.15,2.05,2.05,22000,15,18420
2010-04-19,2.05,2.1,2.05,2.05,57000,5,46760
2010-04-20,2.05,2.075,2.0,2.075,27000,10,21990
2010-04-22,2.0,2.075,2.0,2.075,33000,8,26560
2010-04-23,2.05,2.1,2.05,2.1,3000,3,2490
2010-04-27,2.0,2.075,1.925,1.95,55000,23,43290
2010-04-28,1.925,2.075,1.875,2.075,67000,20,50860
2010-04-29,2.075,2.075,1.925,1.95,36000,13,28240
2010-04-30,2.0,2.0,2.0,2.0,1000,1,800
2010-05-03,1.925,2.1,1.925,2.05,31000,12,24230
2010-05-04,1.9,1.925,1.825,1.85,56000,16,42030
2010-05-05,1.8,1.925,1.8,1.925,58000,16,42490
2010-05-06,1.775,1.925,1.7,1.875,28000,9,19790
2010-05-07,1.85,1.875,1.85,1.875,5000,2,3730
2010-05-10,1.9,1.95,1.725,1.95,53000,15,38560
2010-05-11,1.825,2.0,1.8,2.0,19000,6,13910
2010-05-12,1.825,1.875,1.725,1.825,37000,16,26330
2010-05-13,1.825,1.85,1.825,1.825,6000,4,4390
2010-05-14,1.775,1.825,1.725,1.725,74000,12,51420
2010-05-17,1.875,1.875,1.875,1.875,1000,1,750
2010-05-18,1.75,1.875,1.75,1.875,7000,6,5060
2010-05-19,1.85,1.925,1.85,1.925,2000,2,1510
2010-05-20,1.75,1.8,1.65,1.8,19000,6,13060
2010-05-21,1.85,1.85,1.85,1.85,1000,1,740
2010-05-24,1.75,1.825,1.725,1.775,12000,8,8410
2010-05-25,1.7,1.8,1.7,1.8,7000,3,4800
2010-05-26,1.725,1.85,1.55,1.8,92000,30,64230
2010-05-27,1.85,1.85,1.725,1.85,3000,3,2170
2010-05-31,1.85,1.925,1.85,1.925,5000,4,3790
2010-06-01,1.775,1.875,1.775,1.875,2000,2,1460
2010-06-02,1.925,2.0,1.9,2.0,19000,6,15000
2010-06-04,2.0,2.0,2.0,2.0,6000,3,4800
2010-06-07,2.0,2.125,1.95,2.125,28000,10,23130
2010-06-08,1.925,2.1,1.875,2.1,24000,12,19210
2010-06-09,2.1,2.1,2.025,2.025,10000,5,8200
2010-06-10,2.1,2.1,2.0,2.1,7000,4,5690
2010-06-11,2.0,2.05,1.95,2.05,25000,7,19790
2010-06-14,2.0,2.05,1.95,1.95,14000,6,11200
2010-06-15,2.1,2.1,1.95,1.95,2000,2,1620
2010-06-16,2.0,2.15,1.9,2.05,27000,10,22610
2010-06-17,2.0,2.0,2.0,2.0,2000,2,1600
2010-06-18,2.025,2.075,2.0,2.075,18000,5,14600
2010-06-21,1.975,1.975,1.875,1.975,7000,6,5430
2010-06-22,1.975,1.975,1.975,1.975,4000,3,3160
2010-06-24,2.05,2.275,2.05,2.275,80000,20,70560
2010-06-25,2.25,2.25,2.25,2.25,2000,2,1800
2010-06-28,2.225,2.275,2.225,2.275,20000,6,18120
2010-06-29,2.175,2.275,2.175,2.275,5000,5,4480
2010-07-02,2.175,2.275,2.125,2.25,8000,5,6980
2010-07-05,1.95,1.95,1.95,1.95,10000,5,7800
2010-07-06,2.075,2.075,2.075,2.075,1000,1,830
2010-07-08,2.125,2.125,2.05,2.05,8000,3,6770
2010-07-13,2.125,2.15,2.125,2.15,7000,2,6010
2010-07-20,2.175,2.25,2.175,2.25,4000,2,3570
2010-07-21,2.075,2.125,1.95,2.05,30000,16,24250
2010-07-22,2.0,2.05,1.975,1.975,7000,5,5690
2010-07-23,2.125,2.125,2.125,2.125,1000,1,850
2010-07-26,2.1,2.1,2.1,2.1,4000,3,3360
2010-07-27,2.0,2.0,2.0,2.0,4000,2,3200
2010-07-28,2.0,2.025,2.0,2.025,3000,3,2410
2010-07-29,1.975,2.0,1.975,2.0,28000,9,22180
2010-07-30,1.95,2.075,1.875,2.075,16000,11,12590
2010-08-02,2.025,2.075,2.025,2.05,14000,8,11420
2010-08-03,1.975,2.025,1.95,1.95,36000,10,28440
2010-08-04,1.925,2.15,1.925,2.15,68000,28,54940
2010-08-05,2.05,2.1,2.05,2.1,16000,5,13290
2010-08-09,2.125,2.15,2.05,2.15,26000,7,21720
2010-08-10,2.025,2.1,1.9,2.025,24000,10,19020
2010-08-11,1.95,2.0,1.9,2.0,10000,4,7780
2010-08-13,1.9,2.0,1.875,1.9,14000,7,10600
2010-08-16,1.925,1.95,1.925,1.925,6000,5,4630
2010-08-17,1.975,2.0,1.95,1.975,17000,6,13430
2010-08-18,2.025,2.025,1.95,1.975,29000,8,22870
2010-08-19,2.025,2.025,2.025,2.025,1000,1,810
2010-08-20,1.975,2.025,1.975,2.025,8000,7,6400
2010-08-23,2.025,2.05,2.025,2.05,2000,2,1630
2010-08-24,2.0,2.0,1.925,1.925,15000,6,11670
2010-08-25,2.025,2.025,2.025,2.025,1000,1,810
2010-08-26,1.9,1.95,1.8,1.825,98000,32,73510
2010-08-27,1.875,1.95,1.875,1.95,62000,23,47380
2010-08-30,1.875,2.0,1.85,1.95,62000,24,48280
2010-08-31,1.9,1.95,1.875,1.875,10000,5,7600
2010-09-01,1.95,1.95,1.925,1.925,2000,2,1550
2010-09-02,1.85,1.925,1.825,1.825,77000,17,56810
2010-09-03,1.85,1.9,1.85,1.9,16000,9,11930
2010-09-06,1.85,1.9,1.85,1.9,16000,5,11880
2010-09-08,1.85,1.875,1.825,1.875,7000,5,5180
2010-09-09,1.875,1.875,1.8,1.85,36000,8,26500
2010-09-10,1.825,1.85,1.825,1.85,7000,3,5120
2010-09-13,1.8,1.875,1.8,1.875,48000,7,35230
2010-09-14,1.875,1.925,1.85,1.9,47000,13,35630
2010-09-15,1.875,2.85,1.875,2.55,608000,141,541390
2010-09-16,2.525,2.825,2.325,2.5,225000,75,231050
2010-09-17,2.275,2.425,2.175,2.275,237000,54,217040
2010-09-20,2.225,2.375,2.225,2.275,65000,19,60470
2010-09-21,2.2,2.375,2.175,2.175,35000,17,31640
2010-09-22,2.225,2.225,2.075,2.075,62000,19,53450
2010-09-23,2.125,2.325,1.975,2.175,99000,43,85840
2010-09-24,2.075,2.225,2.075,2.225,28000,15,23770
2010-09-27,2.1,2.225,2.1,2.225,70000,19,59430
2010-09-28,2.175,2.325,2.175,2.325,31000,13,28120
2010-09-29,2.325,2.325,2.325,2.325,3000,1,2790
2010-09-30,2.4,2.4,2.225,2.35,10000,5,9260
2010-10-01,2.275,2.5,2.275,2.375,100000,36,94700
2010-10-04,2.475,2.6,2.45,2.55,88000,32,88350
2010-10-05,2.525,2.675,2.525,2.575,53000,21,55000
2010-10-06,2.4,2.425,2.25,2.275,91000,39,84770
2010-10-07,2.375,2.4,2.375,2.375,22000,8,20940
2010-10-08,2.5,2.55,2.325,2.475,43000,24,42800
2010-10-13,2.5,2.675,2.5,2.575,80000,18,81780
2010-10-14,2.625,3.375,2.625,3.0,396000,133,475960
2010-10-15,3.075,3.3,2.825,2.825,87000,36,103450
2010-10-18,2.825,3.5,2.825,3.125,414000,123,518910
2010-10-19,3.175,3.25,3.0,3.15,119000,64,147600
2010-10-20,3.125,3.75,3.125,3.4,245000,113,337950
2010-10-21,3.5,3.975,3.375,3.6,299000,106,431450
2010-10-22,3.65,4.075,3.5,3.85,122000,59,181890
2010-10-25,4.325,4.975,4.15,4.425,532000,205,951840
2010-10-26,4.25,4.575,3.825,3.825,454000,196,755350
2010-10-27,3.9,4.225,3.725,4.2,109000,45,169260
2010-10-28,4.25,4.25,3.875,3.9,59000,36,93640
2010-10-29,4.175,4.25,4.075,4.225,54000,29,89870
2010-11-01,4.25,4.25,4.075,4.125,19000,15,31450
2010-11-03,4.175,4.25,4.025,4.025,15000,9,24300
2010-11-04,4.1,4.2,3.95,4.025,97000,37,156280
2010-11-05,3.975,4.125,3.925,4.025,46000,25,73720
2010-11-08,4.025,4.025,3.6,3.7,56000,33,85160
2010-11-09,3.75,3.925,3.675,3.825,47000,32,71120
2010-11-10,3.775,4.0,3.775,4.0,21000,16,32440
2010-11-12,3.975,4.2,3.975,4.1,26000,19,42200
2010-11-16,4.225,4.5,4.125,4.25,156000,68,264840
2010-11-17,4.25,4.65,4.25,4.475,212000,72,375330
2010-11-18,4.5,5.125,4.5,5.1,440000,191,863200
2010-11-19,5.35,5.625,4.85,5.125,419000,198,886580
2010-11-22,5.05,5.275,4.125,4.4,240000,83,438070
2010-11-23,4.325,4.725,4.2,4.6,92000,55,161730
2010-11-24,4.6,5.1,4.6,4.975,111000,65,213630
2010-11-25,4.95,5.0,4.675,4.675,41000,24,79360
2010-11-26,4.75,4.75,4.425,4.425,113000,51,207020
2010-11-29,4.45,4.55,4.45,4.475,11000,9,19630
2010-11-30,4.525,4.875,4.525,4.775,56000,24,105110
2010-12-01,4.75,4.9,4.65,4.725,44000,30,83270
2010-12-02,4.7,4.825,4.45,4.775,46000,26,86330
2010-12-03,4.8,4.8,4.5,4.75,33000,18,60970
2010-12-06,4.6,5.0,4.6,4.9,111000,45,216100
2010-12-07,5.075,5.425,5.075,5.35,207000,94,432720
2010-12-08,5.475,5.6,5.1,5.15,131000,67,278590
2010-12-09,5.175,5.325,4.875,5.325,81000,37,165050
2010-12-10,5.425,5.875,5.275,5.875,148000,63,332580
2010-12-13,5.975,6.475,5.825,6.0,219000,108,537110
2010-12-14,6.1,6.35,5.9,5.975,88000,49,213360
2010-12-15,6.2,6.25,5.875,6.15,55000,27,133450
2010-12-16,6.325,7.175,6.325,6.55,165000,88,442260
2010-12-17,6.725,6.975,6.475,6.475,100000,54,266760
2010-12-20,6.425,6.725,6.35,6.4,21000,19,54160
2010-12-21,6.65,6.65,5.95,6.05,90000,52,222180
2010-12-22,6.05,6.25,5.75,6.25,75000,36,181620
2010-12-23,6.225,6.375,6.175,6.25,46000,32,115630
2010-12-27,6.475,7.15,6.475,6.975,256000,129,699490
2010-12-28,7.0,7.4,6.5,6.775,240000,109,673600
2010-12-29,7.2,7.2,6.75,6.85,40000,28,110240
2010-12-30,6.775,7.175,6.75,7.15,28000,20,78590
2011-01-03,6.975,7.75,6.8,6.8,202000,93,575780
2011-01-04,6.875,6.9,6.525,6.625,41000,30,110950
2011-01-05,6.75,6.9,6.5,6.55,72000,28,191490
2011-01-06,6.725,6.875,6.375,6.8,59000,30,155960
2011-01-07,6.75,7.3,6.75,7.1,159000,82,450850
2011-01-10,6.875,7.025,6.725,6.775,129000,41,353140
2011-01-11,7.0,7.0,6.6,6.65,56000,25,151130
2011-01-12,6.725,6.825,6.625,6.625,72000,39,193450
2011-01-13,6.625,6.75,6.575,6.575,26000,17,69120
2011-01-14,6.6,6.6,6.25,6.4,68000,31,174340
2011-01-17,6.25,6.25,6.0,6.225,77000,34,188090
2011-01-18,6.25,6.25,5.375,5.75,80000,35,190130
2011-01-19,5.425,5.675,5.2,5.675,102000,52,220160
2011-01-20,5.675,5.875,5.625,5.625,30000,20,69290
2011-01-21,5.55,5.875,5.55,5.6,60000,21,138200
2011-01-24,6.0,6.425,5.775,5.775,37000,27,89380
2011-01-26,6.0,6.175,6.0,6.0,9000,8,21760
2011-01-27,5.95,6.05,5.825,5.975,6000,6,14210
2011-01-28,6.125,6.125,5.325,5.65,70000,30,155220
2011-01-31,5.65,6.0,5.65,6.0,87000,37,202990
2011-02-01,5.8,6.0,5.5,6.0,116000,41,265580
2011-02-02,6.1,6.25,5.725,5.85,109000,39,256740
2011-02-03,6.05,6.95,6.0,6.875,227000,92,586460
2011-02-04,6.975,7.35,6.5,6.725,103000,59,282170
2011-02-07,6.75,6.85,6.7,6.85,18000,10,48600
2011-02-08,6.975,7.375,6.625,7.1,198000,80,560920
2011-02-09,7.3,7.325,6.575,6.6,74000,26,203030
2011-02-10,6.95,7.0,6.625,6.75,24000,16,66600
2011-02-11,6.875,6.875,6.05,6.25,191000,78,486960
2011-02-14,6.35,6.7,6.25,6.6,46000,20,119570
2011-02-15,6.6,6.725,6.425,6.5,43000,18,112690
2011-02-16,6.6,6.75,6.5,6.675,101000,30,269690
2011-02-17,6.675,6.725,6.45,6.45,23000,12,59720
2011-02-18,6.5,6.675,6.5,6.675,20000,10,52600
2011-02-21,6.675,6.8,6.45,6.45,25000,18,65550
2011-02-22,6.675,6.75,6.175,6.575,134000,35,348580
2011-02-23,6.675,6.75,6.375,6.675,82000,33,216470
2011-02-24,6.75,6.75,6.75,6.75,1000,1,2700
2011-02-25,6.725,6.725,6.275,6.375,36000,25,92300
2011-02-28,6.575,6.7,6.175,6.35,76000,36,194170
2011-03-01,6.35,6.475,6.0,6.05,158000,58,389430
2011-03-02,5.8,5.975,5.425,5.75,63000,39,142420
2011-03-03,5.675,6.05,5.25,5.95,234000,93,517300
2011-03-04,6.0,6.0,5.75,5.95,16000,15,37490
2011-03-09,5.875,5.875,5.875,5.875,2000,1,4700
2011-03-10,5.65,6.25,5.525,6.25,93000,49,217200
2011-03-11,6.25,6.4,6.075,6.075,17000,15,42340
2011-03-14,6.05,6.375,6.05,6.375,19000,11,47170
2011-03-15,6.25,6.8,6.075,6.8,192000,80,502420
2011-03-16,6.675,6.7,6.25,6.55,38000,25,97930
2011-03-17,6.35,6.35,6.15,6.15,2000,2,5000
2011-03-18,6.4,6.6,6.4,6.5,14000,12,36390
2011-03-21,6.5,6.975,6.275,6.7,81000,36,215950
2011-03-22,6.5,6.875,6.5,6.85,7000,3,18490
2011-03-23,7.0,7.125,6.75,7.0,95000,52,264840
2011-03-24,7.075,7.075,6.575,6.725,46000,21,124160
2011-03-25,6.9,6.9,6.6,6.8,78000,32,211000
2011-03-28,6.925,7.075,6.725,6.825,37000,16,102180
2011-03-29,6.875,7.0,6.7,6.825,27000,21,73390
2011-03-30,6.55,6.825,5.825,5.875,344000,174,834950
2011-03-31,6.0,6.125,5.6,5.75,161000,83,374200
2011-04-01,5.75,6.0,5.225,5.275,214000,97,468650
2011-04-04,5.3,5.6,4.85,5.125,126000,76,264470
2011-04-05,5.325,5.35,4.85,5.0,149000,63,302950
2011-04-06,5.1,5.425,4.95,5.175,148000,62,306460
2011-04-07,5.175,5.35,5.175,5.325,22000,17,46190
2011-04-08,5.35,5.5,5.3,5.3,67000,24,143500
2011-04-11,5.25,5.425,4.85,4.875,125000,49,251540
2011-04-12,4.975,4.975,3.975,4.0,369000,144,629490
2011-04-13,4.125,4.475,3.875,4.0,188000,91,314530
2011-04-14,4.0,4.55,4.0,4.275,218000,88,377660
2011-04-15,4.45,4.575,4.275,4.475,90000,52,159890
2011-04-18,4.575,4.575,3.9,4.1,238000,80,385600
2011-04-19,4.225,4.35,4.05,4.2,43000,23,71410
2011-04-20,4.35,4.575,4.125,4.45,181000,69,318470
2011-04-25,4.45,4.45,4.2,4.2,67000,40,115060
2011-04-26,4.25,4.65,4.225,4.45,454000,146,808070
2011-04-27,4.65,4.925,4.5,4.65,457000,130,856830
2011-04-28,4.75,4.875,4.45,4.5,119000,51,217140
2011-04-29,4.5,4.6,4.45,4.5,63000,30,113370
2011-05-02,4.575,4.625,4.475,4.55,78000,40,141110
2011-05-03,4.525,4.525,4.3,4.5,77000,30,136330
2011-05-04,4.475,4.575,4.375,4.4,24000,16,42730
2011-05-05,4.375,4.4,4.25,4.3,40000,18,69180
2011-05-06,4.3,4.5,4.225,4.4,242000,54,419030
2011-05-09,4.3,4.5,4.175,4.425,22000,15,38180
2011-05-10,4.35,4.55,4.35,4.55,61000,28,109390
2011-05-11,4.625,4.725,4.5,4.5,79000,27,144460
2011-05-12,4.475,4.525,4.375,4.525,125000,20,220780
2011-05-13,4.375,4.5,4.275,4.375,26000,15,45490
2011-05-16,4.425,4.425,4.1,4.25,40000,27,67590
2011-05-17,4.225,4.375,4.15,4.375,7000,7,11930
2011-05-18,4.3,4.35,4.25,4.35,20000,6,34430
2011-05-19,4.25,4.375,4.25,4.25,22000,7,38130
2011-05-20,4.25,4.375,4.225,4.225,23000,14,39410
2011-05-23,4.2,4.4,4.2,4.25,22000,14,37910
2011-05-24,4.25,4.25,4.1,4.15,13000,7,21740
2011-05-25,4.225,4.475,4.1,4.45,47000,16,79460
2011-05-26,4.475,4.475,4.2,4.2,6000,5,10300
2011-05-27,4.25,4.25,4.15,4.25,13000,7,21980
2011-05-30,4.25,4.25,4.25,4.25,1000,1,1700
2011-05-31,4.375,4.475,4.175,4.375,28000,16,48740
2011-06-01,4.225,4.325,4.225,4.225,12000,3,20680
2011-06-02,4.15,4.325,4.15,4.325,9000,7,15340
2011-06-03,4.2,4.2,4.2,4.2,3000,2,5040
2011-06-06,4.125,4.275,4.125,4.125,11000,6,18490
2011-06-07,4.15,4.15,4.15,4.15,5000,1,8300
2011-06-08,4.175,4.25,4.125,4.15,17000,7,28390
2011-06-09,4.275,4.6,4.075,4.5,223000,48,391050
2011-06-10,4.575,4.75,4.5,4.65,190000,29,347830
2011-06-13,4.8,4.9,4.625,4.825,114000,22,219760
2011-06-14,4.7,5.0,4.7,4.975,42000,24,81560
2011-06-15,5.15,5.425,5.1,5.1,310000,121,639970
2011-06-16,5.3,5.5,5.0,5.175,214000,64,444590
2011-06-17,5.15,5.15,4.95,5.05,32000,8,65180
2011-06-20,4.825,5.0,4.7,4.875,179000,62,343720
2011-06-21,4.975,4.975,4.875,4.925,30000,10,59010
2011-06-22,5.0,5.325,4.825,4.825,118000,51,234670
2011-06-24,4.875,5.125,4.875,5.1,80000,45,160400
2011-06-27,5.1,5.75,5.1,5.75,322000,128,700970
2011-06-28,6.025,6.425,5.875,6.125,715000,290,1736610
2011-06-29,6.225,7.1,6.225,7.0,838000,308,2248460
2011-06-30,7.25,7.425,6.25,6.25,654000,261,1793200
2011-07-01,6.2,7.075,6.125,6.85,232000,127,617010
2011-07-04,7.0,7.175,6.575,7.075,252000,152,691130
2011-07-05,7.075,8.425,6.8,7.75,1332000,502,4125790
2011-07-06,7.7,8.0,7.0,7.25,850000,411,2541810
2011-07-07,7.5,7.725,6.95,7.25,342000,171,988560
2011-07-08,7.375,7.775,7.1,7.625,510000,224,1525270
2011-07-11,7.7,8.6,7.375,8.175,857000,435,2728610
2011-07-12,8.375,8.725,8.125,8.125,666000,398,2226670
2011-07-13,8.2,8.6,8.175,8.375,479000,208,1598350
2011-07-14,8.475,9.125,8.475,8.875,418000,219,1461060
2011-07-15,9.0,9.15,8.575,8.875,358000,190,1266710
2011-07-18,9.0,9.9,9.0,9.75,298000,178,1135140
2011-07-19,10.125,11.925,10.125,11.65,509000,321,2196620
2011-07-20,13.25,13.25,9.5,10.125,822000,382,3556100
2011-07-21,10.275,10.575,9.4,9.65,419000,213,1641530
2011-07-22,10.075,10.15,7.175,7.175,471000,273,1620260
2011-07-25,6.5,7.825,5.625,7.5,501000,268,1351370
2011-07-26,8.0,8.65,7.0,7.0,463000,256,1454940
2011-07-27,6.225,7.35,5.975,6.5,353000,196,936150
2011-07-28,6.85,7.25,6.85,6.975,157000,102,442520
2011-07-29,6.925,7.225,6.6,6.8,58000,44,157810
2011-08-01,7.075,8.2,6.975,8.2,502000,203,1493680
2011-08-02,8.425,8.5,7.7,7.7,294000,168,957120
2011-08-03,7.375,8.05,7.0,8.0,283000,175,864050
2011-08-04,7.925,8.2,7.375,7.5,246000,157,755640
2011-08-05,7.6,8.1,6.875,7.7,295000,197,885590
2011-08-08,7.25,7.65,7.025,7.5,127000,78,377380
2011-08-09,7.65,8.25,7.5,7.525,206000,134,636050
2011-08-10,7.5,8.125,7.5,7.875,181000,124,560900
2011-08-11,7.925,9.5,7.875,8.625,312000,178,1087520
2011-08-12,8.625,9.75,8.625,9.625,381000,222,1431160
2011-08-15,10.0,10.5,9.45,9.5,291700,413,1153268
2011-08-16,9.5,10.1,9.425,9.45,154100,337,598157
2011-08-17,9.525,9.75,8.875,9.75,179600,245,670879
2011-08-18,9.35,9.35,8.9,8.9,164500,253,595170
2011-08-19,8.975,9.475,8.975,9.25,114900,284,421566
2011-08-22,9.3,9.7,9.025,9.025,140000,261,525517
2011-08-23,9.35,9.475,8.375,8.75,162000,184,576419
2011-08-24,8.7,9.05,8.35,8.525,244100,279,851102
2011-08-25,8.575,8.95,8.475,8.475,79800,152,275240
2011-08-26,8.425,8.5,8.25,8.25,81700,123,275862
2011-08-29,8.5,9.1,8.425,8.7,127300,252,443842
2011-08-30,8.775,9.125,8.525,8.7,160600,191,562581
2011-08-31,8.875,9.0,8.45,8.75,113000,162,392187
2011-09-01,8.725,8.925,8.25,8.5,155400,202,526146
2011-09-02,8.4,8.5,8.25,8.45,65400,102,218111
2011-09-05,8.575,8.575,8.025,8.025,34600,54,114084
2011-09-06,8.4,8.525,8.1,8.15,196300,109,652658
2011-09-08,8.25,8.4,8.225,8.325,101900,34,339565
2011-09-09,8.25,8.4,8.075,8.25,19700,32,64730
2011-09-12,8.4,8.4,7.775,7.9,70100,65,222884
2011-09-13,7.9,8.125,7.25,7.25,130600,196,394744
2011-09-14,7.5,7.825,6.875,7.7,154500,269,450563
2011-09-15,7.725,8.05,7.375,7.6,111000,276,341460
2011-09-16,7.975,7.975,7.5,7.9,18800,87,57808
2011-09-19,7.9,7.925,7.5,7.85,25900,35,80696
2011-09-20,7.975,7.975,7.375,7.375,36900,72,111713
2011-09-21,7.45,7.675,7.25,7.625,128400,140,386051
2011-09-22,7.475,7.6,7.175,7.475,21600,73,64245
2011-09-23,7.525,7.925,7.425,7.575,68500,165,208148
2011-09-26,7.675,7.675,7.15,7.425,21100,53,62416
2011-09-27,7.375,7.575,7.25,7.475,170200,124,506985
2011-09-28,7.5,7.875,7.275,7.425,63400,98,192154
2011-09-29,7.65,7.95,7.425,7.65,53900,66,165592
2011-09-30,7.625,7.75,7.4,7.5,58500,71,177478
2011-10-03,7.5,7.65,7.25,7.525,40100,64,119432
2011-10-04,7.475,7.5,7.325,7.45,9100,28,27015
2011-10-05,7.475,7.5,7.25,7.5,13100,28,38641
2011-10-06,7.475,7.675,7.25,7.575,48900,160,145830
2011-10-07,7.6,7.6,7.45,7.45,8300,22,25058
2011-10-10,7.55,7.55,6.95,7.5,29500,34,84540
2011-10-13,7.2,7.475,7.05,7.275,17700,26,50805
2011-10-14,7.475,7.475,7.125,7.325,14000,10,40580
2011-10-17,7.125,7.425,7.025,7.225,33800,70,97243
2011-10-18,7.225,7.4,6.95,7.025,56100,172,158733
2011-10-19,7.175,7.2,6.75,7.0,107900,130,301957
2011-10-20,7.0,7.375,6.75,7.35,33700,85,94633
2011-10-21,7.25,7.25,7.125,7.225,23900,33,68885
2011-10-24,7.05,7.9,7.0,7.9,210100,166,622256
2011-10-25,7.825,8.45,7.45,7.525,153700,328,481514
2011-10-26,7.675,8.325,7.675,8.075,84700,149,273308
2011-10-27,8.25,8.375,7.975,7.975,92000,127,299765
2011-10-28,8.05,8.275,8.0,8.025,26600,71,86162
2011-10-31,8.175,8.2,7.625,8.125,66000,72,209274
2011-11-01,7.875,8.0,7.75,7.75,14300,55,45058
2011-11-03,7.775,8.0,7.775,7.975,57900,31,181238
2011-11-04,7.975,8.475,7.975,8.25,43700,72,143102
2011-11-07,8.0,8.475,7.975,8.375,47000,112,155416
2011-11-08,8.3,8.375,8.075,8.2,24000,30,77783
2011-11-09,8.075,8.175,7.75,8.075,33100,40,103640
2011-11-10,7.925,8.175,7.8,8.1,225900,38,720120
2011-11-11,8.1,8.125,7.85,7.875,21800,37,69002
2011-11-14,7.975,7.975,7.575,7.925,7900,15,24217
2011-11-16,7.95,7.95,7.475,7.5,34100,51,102789
2011-11-17,7.725,7.75,7.275,7.575,64400,62,193553
2011-11-18,7.725,7.725,7.325,7.55,81700,42,243667
2011-11-21,7.625,7.625,7.425,7.575,17300,23,51893
2011-11-22,7.625,7.7,7.5,7.625,18700,50,56460
2011-11-23,7.6,7.7,7.45,7.6,22000,35,66241
2011-11-24,7.7,7.7,7.5,7.675,4500,19,13673
2011-11-25,7.675,7.675,7.15,7.625,45400,42,133864
2011-11-28,7.45,7.55,7.025,7.15,16600,27,47484
2011-11-29,7.15,7.45,6.975,6.975,57500,46,166727
2011-11-30,7.35,7.625,7.15,7.575,23800,33,69407
2011-12-01,7.55,7.55,7.25,7.375,8500,26,24879
2011-12-02,7.4,7.525,7.05,7.05,194200,40,555412
2011-12-05,7.45,7.45,7.0,7.325,81600,36,234583
2011-12-06,7.425,7.425,6.875,7.3,10100,28,28830
2011-12-07,7.125,7.325,7.125,7.2,22200,11,64055
2011-12-08,7.2,7.325,7.0,7.2,14200,18,41012
2011-12-09,7.2,7.275,6.975,7.125,24900,23,71686
2011-12-12,7.0,7.2,6.925,7.125,44900,14,126532
2011-12-13,7.05,7.25,6.7,7.1,74000,49,201937
2011-12-14,7.1,7.1,6.775,6.775,12600,29,35046
2011-12-15,6.95,7.1,6.875,7.075,10900,15,30363
2011-12-16,7.25,7.25,6.875,7.05,34900,27,98891
2011-12-19,7.075,7.625,7.0,7.375,80200,55,232677
2011-12-20,7.6,7.6,7.225,7.375,45400,31,132908
2011-12-21,7.35,7.5,7.2,7.425,29600,28,86169
2011-12-22,7.375,7.45,7.2,7.2,42700,14,124913
2011-12-23,7.4,7.425,7.15,7.375,120100,20,349999
2011-12-26,7.25,7.375,7.125,7.375,111400,45,323336
2011-12-27,7.225,7.225,7.025,7.025,20700,7,59394
2011-12-28,7.025,7.2,6.9,7.125,30000,21,84850
2011-12-29,7.125,7.125,7.075,7.125,700,3,1993
2012-01-02,6.9,7.125,6.9,7.1,19000,18,53124
2012-01-03,7.1,7.25,7.0,7.175,17500,28,49326
2012-01-04,7.0,7.25,6.975,7.225,34700,19,97241
2012-01-05,6.975,7.4,6.725,7.25,140100,99,383104
2012-01-06,7.325,7.325,7.125,7.225,2200,3,6282
2012-01-09,7.125,7.125,7.125,7.125,4000,6,11400
2012-01-10,7.25,7.25,7.075,7.075,12300,10,35489
2012-01-11,7.225,7.325,7.05,7.225,14300,20,41348
2012-01-12,7.225,7.25,7.025,7.25,3000,5,8487
2012-01-13,7.0,7.0,7.0,7.0,4500,4,12600
2012-01-16,7.05,7.325,7.0,7.0,27800,52,79047
2012-01-17,7.225,7.225,7.0,7.1,30000,34,85238
2012-01-18,7.375,8.1,7.25,8.0,126800,161,390610
2012-01-19,7.95,7.95,7.675,7.95,46700,36,146435
2012-01-20,7.725,7.85,7.725,7.85,5200,12,16145
2012-01-23,7.975,8.3,7.8,7.9,132000,68,421902
2012-01-24,7.95,8.25,7.95,8.2,52200,40,168052
2012-01-26,8.25,8.375,8.0,8.075,49500,26,163929
2012-01-27,7.975,8.175,7.9,7.925,14300,15,45798
2012-01-30,8.225,8.625,8.0,8.6,93000,56,305282
2012-01-31,8.725,9.3,8.575,8.65,122200,107,433923
2012-02-01,8.75,8.825,8.25,8.275,49700,45,171448
2012-02-02,8.5,8.5,8.025,8.025,9300,25,30283
2012-02-03,8.25,8.5,8.125,8.5,22000,35,72398
2012-02-06,8.5,8.875,8.5,8.625,11900,30,41377
2012-02-07,8.75,8.875,8.625,8.675,82000,35,286221
2012-02-08,8.825,9.775,8.75,9.375,186500,162,689757
2012-02-09,9.5,9.975,9.5,9.925,52300,70,205837
2012-02-10,9.925,10.4,9.65,10.0,89900,87,359604
2012-02-13,10.0,10.25,9.75,10.15,49300,75,198492
2012-02-14,10.05,10.275,9.9,9.9,59700,54,239356
2012-02-15,10.25,11.25,9.9,11.25,102000,192,431896
2012-02-16,11.625,12.325,10.8,11.75,198000,247,941545
2012-02-17,12.025,13.125,11.9,12.275,129700,174,637653
2012-02-22,12.5,12.7,12.175,12.375,44300,27,220961
2012-02-23,12.45,12.975,12.025,12.025,60500,140,300862
2012-02-24,12.3,12.3,11.5,11.525,76800,82,363532
2012-02-27,12.2,12.25,11.775,12.0,86400,97,415187
2012-02-28,12.225,12.225,11.625,11.625,49200,69,233874
2012-02-29,11.75,11.95,11.6,11.75,12000,36,56483
2012-03-01,11.45,11.85,11.25,11.25,131600,111,600093
2012-03-02,11.625,11.725,11.125,11.5,89300,66,405575
2012-03-05,11.625,11.75,11.0,11.0,86000,91,391299
2012-03-06,11.45,11.45,10.65,11.075,9400,35,40827
2012-03-07,11.125,11.125,10.65,10.65,27200,40,118743
2012-03-08,10.775,10.975,10.375,10.725,35200,77,149510
2012-03-09,10.925,11.75,10.3,11.25,104800,102,468746
2012-03-12,11.475,11.875,11.25,11.85,93200,80,436226
2012-03-13,11.8,11.8,11.25,11.5,61900,56,284039
2012-03-14,11.725,11.725,11.025,11.25,62800,40,286016
2012-03-15,11.05,11.85,11.05,11.525,57400,54,264696
2012-03-16,11.425,11.675,11.375,11.575,72500,27,333022
2012-03-19,11.5,11.625,11.35,11.55,7300,26,33514
2012-03-20,11.325,11.75,11.25,11.25,96800,51,439347
2012-03-21,11.25,11.375,10.175,10.625,83500,95,355995
2012-03-22,10.6,10.925,10.6,10.875,36700,21,158639
2012-03-23,10.9,11.7,10.875,10.9,20400,31,90472
2012-03-26,11.025,11.5,11.0,11.0,32000,33,142630
2012-03-27,11.375,11.375,10.875,10.875,15300,14,67453
2012-03-28,10.625,10.875,10.625,10.75,16800,19,71815
2012-03-29,10.525,11.0,10.525,11.0,3300,14,14329
2012-03-30,11.225,11.225,11.0,11.2,9000,13,39752
2012-04-02,10.9,11.25,10.875,10.925,17600,27,77298
2012-04-03,10.875,11.125,10.7,10.925,12100,28,52692
2012-04-04,10.675,11.125,10.625,10.875,8900,27,38659
2012-04-05,10.85,10.85,10.525,10.525,10700,14,45553
2012-04-09,10.525,10.85,10.0,10.325,11900,35,49431
2012-04-10,10.05,10.725,10.05,10.5,4900,14,19992
2012-04-11,10.375,10.5,10.15,10.25,13100,20,53908
2012-04-12,10.475,10.6,10.25,10.425,15100,21,62995
2012-04-13,10.675,11.175,10.5,11.0,27000,25,116762
2012-04-16,11.1,11.1,10.375,10.375,80500,24,346057
2012-04-17,10.375,11.0,10.2,10.25,48100,51,198256
2012-04-18,10.25,10.375,10.1,10.2,40100,56,163496
2012-04-19,10.2,10.375,9.75,9.75,104900,92,424169
2012-04-20,10.225,10.225,9.475,9.7,46400,84,182408
2012-04-23,9.525,10.075,8.75,9.25,61000,28,228008
2012-04-24,9.25,9.6,8.45,9.0,55000,64,191528
2012-04-25,8.625,9.475,8.25,8.725,26700,50,91811
2012-04-26,8.725,9.225,8.65,9.0,19700,40,70264
2012-04-27,8.875,9.25,8.875,9.15,7500,20,26922
2012-04-30,9.625,10.0,8.75,9.475,44900,29,170694
2012-05-02,9.3,9.6,9.25,9.6,4000,9,15152
2012-05-03,9.625,9.625,9.075,9.4,13900,11,52969
2012-05-04,9.25,9.325,8.375,8.425,56900,81,197375
2012-05-07,8.75,8.875,8.375,8.75,24200,33,83925
2012-05-08,8.5,9.175,8.0,8.85,27100,43,92026
2012-05-09,8.875,9.125,8.3,8.85,11300,32,39444
2012-05-10,8.75,8.875,8.525,8.725,7100,21,24680
2012-05-11,8.825,8.85,8.2,8.75,17400,34,60016
2012-05-14,8.5,8.5,7.9,7.975,59100,74,192629
2012-05-15,8.175,8.175,7.35,7.45,42000,59,127043
2012-05-16,7.925,7.925,7.275,7.3,21500,40,64433
2012-05-17,7.45,7.75,7.15,7.35,57300,62,167935
2012-05-18,7.725,7.725,7.175,7.425,48200,72,142691
2012-05-21,7.5,7.7,7.2,7.2,20200,55,59999
2012-05-22,7.25,7.75,7.225,7.5,16500,31,48521
2012-05-23,7.3,7.3,6.75,6.9,142100,41,396639
2012-05-24,6.75,7.125,6.75,6.975,16000,19,44208
2012-05-25,6.875,6.975,6.775,6.925,26800,10,74298
2012-05-28,6.925,6.925,6.65,6.65,30500,18,83454
2012-05-29,6.775,6.825,6.125,6.7,29600,43,75533
2012-05-30,6.375,6.8,6.25,6.7,9400,22,24128
2012-05-31,6.275,6.65,6.25,6.275,15500,31,39111
2012-06-01,6.25,6.7,6.25,6.6,10700,15,27631
2012-06-04,6.375,6.7,6.375,6.675,500,4,1300
2012-06-05,6.375,6.675,6.0,6.5,31000,20,79786
2012-06-06,6.475,6.475,5.85,6.35,4400,25,10749
2012-06-08,6.125,6.325,6.125,6.3,21100,9,51724
2012-06-11,6.3,6.325,5.875,6.0,22700,33,54511
2012-06-12,6.0,6.2,5.875,6.175,15000,22,35825
2012-06-13,6.2,6.25,6.2,6.25,4100,6,10238
2012-06-14,6.225,6.375,6.225,6.375,11400,17,28821
2012-06-15,6.25,6.7,6.25,6.7,30800,17,81026
2012-06-18,6.375,6.625,6.375,6.5,29400,40,75259
2012-06-19,6.6,6.6,6.375,6.375,7000,8,18028
2012-06-20,6.5,6.625,6.25,6.625,68700,34,180004
2012-06-21,6.7,7.3,6.65,7.125,124800,66,344907
2012-06-22,7.3,7.95,7.15,7.5,70100,55,207912
2012-06-25,8.175,8.175,7.25,7.425,29400,12,85796
2012-06-26,7.275,7.475,6.95,6.95,24800,37,70501
2012-06-27,6.925,7.25,6.65,7.05,57900,46,157788
2012-06-28,6.825,7.1,6.675,6.75,5700,12,15435
2012-06-29,7.4,7.4,6.75,7.05,8800,17,24326
2012-07-02,6.75,7.4,6.75,7.225,63700,40,178856
2012-07-03,7.375,7.375,6.95,7.025,12400,11,35042
2012-07-04,6.85,7.35,6.85,7.075,35200,17,97433
2012-07-05,7.4,7.725,7.225,7.625,23500,14,69518
2012-07-06,7.625,7.725,7.275,7.5,7500,24,22457
2012-07-10,7.5,7.575,7.125,7.575,16800,17,49134
2012-07-11,7.0,7.475,6.975,7.175,32300,20,90569
2012-07-12,7.125,7.125,6.75,7.1,27100,21,76655
2012-07-13,6.875,7.2,6.875,7.075,20800,30,58902
2012-07-16,7.0,7.05,6.925,6.925,24500,9,68934
2012-07-17,6.85,7.025,6.75,7.0,49300,44,133715
2012-07-18,7.0,7.025,6.75,7.0,25400,51,70002
2012-07-19,7.0,7.5,6.875,7.0,36400,32,107029
2012-07-20,7.325,7.325,6.75,7.1,35000,18,95592
2012-07-23,6.775,7.325,6.775,7.175,24300,15,70815
2012-07-24,7.225,7.225,6.825,6.875,31900,40,87675
2012-07-25,7.0,7.0,6.85,6.85,2500,4,6924
2012-07-26,6.875,7.075,6.825,7.075,6700,11,18438
2012-07-27,6.925,7.25,6.875,7.0,20300,27,57282
2012-07-30,7.225,7.35,6.75,6.75,42900,46,123159
2012-07-31,7.15,7.15,6.6,6.925,37400,56,101239
2012-08-01,6.925,7.35,6.75,7.15,64800,85,182629
2012-08-02,6.875,7.2,6.875,7.175,39900,31,113415
2012-08-03,7.175,7.175,6.875,7.05,6800,14,19051
2012-08-06,7.075,7.075,6.75,6.975,69200,47,189838
2012-08-07,6.775,6.95,6.7,6.9,40700,32,110683
2012-08-08,6.75,6.975,6.675,6.75,16200,27,44101
2012-08-09,6.775,6.95,6.65,6.75,29700,30,81939
2012-08-10,6.65,6.75,6.625,6.75,2200,4,5855
2012-08-13,6.625,6.75,6.525,6.7,29700,15,77925
2012-08-14,6.725,6.725,6.525,6.7,11500,14,30810
2012-08-15,6.675,6.725,6.55,6.725,33200,17,87989
2012-08-16,6.725,7.05,6.725,6.9,31400,36,87224
2012-08-17,6.975,7.15,6.95,7.15,12000,14,33947
2012-08-20,7.125,7.15,7.0,7.0,15900,15,44867
2012-08-21,7.025,7.075,6.9,7.075,15700,16,43850
2012-08-22,6.95,7.025,6.85,7.0,60400,32,168983
2012-08-23,7.075,7.175,6.75,6.95,35800,40,99577
2012-08-24,6.9,7.025,6.85,6.875,82200,14,228469
2012-08-27,6.95,8.075,6.95,7.975,195300,196,577219
2012-08-28,8.15,8.7,7.775,7.875,115000,239,384758
2012-08-29,7.875,8.375,7.5,7.6,39500,127,123858
2012-08-30,7.525,8.25,7.475,8.125,25200,150,80116
2012-08-31,8.175,8.25,7.9,8.15,97500,96,316356
2012-09-03,8.25,8.35,7.875,8.325,82100,56,262852
2012-09-04,8.35,8.5,8.0,8.325,261100,127,837421
2012-09-05,8.55,8.55,7.775,7.775,150800,74,484585
2012-09-06,7.975,8.05,7.75,8.05,65500,47,204772
2012-09-10,8.025,8.4,7.925,7.925,3800,16,12341
2012-09-11,8.2,8.2,7.6,7.6,12600,23,38859
2012-09-12,7.625,7.75,7.375,7.75,66900,22,205492
2012-09-13,7.7,7.925,7.7,7.925,53800,13,166206
2012-09-14,7.9,8.025,7.675,7.95,8800,13,27470
2012-09-17,7.725,7.85,7.5,7.5,116800,32,358316
2012-09-18,7.625,7.625,7.3,7.6,59100,30,176672
2012-09-19,7.625,7.7,7.4,7.625,92000,30,276345
2012-09-20,7.625,7.725,7.325,7.65,90200,43,270790
2012-09-21,7.65,7.65,7.325,7.45,72100,22,216861
2012-09-24,7.45,7.475,7.025,7.05,67100,27,196627
2012-09-25,7.425,7.5,7.025,7.15,97300,30,281723
2012-09-26,7.075,7.6,7.05,7.55,46700,53,137817
2012-09-27,7.5,7.6,7.25,7.25,116300,40,350056
2012-09-28,7.25,7.45,7.0,7.125,26000,25,74238
2012-10-01,7.025,7.35,6.875,6.875,106800,41,300765
2012-10-02,7.1,7.175,7.0,7.175,77500,23,219871
2012-10-03,7.35,7.35,7.0,7.025,10600,28,29967
2012-10-04,7.0,7.225,6.95,7.175,18200,14,51408
2012-10-05,6.975,7.1,6.8,6.875,56700,45,156118
2012-10-08,7.0,7.0,6.525,6.575,46000,51,123358
2012-10-09,6.75,6.8,6.575,6.575,31600,71,83921
2012-10-10,6.575,6.825,6.575,6.7,178300,39,477024
2012-10-11,6.75,7.825,6.75,7.25,112600,213,325624
2012-10-15,7.35,7.675,7.35,7.375,16200,42,48195
2012-10-16,7.225,7.325,7.0,7.025,20300,55,57754
2012-10-17,7.25,7.3,6.925,7.25,96200,57,268417
2012-10-18,7.375,7.65,7.0,7.175,109400,47,326626
2012-10-19,7.025,7.025,7.025,7.025,400,2,1124
2012-10-22,7.025,7.375,7.025,7.1,62200,10,180235
2012-10-23,7.25,7.25,6.7,6.95,73900,32,210334
2012-10-24,6.775,6.875,6.7,6.875,9500,11,25774
2012-10-25,6.725,6.75,6.575,6.575,9200,17,24471
2012-10-26,6.775,6.825,6.5,6.5,48600,55,127816
2012-10-29,6.5,7.075,6.5,6.825,82000,59,217138
2012-10-30,6.7,6.9,6.625,6.8,5800,12,15596
2012-10-31,6.95,7.05,6.775,6.8,13900,21,38127
2012-11-01,6.875,6.925,6.625,6.925,19900,23,53416
2012-11-05,6.75,7.3,6.65,6.825,55400,155,154117
2012-11-06,6.85,6.975,6.8,6.925,15400,42,42270
2012-11-07,6.8,7.0,6.775,6.85,52100,115,142949
2012-11-08,6.95,6.95,6.85,6.95,2000,12,5502
2012-11-09,6.95,7.175,6.8,6.825,100700,72,284343
2012-11-12,6.975,7.1,6.8,6.875,42600,86,116788
2012-11-13,7.05,7.05,6.725,6.875,49900,53,135575
2012-11-14,6.95,6.95,6.275,6.6,40300,85,105625
2012-11-16,6.7,6.8,6.5,6.525,23700,80,62596
2012-11-19,6.525,6.7,6.5,6.5,119200,31,315263
2012-11-21,6.525,6.575,6.525,6.575,8200,7,21404
2012-11-22,6.525,6.7,6.5,6.5,72200,28,192426
2012-11-23,6.6,6.625,6.5,6.625,7600,14,19980
2012-11-26,6.5,6.625,6.375,6.5,18500,11,48187
2012-11-27,6.525,6.675,6.275,6.65,115300,46,301940
2012-11-28,6.575,6.575,6.5,6.5,1100,8,2875
2012-11-29,6.375,6.65,6.375,6.65,3500,19,9003
2012-11-30,6.525,6.625,6.425,6.625,89300,16,235367
2012-12-03,6.6,6.6,6.6,6.6,15300,2,40392
2012-12-04,6.4,6.625,6.375,6.55,70000,28,182877
2012-12-05,6.5,6.625,6.275,6.275,82500,32,216830
2012-12-06,6.55,6.575,6.25,6.575,8900,18,22423
2012-12-07,6.3,6.575,6.275,6.575,7800,33,19940
2012-12-10,6.425,6.575,6.4,6.575,2600,6,6702
2012-12-11,6.375,6.575,6.225,6.225,48000,47,124141
2012-12-12,6.3,6.45,6.225,6.45,8000,17,20078
2012-12-13,6.45,6.625,6.375,6.625,169000,23,443881
2012-12-14,6.65,7.225,6.5,6.9,67300,64,180321
2012-12-17,6.75,7.225,6.725,7.2,16000,26,45002
2012-12-18,7.2,7.325,7.0,7.125,24500,36,70432
2012-12-19,7.1,7.1,6.825,7.0,2300,11,6389
2012-12-20,7.125,7.125,6.625,6.625,9800,31,26556
2012-12-21,6.875,6.875,6.575,6.85,14000,35,37322
2012-12-26,6.825,6.825,6.825,6.825,5200,5,14196
2012-12-27,6.625,6.625,6.625,6.625,1000,1,2650
2012-12-28,7.125,7.125,6.75,6.875,800,8,2206
2013-01-02,6.95,6.95,6.525,6.65,127000,44,335917
2013-01-03,6.65,6.85,6.3,6.7,137900,77,360151
2013-01-04,6.7,6.7,6.5,6.675,38500,11,101778
2013-01-07,6.7,6.7,6.225,6.225,117500,75,305187
2013-01-08,6.45,6.625,6.25,6.25,96700,31,251027
2013-01-09,6.25,6.325,6.175,6.325,28000,19,69713
2013-01-10,6.175,6.375,6.175,6.175,37900,31,94996
2013-01-11,6.175,6.325,5.95,6.3,54900,30,133499
2013-01-14,6.3,6.375,6.125,6.3,14200,15,34880
2013-01-15,6.25,6.25,6.025,6.225,17300,11,42088
2013-01-16,6.15,6.175,5.925,6.15,20700,19,49751
2013-01-17,6.1,6.15,6.05,6.05,7800,7,19096
2013-01-18,6.15,6.225,5.9,6.15,18700,59,45427
2013-01-21,6.0,6.175,5.975,6.1,4700,11,11378
2013-01-22,6.0,6.225,5.825,6.0,19200,24,45732
2013-01-23,6.15,6.15,5.9,6.0,11200,32,26977
2013-01-24,6.05,6.1,5.7,5.7,28500,48,66070
2013-01-28,5.7,6.1,5.425,5.425,39900,83,88569
2013-01-29,5.4,5.75,5.25,5.725,52200,28,111973
2013-01-30,5.425,5.65,5.375,5.375,4600,21,10040
2013-01-31,5.35,5.375,5.275,5.275,10200,21,21696
2013-02-01,5.3,5.725,5.25,5.725,32300,56,69141
2013-02-04,5.375,5.5,5.0,5.025,19800,59,40890
2013-02-05,5.1,5.125,4.75,5.125,10700,50,21444
2013-02-06,4.875,5.0,4.525,4.625,28500,39,54168
2013-02-07,4.65,4.825,4.625,4.65,14900,40,27755
2013-02-08,4.65,4.75,4.375,4.375,45000,75,82396
2013-02-13,4.75,4.75,4.425,4.425,4600,14,8235
2013-02-14,4.525,4.7,4.5,4.625,20500,31,37161
2013-02-15,4.625,4.625,4.4,4.525,7900,27,14127
2013-02-18,4.375,4.375,3.95,4.0,60400,42,100638
2013-02-19,3.975,4.0,3.8,4.0,28400,30,45033
2013-02-20,3.925,3.925,3.725,3.75,46200,47,70303
2013-02-21,3.625,3.75,3.325,3.575,63200,76,87384
2013-02-22,3.575,4.25,3.575,3.975,63600,96,99700
2013-02-25,3.925,4.225,3.925,4.175,2600,8,4187
2013-02-26,3.775,3.825,3.65,3.825,16300,18,24435
2013-02-27,3.85,3.85,3.575,3.625,8000,15,11713
2013-02-28,3.675,3.675,3.625,3.625,2500,3,3665
2013-03-01,3.675,3.825,3.675,3.825,10000,4,14985
2013-03-04,3.625,3.8,3.325,3.8,37500,47,52790
2013-03-05,3.625,3.725,3.6,3.6,2500,11,3609
2013-03-06,3.75,3.75,3.55,3.55,31800,33,46969
2013-03-07,3.725,3.725,3.625,3.7,1500,6,2225
2013-03-08,3.7,3.7,3.475,3.6,16300,34,23032
2013-03-11,3.675,3.675,3.5,3.625,7200,12,10410
2013-03-12,3.575,3.575,3.425,3.5,9600,9,13293
2013-03-13,3.5,3.5,3.4,3.4,2900,3,4020
2013-03-14,3.375,3.475,3.325,3.325,3700,8,5007
2013-03-15,3.325,3.325,3.3,3.3,22800,9,30104
2013-03-18,3.275,3.475,3.125,3.4,10300,26,13458
2013-03-19,3.15,3.25,3.15,3.25,1600,7,2056
2013-03-20,3.25,3.25,3.25,3.25,3200,4,4160
2013-03-21,3.25,3.25,3.175,3.175,600,2,774
2013-03-22,3.25,3.475,3.2,3.2,9200,18,12129
2013-03-25,3.15,3.3,3.15,3.3,1800,5,2350
2013-03-26,3.375,3.375,3.275,3.3,3200,5,4207
2013-03-27,3.325,3.375,3.325,3.375,12000,4,15978
2013-03-28,3.275,3.375,3.275,3.3,4000,10,5267
2013-04-01,3.3,3.475,3.3,3.475,8600,23,11418
2013-04-02,3.375,3.525,3.375,3.525,25800,14,35283
2013-04-03,3.375,3.5,3.375,3.4,4100,11,5550
2013-04-04,3.375,3.5,3.375,3.5,5400,10,7486
2013-04-05,3.5,3.5,3.375,3.375,6900,6,9473
2013-04-08,2.875,3.275,2.875,2.9,14700,19,18178
2013-04-09,3.125,3.25,3.0,3.05,4800,16,5967
2013-04-10,3.125,3.2,3.075,3.2,2600,5,3257
2013-04-11,3.225,3.225,3.0,3.0,27400,10,34351
2013-04-12,2.975,3.0,2.95,2.95,5800,10,6912
2013-04-15,2.925,3.05,2.9,2.9,3300,7,3874
2013-04-16,3.05,3.05,2.9,2.975,5900,12,6873
2013-04-17,2.925,2.925,2.75,2.875,9800,15,11309
2013-04-18,2.875,3.0,2.875,2.975,3200,9,3742
2013-04-19,3.0,3.0,2.875,3.0,5600,15,6610
2013-04-22,3.0,3.0,2.8,2.975,10700,17,12449
2013-04-23,2.925,3.05,2.875,3.0,20300,12,24286
2013-04-24,2.775,3.0,2.775,3.0,7900,2,8778
2013-04-25,2.825,2.95,2.825,2.95,2400,7,2722
2013-04-26,3.0,3.075,3.0,3.075,16100,13,19385
2013-04-29,3.0,3.075,2.9,3.075,5400,9,6372
2013-04-30,2.925,3.0,2.875,3.0,4500,7,5319
2013-05-02,2.9,3.0,2.85,2.95,1500,10,1754
2013-05-03,2.95,3.025,2.65,2.7,37000,32,40384
2013-05-06,2.875,2.95,2.65,2.775,7000,13,7676
2013-05-07,2.75,2.875,2.75,2.875,2400,9,2680
2013-05-08,2.85,2.875,2.75,2.85,1900,9,2139
2013-05-09,2.85,2.9,2.75,2.75,14400,12,15878
2013-05-10,2.85,3.05,2.75,2.975,13700,17,15852
2013-05-13,3.0,3.55,2.925,3.4,26100,32,33012
2013-05-14,3.175,3.175,3.0,3.175,900,7,1117
2013-05-15,3.125,3.125,3.125,3.125,100,1,125
2013-05-16,3.1,3.375,2.875,3.0,14600,16,17898
2013-05-17,3.0,3.25,3.0,3.25,1300,4,1620
2013-05-20,3.25,3.375,2.975,3.325,2100,13,2669
2013-05-21,3.325,3.325,3.325,3.325,300,2,399
2013-05-22,3.25,3.25,3.25,3.25,1000,2,1300
2013-05-23,3.025,3.25,3.025,3.025,1300,7,1590
2013-05-24,3.125,3.2,3.125,3.175,1900,9,2385
2013-05-27,3.225,3.5,3.125,3.5,6300,13,8342
2013-05-28,3.45,3.7,3.3,3.35,22800,35,32392
2013-05-29,3.15,3.325,3.1,3.225,10600,16,13379
2013-05-31,3.375,3.725,3.25,3.45,6200,19,8289
2013-06-03,3.575,3.7,3.125,3.125,1700,13,2233
2013-06-04,3.575,3.625,3.375,3.625,5800,10,8108
2013-06-05,3.55,3.55,3.275,3.425,7800,14,10648
2013-06-11,3.375,3.375,3.375,3.375,300,2,405
2013-06-13,3.25,3.25,3.25,3.25,100,1,130
2013-06-14,3.0,3.125,2.925,2.95,2000,11,2391
2013-06-17,3.0,3.275,2.9,3.2,1300,13,1604
2013-06-18,3.375,3.375,3.375,3.375,25000,10,33750
2013-06-19,3.225,3.225,3.225,3.225,100,1,129
2013-06-20,3.025,3.225,3.025,3.225,15300,6,18521
2013-06-24,2.975,2.975,2.975,2.975,1000,3,1190
2013-06-25,3.025,3.25,3.025,3.125,16600,14,20983
2013-06-26,3.225,3.225,3.225,3.225,100,1,129
2013-06-27,3.1,3.125,2.925,2.925,12100,29,14550
2013-06-28,2.975,2.975,2.975,2.975,100,1,119
2013-07-01,2.875,3.0,2.85,3.0,10900,29,12685
2013-07-02,2.95,2.95,2.575,2.75,11200,46,12331
2013-07-03,2.775,2.825,2.625,2.825,6000,18,6600
2013-07-04,2.85,2.925,2.65,2.825,6700,32,7418
2013-07-05,2.7,2.925,2.7,2.925,900,8,1037
2013-07-08,2.65,2.925,2.65,2.875,9300,25,10317
2013-07-10,2.65,2.95,2.65,2.95,4100,10,4513
2013-07-11,2.95,3.075,2.75,2.825,13400,20,14866
2013-07-12,2.8,2.925,2.65,2.875,13800,13,14898
2013-07-15,2.875,2.875,2.7,2.8,300,3,335
2013-07-16,2.825,3.05,2.675,3.025,3200,16,3642
2013-07-17,2.675,2.975,2.675,2.85,14500,23,15806
2013-07-18,2.65,2.95,2.65,2.95,13700,4,14534
2013-07-24,2.65,2.875,2.5,2.625,18100,32,19100
2013-07-25,2.675,2.925,2.675,2.925,200,2,224
2013-07-26,2.75,2.95,2.525,2.925,800,8,901
2013-07-29,2.75,2.875,2.675,2.825,4500,15,4944
2013-07-30,2.85,2.875,2.85,2.875,3000,2,3440
2013-07-31,2.75,2.875,2.7,2.875,3100,3,3357
2013-08-01,2.875,2.875,2.675,2.875,700,5,785
2013-08-02,2.775,2.8,2.525,2.775,8100,26,8949
2013-08-05,2.75,2.875,2.55,2.75,17900,50,19798
2013-08-06,2.8,2.8,2.625,2.775,28600,12,31692
2013-08-07,2.8,2.875,2.575,2.75,34200,62,37968
2013-08-08,2.775,2.875,2.75,2.75,1000,8,1124
2013-08-09,2.65,2.8,2.575,2.8,2500,16,2703
2013-08-12,2.6,2.775,2.55,2.75,6200,11,6394
2013-08-13,2.75,2.75,2.675,2.675,2400,10,2604
2013-08-14,2.725,2.8,2.5,2.5,20000,55,20558
2013-08-15,2.425,2.7,2.4,2.4,22300,41,22052
2013-08-16,2.625,2.625,2.375,2.6,1500,6,1463
2013-08-19,2.6,2.675,2.525,2.675,1400,5,1446
2013-08-20,2.675,2.675,2.675,2.675,1500,1,1605
2013-08-21,2.675,2.7,2.675,2.7,2500,4,2680
2013-08-22,2.575,2.675,2.575,2.675,2500,3,2595
2013-08-23,2.65,2.675,2.65,2.675,1800,3,1923
2013-08-26,2.575,2.575,2.575,2.575,200,1,206
2013-08-27,2.575,2.575,2.525,2.525,1400,2,1422
2013-08-29,2.625,2.625,2.625,2.625,100,1,105
2013-08-30,2.65,2.65,2.65,2.65,200,2,212
2013-09-03,2.525,2.6,2.525,2.6,2100,4,2124
2013-09-04,2.525,2.6,2.525,2.6,1100,2,1114
2013-09-05,2.5,2.6,2.4,2.4,12600,12,12288
2013-09-06,2.55,2.575,2.5,2.5,4300,6,4378
2013-09-10,2.5,2.55,2.45,2.45,3600,7,3566
2013-09-11,2.425,2.425,2.425,2.425,100,1,97
2013-09-12,2.425,2.5,2.4,2.5,1200,4,1193
2013-09-16,2.4,2.425,2.35,2.35,9100,16,8645
2013-09-17,2.35,2.35,2.35,2.35,100,1,94
2013-09-18,2.375,2.4,2.375,2.4,500,3,478
2013-09-19,2.375,2.375,2.175,2.35,11200,18,10330
2013-09-20,2.3,2.3,2.125,2.25,13800,10,11936
2013-09-23,2.125,2.225,2.125,2.225,1000,2,886
2013-09-25,2.275,2.275,2.125,2.125,4900,7,4184
2013-09-26,2.275,2.725,2.225,2.225,52100,84,48814
2013-09-27,2.425,2.45,2.4,2.45,4000,8,3906
2013-09-30,2.275,2.5,2.275,2.3,2800,8,2612
2013-10-01,2.3,2.425,2.3,2.425,2600,6,2412
2013-10-02,2.3,2.475,2.3,2.475,2300,2,2123
2013-10-03,2.475,2.475,2.475,2.475,100,1,99
2013-10-04,2.3,2.475,2.275,2.475,2000,6,1842
2013-10-07,2.425,2.725,2.425,2.725,47600,22,49406
2013-10-08,2.725,2.725,2.55,2.625,16000,8,16928
2013-10-09,2.725,3.75,2.725,3.025,172900,91,209061
2013-10-10,3.2,3.475,2.85,2.925,70200,73,88096
2013-10-11,3.225,3.225,2.775,2.9,12300,20,13873
2013-10-14,2.875,2.975,2.775,2.775,10900,12,12576
2013-10-15,2.775,3.175,2.775,3.15,150900,144,182311
2013-10-16,3.175,3.35,2.85,2.85,39000,32,48040
2013-10-17,2.85,2.85,2.6,2.6,31800,25,35125
2013-10-18,2.65,2.775,2.65,2.675,9400,28,10005
2013-10-21,2.775,2.8,2.775,2.8,2600,3,2893
2013-10-22,2.925,2.925,2.8,2.8,3300,7,3851
2013-10-23,2.85,2.975,2.85,2.975,5500,7,6275
2013-10-25,2.85,2.95,2.65,2.95,40800,16,46532
2013-10-30,2.675,2.675,2.675,2.675,3000,2,3210
2013-10-31,2.725,2.75,2.725,2.75,700,4,769
2013-11-01,2.75,2.75,2.575,2.75,38500,12,39780
2013-11-04,2.55,2.6,2.55,2.6,6500,24,6660
2013-11-05,2.55,2.55,2.55,2.55,5700,6,5814
2013-11-06,2.55,2.55,2.525,2.525,4100,8,4158
2013-11-07,2.5,2.5,2.375,2.375,13700,8,13325
2013-11-08,2.55,2.55,2.55,2.55,100,1,102
2013-11-11,2.6,2.6,2.425,2.425,33900,21,33969
2013-11-12,2.4,2.525,2.4,2.525,4000,4,3845
2013-11-13,2.5,2.675,2.5,2.675,14500,10,14870
2013-11-14,2.7,2.7,2.525,2.525,13800,10,14134
2013-11-18,2.5,2.725,2.5,2.725,2200,4,2209
2013-11-19,2.525,2.675,2.5,2.5,8500,9,8574
2013-11-21,2.5,2.575,2.45,2.575,7900,8,7902
2013-11-22,2.55,2.55,2.55,2.55,3000,1,3060
2013-11-25,2.5,2.5,2.375,2.375,18400,25,17720
2013-11-26,2.375,2.375,2.375,2.375,3100,3,2945
2013-11-27,2.25,2.25,2.15,2.25,15600,16,13535
2013-11-28,2.25,2.3,2.15,2.3,8000,31,7017
2013-11-29,2.3,2.3,2.3,2.3,1000,2,920
2013-12-02,2.2,2.275,2.2,2.275,400,4,360
2013-12-03,2.25,2.25,2.25,2.25,300,2,270
2013-12-04,2.225,2.25,2.225,2.25,1000,6,891
2013-12-05,2.15,2.15,2.0,2.125,25700,43,21650
2013-12-06,2.25,2.25,2.025,2.025,4900,27,3990
2013-12-09,2.0,2.125,1.9,2.125,5200,13,4095
2013-12-11,2.05,2.125,1.925,2.125,38900,35,31177
2013-12-12,2.05,2.075,2.0,2.075,3000,7,2432
2013-12-13,2.05,2.2,2.0,2.125,16900,23,14212
2013-12-16,2.125,2.125,1.95,2.125,19600,28,16181
2013-12-17,2.125,2.125,2.0,2.125,22300,20,17912
2013-12-18,2.15,2.15,1.975,2.125,20000,27,16152
2013-12-19,2.1,2.175,2.0,2.125,13900,33,11452
2013-12-20,2.125,2.125,1.925,2.0,15000,15,11883
2013-12-23,2.075,2.075,2.075,2.075,200,1,166
2013-12-26,1.925,2.025,1.925,2.0,15000,9,11996
2013-12-27,1.975,1.975,1.975,1.975,1800,3,1422
2013-12-30,2.075,2.075,1.5,2.025,3700,16,2840
2014-01-02,1.9,2.05,1.875,2.05,16500,8,12463
2014-01-06,1.9,2.05,1.875,2.05,1400,6,1120
2014-01-07,1.925,2.05,1.925,1.925,2400,8,1856
2014-01-08,1.875,2.1,1.875,1.95,2600,11,2052
2014-01-09,2.0,2.025,1.925,2.0,21300,21,17051
2014-01-10,2.0,2.3,2.0,2.25,8500,15,7206
2014-01-13,2.25,2.275,2.2,2.275,800,7,722
2014-01-14,2.25,2.3,2.25,2.3,1300,3,1174
2014-01-15,2.225,2.225,2.225,2.225,500,3,445
2014-01-16,2.025,2.225,2.025,2.225,1100,2,899
2014-01-20,2.025,2.2,2.025,2.2,500,2,412
2014-01-21,2.0,2.2,2.0,2.2,5600,3,4488
2014-01-22,1.975,2.15,1.95,2.15,4000,13,3185
2014-01-23,2.0,2.15,2.0,2.125,5700,7,4582
2014-01-24,2.15,2.15,1.95,1.975,23200,13,18410
2014-01-27,2.0,2.0,2.0,2.0,100,1,80
2014-01-29,1.95,1.975,1.925,1.975,1600,5,1242
2014-01-30,1.9,1.925,1.8,1.925,11800,17,8845
2014-01-31,1.85,1.85,1.85,1.85,1300,1,962
2014-02-03,1.875,1.875,1.775,1.875,2300,4,1721
2014-02-04,1.85,2.0,1.85,2.0,11800,13,9048
2014-02-06,1.875,1.975,1.875,1.975,4100,2,3079
2014-02-10,1.9,1.9,1.85,1.85,700,3,530
2014-02-11,1.875,1.875,1.875,1.875,4000,1,3000
2014-02-13,1.875,1.875,1.875,1.875,100,1,75
2014-02-14,1.8,1.925,1.775,1.875,3100,7,2291
2014-02-18,1.875,1.875,1.875,1.875,1000,4,750
2014-02-19,1.875,1.925,1.875,1.925,5100,2,3827
2014-02-25,1.95,1.95,1.925,1.925,5200,2,4005
2014-03-07,1.875,1.875,1.875,1.875,3000,5,2250
2014-03-10,1.9,1.9,1.9,1.9,200,1,152
2014-03-11,1.775,1.975,1.725,1.975,7700,23,5882
2014-03-12,1.975,2.0,1.775,2.0,18100,40,14082
2014-03-13,2.025,2.05,1.875,2.025,7700,40,6071
2014-03-14,2.05,2.05,1.925,2.0,2900,10,2288
2014-03-17,2.05,2.05,1.9,2.025,10700,6,8248
2014-03-24,1.925,1.925,1.925,1.925,5000,1,3850
2014-03-25,2.0,2.025,2.0,2.025,6400,4,5124
2014-03-27,1.875,2.025,1.875,2.025,500,2,381
2014-03-28,2.025,2.025,1.8,2.025,13600,15,10172
2014-03-31,2.025,2.025,2.025,2.025,100,1,81
2014-04-02,2.025,2.3,1.925,2.025,525700,35,436119
2014-04-04,2.0,2.15,2.0,2.15,2000,2,1606
2014-04-07,2.075,2.15,1.95,1.95,30000,19,23809
2014-04-08,2.15,2.15,1.925,2.05,4800,9,3740
2014-04-09,2.125,2.15,1.925,2.15,1400,10,1158
2014-04-10,2.15,2.15,2.15,2.15,100,1,86
2014-04-14,2.15,2.275,2.1,2.2,45500,65,39168
2014-04-15,2.25,2.25,2.1,2.25,34500,38,29591
2014-04-16,2.275,2.5,2.175,2.5,23600,50,22143
2014-04-17,2.5,2.55,2.25,2.275,24300,43,22672
2014-04-23,2.225,2.225,2.175,2.2,7000,10,6199
2014-04-24,2.175,2.175,2.175,2.175,13800,7,12006
2014-04-29,2.175,2.225,2.125,2.125,1800,8,1558
2014-04-30,2.175,2.275,2.125,2.125,7900,18,6877
2014-05-02,2.4,2.425,2.15,2.275,7100,16,6199
2014-05-05,2.425,2.425,2.15,2.15,7500,19,6581
2014-05-06,2.25,2.275,2.15,2.275,10300,12,9004
2014-05-07,2.325,2.325,2.125,2.175,40700,23,35612
2014-05-08,2.25,2.275,2.175,2.175,3100,9,2726
2014-05-09,2.175,2.275,2.175,2.25,2100,12,1853
2014-05-13,2.225,2.25,2.15,2.25,2700,11,2355
2014-05-14,2.25,2.25,2.0,2.125,67200,57,57829
2014-05-15,2.125,2.125,2.075,2.075,3900,5,3239
2014-05-16,2.2,2.2,2.075,2.075,3500,14,2926
2014-05-19,2.1,2.225,2.1,2.225,400,2,341
2014-05-20,2.05,2.075,2.025,2.025,3900,11,3193
2014-05-22,2.025,2.025,2.025,2.025,100,1,81
2014-05-27,2.025,2.025,2.025,2.025,4800,3,3888
2014-05-28,2.0,2.0,2.0,2.0,6300,4,5040
2014-05-30,2.1,2.1,2.1,2.1,100,1,84
2014-06-02,2.0,2.0,2.0,2.0,100,1,80
2014-06-04,2.0,2.0,2.0,2.0,500,1,400
2014-06-06,2.1,2.1,2.1,2.1,100,1,84
2014-06-09,2.1,2.1,2.075,2.075,1000,7,834
2014-06-10,1.925,1.95,1.875,1.875,27400,29,21028
2014-06-11,2.0,2.0,1.95,1.95,6700,9,5338
2014-06-16,1.95,1.95,1.95,1.95,4700,3,3666
2014-06-18,1.95,1.95,1.95,1.95,200,1,156
2014-06-24,1.95,1.95,1.875,1.875,4700,5,3578
2014-07-02,1.9,1.9,1.9,1.9,2000,1,1520
2014-07-03,1.95,1.95,1.95,1.95,100,1,78
2014-07-04,1.775,1.775,1.775,1.775,100,1,71
2014-07-10,1.775,1.775,1.775,1.775,1100,1,781
2014-07-11,1.875,1.95,1.875,1.95,600,2,453
2014-07-15,1.8,1.8,1.8,1.8,7900,4,5688
2014-07-17,1.95,1.95,1.95,1.95,1500,2,1170
2014-07-21,1.875,1.9,1.875,1.875,3200,18,2411
2014-07-22,1.9,2.175,1.9,2.0,30600,23,24162
2014-07-23,2.125,2.175,2.1,2.1,27700,15,23651
2014-07-24,2.075,2.075,2.075,2.075,1000,2,830
2014-07-25,2.125,2.2,2.125,2.175,13700,32,11800
2014-07-29,2.025,2.175,2.025,2.175,1900,5,1554
2014-07-31,2.125,2.25,2.125,2.225,26100,12,22888
2014-08-01,2.175,2.225,2.05,2.225,4800,12,4083
2014-08-04,2.125,2.175,2.0,2.0,6300,23,5158
2014-08-05,2.15,2.175,2.025,2.025,1100,5,907
2014-08-06,2.075,2.075,1.875,2.0,48000,60,37261
2014-08-07,2.0,2.125,1.875,1.875,15300,52,11577
2014-08-08,2.05,2.05,1.875,1.875,6600,6,4957
2014-08-11,1.85,1.85,1.85,1.85,5000,2,3700
2014-08-12,1.95,2.05,1.925,1.925,15500,16,12123
2014-08-13,1.95,1.95,1.95,1.95,6800,13,5304
2014-08-14,1.95,1.95,1.95,1.95,1200,11,936
2014-08-15,1.95,1.95,1.95,1.95,1000,10,780
2014-08-18,1.975,2.0,1.975,2.0,5500,12,4350
2014-08-19,1.95,2.0,1.95,1.95,9200,92,7178
2014-08-21,1.9,2.0,1.9,2.0,3100,14,2416
2014-08-25,2.0,2.1,2.0,2.1,10500,10,8419
2014-08-26,2.0,2.0,2.0,2.0,100,1,80
2014-08-27,2.0,2.05,1.9,2.05,2800,12,2174
2014-09-02,1.975,1.975,1.975,1.975,11700,55,9243
2014-09-03,1.975,1.975,1.975,1.975,2300,18,1817
2014-09-04,1.95,1.975,1.95,1.975,1000,10,789
2014-09-08,1.975,1.975,1.975,1.975,200,1,158
2014-09-10,1.875,1.975,1.85,1.975,2600,8,1999
2014-09-12,1.875,1.975,1.825,1.975,2800,6,2085
2014-09-15,1.925,1.925,1.75,1.875,52200,18,38089
2014-09-17,1.775,1.875,1.65,1.875,3600,8,2497
2014-09-18,1.7,1.875,1.7,1.875,2900,6,2050
2014-09-19,1.875,1.875,1.875,1.875,800,2,600
2014-09-22,1.875,1.875,1.775,1.875,1200,5,886
2014-09-23,1.875,1.875,1.875,1.875,300,1,225
2014-09-24,1.875,1.875,1.7,1.875,5400,15,3847
2014-09-25,1.875,1.875,1.85,1.875,400,3,298
2014-09-26,1.75,1.85,1.675,1.85,3000,12,2082
2014-09-29,1.8,1.85,1.8,1.85,800,3,583
2014-09-30,1.775,1.85,1.775,1.85,1200,5,861
2014-10-02,1.75,1.85,1.7,1.85,4500,40,3226
2014-10-06,1.8,1.825,1.8,1.825,1800,2,1308
2014-10-08,1.75,1.825,1.7,1.725,13200,20,9157
2014-10-09,1.725,1.725,1.675,1.725,300,3,205
2014-10-10,1.675,1.725,1.625,1.725,3700,5,2474
2014-10-13,1.65,1.65,1.65,1.65,1000,1,660
2014-10-14,1.625,1.75,1.525,1.75,8900,10,5872
2014-10-20,1.675,1.675,1.55,1.65,17400,9,11571
2014-10-21,1.525,1.625,1.525,1.625,300,2,187
2014-10-22,1.625,1.625,1.525,1.525,10200,4,6626
2014-10-23,1.525,1.6,1.525,1.6,6500,3,3968
2014-10-24,1.425,1.575,1.425,1.575,1100,3,657
2014-10-28,1.4,1.6,1.4,1.6,9000,9,5150
2014-11-03,1.55,1.55,1.55,1.55,10500,9,6510
2014-11-05,1.525,1.525,1.5,1.525,1700,11,1031
2014-11-06,1.5,1.5,1.3,1.375,6500,18,3726
2014-11-07,1.45,1.6,1.25,1.4,41100,111,22899
2014-11-10,1.475,1.475,1.475,1.475,100,1,59
2014-11-11,1.45,1.45,1.45,1.45,800,3,464
2014-11-13,1.375,1.375,1.275,1.375,10600,41,5687
2014-11-14,1.3,1.375,1.275,1.375,2300,7,1193
2014-11-17,1.375,1.375,1.325,1.35,11200,10,6152
2014-11-18,1.4,1.4,1.35,1.35,5200,11,2853
2014-11-19,1.375,1.45,1.35,1.45,14000,11,7653
2014-11-25,1.35,1.375,1.35,1.35,29200,23,15840
2014-11-26,1.45,1.45,1.45,1.45,100,1,58
2014-11-27,1.325,1.475,1.325,1.425,48200,48,25851
2014-12-04,1.475,1.475,1.475,1.475,1100,2,649
2014-12-05,1.275,1.375,1.275,1.275,13900,20,7099
2014-12-08,1.3,1.375,1.125,1.15,108800,31,56118
2014-12-09,1.25,1.35,1.25,1.35,700,7,360
2014-12-10,1.225,1.325,1.225,1.25,1900,7,943
2014-12-15,1.1,1.1,1.1,1.1,8000,3,3520
2014-12-16,1.25,1.25,1.25,1.25,300,3,150
2014-12-17,1.075,1.25,1.025,1.25,12700,3,5466
2014-12-19,1.25,1.375,1.25,1.375,16800,10,8454
2014-12-22,1.35,1.375,1.15,1.35,900,9,477
2014-12-23,1.275,1.45,1.275,1.45,5300,8,2908
2014-12-26,1.45,1.5,1.45,1.475,17600,12,10436
2014-12-29,1.475,1.5,1.475,1.5,200,2,119
2014-12-30,1.475,1.575,1.475,1.575,1200,4,721
2015-01-06,1.525,1.575,1.275,1.575,4900,17,3010
2015-01-07,1.275,1.575,1.275,1.575,200,2,114
2015-01-08,1.5,1.6,1.5,1.6,3500,9,2171
2015-01-09,1.525,1.6,1.525,1.6,2700,4,1669
2015-01-12,1.3,1.5,1.275,1.325,87200,37,46592
2015-01-13,1.325,1.5,1.325,1.45,12300,22,6950
2015-01-14,1.5,1.5,1.5,1.5,100,1,60
2015-01-15,1.4,1.4,1.275,1.275,63400,35,34009
2015-01-16,1.35,1.35,1.275,1.275,2500,6,1297
2015-01-19,1.375,1.4,1.325,1.325,7300,6,3900
2015-01-20,1.425,1.425,1.25,1.25,1500,5,757
2015-01-21,1.25,1.35,1.2,1.25,38200,23,18933
2015-01-22,1.4,1.4,1.375,1.375,200,2,111
2015-01-27,1.325,1.375,1.3,1.35,1500,6,789
2015-01-28,1.25,1.3,1.25,1.3,5400,12,2707
2015-01-30,1.3,1.3,1.15,1.275,8300,20,3989
2015-02-02,1.125,1.125,1.125,1.125,1000,1,450
2015-02-03,1.225,1.225,1.2,1.225,5700,39,2778
2015-02-04,1.225,1.225,1.225,1.225,1300,2,637
2015-02-05,1.125,1.225,1.125,1.2,7100,16,3304
2015-02-06,1.125,1.175,1.075,1.075,18200,18,8236
2015-02-09,1.175,1.175,1.175,1.175,1000,2,470
2015-02-12,1.125,1.3,1.125,1.3,16900,21,7922
2015-02-13,1.3,1.425,1.3,1.375,2600,10,1374
2015-02-18,1.35,1.35,1.2,1.2,32700,16,16378
2015-02-19,1.2,1.35,1.175,1.35,17500,58,8597
2015-02-20,1.325,1.35,1.325,1.35,600,2,319
2015-02-27,1.25,1.3,1.175,1.175,3700,6,1807
2015-03-02,1.175,1.275,1.15,1.275,10000,4,4606
2015-03-03,1.125,1.125,1.0,1.025,50000,42,20668
2015-03-04,1.1,1.125,1.075,1.125,5900,22,2626
2015-03-05,1.125,1.25,1.125,1.225,9600,9,4498
2015-03-06,1.2,1.225,1.2,1.225,4600,5,2219
2015-03-09,1.25,1.25,1.125,1.125,13900,16,6689
2015-03-10,1.25,1.25,1.25,1.25,1200,2,600
2015-03-12,1.15,1.15,1.15,1.15,1000,1,460
2015-03-13,1.2,1.2,1.2,1.2,200,2,96
2015-03-16,1.2,1.2,1.2,1.2,1500,15,720
2015-03-17,1.125,1.225,1.125,1.225,600,4,277
2015-03-23,1.175,1.175,1.125,1.125,3200,4,1457
2015-03-24,1.125,1.125,1.05,1.05,4500,11,1984
2015-03-26,1.025,1.025,1.025,1.025,4600,5,1886
2015-04-01,1.025,1.025,1.0,1.0,1500,3,614
2015-04-02,1.0,1.0,1.0,1.0,100,1,40
2015-04-08,1.0,1.0,1.0,1.0,1000,1,400
2015-04-10,1.0,1.0,0.975,0.975,21200,24,8450
2015-04-13,0.975,1.125,0.975,1.125,2600,3,1044
2015-04-14,1.175,1.175,1.175,1.175,2000,3,940
2015-04-15,1.0,1.0,0.925,1.0,29700,24,11802
2015-04-16,1.1,1.125,0.975,1.05,33100,13,14235
2015-04-20,1.125,1.125,1.125,1.125,5500,2,2475
2015-04-22,1.125,1.2,1.125,1.2,2000,3,915
2015-04-23,1.0,1.175,1.0,1.175,4400,7,1833
2015-04-24,1.125,1.125,1.125,1.125,1100,2,495
2015-04-29,1.175,1.175,1.0,1.0,11500,13,4995
2015-04-30,1.025,1.025,1.025,1.025,100,1,41
2015-05-05,1.175,1.2,1.175,1.2,700,2,330
2015-05-07,1.175,1.2,1.125,1.175,16500,14,7757
2015-05-08,1.025,1.025,0.975,1.0,42900,23,17207
2015-05-11,1.0,1.0,0.925,1.0,23500,14,9136
2015-05-12,0.925,1.025,0.925,1.025,3300,15,1225
2015-05-13,1.025,1.025,0.95,1.025,300,3,120
2015-05-14,1.0,1.15,0.95,1.125,29900,32,12198
2015-05-15,1.0,1.125,0.975,1.025,88100,68,35465
2015-05-18,1.05,1.075,1.0,1.025,7000,6,2840
2015-05-19,1.0,1.025,0.95,0.975,4600,17,1864
2015-05-20,1.025,1.025,0.95,1.025,4200,10,1681
2015-05-21,1.025,1.025,0.925,0.95,10700,11,4067
2015-05-22,0.975,1.025,0.95,1.0,1000,7,393
2015-05-25,1.0,1.0,1.0,1.0,100,1,40
2015-05-26,1.075,1.075,0.925,0.925,8100,11,3053
2015-05-27,0.975,1.05,0.975,1.05,1100,5,436
2015-05-28,0.975,1.0,0.975,1.0,20300,4,7920
2015-05-29,0.975,0.975,0.9,0.9,25200,19,9407
2015-06-01,0.975,0.975,0.875,0.875,15900,7,5904
2015-06-02,0.925,0.925,0.925,0.925,700,3,259
2015-06-03,0.925,1.0,0.925,0.95,3200,29,1245
2015-06-05,1.0,1.0,1.0,1.0,400,2,160
2015-06-10,1.0,1.0,1.0,1.0,500,5,200
2015-06-16,0.925,0.925,0.925,0.925,7900,6,2923
2015-06-17,0.975,0.975,0.975,0.975,1000,1,390
2015-06-18,0.9,0.9,0.9,0.9,4200,4,1512
2015-06-19,0.95,0.95,0.95,0.95,1800,4,684
2015-06-22,0.925,0.925,0.875,0.9,11700,11,4219
2015-06-23,0.875,0.9,0.875,0.875,7200,7,2528
2015-06-24,0.875,0.875,0.875,0.875,12700,3,4445
2015-06-25,0.875,0.875,0.825,0.875,33400,20,11579
2015-06-26,0.85,0.875,0.85,0.875,500,2,174
2015-06-29,0.85,0.85,0.825,0.85,6000,5,2015
2015-06-30,0.825,0.85,0.8,0.85,16700,11,5497
2015-07-02,0.825,0.825,0.825,0.825,3000,2,990
2015-07-03,0.8,0.85,0.8,0.85,14100,4,4514
2015-07-08,0.8,0.8,0.8,0.8,1400,2,448
2015-07-10,0.75,0.75,0.75,0.75,3600,4,1080
2015-07-13,0.8,0.8,0.725,0.75,19200,20,5582
2015-07-14,0.75,0.75,0.725,0.725,1400,2,413
2015-07-15,0.75,0.75,0.75,0.75,1600,2,480
2015-07-16,0.75,0.75,0.75,0.75,3400,1,1020
2015-07-17,0.75,0.75,0.75,0.75,2000,1,600
2015-07-23,0.7,0.725,0.7,0.725,2900,3,822
2015-07-24,0.75,0.75,0.75,0.75,200,2,60
2015-07-27,0.75,0.75,0.675,0.675,6500,8,1760
2015-07-28,0.75,0.75,0.75,0.75,1000,2,300
2015-07-29,0.75,0.75,0.625,0.75,10300,20,2671
2015-08-04,0.75,0.775,0.75,0.775,3600,9,1081
2015-08-06,0.775,0.8,0.775,0.8,500,3,157
2015-08-07,0.65,0.7,0.625,0.65,45700,50,11649
2015-08-10,0.6,0.625,0.6,0.625,13900,12,3346
2015-08-11,0.6,0.6,0.6,0.6,5900,5,1416
2015-08-12,0.625,0.625,0.625,0.625,7300,4,1825
2015-08-13,0.65,0.65,0.55,0.6,28800,17,7081
2015-08-14,0.675,0.675,0.675,0.675,1100,3,297
2015-08-18,0.675,0.675,0.675,0.675,4600,1,1242
2015-08-19,0.625,0.625,0.625,0.625,2000,1,500
2015-08-20,0.575,0.575,0.525,0.575,25900,11,5726
2015-08-21,0.55,0.575,0.525,0.575,2900,5,637
2015-08-24,0.5,0.575,0.5,0.575,300,3,66
2015-08-26,0.575,0.575,0.575,0.575,300,1,69
2015-08-27,0.575,0.625,0.575,0.625,11200,6,2582
2015-08-28,0.55,0.55,0.55,0.55,2100,2,462
2015-09-01,0.55,0.55,0.475,0.5,14400,13,2783
2015-09-02,0.525,0.525,0.5,0.5,9200,3,1882
2015-09-04,0.575,0.625,0.575,0.625,6600,9,1536
2015-09-08,0.575,0.6,0.575,0.6,49400,11,11378
2015-09-09,0.575,0.6,0.575,0.6,3300,4,786
2015-09-10,0.55,0.6,0.475,0.475,122200,62,24239
2015-09-11,0.475,0.5,0.45,0.475,12000,9,2318
2015-09-14,0.5,0.5,0.5,0.5,15000,5,3000
2015-09-15,0.55,0.675,0.55,0.6,48900,31,11608
2015-09-16,0.675,0.7,0.675,0.7,600,2,163
2015-09-18,0.6,0.65,0.6,0.65,5100,4,1246
2015-09-21,0.65,0.65,0.65,0.65,6100,3,1586
2015-09-23,0.7,0.7,0.675,0.7,20000,9,5519
2015-09-25,0.7,0.7,0.7,0.7,20000,6,5600
2015-09-28,0.575,0.7,0.575,0.7,200,2,51
2015-09-29,0.7,0.7,0.7,0.7,100900,7,28252
2015-09-30,0.6,0.6,0.6,0.6,1000,2,240
2015-10-08,0.55,0.875,0.55,0.85,206800,57,59500
2015-10-09,0.85,1.05,0.85,0.925,158300,68,59953
2015-10-13,0.975,1.1,0.925,0.975,196300,91,78850
2015-10-14,1.075,1.35,1.05,1.175,100300,54,48020
2015-10-15,1.3,1.35,1.125,1.125,73700,41,34974
2015-10-16,1.175,1.225,1.175,1.175,12500,8,5915
2015-10-19,1.25,1.25,1.125,1.125,25100,6,11345
2015-10-20,1.075,1.2,1.075,1.2,19700,10,8496
2015-10-21,1.025,1.175,1.025,1.175,11800,8,4946
2015-10-22,1.075,1.1,1.025,1.025,31300,8,13398
2015-10-23,1.15,1.15,1.05,1.05,400,3,172
2015-10-26,1.0,1.0,1.0,1.0,1200,2,480
2015-10-27,0.925,1.1,0.925,0.925,7600,15,2923
2015-10-28,0.9,0.9,0.825,0.825,6900,11,2427
2015-10-29,0.8,0.8,0.75,0.75,1400,5,440
2015-10-30,0.875,0.875,0.875,0.875,100,1,35
2015-11-03,0.85,0.95,0.85,0.875,14100,9,5053
2015-11-05,0.8,0.85,0.775,0.85,29600,19,9446
2015-11-09,0.925,0.925,0.925,0.925,1000,3,370
2015-11-10,0.95,0.95,0.95,0.95,100,1,38
2015-11-11,0.75,0.825,0.675,0.775,37100,30,10364
2015-11-12,0.75,0.75,0.675,0.675,31900,18,8863
2015-11-13,0.725,0.725,0.725,0.725,5000,3,1450
2015-11-17,0.7,0.7,0.7,0.7,200,1,56
2015-11-18,0.675,0.675,0.625,0.625,35600,15,9223
2015-11-23,0.675,0.675,0.65,0.65,2600,3,686
2015-11-27,0.55,0.6,0.55,0.6,1900,6,430
2015-12-01,0.575,0.6,0.575,0.6,9000,5,2073
2015-12-02,0.575,0.575,0.575,0.575,1000,1,230
2015-12-03,0.55,0.55,0.55,0.55,40100,12,8822
2015-12-04,0.6,0.6,0.525,0.525,53900,11,11379
2015-12-07,0.6,0.925,0.6,0.875,7400,9,1903
2015-12-09,0.6,0.65,0.6,0.6,7400,13,1825
2015-12-10,0.775,0.775,0.725,0.725,200,2,60
2015-12-17,0.6,0.6,0.6,0.6,200,1,48
2015-12-21,0.6,0.6,0.5,0.5,44800,11,9992
2015-12-22,0.575,0.575,0.575,0.575,700,1,161
2015-12-28,0.575,0.575,0.55,0.55,5000,4,1130
2015-12-29,0.575,0.575,0.575,0.575,300,1,69
2016-01-04,0.525,0.525,0.5,0.5,19000,6,3970
2016-01-05,0.5,0.6,0.5,0.6,30500,12,7029
2016-01-06,0.5,0.6,0.5,0.6,8300,7,1783
2016-01-07,0.575,0.575,0.525,0.525,900,4,196
2016-01-12,0.5,0.525,0.5,0.5,11800,6,2368
2016-01-14,0.475,0.475,0.475,0.475,2800,4,532
2016-01-15,0.375,0.425,0.325,0.325,334200,172,48469
2016-01-18,0.35,0.4,0.325,0.325,73200,33,9878
2016-01-19,0.35,0.35,0.325,0.325,41300,10,5482
2016-01-20,0.35,0.375,0.35,0.35,28300,12,3963
2016-01-21,0.375,0.375,0.35,0.35,33100,9,4639
2016-01-22,0.325,0.35,0.325,0.325,11000,8,1431
2016-01-26,0.375,0.375,0.325,0.325,5800,7,757
2016-01-27,0.35,0.35,0.325,0.35,14700,7,1914
2016-01-28,0.35,0.35,0.3,0.35,19300,15,2420
2016-01-29,0.35,0.35,0.325,0.35,13700,10,1785
2016-02-01,0.325,0.35,0.325,0.325,5900,10,768
2016-02-02,0.325,0.35,0.3,0.325,46800,17,5701
2016-02-03,0.375,0.375,0.3,0.35,24000,13,3279
2016-02-04,0.35,0.35,0.325,0.325,76400,8,9934
2016-02-05,0.325,0.375,0.3,0.35,70700,15,9895
2016-02-10,0.325,0.325,0.325,0.325,100,1,13
2016-02-11,0.35,0.5,0.35,0.375,68600,118,10898
2016-02-12,0.4,0.425,0.35,0.375,31900,16,4710
2016-02-15,0.375,0.475,0.35,0.425,49200,52,8105
2016-02-16,0.475,0.625,0.45,0.5,79300,54,15977
2016-02-17,0.45,0.5,0.4,0.4,126800,32,21893
2016-02-18,0.425,0.45,0.4,0.4,36800,10,6053
2016-02-19,0.425,0.45,0.425,0.45,9700,6,1671
2016-02-22,0.475,0.75,0.475,0.625,290200,164,73645
2016-02-23,0.65,0.65,0.5,0.525,122200,42,26973
2016-02-24,0.575,0.575,0.575,0.575,49000,13,11270
2016-02-25,0.525,0.525,0.525,0.525,400,1,84
2016-02-29,0.5,0.5,0.475,0.5,4600,3,890
2016-03-01,0.475,0.475,0.45,0.45,23500,4,4235
2016-03-02,0.45,0.45,0.45,0.45,6900,2,1242
2016-03-03,0.5,0.5,0.425,0.425,9500,5,1687
2016-03-04,0.45,0.5,0.45,0.5,3000,2,542
2016-03-07,0.425,0.425,0.425,0.425,900,3,153
2016-03-08,0.45,0.45,0.425,0.425,17400,5,3065
2016-03-10,0.4,0.4,0.4,0.4,13600,6,2176
2016-03-11,0.425,0.425,0.425,0.425,11200,5,1904
2016-03-14,0.45,0.45,0.4,0.425,13400,11,2281
2016-03-15,0.425,0.425,0.4,0.4,13100,10,2191
2016-03-16,0.425,0.425,0.4,0.4,6000,7,968
2016-03-17,0.4,0.475,0.4,0.475,1200,8,205
2016-03-18,0.45,0.5,0.425,0.475,17000,47,3154
2016-03-21,0.475,0.925,0.475,0.75,536500,286,155359
2016-03-22,0.675,0.75,0.525,0.525,261700,92,65735
2016-03-23,0.575,0.625,0.55,0.625,60700,17,14691
2016-03-24,0.65,0.65,0.475,0.5,120400,34,24529
2016-03-28,0.525,0.575,0.5,0.5,90100,18,19181
2016-03-31,0.3495,0.3495,0.2775,0.325,2500,20,31708
2016-04-01,0.29,0.32475,0.29,0.32475,1000,10,12402
2016-04-04,0.35,0.35,0.35,0.35,200,2,2800
2016-04-05,0.4325,0.4325,0.4325,0.4325,100,1,1730
2016-04-06,0.3775,0.45,0.3775,0.45,200,2,3310
2016-04-13,0.428,0.428,0.4125,0.4125,200,2,3362
2016-04-18,0.4,0.4,0.4,0.4,600,4,9600
2016-05-11,0.3875,0.3875,0.3875,0.3875,100,1,1550
2016-05-16,0.39975,0.39975,0.39975,0.39975,200,2,3198
2016-05-25,0.3625,0.3625,0.3375,0.3375,200,2,2800
2016-05-27,0.3995,0.3995,0.375,0.375,200,2,3098
2016-06-09,0.3265,0.3265,0.3265,0.3265,100,1,1306
2016-06-16,0.3275,0.3275,0.3275,0.3275,200,2,2620
2016-06-30,0.375,0.375,0.375,0.375,200,2,3000
2016-07-01,0.34975,0.34975,0.34975,0.34975,100,1,1399
2016-07-06,0.4375,0.4375,0.4375,0.4375,600,4,10500
2016-07-07,0.45,0.475,0.45,0.475,200,2,3700
2016-07-20,0.4,0.4,0.4,0.4,300,2,4800
2016-07-27,0.47475,0.47475,0.47475,0.47475,100,1,1899
2016-08-02,0.38,0.3875,0.376,0.3875,500,4,7598
2016-08-03,0.389,0.389,0.389,0.389,400,1,6224
2016-08-11,0.39875,0.4495,0.39875,0.4495,600,4,9793
2016-08-12,0.40025,0.40025,0.3875,0.4,700,7,11154
2016-08-15,0.4225,0.4625,0.4225,0.4625,500,5,8824
2016-08-19,0.455,0.455,0.455,0.455,200,2,3640
2016-08-22,0.4,0.4,0.389,0.389,900,7,14283
2016-08-23,0.475,0.475,0.47,0.47,700,6,13280
2016-08-24,0.475,0.49975,0.454,0.49975,600,6,11711
2016-08-25,0.4995,0.5,0.4995,0.5,500,2,9994
2016-08-26,0.55,0.55,0.55,0.55,100,1,2200
2016-09-14,0.4525,0.4525,0.4525,0.4525,100,1,1810
2016-09-23,0.47525,0.49975,0.475,0.475,600,4,11699
2016-09-27,0.4765,0.49975,0.4765,0.49975,900,4,17247
2016-09-28,0.5005,0.5485,0.5005,0.5485,400,4,8584
2016-09-30,0.55,0.55,0.54975,0.54975,300,3,6598
2016-10-04,0.47525,0.47525,0.47525,0.47525,200,2,3802
2016-10-07,0.4315,0.50625,0.4315,0.50625,700,7,13417
2016-10-18,0.475,0.525,0.475,0.525,1600,11,31919
2016-10-24,0.5375,0.5375,0.525,0.525,200,2,4250
2016-10-26,0.4875,0.52475,0.4875,0.52475,800,6,15897
2016-10-27,0.4875,0.5375,0.4875,0.5375,500,5,10250
2016-11-11,0.5375,0.5375,0.5375,0.5375,100,1,2150
2016-11-21,0.525,0.5375,0.525,0.5375,400,2,8450
2016-11-25,0.50825,0.50825,0.50825,0.50825,100,1,2033
2016-12-15,0.525,0.525,0.525,0.525,100,1,2100
2016-12-16,0.52,0.52475,0.52,0.52475,1200,4,25074
2016-12-21,0.55,0.575,0.5125,0.5725,400,4,8840
2016-12-22,0.525,0.5725,0.525,0.5725,200,2,4390
2016-12-23,0.6,0.6,0.6,0.6,100,1,2400
2017-01-09,0.5,0.5,0.5,0.5,700,3,14000
2017-01-10,0.54975,0.55,0.54975,0.55,200,2,4399
2017-01-27,0.55,0.575,0.55,0.575,900,5,20300
2017-01-31,0.59275,0.60725,0.5925,0.60725,300,3,7170
2017-02-01,0.6,0.6125,0.6,0.6125,500,3,12150
2017-02-20,0.5125,0.61225,0.5125,0.61225,600,4,13499
2017-03-07,0.525,0.525,0.525,0.525,600,2,12600
2017-03-10,0.5,0.525,0.5,0.525,200,2,4100
2017-03-15,0.5025,0.5025,0.5025,0.5025,200,2,4020
2017-03-16,0.5,0.5,0.5,0.5,100,1,2000
2017-03-23,0.475,0.5,0.475,0.5,300,2,5800
2017-03-29,0.512,0.512,0.512,0.512,200,1,4096
2017-03-30,0.48725,0.51125,0.48725,0.51125,200,2,3994
2017-03-31,0.5125,0.5125,0.5125,0.5125,100,1,2050
2017-04-03,0.52425,0.52425,0.52425,0.52425,400,3,8388
2017-04-04,0.525,0.525,0.525,0.525,1100,2,23100
2017-04-06,0.55,0.55,0.55,0.55,100,1,2200
2017-04-07,0.575,0.575,0.575,0.575,100,1,2300
2017-04-10,0.5625,0.5625,0.5625,0.5625,100,1,2250
2017-04-11,0.5975,0.65,0.5975,0.65,1400,5,33684
2017-04-12,0.64975,0.65,0.64975,0.65,500,2,12999
2017-04-13,0.64975,0.64975,0.64975,0.64975,500,1,12995
2017-04-17,0.625,0.625,0.625,0.625,100,1,2500
2017-04-19,0.50025,0.52,0.50025,0.52,200,2,4081
2017-04-26,0.52525,0.52525,0.52525,0.52525,100,1,2101
2017-04-27,0.5375,0.55,0.5375,0.55,200,2,4350
2017-04-28,0.57475,0.57475,0.57475,0.57475,200,1,4598
2017-05-02,0.5625,0.6,0.5625,0.6,900,5,20694
2017-05-03,0.6075,0.6125,0.6075,0.6125,300,2,7330
2017-05-04,0.625,0.625,0.625,0.625,100,1,2500
2017-05-05,0.6125,0.6375,0.6125,0.6375,300,3,7500
2017-05-08,0.64875,0.64875,0.64875,0.64875,100,1,2595
2017-05-09,0.662,0.709,0.662,0.709,300,3,8133
2017-05-11,0.7245,0.7245,0.7245,0.7245,100,1,2898
2017-06-01,0.7245,0.7875,0.7245,0.7875,200,2,6048
2017-06-21,0.64975,0.747,0.64975,0.747,200,2,5587
2017-08-02,0.725,0.725,0.725,0.725,900,2,26100
2017-09-13,0.61375,0.6445,0.61375,0.625,3900,20,96688
2017-09-22,0.59975,0.59975,0.59975,0.59975,600,2,14394
2017-09-25,0.6,0.6,0.6,0.6,100,1,2400
2017-10-02,0.59775,0.65,0.59775,0.65,1200,4,28981
2017-10-03,0.59975,0.65,0.59975,0.65,1100,2,26590
2017-10-04,0.5625,0.6,0.5625,0.56525,2100,13,47572
2017-10-05,0.631,0.631,0.59,0.625,500,5,12424
2017-10-06,0.65,0.65,0.65,0.65,100,1,2600
2017-10-11,0.65,0.65,0.65,0.65,100,1,2600
2017-10-13,0.6375,0.6375,0.6375,0.6375,300,1,7650
2017-10-19,0.63775,0.63775,0.63775,0.63775,100,1,2551
2017-11-09,0.6225,0.6375,0.6225,0.6375,200,2,5040
2018-01-02,0.575,0.575,0.57475,0.57475,900,2,20694
2018-01-24,0.57475,0.57475,0.57475,0.57475,1000,3,22990
2018-01-26,0.5275,0.5375,0.5275,0.5375,300,2,6410
2018-01-29,0.55,0.5625,0.55,0.5625,200,2,4450
2018-01-31,0.5675,0.5745,0.5675,0.5745,200,2,4568
2018-02-06,0.6,0.60475,0.6,0.60475,700,5,16819
2018-02-07,0.6375,0.6375,0.6375,0.6375,100,1,2550
2018-02-08,0.625,0.645,0.625,0.645,300,3,7590
2018-02-22,0.6125,0.64225,0.6125,0.64225,700,7,17538
2018-02-27,0.62,0.65,0.62,0.65,300,3,7580
2018-02-28,0.675,0.6875,0.675,0.6875,200,2,5450
2018-03-01,0.7,0.7125,0.7,0.7125,200,2,5650
2018-03-02,0.725,0.725,0.72475,0.72475,200,2,5799
2018-03-05,0.73725,0.73725,0.73725,0.73725,100,1,2949
2018-05-07,0.6375,0.65175,0.6375,0.65175,700,5,18177
2018-05-08,0.675,0.6975,0.675,0.6975,700,4,19090
2018-05-09,0.69975,0.77375,0.69975,0.77375,500,4,14394
2018-05-10,0.871,0.871,0.871,0.871,100,1,3484
2018-08-31,0.625,0.625,0.62,0.62,1000,7,24901
2018-10-09,0.59975,0.625,0.59975,0.625,300,3,7299
2018-10-10,0.57075,0.625,0.57075,0.625,300,3,7183
2018-10-16,0.6,0.625,0.6,0.625,200,2,4900
2018-10-19,0.505,0.61225,0.505,0.61225,900,7,20323
2018-10-22,0.625,0.675,0.625,0.675,400,4,10600
2018-10-23,0.7375,0.74925,0.7375,0.74925,400,3,11940
2018-10-25,0.825,1.0,0.825,1.0,900,8,33798
2018-10-26,1.175,1.24975,1.025,1.025,3500,16,155283
2018-10-29,1.09975,1.1,1.075,1.1,700,6,30597
2018-10-30,0.928,1.04975,0.928,1.04975,400,4,15723
2018-10-31,0.97475,1.05,0.9125,1.05,1000,10,38107
2018-11-01,1.05,1.05,1.05,1.05,100,1,4200
2018-11-19,1.05025,1.05025,1.05025,1.05025,100,1,4201
2018-11-23,0.97475,0.97475,0.97475,0.97475,300,2,11697
2018-11-26,0.87525,0.97475,0.87525,0.97475,200,2,7400
2018-11-29,1.05,1.05,0.9375,0.975,400,3,15750
2018-12-10,1.05,1.05,1.05,1.05,100,1,4200
2018-12-12,1.075,1.17475,1.075,1.1725,400,4,18387
2018-12-14,1.1625,1.17475,1.1625,1.17475,400,4,18737
2019-01-14,1.11225,1.17725,1.11225,1.17725,1500,11,69417
2019-01-16,1.25,1.3725,1.25,1.3725,200,2,10490
2019-01-18,1.3725,1.375,1.3725,1.375,600,3,32980
2019-01-21,1.37475,1.475,1.37475,1.475,400,4,22798
2019-01-29,1.575,1.6,1.575,1.6,200,2,12700
2019-02-01,1.4995,1.5,1.375,1.5,1300,8,74904
2019-02-04,1.5,1.5,1.5,1.5,200,2,12000
2019-02-06,1.55,1.575,1.55,1.575,300,3,18700
2019-02-07,1.4625,1.59975,1.4625,1.59975,500,4,29899
2019-02-08,1.57475,1.57475,1.5,1.5625,500,5,30699
2019-02-11,1.57525,1.6875,1.57525,1.6875,500,5,32254
2019-02-12,1.70025,1.85,1.6875,1.85,1600,16,112702
2019-02-13,2.05,2.262,2.05,2.1625,1500,14,129486
2019-02-14,2.25,2.2725,2.12375,2.1975,1900,16,166258
2019-02-15,2.19475,2.19475,2.125,2.1875,600,5,51529
2019-02-18,2.05,2.05,1.93625,1.95,900,6,70443
2019-02-19,1.875,1.875,1.8,1.85,800,7,59210
2019-02-20,1.8,1.8435,1.68025,1.8425,1100,9,77698
2019-02-22,1.75,1.795,1.7,1.795,1200,11,83580
2019-02-26,1.8475,1.8475,1.8475,1.8475,100,1,7390
2019-03-13,1.6875,1.87375,1.6875,1.87375,700,7,49743
2019-03-19,1.925,1.925,1.92475,1.92475,200,2,15399
2019-03-21,1.71275,1.9095,1.71275,1.9095,300,3,21589
2019-03-28,1.7,1.8625,1.7,1.8625,600,6,42350
2019-04-12,1.922,1.975,1.922,1.975,200,2,15588
2019-04-25,1.80275,1.97375,1.80275,1.97375,300,3,22651
2019-05-02,1.825,1.85,1.825,1.84975,300,3,22099
2019-05-07,1.8,1.88725,1.8,1.88725,300,3,22199
2019-05-08,1.887,1.887,1.885,1.885,200,2,15088
2019-05-21,1.75,1.75,1.75,1.75,100,1,7000
2019-05-30,1.73775,1.73775,1.73775,1.73775,100,1,6951
2019-06-04,1.8,1.8,1.8,1.8,100,1,7200
2019-06-10,1.675,1.67525,1.675,1.67525,200,2,13401
2019-06-11,1.625,1.8,1.6005,1.8,900,6,59506
2019-06-13,1.69525,1.69525,1.6,1.60025,600,6,39356
2019-06-18,1.65625,1.65625,1.65625,1.65625,200,2,13250
2019-06-19,1.625,1.725,1.5735,1.725,1100,9,71439
2019-06-21,1.7245,1.75,1.7245,1.75,500,5,34697
2019-06-25,1.58025,1.625,1.526,1.58625,1400,13,90260
2019-06-26,1.5925,1.6125,1.5515,1.6125,600,6,38226
2019-06-27,1.57525,1.57525,1.57525,1.57525,200,2,12602
2019-06-28,1.61275,1.61275,1.6125,1.6125,200,2,12901
2019-07-01,1.58,1.6725,1.57775,1.6725,600,6,39201
2019-07-02,1.72225,1.77,1.72225,1.77,300,3,20858
2019-07-05,1.6475,1.65,1.505,1.65,1900,19,120463
2019-07-08,1.65,1.675,1.57475,1.675,2800,18,179604
2019-07-10,1.675,1.85025,1.675,1.85025,3100,21,222585
2019-07-11,1.79975,1.8375,1.75,1.8375,600,6,42999
2019-07-12,1.82225,1.82225,1.775,1.81225,700,4,50187
2019-07-18,1.8,1.9225,1.8,1.9225,500,5,37039
2019-07-19,1.9625,2.1375,1.9625,2.125,1500,8,122160
2019-07-30,2.125,2.16,2.12475,2.16,1600,11,136238
2019-07-31,2.1275,2.25,2.1275,2.15,1100,8,94790
2019-08-01,2.3245,2.325,2.3245,2.325,300,3,27896
2019-08-02,2.475,2.5,2.475,2.5,400,4,39700
2019-08-05,2.53975,2.53975,2.53975,2.53975,100,1,10159
2019-08-06,2.53975,2.53975,2.53975,2.53975,300,3,30477
2019-08-08,2.53975,2.635,2.53975,2.635,200,2,20699
2019-08-09,2.63475,2.63475,2.4005,2.5675,1800,16,179348
2019-08-13,2.52075,2.61225,2.52075,2.61225,300,3,30792
2019-08-16,2.42275,2.6225,2.42275,2.5625,1200,11,121044
2019-08-19,2.5,2.54975,2.475,2.54975,400,4,40099
2019-08-20,2.3,2.475,2.3,2.475,400,4,37800
2019-08-21,2.52475,2.5375,2.375,2.5375,400,4,39749
2019-08-28,2.5375,2.625,2.5375,2.625,400,4,41300
2019-08-29,2.625,2.625,2.625,2.625,100,1,10500
2019-08-30,2.5,2.75,2.5,2.75,200,2,21000
2019-09-12,2.75,2.75,2.75,2.75,100,1,11000
2019-09-25,2.49975,2.69975,2.49975,2.69975,400,4,41498
2019-10-01,2.65,2.74975,2.625,2.74975,600,6,63899
2019-10-03,2.5,2.5,2.5,2.5,200,2,20000
2019-10-04,2.65,2.65,2.65,2.65,100,1,10600
2019-10-07,2.4975,2.6225,2.4975,2.6225,400,4,40460
2019-10-08,2.5285,2.5285,2.52525,2.52525,200,2,20215
2019-10-09,2.53775,2.5875,2.52525,2.52525,400,4,40703
2019-11-04,2.545,2.545,2.545,2.545,100,1,10180
2019-11-06,2.40125,2.4975,2.40125,2.4975,400,4,39190
2019-11-12,2.57475,2.6825,2.57475,2.6825,400,4,41914
2020-01-02,2.39975,2.39975,2.34975,2.35,500,5,47198
2020-01-03,2.35,2.35,2.25,2.25,300,3,27400
2020-01-22,2.40025,2.40025,2.4,2.4,200,2,19201
2020-02-10,2.34975,2.4,2.34975,2.4,300,3,28499
2020-02-11,2.375,2.425,2.375,2.425,300,3,28800
2020-02-13,2.43725,2.47475,2.3755,2.45,1000,10,97060
2020-02-14,2.58125,3.0,2.575,3.0,1300,12,146305
2020-02-18,3.0,3.0,3.0,3.0,100,1,12000
2020-02-20,3.125,3.125,3.125,3.125,100,1,12500
2020-02-21,3.0,3.125,3.0,3.125,500,5,61099
2020-03-06,2.47475,2.5745,2.47475,2.5745,600,5,59994
2020-03-10,2.575,2.575,2.575,2.575,200,2,20600
2020-03-27,2.25,2.25,2.25,2.25,200,2,18000
2020-04-06,2.00025,2.25,2.00025,2.25,400,4,33502
2020-05-07,1.99975,1.99975,1.99975,1.99975,100,1,7999
2020-05-08,1.7775,1.97225,1.7775,1.97225,400,4,29910
2020-05-27,1.874,2.0,1.874,2.0,400,4,31245
2020-06-08,2.03775,2.03775,2.025,2.025,400,4,32552
2020-06-19,2.17475,2.24975,2.17475,2.22525,400,4,35499
2020-06-22,2.34575,2.45,2.25,2.45,900,9,84133
2020-06-23,2.425,2.49975,2.275,2.275,400,4,37999
2020-06-24,2.275,2.32475,2.125,2.32475,900,6,80989
2020-06-25,2.50025,2.625,2.50025,2.625,400,3,40505
2020-06-26,3.62525,3.62525,2.7775,2.7775,1400,14,175497
2020-06-30,3.0,3.0,3.0,3.0,100,1,12000
2020-07-01,3.49975,3.6875,3.49975,3.625,700,7,99749
2020-07-02,4.0,5.19125,4.0,5.19125,1100,11,214529
2020-07-03,5.975,5.975,5.18975,5.19125,600,6,132082
2020-07-08,5.25,5.25,5.25,5.25,100,1,21000
2020-07-10,5.0,5.3,5.0,5.3,300,3,62400
2020-07-13,5.87475,6.0,5.87475,6.0,200,2,47499
2020-07-14,6.25,6.25,6.25,6.25,200,2,50000
2020-07-15,6.25,6.25,6.25,6.25,100,1,25000
2020-07-16,6.25,6.25,6.25,6.25,100,1,25000
2020-07-17,6.87475,6.875,6.87475,6.875,200,2,54999
2020-07-20,7.5,8.75,7.5,8.75,600,6,196999
2020-07-21,8.75,8.875,8.25,8.875,500,5,171500
2020-07-22,8.0,8.125,6.5,7.7225,1500,15,445480
2020-07-23,7.74975,7.75,7.74975,7.75,300,3,92999
2020-07-24,7.75,8.69975,7.75,8.69975,300,3,98799
2020-07-28,9.39,9.39,7.0,8.27,58100,207,456181
2020-07-29,8.27,8.97,6.8,7.4,91100,313,666969
2020-07-30,7.01,7.45,6.32,6.61,99300,274,663329
2020-07-31,6.61,6.61,6.3,6.59,23000,92,148437
2020-08-03,6.7,6.75,6.32,6.75,19900,66,131678
2020-08-04,6.61,6.9,6.4,6.67,45000,62,295087
2020-08-05,6.7,6.94,6.6,6.6,17000,55,114991
2020-08-06,6.65,7.14,6.55,7.13,18500,67,128642
2020-08-07,7.14,7.15,7.05,7.15,32300,100,229964
2020-08-10,7.12,7.15,7.0,7.12,17000,47,120730
2020-08-11,7.12,7.12,7.0,7.1,10700,32,75339
2020-08-12,7.01,7.07,6.9,7.0,5900,28,41346
2020-08-13,7.09,7.09,6.9,7.0,8000,21,56154
2020-08-14,7.06,7.06,6.62,7.05,20600,50,142554
2020-08-17,7.05,7.9,6.9,7.43,73700,134,529991
2020-08-18,7.89,8.3,7.27,7.69,137600,442,1075669
2020-08-19,7.99,8.46,7.69,7.75,77600,210,626571
2020-08-20,7.5,8.1,7.35,7.84,31700,143,246565
2020-08-21,7.85,9.75,7.85,9.4,219700,740,1986938
2020-08-24,9.48,15.9,9.1,14.0,882600,3038,11548115
2020-08-25,11.99,12.8,9.0,9.32,638900,2089,6722997
2020-08-26,9.6,10.6,9.4,9.7,314100,1061,3119989
2020-08-27,10.0,10.38,8.87,9.38,137400,615,1285786
2020-08-28,9.65,9.89,8.85,9.0,79700,320,741304
2020-08-31,9.19,9.19,8.52,8.87,35600,176,313906
2020-09-01,8.71,9.2,8.01,8.15,95800,362,808683
2020-09-02,8.49,8.61,8.0,8.61,78000,254,646036
2020-09-03,8.6,8.95,7.99,7.99,56400,201,464554
2020-09-04,8.0,8.3,7.6,8.0,34000,129,268734
2020-09-08,7.66,7.99,7.2,7.45,81000,161,605913
2020-09-09,7.52,7.7,7.45,7.5,32300,97,244806
2020-09-10,7.5,8.8,7.5,7.61,76300,304,618766
2020-09-11,7.71,8.74,7.7,8.59,65600,321,547249
2020-09-14,8.99,9.6,8.2,8.5,95100,416,834458
2020-09-15,8.51,8.69,7.91,8.1,43300,198,357029
2020-09-16,8.3,8.58,8.01,8.15,27500,97,225063
2020-09-17,8.08,8.2,7.98,8.1,11200,48,90512
2020-09-18,8.3,8.7,7.99,8.45,46800,196,389738
2020-09-21,8.29,8.45,7.7,8.11,24000,99,195397
2020-09-22,8.34,8.34,7.88,8.15,14000,55,113530
2020-09-23,8.0,8.18,7.8,7.99,22800,59,179291
2020-09-24,8.08,8.1,7.75,8.06,20900,68,166198
2020-09-25,7.81,8.98,7.81,8.35,62200,148,519699
2020-09-28,8.47,8.5,7.93,7.93,21900,83,179971
2020-09-29,8.22,8.33,7.89,8.03,12100,55,96685
2020-09-30,8.03,8.24,7.85,8.2,8000,23,64121
2020-10-01,8.15,8.32,8.15,8.27,4400,24,36106
2020-10-02,8.27,8.27,7.96,8.22,11400,47,92275
2020-10-05,8.29,9.0,8.19,8.48,13700,67,115379
2020-10-06,8.6,8.6,8.14,8.31,13500,59,111593
2020-10-07,8.05,8.31,8.0,8.19,5100,30,41395
2020-10-08,8.18,9.89,8.07,8.75,203600,706,1827376
2020-10-09,8.6,9.3,8.48,8.72,50000,179,439220
2020-10-13,8.5,9.0,8.31,8.85,33800,116,290800
2020-10-14,8.85,9.73,8.5,8.7,53600,233,479160
2020-10-15,8.35,9.4,8.35,8.86,25600,98,228512
2020-10-16,9.23,9.23,8.4,8.6,19600,69,169028
2020-10-19,8.84,8.85,8.35,8.51,12300,44,104940
2020-10-20,8.45,9.66,8.37,8.83,249800,596,2266557
2020-10-21,8.94,9.25,8.3,8.53,52600,228,456432
2020-10-22,8.74,8.75,8.02,8.29,34000,142,281703
2020-10-23,8.16,8.38,8.06,8.38,20100,83,164341
2020-10-26,8.38,8.6,7.85,8.0,27600,118,224028
2020-10-27,8.02,8.25,7.95,8.07,6500,43,52541
2020-10-28,7.81,8.27,7.01,7.1,62500,194,463964
2020-10-29,7.14,7.38,6.2,6.7,112100,232,751908
2020-10-30,6.81,7.0,6.35,6.41,37700,76,246001
2020-11-03,6.42,6.6,6.03,6.48,55000,108,346715
2020-11-04,6.35,6.57,6.33,6.47,11900,55,76237
2020-11-05,6.55,6.85,6.23,6.85,24300,81,158418
2020-11-06,6.85,7.08,6.79,6.93,19100,50,132694
2020-11-09,7.25,7.25,6.75,7.0,14800,49,103250
2020-11-10,6.97,6.97,6.35,6.59,70800,142,461679
2020-11-11,6.41,6.94,6.3,6.69,55700,131,364629
2020-11-12,6.78,6.95,6.61,6.84,34300,81,233517
2020-11-13,6.51,6.83,6.51,6.83,4200,16,28530
2020-11-16,6.85,6.96,6.2,6.25,171900,205,1112982
2020-11-17,6.4,6.49,6.03,6.49,51800,116,322296
2020-11-18,6.4,6.45,6.25,6.44,16200,40,103329
2020-11-19,6.5,6.78,6.31,6.78,39900,103,263422
2020-11-20,6.6,6.71,6.5,6.5,4600,13,30644
2020-11-23,6.75,6.8,6.47,6.79,22000,61,145332
2020-11-24,6.79,6.83,6.03,6.06,291200,452,1796115
2020-11-25,6.1,6.22,6.06,6.12,56400,138,344589
2020-11-26,6.18,6.3,6.03,6.03,74000,151,450305
2020-11-27,6.06,6.16,6.02,6.15,24600,70,149295
2020-11-30,6.12,6.15,6.02,6.15,28000,73,170340
2020-12-01,6.22,6.25,6.11,6.18,12000,45,74084
2020-12-02,6.11,6.22,6.1,6.16,12100,36,74326
2020-12-03,6.09,6.16,6.07,6.16,11900,55,72996
2020-12-04,6.15,6.17,6.06,6.14,17800,43,108677
2020-12-07,6.24,6.24,6.14,6.19,8200,37,50713
2020-12-08,6.1,6.19,6.05,6.18,9100,42,55694
2020-12-09,6.2,6.52,6.14,6.2,8500,37,52940
2020-12-10,6.11,8.83,6.11,8.43,362000,1058,2808488
2020-12-11,8.9,8.96,7.04,7.16,363900,943,2817560
2020-12-14,7.4,7.49,6.72,6.73,146400,443,1011063
2020-12-15,6.76,6.86,6.61,6.63,46900,164,314343
2020-12-16,6.74,6.75,6.52,6.66,19900,107,131906
2020-12-17,6.51,6.94,6.51,6.57,51700,153,347296
2020-12-18,6.58,6.87,6.45,6.45,54800,162,361998
2020-12-21,6.45,6.58,6.06,6.53,45600,144,284513
2020-12-22,6.61,6.7,6.22,6.25,33900,112,214432
2020-12-23,6.18,6.4,6.17,6.32,12800,45,79993
2020-12-28,6.24,6.7,6.12,6.37,21200,79,133396
2020-12-29,6.29,6.38,6.19,6.24,9600,53,59930
2020-12-30,6.31,6.37,6.15,6.28,18200,50,113409
2021-01-04,6.33,6.43,6.1,6.1,40000,90,248245
2021-01-05,6.17,6.2,5.8,5.98,107400,150,645007
2021-01-06,6.15,6.17,5.95,6.05,19400,73,116349
2021-01-07,6.07,6.2,5.97,6.1,42500,64,256187
2021-01-08,6.03,6.5,6.0,6.22,32700,92,203174
2021-01-11,6.35,6.38,6.13,6.34,8900,39,55343
2021-01-12,6.33,6.6,6.22,6.28,23500,69,149229
2021-01-13,6.2,6.36,6.15,6.34,5900,33,36753
2021-01-14,6.23,6.37,6.2,6.26,6400,27,40090
2021-01-15,6.45,6.46,6.21,6.29,3300,12,21031
2021-01-18,6.21,6.47,6.21,6.38,8800,28,55432
2021-01-19,6.22,6.32,6.19,6.2,7200,17,44805
2021-01-20,6.2,6.2,6.15,6.15,1900,11,11727
2021-01-21,6.1,6.15,6.02,6.05,3100,19,18815
2021-01-22,6.05,6.65,5.96,6.01,35000,136,221063
2021-01-26,6.06,6.11,6.0,6.0,5600,28,33874
2021-01-27,6.15,6.29,5.97,5.97,11600,46,70317
2021-01-28,6.02,6.19,6.01,6.14,20600,50,125245
2021-01-29,6.05,6.12,5.97,5.98,13700,36,82232
2021-02-01,6.05,6.05,5.98,6.0,17800,24,106761
2021-02-02,6.03,6.23,6.0,6.0,15900,50,96345
2021-02-03,6.0,6.17,6.0,6.05,16400,27,100004
2021-02-04,6.11,6.15,6.06,6.1,5000,14,30641
2021-02-05,6.05,6.26,6.03,6.19,5200,15,31473
2021-02-08,6.19,6.24,6.15,6.22,2500,11,15531
2021-02-09,6.11,6.16,6.01,6.01,4600,20,27882
2021-02-10,6.13,6.19,5.98,5.98,24700,56,148330
2021-02-11,6.08,6.1,5.96,5.96,20300,61,121639
2021-02-12,5.99,6.03,5.96,5.96,24600,45,146786
2021-02-17,6.03,6.19,6.0,6.12,6300,33,38278
2021-02-18,6.17,6.17,6.06,6.1,4000,13,24302
2021-02-19,6.13,6.2,5.96,5.96,26900,48,161026
2021-02-22,5.97,6.0,5.96,6.0,15200,33,90632
2021-02-23,6.14,6.14,5.95,5.95,10400,40,62067
2021-02-24,6.02,6.06,5.95,5.95,10400,21,62036
2021-02-25,5.97,6.55,5.97,6.0,83900,220,521362
2021-02-26,6.18,6.18,5.5,5.53,148100,81,873264
2021-03-01,5.65,5.88,5.45,5.7,44200,84,246447
2021-03-02,5.6,5.72,5.5,5.5,8300,38,45943
2021-03-03,5.49,5.54,5.01,5.37,30800,74,164040
2021-03-04,5.48,5.67,5.4,5.51,9600,34,52594
2021-03-05,5.51,5.51,5.33,5.47,4900,24,26600
2021-03-08,5.46,5.7,5.21,5.43,5500,25,29730
2021-03-09,5.69,5.69,5.19,5.2,15700,25,82600
2021-03-10,5.21,5.31,5.18,5.2,24100,39,125351
2021-03-11,5.2,5.35,5.18,5.18,8400,30,43862
2021-03-12,5.21,5.41,5.2,5.21,8500,31,45049
2021-03-15,5.22,5.28,5.2,5.22,10300,39,53846
2021-03-16,5.28,5.3,5.18,5.18,19300,68,100637
2021-03-17,5.2,5.21,5.18,5.18,5200,32,27000
2021-03-18,5.2,5.48,5.2,5.31,16500,69,87288
2021-03-19,5.23,5.6,5.23,5.56,20100,93,107871
2021-03-22,6.09,6.09,5.3,5.32,15500,62,85968
2021-03-23,5.32,5.55,5.26,5.5,5000,23,27372
2021-03-24,5.79,5.79,5.26,5.26,16800,59,90018
2021-03-25,5.39,5.5,5.27,5.34,8700,30,46243
2021-03-26,5.42,5.42,5.2,5.2,15300,29,79834
2021-03-29,5.2,5.39,5.15,5.2,113300,78,586325
2021-03-30,5.38,5.38,5.17,5.17,8700,29,45215
2021-03-31,5.17,5.25,5.16,5.17,2100,12,10894
2021-04-01,5.2,5.2,5.15,5.16,10700,22,55216
2021-04-05,5.17,5.26,5.17,5.22,3000,10,15636
2021-04-06,5.19,5.25,5.17,5.17,18500,32,95957
2021-04-07,5.2,5.25,5.17,5.17,5900,19,30603
2021-04-08,5.26,5.69,5.2,5.43,25700,81,137578
2021-04-09,5.3,5.57,5.27,5.44,7600,27,40525
2021-04-12,5.37,5.4,5.28,5.29,5500,26,29239
2021-04-13,5.35,5.36,5.23,5.23,10100,24,53217
2021-04-14,5.25,5.42,5.22,5.41,9500,18,50169
2021-04-15,5.3,5.35,5.18,5.18,15000,34,78477
2021-04-16,5.19,5.28,5.18,5.2,6900,14,36035
2021-04-19,5.4,5.56,5.23,5.55,9300,23,49746
2021-04-20,5.51,5.51,5.29,5.29,4300,15,23425
2021-04-22,5.43,5.44,5.25,5.43,1200,6,6483
2021-04-23,5.44,5.49,5.34,5.45,1900,7,10328
2021-04-26,5.32,5.46,5.16,5.3,13400,33,71019
2021-04-27,5.26,5.47,5.22,5.22,4100,13,22002
2021-04-28,5.23,5.68,5.22,5.44,25800,81,142056
2021-04-29,5.32,5.46,5.27,5.31,8900,24,47362
2021-04-30,5.36,5.56,5.36,5.38,13700,45,75016
2021-05-03,5.5,5.98,5.5,5.89,82000,154,473795
2021-05-04,5.89,5.97,5.68,5.68,12900,36,75214
2021-05-05,5.92,7.08,5.85,6.66,343500,938,2270462
2021-05-06,7.0,7.0,6.11,6.38,123700,382,793671
2021-05-07,6.44,6.5,6.12,6.44,29600,106,187087
2021-05-10,6.22,6.8,6.22,6.68,58200,99,380087
2021-05-11,6.22,6.64,6.21,6.6,23000,53,148639
2021-05-12,6.6,6.9,6.43,6.51,19500,69,131455
2021-05-13,6.52,6.69,6.25,6.49,10800,29,69053
2021-05-14,6.28,6.67,6.28,6.56,3600,21,23400
2021-05-17,6.57,6.64,6.36,6.54,7500,26,48593
2021-05-18,6.55,6.55,6.36,6.54,4000,18,25805
2021-05-19,6.3,6.55,6.29,6.44,7000,30,44907
2021-05-20,6.28,7.2,6.27,6.87,106000,281,724114
2021-05-21,6.77,6.86,6.41,6.41,7100,38,46323
2021-05-24,6.74,6.74,6.46,6.5,5700,31,37537
2021-05-25,6.77,6.77,6.3,6.3,16200,53,103403
2021-05-26,6.45,6.45,6.26,6.36,18200,43,114744
2021-05-27,6.45,6.47,6.34,6.44,11400,31,72992
2021-05-28,6.45,6.6,6.4,6.46,4100,17,26604
2021-05-31,6.45,6.91,6.45,6.62,39100,90,263140
2021-06-01,6.85,6.87,6.54,6.65,20000,57,133786
2021-06-02,6.84,7.5,6.65,7.0,56700,113,401957
2021-06-04,7.0,7.36,6.7,7.2,14200,57,100971
2021-06-07,7.29,7.29,6.9,7.19,2500,18,17864
2021-06-08,7.29,7.29,6.83,7.16,16200,47,113108
2021-06-09,7.2,7.32,6.93,7.18,9500,41,68362
2021-06-10,7.02,7.29,6.81,7.15,6700,34,47379
2021-06-11,7.02,7.15,6.4,6.61,17400,74,117965
2021-06-14,6.81,6.87,6.76,6.83,3800,12,25770
2021-06-15,6.84,7.12,6.7,6.99,5700,25,39215
2021-06-16,7.12,7.12,6.49,6.49,13300,47,87792
2021-06-17,6.62,6.85,6.4,6.49,13800,36,91313
2021-06-18,6.76,6.76,5.8,6.08,50000,150,309829
2021-06-21,6.07,6.09,5.68,5.72,25800,75,151458
2021-06-22,5.72,6.09,5.64,5.7,20600,58,118015
2021-06-23,5.72,5.95,5.62,5.95,11100,28,63667
2021-06-24,5.88,6.21,5.84,5.84,13200,40,78605
2021-06-25,6.1,6.1,5.79,5.93,7100,25,41627
2021-06-28,5.86,6.05,5.86,5.87,5200,26,30967
2021-06-29,5.79,5.99,5.74,5.98,4000,12,23536
2021-06-30,5.98,5.99,5.67,5.97,6300,26,36823
2021-07-01,6.07,6.08,6.05,6.05,300,3,1820
2021-07-02,5.98,6.09,5.86,6.04,900,9,5340
2021-07-05,5.99,6.0,5.8,5.91,17200,32,101274
2021-07-06,5.99,6.18,5.88,6.04,25500,59,153010
2021-07-07,6.1,6.25,5.95,6.04,9500,36,57817
2021-07-08,5.91,6.11,5.7,5.99,10400,39,61211
2021-07-12,6.11,6.11,6.11,6.11,100,1,611
2021-07-13,6.11,6.11,5.9,6.01,700,7,4187
2021-07-14,6.03,6.11,5.93,6.04,1200,10,7213
2021-07-15,6.1,6.1,5.83,5.93,800,7,4781
2021-07-16,5.82,6.06,5.82,5.98,400,4,2370
2021-07-19,5.71,5.99,5.7,5.76,2200,7,12772
2021-07-20,5.96,5.96,5.78,5.96,3800,19,22250
2021-07-21,5.83,5.91,5.68,5.68,12800,35,73587
2021-07-22,5.71,5.85,5.66,5.81,2400,12,13687
2021-07-23,5.84,5.93,5.5,5.59,14000,40,79416
2021-07-26,5.78,5.78,5.55,5.71,700,5,3924
2021-07-27,5.3,5.6,5.17,5.17,33600,81,177105
2021-07-28,5.31,5.45,5.25,5.38,4400,24,23578
2021-07-29,5.39,5.4,5.26,5.28,700,7,3742
2021-07-30,5.24,5.24,5.11,5.17,8100,21,42032
2021-08-02,5.44,5.44,5.12,5.12,10700,28,55257
2021-08-03,5.13,5.34,5.0,5.34,19500,33,99505
2021-08-04,5.33,5.33,5.05,5.05,13600,33,69649
2021-08-05,5.22,5.3,5.1,5.14,1700,15,8817
2021-08-06,5.3,5.3,5.12,5.15,1600,10,8294
2021-08-09,5.27,5.27,5.13,5.26,700,7,3650
2021-08-10,5.36,5.37,5.17,5.17,6600,11,34157
2021-08-11,5.28,5.4,5.18,5.25,7700,21,40658
2021-08-12,5.2,5.2,5.09,5.09,4000,9,20539
2021-08-13,5.08,5.29,5.06,5.06,9500,27,48987
2021-08-16,5.07,5.22,5.05,5.14,23800,32,120478
2021-08-17,5.25,5.31,5.06,5.23,3400,18,17800
2021-08-18,5.28,5.28,5.06,5.06,24200,25,121409
2021-08-19,5.0,5.24,5.0,5.23,7400,16,37122
2021-08-20,5.28,5.28,5.06,5.23,500,5,2585
2021-08-23,5.12,5.2,5.06,5.16,500,4,2566
2021-08-24,5.16,5.16,5.01,5.1,8400,17,42832
2021-08-25,5.18,5.33,5.1,5.33,2400,8,12344
2021-08-26,5.11,5.13,5.01,5.13,3300,10,16775
2021-08-27,5.23,5.23,5.04,5.13,1400,8,7099
2021-08-30,5.1,5.19,5.02,5.14,2000,14,10162
2021-08-31,5.15,5.15,5.0,5.01,20900,39,104987
2021-09-01,4.99,5.11,4.87,5.1,4300,14,21501
2021-09-02,5.1,5.37,5.0,5.24,17400,57,90158
2021-09-03,5.02,5.25,5.02,5.23,1600,13,8189
2021-09-06,5.21,5.21,4.93,4.93,4600,15,23127
2021-09-08,5.17,5.17,4.9,5.02,15100,41,74407
2021-09-09,5.21,5.21,5.1,5.15,700,7,3603
2021-09-10,5.09,5.09,5.08,5.08,300,3,1525
2021-09-13,5.07,5.14,5.0,5.14,2300,13,11656
2021-09-14,5.14,5.2,5.11,5.14,11400,9,58705
2021-09-15,5.23,5.23,5.08,5.17,1800,12,9269
2021-09-16,5.09,5.16,5.09,5.13,400,4,2053
2021-09-17,4.92,5.12,4.92,5.1,2000,11,10065
2021-09-20,5.01,5.1,5.01,5.06,500,5,2533
2021-09-21,5.21,5.21,4.92,5.04,800,8,4045
2021-09-22,5.17,5.17,4.87,5.0,29500,50,144565
2021-09-23,5.16,5.16,4.82,4.97,2700,14,13257
2021-09-24,5.05,5.05,4.92,5.0,900,6,4496
2021-09-27,5.0,5.0,4.86,4.86,700,4,3416
2021-09-28,5.18,5.18,4.8,4.96,14500,16,70178
2021-09-29,5.06,5.06,4.66,4.94,3000,15,14385
2021-09-30,5.0,5.02,4.85,4.97,3100,11,15170
2021-10-01,4.95,4.95,4.95,4.95,1500,5,7425
2021-10-04,5.19,5.19,5.08,5.08,3500,6,18143
2021-10-05,5.02,5.2,5.02,5.17,2600,7,13121
2021-10-06,4.99,5.11,4.99,5.09,700,5,3526
2021-10-07,5.1,5.57,5.1,5.33,2000,11,10517
2021-10-08,5.5,5.5,5.29,5.29,3200,10,17108
2021-10-11,5.09,5.27,5.07,5.27,1700,5,8662
2021-10-13,5.08,5.24,5.07,5.18,4300,17,22181
2021-10-14,5.24,5.34,5.16,5.16,500,5,2613
2021-10-15,5.15,5.25,5.04,5.17,3600,15,18589
2021-10-18,5.18,5.27,5.16,5.16,4900,8,25342
2021-10-19,5.17,5.21,5.07,5.1,8000,16,40850
2021-10-20,5.19,5.19,5.04,5.18,14500,27,74391
2021-10-21,5.34,5.34,4.87,4.9,5800,24,29840
2021-10-22,5.1,5.1,4.85,4.9,11600,21,56550
2021-10-25,5.13,5.13,4.76,5.06,1100,11,5494
2021-10-26,4.73,5.09,4.73,4.83,7000,26,33950
2021-10-27,4.99,5.07,4.85,4.95,7900,17,39038
2021-10-28,4.78,4.99,4.77,4.99,3600,9,17484
2021-10-29,4.78,5.03,4.75,4.83,3400,11,16323
2021-11-01,4.83,4.98,4.83,4.98,1000,7,4950
2021-11-03,4.92,5.07,4.92,5.07,1400,7,7033
2021-11-04,5.2,5.2,4.91,4.98,1500,10,7435
2021-11-05,4.98,4.99,4.98,4.99,400,4,1995
2021-11-08,5.17,5.17,4.87,4.98,1100,9,5460
2021-11-09,4.99,5.03,4.85,4.94,3800,10,18595
2021-11-10,4.94,4.98,4.94,4.98,300,3,1490
2021-11-11,5.13,5.13,4.91,5.0,5700,7,28519
2021-11-12,4.78,4.98,4.72,4.96,5900,14,28112
2021-11-16,4.76,4.95,4.76,4.94,1100,7,5417
2021-11-17,5.11,5.11,4.74,4.94,4500,23,21823
2021-11-18,4.94,4.94,4.94,4.94,300,3,1482
2021-11-19,4.76,5.16,4.74,5.16,8900,25,43556
2021-11-22,4.85,5.16,4.85,5.12,6700,15,33796
2021-11-23,4.83,5.14,4.81,5.1,1800,12,8892
2021-11-24,5.03,5.03,5.02,5.02,200,2,1005
2021-11-25,5.01,5.11,5.01,5.11,400,4,2024
2021-11-26,4.75,5.01,4.74,5.0,1100,7,5350
2021-11-29,4.78,5.09,4.78,5.06,400,4,2000
2021-11-30,5.08,5.12,4.75,5.07,3100,18,15112
2021-12-01,4.77,5.08,4.76,5.06,2600,18,12843
2021-12-02,4.8,5.09,4.71,5.08,14300,43,68435
2021-12-03,5.08,5.08,5.08,5.08,200,2,1016
2021-12-06,5.04,5.18,4.75,5.17,7500,33,37478
2021-12-07,5.17,5.5,4.89,5.39,13800,29,70545
2021-12-08,5.58,5.58,5.05,5.05,15700,42,82920
2021-12-09,5.22,5.4,5.01,5.11,9400,19,49990
2021-12-10,5.25,5.25,5.17,5.17,700,3,3660
2021-12-13,5.11,5.25,5.11,5.25,300,3,1561
2021-12-14,5.2,5.2,5.19,5.19,200,2,1039
2021-12-15,5.4,5.4,4.95,5.06,2700,15,13821
2021-12-16,4.9,5.14,4.82,5.08,4300,15,21567
2021-12-17,5.05,5.05,4.8,4.8,5900,17,28345
2021-12-20,4.77,5.0,4.77,4.89,1700,9,8380
2021-12-21,4.74,4.88,4.42,4.85,13100,38,60260
2021-12-22,4.61,4.89,4.61,4.89,1100,9,5346
2021-12-23,4.88,4.88,4.88,4.88,200,2,976
2021-12-27,4.52,5.08,4.52,5.05,4100,22,20347
2021-12-28,5.1,5.42,5.1,5.23,1900,7,9801
2021-12-29,4.79,5.24,4.79,5.19,2500,16,12656
2021-12-30,5.0,5.25,5.0,5.23,2800,4,14071
