Date,Open,High,Low,Close,Volume,Neg,Fin
2010-01-04,59.67252,61.21519,59.48933,60.54028,74200,311,4649679
2010-01-05,61.17663,62.38184,59.97141,60.81989,90000,448,5701590
2010-01-06,60.81989,62.13116,60.81989,61.32125,193700,728,12396072
2010-01-07,60.8681,61.69728,59.91356,61.51409,94000,291,5965358
2010-01-08,60.12568,61.43695,60.12568,60.98379,123600,472,7820261
2010-01-11,61.53337,62.20829,60.70418,61.36946,216400,650,13775816
2010-01-12,60.29923,60.81024,59.85572,60.39565,136200,614,8498677
2010-01-13,61.35982,61.89975,59.49897,60.64634,210900,506,13229590
2010-01-14,59.78822,60.17389,59.63395,59.79786,59400,501,3688445
2010-01-15,59.68217,59.68217,56.92464,57.46457,221000,960,13346400
2010-01-18,58.12021,58.12021,56.62574,56.64503,155000,324,9147319
2010-01-19,55.91226,56.57753,54.95773,54.95773,142600,599,8230761
2010-01-20,54.18639,54.9288,52.75942,53.08723,204900,842,11374473
2010-01-21,53.1258,53.76215,51.71811,53.21258,202800,755,11164456
2010-01-22,53.33792,53.76215,51.9688,53.02939,172900,648,9474756
2010-01-26,52.83655,54.16711,52.41232,52.94261,108500,527,5976942
2010-01-27,53.40541,53.62717,52.20984,52.35447,48800,353,2671568
2010-01-28,52.56659,53.51147,52.34482,53.1258,174200,764,9533274
2010-01-29,53.6561,53.6561,52.35447,53.06796,91300,427,5019527
2010-02-01,53.08723,54.62027,52.09414,54.18639,105700,397,5901099
2010-02-02,53.99356,54.36958,52.36411,52.36411,143800,569,7906232
2010-02-03,52.6148,53.34756,52.25805,53.30899,113300,546,6223134
2010-02-04,53.21258,53.21258,51.10104,51.19746,128300,491,6898409
2010-02-05,51.19746,51.19746,48.97987,49.34625,221600,888,11398297
2010-02-08,49.34625,50.80215,49.02808,50.47433,109700,743,5701386
2010-02-09,51.28424,52.23877,49.18234,52.2002,132400,524,7008558
2010-02-10,52.04593,52.19056,50.58039,50.91785,76500,306,4052554
2010-02-11,51.3228,51.94951,50.68645,51.88203,47300,270,2515796
2010-02-12,50.81179,51.70847,50.81179,51.57349,68300,344,3633403
2010-02-17,52.04593,53.01974,51.11068,52.05558,86100,556,4628856
2010-02-18,51.79525,52.03629,51.10104,51.12997,103700,349,5517452
2010-02-19,51.10104,51.86274,50.81179,51.08176,57800,258,3056264
2010-02-22,50.90821,51.03355,49.89583,50.78286,142200,676,7419038
2010-02-23,50.60932,50.60932,49.31733,49.65479,83300,359,4302379
2010-02-24,49.46195,49.94404,49.00879,49.2884,99300,347,5075034
2010-02-25,48.97987,49.94404,48.12175,49.89583,106000,535,5385713
2010-02-26,49.54873,50.03082,48.6617,49.84762,54200,289,2776168
2010-03-01,49.95369,50.11759,49.23055,49.23055,132300,420,6821767
2010-03-02,49.82834,49.84762,48.67133,48.97987,171100,559,8688427
2010-03-03,49.41374,50.50326,49.32697,49.65479,57100,353,2947226
2010-03-04,50.01153,50.60932,48.9413,49.45231,117300,505,6037352
2010-03-05,50.37791,50.79251,49.36554,49.36554,93100,394,4807203
2010-03-08,49.80906,49.95369,48.34352,48.63277,97700,518,4957084
2010-03-09,48.4785,49.80906,48.40136,49.78013,208100,1100,10613564
2010-03-10,49.9344,51.60242,49.23055,51.3903,162400,612,8444761
2010-03-11,51.53492,51.63134,50.84072,51.63134,79800,318,4237811
2010-03-12,51.57349,51.57349,50.73466,51.10104,72600,321,3844182
2010-03-15,50.84072,51.48671,50.25257,50.9757,52300,326,2755807
2010-03-16,50.50326,51.38065,50.38755,51.13961,208400,515,10959631
2010-03-17,51.59277,52.15199,50.13688,50.85036,152000,871,7970478
2010-03-18,50.49362,51.36137,49.1727,50.13688,177100,981,9176324
2010-03-19,49.69336,49.94404,48.70026,49.16306,232600,656,11855966
2010-03-22,48.51707,49.1727,48.31459,48.69062,158600,345,8048313
2010-03-23,48.54599,48.89309,48.30494,48.41101,159700,531,8023856
2010-03-24,48.44957,48.5942,48.30494,48.40136,111600,384,5598647
2010-03-25,49.11485,50.15616,47.61075,47.72644,525900,1955,26822138
2010-03-26,47.61075,48.97023,46.59837,47.05153,139800,585,6829775
2010-03-29,47.43719,48.69062,47.29257,48.69062,76300,377,3782644
2010-03-30,49.07629,49.07629,48.37244,49.02808,144400,396,7293695
2010-03-31,49.02808,49.11485,48.31459,48.31459,248800,645,12566623
2010-04-01,49.27876,49.703,47.7843,49.21127,108500,460,5530662
2010-04-05,50.07902,50.07902,49.22091,49.94404,222400,536,11449759
2010-04-06,49.78013,50.06938,49.20163,49.60658,142800,629,7371472
2010-04-07,49.48124,49.89583,49.01844,49.11485,156700,448,8027821
2010-04-08,49.36554,49.67408,48.88345,49.42339,111900,351,5726861
2010-04-09,49.40411,49.67408,49.057,49.26912,285400,595,14580531
2010-04-12,49.11485,49.34625,48.72919,48.72919,98800,312,5010100
2010-04-13,48.80632,49.50052,48.44957,48.44957,128600,456,6495661
2010-04-14,48.69062,49.64515,48.52671,49.1727,71700,372,3650218
2010-04-15,49.18234,49.18234,48.70026,48.99915,101700,447,5159129
2010-04-16,48.97987,48.97987,47.72644,48.50743,216500,471,10829548
2010-04-19,48.51707,48.51707,46.56944,47.24436,213200,1005,10404790
2010-04-20,47.36971,47.36971,46.13556,47.07081,179400,857,8663430
2010-04-22,46.36697,46.52123,45.44136,46.04879,269800,1119,12817031
2010-04-23,46.05843,46.37661,45.73061,46.28019,77600,326,3711650
2010-04-26,46.38625,46.65622,44.74716,44.74716,176900,422,8311494
2010-04-27,45.09426,45.20996,43.38768,44.00475,176400,584,8080524
2010-04-28,44.72787,44.72787,42.74169,43.28162,101500,427,4555563
2010-04-29,43.00201,43.86013,42.76096,43.14664,158100,548,7086008
2010-04-30,42.90559,44.83393,42.85738,44.83393,217600,668,9975689
2010-05-03,45.60527,45.7499,44.18794,45.31602,167700,506,7884422
2010-05-04,45.28709,45.28709,43.0695,43.38768,172000,578,7788741
2010-05-05,43.39732,44.11081,42.85738,43.38768,78200,438,3535999
2010-05-06,43.86013,43.86013,41.65217,42.55849,175000,1073,7773494
2010-05-07,42.43315,42.90559,41.53647,41.66181,132400,654,5773215
2010-05-10,42.51992,43.37804,41.45934,42.90559,98600,383,4364800
2010-05-11,42.90559,43.38768,42.39458,42.39458,250300,817,11118137
2010-05-12,41.18937,42.57777,41.18937,41.98963,176800,646,7715497
2010-05-13,41.98963,43.61908,41.46898,43.61908,206000,791,9170112
2010-05-14,43.38768,44.83393,43.19484,44.73752,92700,337,4248004
2010-05-17,44.35185,45.47029,43.58051,45.47029,95800,414,4418694
2010-05-18,45.50885,46.01986,44.96892,45.31602,145400,571,6850771
2010-05-19,45.30638,46.08736,44.76645,46.08736,136600,621,6446530
2010-05-20,44.76645,45.30638,44.1783,45.16175,165100,854,7668112
2010-05-21,44.50611,45.22925,43.5323,45.1039,104200,640,4829248
2010-05-24,45.08462,45.72097,43.74442,45.31602,220400,649,10338296
2010-05-25,43.77335,45.30638,43.77335,45.30638,120700,593,5597188
2010-05-26,45.30638,47.96749,44.14938,47.96749,555700,1676,27177900
2010-05-27,47.53361,47.79394,47.06117,47.76501,167000,652,8216481
2010-05-28,47.23472,48.49778,46.63693,48.15068,137100,777,6746208
2010-05-31,48.40136,50.04046,48.40136,50.04046,129400,451,6626687
2010-06-01,49.1727,50.59967,48.97023,50.22365,158200,422,8190778
2010-06-02,49.67408,52.16163,49.67408,52.06522,161200,651,8513902
2010-06-04,50.98534,51.24567,49.7512,49.77049,301700,949,15729553
2010-06-07,49.79942,51.66026,48.61348,50.60932,951900,758,48585455
2010-06-08,50.61896,51.00463,50.07902,50.23328,336000,1646,17623039
2010-06-09,50.83108,51.48671,50.11759,50.57075,198700,785,10468326
2010-06-10,50.57075,51.56384,50.22365,51.29388,252800,420,13393811
2010-06-11,50.57075,52.00736,50.57075,51.95916,75300,542,4010128
2010-06-14,51.72776,53.01974,51.64098,53.01974,148400,469,8063288
2010-06-15,53.02939,54.26352,51.64098,53.60789,102200,530,5667906
2010-06-16,53.14508,53.14508,50.13688,50.13688,338100,1667,17944407
2010-06-17,50.12724,50.20436,48.03498,48.5942,286000,1311,14423339
2010-06-18,48.58456,49.71264,47.93856,49.71264,248900,951,12641693
2010-06-21,50.13688,50.59004,47.80358,48.31459,125000,486,6332034
2010-06-22,48.93166,50.89857,48.93166,50.81179,99600,524,5185961
2010-06-23,50.67681,51.48671,49.41374,51.04319,117200,411,6113538
2010-06-24,50.0983,50.60932,49.04736,49.04736,69200,374,3558897
2010-06-25,49.04736,50.57075,49.04736,49.49088,42000,284,2185389
2010-06-28,49.49088,50.11759,48.08319,48.40136,74300,278,3777031
2010-06-29,48.0157,48.69062,46.95511,46.95511,123500,575,6138615
2010-06-30,47.10938,48.44957,47.10938,47.24436,51900,220,2564925
2010-07-01,47.24436,47.84215,45.90417,46.76228,47100,271,2285316
2010-07-02,47.23472,47.65895,46.77192,46.95511,81500,442,3982513
2010-07-05,46.95511,47.19616,45.77882,47.05153,67800,135,3298065
2010-07-06,47.43719,48.68098,46.78156,48.07355,148700,385,7401230
2010-07-07,48.55563,49.51016,47.62039,47.62039,139100,575,6929773
2010-07-08,47.63003,48.20853,46.78156,47.68788,65000,264,3179701
2010-07-12,48.11212,48.11212,46.94547,46.94547,55600,240,2732967
2010-07-13,46.98404,48.54599,46.98404,48.10247,144800,468,7169853
2010-07-14,47.00332,47.69753,46.78156,47.24436,82800,426,4061968
2010-07-15,47.24436,47.69753,46.52123,46.52123,52500,219,2543406
2010-07-16,46.89726,47.45648,45.94273,45.99094,75900,405,3638280
2010-07-19,46.30912,47.45648,46.28019,47.24436,38800,223,1891032
2010-07-20,47.37935,47.91928,46.78156,47.24436,123500,535,6047065
2010-07-21,46.96475,47.70716,46.50195,46.66586,226400,459,11046325
2010-07-22,47.24436,48.5942,47.12866,48.10247,160100,623,7990809
2010-07-23,47.63967,48.52671,47.52398,48.0639,84500,324,4212494
2010-07-26,47.96749,49.3559,47.19616,49.26912,121200,571,6093877
2010-07-27,49.48124,50.61896,48.81596,50.61896,531500,1194,27455640
2010-07-28,51.10104,52.06522,46.28983,46.28983,539300,744,26796184
2010-07-29,46.38625,47.08045,43.34911,43.96618,237600,1043,11012287
2010-07-30,44.0626,45.2196,43.96618,44.54468,392500,1452,18137008
2010-08-02,45.50885,46.15485,44.35185,44.49648,179700,532,8349713
2010-08-03,44.35185,45.02677,44.15902,44.25544,248000,604,11445514
2010-08-04,45.31602,45.31602,43.51302,44.02403,265900,816,12124883
2010-08-05,43.58051,45.4028,43.4841,45.20996,152000,648,6974708
2010-08-06,44.59289,45.32566,44.59289,44.83393,445700,543,20817649
2010-08-09,44.61217,44.8725,43.76371,43.8312,56000,322,2578639
2010-08-10,43.82156,44.1783,42.52957,42.71276,281300,1437,12503367
2010-08-11,42.69348,43.40696,42.55849,43.20449,189800,334,8461960
2010-08-12,43.00201,44.6411,43.00201,44.6411,108600,404,4958282
2010-08-13,45.78847,45.99094,44.83393,44.9882,136200,511,6417282
2010-08-16,44.53505,45.16175,44.02403,45.16175,63300,348,2935223
2010-08-17,45.23888,45.7981,45.23888,45.7981,152300,550,7200234
2010-08-18,45.78847,46.29947,45.43172,46.29947,166800,800,7937556
2010-08-19,46.42482,46.42482,45.07498,45.22925,173300,672,8264950
2010-08-20,45.29674,47.24436,45.13283,46.75264,579500,292,28309269
2010-08-23,46.17413,47.1383,44.84357,46.17413,124700,574,5924659
2010-08-24,44.89179,45.35459,44.21687,44.76645,72800,309,3366266
2010-08-25,44.73752,45.34494,43.58051,44.01439,62300,270,2845487
2010-08-26,43.65765,44.24579,42.90559,43.57087,83500,516,3765750
2010-08-27,44.18794,44.73752,43.4166,44.50611,72000,400,3296851
2010-08-30,43.96618,44.35185,43.19484,43.19484,55500,280,2512085
2010-08-31,43.19484,44.8243,42.41387,42.91523,251700,673,11294911
2010-09-01,43.77335,45.58599,43.37804,45.12318,128100,594,5917220
2010-09-02,44.47719,45.51849,44.47719,45.46064,53700,268,2522244
2010-09-03,46.02951,46.02951,43.98546,44.08188,67600,328,3133224
2010-09-06,45.26781,45.26781,43.52267,45.02677,27400,94,1260983
2010-09-08,44.34221,45.11355,43.62872,45.11355,144300,452,6625051
2010-09-09,45.11355,45.78847,44.08188,45.78847,77600,218,3624294
2010-09-10,45.60527,45.9138,44.89179,45.7981,51400,179,2429435
2010-09-13,45.96201,46.28019,45.66312,46.23198,71100,390,3398442
2010-09-14,46.16449,46.40553,45.62455,46.08736,121600,459,5782448
2010-09-15,46.13556,46.13556,44.7568,45.62455,125500,699,5895877
2010-09-16,44.79537,45.26781,44.46755,44.83393,111000,431,5156300
2010-09-17,44.45791,44.97856,44.01439,44.51575,107100,430,4943156
2010-09-20,44.5254,44.92071,44.12045,44.49648,107500,511,4963069
2010-09-21,44.59289,44.59289,44.01439,44.01439,64500,437,2956424
2010-09-22,44.38078,44.84357,44.0626,44.84357,193700,1046,8917711
2010-09-23,44.40006,45.7981,44.27471,45.7981,244400,1642,11404236
2010-09-24,45.75954,45.75954,44.54468,45.12318,124800,773,5828464
2010-09-27,45.9813,45.9813,44.07224,44.58326,70600,425,3259243
2010-09-28,44.91107,44.91107,43.5323,43.54195,155600,754,7094486
2010-09-29,43.96618,44.02403,43.19484,43.43589,253300,875,11418633
2010-09-30,43.80227,43.80227,43.19484,43.29126,111600,523,5018901
2010-10-01,43.52267,43.58051,43.09843,43.19484,71600,373,3217925
2010-10-04,43.38768,43.38768,43.15628,43.27198,30500,169,1368962
2010-10-05,43.37804,44.73752,43.37804,44.73752,167200,760,7647961
2010-10-06,44.66038,45.08462,44.35185,44.81465,106700,537,4963704
2010-10-07,44.43863,45.13283,44.11081,44.83393,108100,650,5001014
2010-10-08,44.40006,45.12318,44.24579,44.6411,105600,452,4882924
2010-10-11,44.8243,45.67276,44.46755,45.58599,90600,415,4276602
2010-10-13,45.59563,46.73335,44.93999,46.73335,176100,920,8352125
2010-10-14,46.64658,47.34077,45.85596,47.34077,91700,587,4459311
2010-10-15,47.52398,47.67824,46.64658,46.94547,53800,244,2621179
2010-10-18,47.3215,47.3215,46.18378,46.9069,63400,364,3072298
2010-10-19,45.68241,46.76228,45.68241,46.76228,100500,567,4825599
2010-10-20,46.76228,47.24436,45.48957,47.24436,74000,248,3598547
2010-10-21,47.24436,47.24436,46.29947,46.85869,56100,341,2730480
2010-10-22,47.23472,47.23472,45.93309,46.097,50800,396,2435393
2010-10-25,46.097,46.57909,45.65348,46.56944,53400,188,2568053
2010-10-26,46.48267,47.24436,46.34768,47.24436,51800,350,2514830
2010-10-27,46.28019,47.44683,46.28019,46.95511,55200,241,2691905
2010-10-28,47.53361,47.53361,46.57909,46.77192,54700,243,2666744
2010-10-29,47.23472,47.52398,46.38625,46.48267,93400,435,4543816
2010-11-01,47.09974,47.38898,46.63693,47.37935,75100,302,3674357
2010-11-03,47.23472,47.81322,46.69479,47.63003,102900,551,5042388
2010-11-04,47.82286,47.82286,47.24436,47.53361,34700,226,1709974
2010-11-05,47.34077,48.40136,47.09974,47.58182,131700,566,6540179
2010-11-08,47.24436,48.19889,47.10938,47.82286,39000,261,1927470
2010-11-09,48.38208,48.40136,47.44683,48.0157,64100,375,3182014
2010-11-10,47.27328,48.39173,47.27328,48.19889,125200,308,6240002
2010-11-11,47.72644,48.18925,47.36006,48.10247,93800,466,4644799
2010-11-12,47.67824,48.34352,47.27328,47.90964,195800,381,9712591
2010-11-16,46.82013,46.9069,46.28019,46.61765,133500,805,6445523
2010-11-17,46.40553,47.34077,45.94273,47.14795,41700,291,2015489
2010-11-18,47.72644,47.72644,46.61765,47.27328,62500,422,3059029
2010-11-19,47.42756,47.42756,46.45374,47.04189,51000,354,2478583
2010-11-22,46.28019,46.74299,45.7981,45.84631,203100,477,9761000
2010-11-23,45.60527,45.60527,44.73752,44.93035,85800,450,4012885
2010-11-24,45.32566,47.23472,45.09426,47.19616,126200,757,6009811
2010-11-25,47.14795,47.14795,45.99094,46.39589,20300,144,981899
2010-11-26,46.07772,46.64658,45.47029,45.50885,67800,456,3237586
2010-11-29,45.46064,46.17413,44.7568,45.99094,604900,680,28687374
2010-11-30,45.9813,46.28019,44.9882,46.28019,266600,757,12589415
2010-12-01,46.76228,47.00332,44.99784,46.76228,195200,946,9431981
2010-12-02,46.38625,46.85869,45.7981,46.28019,99100,566,4759989
2010-12-03,46.24162,46.73335,45.80775,46.3284,113700,510,5461327
2010-12-06,46.28019,46.28019,45.62455,45.89452,79200,378,3776258
2010-12-07,46.65622,46.65622,45.52814,45.7981,99500,458,4729932
2010-12-08,46.04879,46.04879,44.83393,44.83393,126100,814,5908443
2010-12-09,44.73752,45.29674,44.59289,44.83393,109900,685,5124332
2010-12-10,44.97856,45.31602,44.47719,45.31602,89500,497,4153759
2010-12-13,45.55706,45.74025,44.81465,45.14247,65000,467,3045497
2010-12-14,45.14247,45.14247,44.43863,44.55433,94400,562,4374039
2010-12-15,44.55433,44.99784,44.01439,44.44827,511100,1083,23553869
2010-12-16,44.44827,44.72787,44.01439,44.6411,219100,440,10100048
2010-12-17,44.99784,45.12318,44.35185,44.6893,151600,601,7027380
2010-12-20,44.6893,44.92071,43.97583,44.92071,91900,439,4237883
2010-12-21,44.92071,46.54052,44.92071,46.41518,81800,425,3867352
2010-12-22,46.46629,46.46629,45.49456,46.41722,137800,459,6454220
2010-12-23,46.41722,46.56445,45.55346,46.4761,89200,398,4201068
2010-12-27,45.96571,46.45648,45.49456,45.62217,67200,168,3131266
2010-12-28,46.01478,46.1522,45.43567,46.01478,135500,291,6305402
2010-12-29,46.03441,46.37795,45.6418,45.8381,136500,237,6381005
2010-12-30,46.23072,48.00732,45.90681,46.87854,215600,364,10235717
2011-01-03,46.87854,47.83064,46.2798,47.29079,76900,424,3690942
2011-01-04,47.60489,48.04658,46.44666,47.6147,109400,449,5290852
2011-01-05,47.28097,49.15572,47.28097,48.47846,107300,544,5291306
2011-01-06,48.47846,48.87107,47.6147,48.29197,144600,756,7096945
2011-01-07,48.09566,48.15455,47.09448,47.50673,79900,387,3877251
2011-01-10,47.14356,48.08584,47.03559,47.44783,70600,278,3438026
2011-01-11,47.78156,48.08584,47.20245,47.98769,80300,403,3896205
2011-01-12,48.08584,48.49809,47.82083,48.49809,89700,409,4398045
2011-01-13,48.47846,49.56797,47.96805,49.56797,135600,492,6767522
2011-01-14,49.2048,49.74465,48.14473,49.73483,93600,522,4707463
2011-01-17,49.65631,49.66613,48.35085,49.66613,116300,421,5840275
2011-01-18,48.92997,49.71521,48.92997,49.18517,85700,561,4308422
2011-01-19,49.66613,49.68576,48.58643,48.58643,67700,292,3398474
2011-01-20,48.33123,49.22443,48.33123,48.68458,89500,299,4446761
2011-01-21,48.39012,49.85262,48.39012,49.37166,166700,389,8385759
2011-01-24,49.23425,49.91151,49.23425,49.71521,83500,330,4218847
2011-01-26,48.85144,49.60723,48.85144,49.49926,97600,544,4903758
2011-01-27,49.08701,50.39247,49.08701,49.71521,69800,412,3538580
2011-01-28,49.62687,49.96059,48.92997,49.46982,191600,656,9664208
2011-01-31,49.11646,49.5876,48.85144,49.43056,81100,463,4073458
2011-02-01,49.37166,49.37166,48.10547,49.0772,238600,874,11812464
2011-02-02,48.58643,48.78274,48.21344,48.23307,130400,697,6437033
2011-02-03,48.00732,48.97905,47.82083,48.97905,49400,290,2435692
2011-02-04,48.49809,48.96923,48.10547,48.68458,98600,513,4869597
2011-02-07,48.19381,49.79372,48.19381,49.27351,145100,449,7276838
2011-02-08,48.83181,49.9017,48.83181,49.59742,70900,367,3575198
2011-02-09,49.09683,49.45019,48.35085,48.43919,230000,660,11460275
2011-02-10,48.42938,49.42074,48.32141,48.58643,85500,514,4242429
2011-02-11,48.91034,49.41092,48.32141,49.0772,454600,518,22736100
2011-02-14,48.88089,48.92015,47.79138,47.79138,74300,530,3667595
2011-02-15,47.68341,48.93979,47.6147,48.5668,121300,425,5984790
2011-02-16,48.5668,50.03911,48.39012,49.12627,177200,1054,8942080
2011-02-17,49.99004,50.0293,48.6944,48.70421,56100,267,2803422
2011-02-18,48.88089,49.72502,48.70421,49.66613,122800,307,6193893
2011-02-21,49.0772,50.05874,47.96805,50.05874,37700,204,1894112
2011-02-22,50.05165,50.63239,48.72285,48.72285,77200,315,3895349
2011-02-23,48.78191,49.68747,48.73269,49.215,237000,492,11883112
2011-02-24,49.17563,49.70715,47.90588,48.63426,137000,361,6743068
2011-02-25,48.42756,48.94924,47.68933,47.68933,85700,405,4190717
2011-02-28,47.00032,48.2996,47.00032,47.53185,119400,403,5801147
2011-03-01,47.27593,47.77792,46.99049,47.33499,64700,403,3117556
2011-03-02,47.35468,48.2996,47.2464,47.34483,130500,455,6333996
2011-03-03,47.64012,48.61458,47.49248,48.34882,186500,357,9144312
2011-03-04,48.34882,48.8016,47.30546,47.4531,87600,334,4231335
2011-03-09,47.44326,48.28976,47.40389,47.73855,146400,388,7080377
2011-03-10,47.37436,47.77792,46.78378,46.78378,113100,509,5442210
2011-03-11,46.78378,47.82714,46.78378,47.50232,168800,688,8127449
2011-03-14,47.41373,48.024,47.14797,47.4531,108500,562,5239021
2011-03-15,46.78378,48.2307,46.66566,48.2307,69000,362,3343809
2011-03-16,48.70316,48.70316,46.51802,47.14797,120700,480,5775869
2011-03-17,48.20117,48.20117,46.9019,47.73855,137000,391,6638915
2011-03-18,48.11259,48.68348,48.024,48.33897,117100,538,5750786
2011-03-21,49.1461,49.9926,48.49646,49.75637,217600,704,10983983
2011-03-22,49.51029,50.18946,49.37249,50.05165,250000,545,12685736
2011-03-23,49.39217,51.03595,49.39217,50.10087,144800,398,7373090
2011-03-24,50.03197,51.4592,49.81543,51.42968,98600,408,5100019
2011-03-25,51.67575,53.33922,51.5281,53.1522,237300,696,12718006
2011-03-28,53.0833,53.78215,51.69544,52.85691,210100,768,11315400
2011-03-29,53.20142,54.40226,52.51241,54.33336,268900,541,14655783
2011-03-30,54.81567,55.61295,54.15619,54.15619,274600,731,15309756
2011-03-31,53.17189,55.56374,53.17189,54.57944,185200,657,10257523
2011-04-01,54.87473,56.66615,54.28415,56.1051,181900,714,10317676
2011-04-04,56.29212,58.41821,56.25275,57.12877,775700,1668,45310513
2011-04-05,57.12877,58.06386,56.60709,58.04417,271700,1005,15840936
2011-04-06,58.55601,58.55601,57.30595,58.0737,252200,694,14869138
2011-04-07,57.73904,58.40836,57.28626,57.67998,130400,614,7664379
2011-04-08,57.45359,57.97527,56.11494,57.63076,254000,799,14823898
2011-04-11,57.38469,57.91621,56.50866,57.05987,127000,495,7401802
2011-04-12,56.8827,57.23705,55.99683,56.48898,103400,662,5961045
2011-04-13,56.69568,57.31579,55.86887,55.8984,86400,578,4991223
2011-04-14,55.72123,58.86114,55.72123,58.86114,214700,785,12643003
2011-04-15,59.00879,59.06784,58.36899,59.04816,221700,726,13258946
2011-04-18,59.04816,59.59937,58.23119,59.058,92500,391,5544942
2011-04-19,59.54031,59.7667,58.6446,59.20565,76400,447,4597370
2011-04-20,59.29424,59.82575,56.14447,56.20353,173800,598,10061535
2011-04-25,56.12479,58.27056,55.52436,56.15432,58500,452,3373468
2011-04-26,56.28228,58.26072,55.83934,57.37485,221900,929,12930567
2011-04-27,57.59139,58.03433,55.86887,56.1051,133200,695,7653690
2011-04-28,55.90824,56.30196,54.24477,54.38258,210000,737,11669735
2011-04-29,53.49,55.25,53.21,54.5,244900,539,13346126
2011-05-02,53.9,54.88,53.67,53.75,154000,505,8317513
2011-05-03,53.51,54.51,53.5,53.75,98200,484,5297222
2011-05-04,53.92,55.26,53.92,54.9,229100,653,12561620
2011-05-05,54.83,55.72,54.72,54.95,181000,458,10003131
2011-05-06,55.86,55.86,54.36,54.75,75400,467,4124868
2011-05-09,55.19,55.19,54.25,55.03,71100,465,3896213
2011-05-10,55.0,55.28,54.37,54.85,66700,306,3655558
2011-05-11,54.5,55.15,53.82,53.91,147600,402,7980615
2011-05-12,54.02,55.04,53.7,54.0,74400,461,4027974
2011-05-13,53.86,54.49,52.6,53.31,95800,431,5125800
2011-05-16,53.2,54.62,52.87,54.0,79000,580,4267760
2011-05-17,53.57,54.88,53.14,54.24,77000,484,4165253
2011-05-18,54.73,54.85,53.81,54.25,120400,609,6538053
2011-05-19,54.24,55.3,54.24,55.01,67300,450,3695626
2011-05-20,55.08,55.81,55.08,55.4,210700,1009,11702840
2011-05-23,55.4,56.0,54.75,55.12,49900,330,2764539
2011-05-24,58.99,61.66,58.1,60.7,662400,1303,40320077
2011-05-25,60.13,60.13,58.11,58.41,116500,426,6877610
2011-05-26,58.99,58.99,57.73,58.38,208800,628,12197901
2011-05-27,58.23,59.0,57.81,58.12,21600,147,1257415
2011-05-30,57.45,58.98,57.45,57.71,32600,131,1887406
2011-05-31,58.4,59.05,57.6,58.6,280400,729,16307169
2011-06-01,58.59,58.6,56.29,56.29,72500,521,4147075
2011-06-02,56.0,57.79,56.0,56.6,64100,424,3648419
2011-06-03,56.9,57.95,56.79,57.25,105800,369,6061014
2011-06-06,57.25,57.59,55.27,55.3,77200,296,4372535
2011-06-07,55.96,56.48,54.51,55.0,190800,668,10498123
2011-06-08,55.14,55.64,54.23,54.4,160800,332,8787688
2011-06-09,54.82,55.36,54.24,54.31,27300,155,1488220
2011-06-10,54.3,55.85,53.51,53.89,234600,523,12696359
2011-06-13,54.33,54.35,52.79,52.82,104400,395,5580838
2011-06-14,53.0,53.9,51.91,53.09,40000,137,2125293
2011-06-15,53.08,53.08,51.52,51.52,118900,446,6206260
2011-06-16,51.93,52.23,50.38,51.0,37100,176,1900304
2011-06-17,50.93,52.85,49.8,52.85,206500,740,10609916
2011-06-20,52.92,52.92,51.52,52.59,101700,332,5299277
2011-06-21,52.69,52.69,51.41,52.2,34200,172,1782027
2011-06-22,52.29,52.29,50.71,51.5,83300,351,4276035
2011-06-24,51.57,52.0,50.56,51.6,43100,276,2204737
2011-06-27,51.53,51.53,50.96,51.17,40200,249,2061871
2011-06-28,51.3,51.61,50.46,50.85,83700,466,4260440
2011-06-29,51.3,51.45,50.12,51.33,35500,183,1808348
2011-06-30,51.55,51.9,50.6,51.9,68200,285,3494745
2011-07-01,52.02,52.97,51.23,51.5,81900,330,4251403
2011-07-04,50.88,52.28,50.88,51.41,15800,90,811876
2011-07-05,51.41,51.77,50.39,50.39,22400,143,1137996
2011-07-06,50.26,51.09,49.85,50.99,52500,198,2652707
2011-07-07,51.2,51.2,50.37,50.5,46000,249,2336523
2011-07-08,49.87,50.1,48.65,48.65,49700,293,2453236
2011-07-11,48.1,48.45,47.01,47.55,168300,792,7994900
2011-07-12,47.53,47.53,46.01,46.2,113900,469,5355560
2011-07-13,46.28,47.42,46.28,46.69,96700,411,4538945
2011-07-14,46.95,46.95,45.0,45.25,72400,484,3292156
2011-07-15,44.99,45.99,44.71,45.99,85400,350,3891952
2011-07-18,45.75,47.42,45.5,46.4,40800,263,1899176
2011-07-19,46.28,46.45,44.81,44.9,82800,361,3749208
2011-07-20,45.0,45.64,44.53,44.74,35100,212,1577737
2011-07-21,45.0,47.16,44.7,46.12,50800,431,2355767
2011-07-22,45.75,46.11,44.45,44.5,35000,172,1573238
2011-07-25,44.25,45.96,44.25,45.96,30900,138,1402092
2011-07-26,46.05,46.15,44.85,45.49,39400,230,1790523
2011-07-27,44.81,45.86,44.0,45.1,57400,396,2589553
2011-07-28,43.0,44.94,43.0,44.2,56000,289,2464576
2011-07-29,44.18,44.89,43.72,44.75,117900,554,5250400
2011-08-01,44.75,46.52,44.74,45.5,74000,470,3384481
2011-08-02,45.38,45.79,44.7,45.0,37700,266,1703099
2011-08-03,44.66,44.95,43.72,43.75,29800,235,1316925
2011-08-04,43.57,44.94,40.39,42.0,81500,562,3422001
2011-08-05,42.0,44.3,41.32,43.4,166000,945,7129303
2011-08-08,42.84,42.84,40.53,41.55,188000,1194,7845674
2011-08-09,41.6,42.51,41.49,42.37,113900,706,4747805
2011-08-10,42.5,43.06,40.63,42.85,83600,603,3500154
2011-08-11,43.27,44.45,41.64,43.0,71800,399,3117790
2011-08-12,43.09,43.63,42.02,43.1,77100,492,3321943
2011-08-15,43.7,44.64,43.11,44.31,57300,275,2540741
2011-08-16,44.24,46.21,43.98,45.0,53100,381,2407652
2011-08-17,45.54,45.99,44.31,45.77,130700,906,5918959
2011-08-18,45.7,47.11,45.0,46.0,170100,653,7772270
2011-08-19,45.72,46.66,45.11,45.3,86800,266,3958026
2011-08-22,45.45,45.46,42.51,42.51,65700,254,2910837
2011-08-23,42.6,46.97,42.41,46.0,79200,544,3526825
2011-08-24,45.99,46.24,44.3,45.65,83700,491,3816897
2011-08-25,45.77,45.77,42.01,43.98,59200,409,2576185
2011-08-26,43.95,44.26,42.44,43.38,42500,269,1840191
2011-08-29,43.6,45.19,42.71,44.5,44700,289,1965230
2011-08-30,43.85,45.29,43.31,44.9,53900,389,2386502
2011-08-31,44.9,45.59,43.89,45.59,143100,506,6453480
2011-09-01,45.66,46.94,45.19,46.7,58600,429,2715648
2011-09-02,46.7,46.7,44.12,44.43,168500,429,7510329
2011-09-05,44.39,44.7,43.21,43.21,70000,378,3059503
2011-09-06,42.98,44.5,42.25,44.1,120700,488,5268512
2011-09-08,45.0,45.0,42.67,44.05,94700,503,4156464
2011-09-09,43.72,43.89,41.93,41.93,55000,355,2339187
2011-09-12,41.78,42.84,40.63,42.84,69800,419,2918043
2011-09-13,42.34,43.2,41.78,42.04,57500,279,2439402
2011-09-14,42.04,43.54,41.4,42.58,49400,357,2098466
2011-09-15,42.47,43.3,41.95,41.95,35800,256,1512024
2011-09-16,41.95,44.0,41.5,44.0,78500,441,3390189
2011-09-19,43.6,44.71,42.03,44.1,60300,435,2625268
2011-09-20,44.09,44.46,42.13,42.19,47900,291,2054874
2011-09-21,42.59,44.28,42.39,42.96,44100,369,1912434
2011-09-22,42.01,42.59,40.22,40.3,93300,668,3824546
2011-09-23,40.3,40.98,39.19,39.25,205900,949,8148942
2011-09-26,39.45,40.0,38.71,39.5,140300,656,5508757
2011-09-27,39.61,41.35,39.12,39.12,41500,292,1668034
2011-09-28,39.71,40.99,38.8,38.88,48100,316,1911265
2011-09-29,39.03,39.98,38.61,38.61,59200,357,2325216
2011-09-30,38.82,39.3,38.5,38.7,64200,405,2482391
2011-10-03,38.25,39.47,37.48,37.48,61400,423,2344191
2011-10-04,37.38,38.07,35.15,35.54,103300,545,3729087
2011-10-05,35.3,36.67,35.06,36.44,79300,515,2849219
2011-10-06,37.32,38.86,37.04,38.13,56300,301,2150578
2011-10-07,38.21,38.56,35.93,36.18,60300,419,2225721
2011-10-10,36.51,38.24,36.08,38.11,42100,319,1581070
2011-10-11,38.07,39.45,37.31,37.65,46000,325,1749761
2011-10-13,38.0,38.45,36.82,37.36,76100,642,2844002
2011-10-14,37.26,38.15,36.15,36.97,38100,279,1416875
2011-10-17,36.66,38.75,36.66,38.34,53700,330,2031170
2011-10-18,38.72,42.06,38.35,42.06,52000,335,2126843
2011-10-19,42.06,43.0,40.72,41.87,66100,429,2763352
2011-10-20,41.45,42.2,40.7,41.81,49300,382,2038813
2011-10-21,42.8,42.86,42.1,42.34,75600,417,3201223
2011-10-24,42.98,43.83,42.64,43.67,101500,421,4385928
2011-10-25,42.86,44.8,42.86,44.44,116600,737,5142362
2011-10-26,45.23,45.8,44.17,45.5,112200,482,5087783
2011-10-27,46.0,47.99,45.29,47.9,131400,651,6107900
2011-10-28,47.41,47.41,45.81,46.0,81000,375,3742701
2011-10-31,45.42,47.89,45.11,46.95,87300,614,4072124
2011-11-01,44.5,49.8,44.5,49.8,95600,518,4497690
2011-11-03,50.38,51.0,48.86,51.0,127800,574,6439427
2011-11-04,50.6,51.66,48.36,51.0,58500,398,2948476
2011-11-07,51.64,54.03,50.65,54.03,52200,264,2769890
2011-11-08,53.86,59.59,53.16,59.59,83400,346,4745379
2011-11-09,59.0,59.49,56.61,56.76,182800,651,10612672
2011-11-10,57.99,57.99,54.64,54.65,158400,680,8811208
2011-11-11,55.07,55.87,55.0,55.2,95600,366,5294767
2011-11-14,55.3,55.77,54.0,54.0,82600,294,4506299
2011-11-16,52.8,53.99,50.15,50.15,180500,654,9334509
2011-11-17,48.77,48.99,46.75,46.75,109000,601,5224596
2011-11-18,46.29,47.0,45.63,46.8,56700,270,2643460
2011-11-21,46.99,48.0,45.8,47.78,63400,327,3005114
2011-11-22,47.8,47.85,43.0,43.0,194500,534,8863663
2011-11-23,43.12,43.98,40.89,40.89,176800,505,7401363
2011-11-24,42.3,42.3,40.53,40.69,83400,267,3418141
2011-11-25,40.69,41.99,40.1,40.1,127500,297,5259174
2011-11-28,41.01,42.47,40.65,41.5,80300,382,3314946
2011-11-29,41.07,42.3,41.07,41.4,79000,244,3297225
2011-11-30,42.5,44.26,41.42,43.0,184700,658,7938992
2011-12-01,43.9,44.79,43.5,44.0,95700,326,4215597
2011-12-02,44.16,45.0,43.05,45.0,148200,415,6552486
2011-12-05,45.69,48.3,45.19,47.0,99100,372,4604507
2011-12-06,47.0,51.96,47.0,51.96,126900,547,6347910
2011-12-07,52.26,53.99,48.9,50.7,81000,371,4144858
2011-12-08,51.72,51.72,48.4,50.35,106500,539,5256454
2011-12-09,51.5,51.5,49.32,49.5,146300,618,7315872
2011-12-12,50.95,50.95,48.48,49.93,64800,445,3221610
2011-12-13,50.31,50.32,49.0,50.0,78300,401,3904081
2011-12-14,50.38,50.39,48.42,48.42,125500,913,6195754
2011-12-15,48.6,49.94,48.35,48.95,65400,335,3204480
2011-12-16,49.5,49.5,47.87,48.0,43000,148,2079884
2011-12-19,47.85,48.0,45.03,45.18,52300,237,2421703
2011-12-20,46.0,46.0,43.66,43.84,76700,302,3371485
2011-12-21,43.27,45.99,43.27,43.95,32400,163,1423396
2011-12-22,43.86,47.98,43.86,46.9,74300,361,3427592
2011-12-23,47.29,47.47,46.04,46.4,145500,383,6816389
2011-12-26,46.2,46.89,45.17,46.0,14500,85,665015
2011-12-27,45.9,46.99,45.58,46.99,48500,179,2257781
2011-12-28,46.74,47.36,45.1,45.9,35200,247,1623667
2011-12-29,45.8,46.0,44.07,44.78,55000,244,2472847
2012-01-02,44.01,46.96,43.4,46.88,71700,341,3172663
2012-01-03,46.86,51.03,46.17,50.99,79800,531,3970889
2012-01-04,50.97,51.3,48.8,50.02,77400,504,3882188
2012-01-05,49.35,50.3,47.95,50.0,69400,292,3431835
2012-01-06,49.0,50.25,48.36,49.49,30700,212,1517121
2012-01-09,50.05,50.06,48.8,49.7,53800,332,2664804
2012-01-10,50.46,50.49,49.65,50.0,44100,288,2204750
2012-01-11,49.67,50.4,49.06,49.8,46000,244,2283804
2012-01-12,49.5,50.18,49.33,49.99,34200,220,1704007
2012-01-13,49.8,50.0,48.6,50.0,32200,197,1595736
2012-01-16,49.99,49.99,49.24,49.62,7700,52,381658
2012-01-17,49.31,50.66,49.31,50.0,26100,142,1300616
2012-01-18,50.43,50.94,49.75,50.0,148000,675,7431004
2012-01-19,50.0,50.89,49.1,49.48,39300,201,1951966
2012-01-20,49.48,49.53,49.15,49.15,30900,188,1523959
2012-01-23,48.8,49.57,47.93,47.93,20200,166,986606
2012-01-24,47.97,48.88,47.27,47.27,41200,207,1972485
2012-01-26,48.67,48.67,45.29,45.29,93700,513,4301928
2012-01-27,45.45,46.13,44.66,44.66,107600,389,4842565
2012-01-30,44.5,44.94,43.9,44.42,46100,355,2046386
2012-01-31,45.06,45.06,43.58,45.0,131800,561,5883345
2012-02-01,44.88,44.99,43.9,43.9,79100,420,3515175
2012-02-02,43.9,44.55,42.96,43.04,86000,383,3727020
2012-02-03,42.95,43.63,42.15,42.9,137100,650,5873588
2012-02-06,42.99,42.99,42.28,42.33,39400,196,1675076
2012-02-07,42.36,43.13,41.11,41.5,66300,407,2786516
2012-02-08,41.7,41.9,41.3,41.5,47700,305,1986789
2012-02-09,41.53,42.7,41.53,41.7,105900,485,4448684
2012-02-10,41.69,41.99,41.41,41.5,74800,401,3117182
2012-02-13,42.59,42.59,41.8,41.85,37100,206,1563525
2012-02-14,42.36,42.4,40.99,41.25,41300,201,1706353
2012-02-15,41.98,42.23,41.39,41.89,116400,531,4876755
2012-02-16,41.41,42.39,41.41,42.0,126400,271,5325454
2012-02-17,42.2,42.2,41.72,41.77,63700,202,2667132
2012-02-22,41.98,41.99,40.54,40.74,75100,207,3095210
2012-02-23,40.5,42.11,40.2,41.36,117000,509,4802286
2012-02-24,42.02,43.19,42.02,42.17,170400,573,7258482
2012-02-27,42.18,42.78,41.22,41.22,45600,214,1904646
2012-02-28,41.13,42.09,41.13,42.03,55300,338,2311331
2012-02-29,41.92,43.68,41.92,43.01,122300,595,5252743
2012-03-01,43.69,43.88,42.7,43.21,60900,315,2646054
2012-03-02,43.41,45.0,43.41,45.0,70100,371,3120931
2012-03-05,44.9,44.99,43.64,43.94,40600,257,1784786
2012-03-06,43.65,43.77,43.01,43.42,76400,344,3319936
2012-03-07,43.43,44.93,43.43,44.71,71800,507,3188688
2012-03-08,45.24,45.97,44.56,44.7,73700,515,3344817
2012-03-09,44.23,44.79,43.85,43.93,30600,183,1352791
2012-03-12,43.75,43.75,42.77,42.77,31900,213,1372407
2012-03-13,43.36,43.65,42.75,43.49,87700,491,3802906
2012-03-14,43.27,43.84,42.01,42.4,84700,461,3617750
2012-03-15,42.4,42.53,41.45,41.58,77100,422,3211555
2012-03-16,41.13,43.48,41.13,43.48,135700,520,5756245
2012-03-19,43.3,44.38,42.61,43.87,76300,314,3343430
2012-03-20,43.0,43.8,43.0,43.79,54000,294,2347771
2012-03-21,43.3,45.25,43.3,44.88,106400,594,4762867
2012-03-22,45.02,45.44,44.45,45.0,54600,247,2455235
2012-03-23,45.28,46.6,45.17,46.2,89500,477,4123772
2012-03-26,46.2,47.8,46.2,47.4,114700,528,5394377
2012-03-27,47.5,47.7,46.54,46.59,84300,413,3962442
2012-03-28,46.39,46.39,44.99,46.25,109200,335,4990193
2012-03-29,45.59,47.29,45.52,47.18,91200,443,4233750
2012-03-30,47.6,48.19,47.25,47.91,249800,977,11932676
2012-04-02,47.87,48.03,45.26,45.95,145100,616,6767295
2012-04-03,45.9,46.25,44.29,45.03,171300,338,7735349
2012-04-04,45.03,45.52,43.2,43.23,96100,443,4186148
2012-04-05,42.54,43.69,41.8,42.67,184500,344,7870301
