Date,Open,High,Low,Close,Volume,Neg,Fin
2010-01-04,32.42996,33.0435,32.21083,33.0435,449400,870,16807826
2010-01-05,33.2188,33.28015,32.56143,32.77179,425800,1386,15982590
2010-01-06,33.03473,33.22756,32.62279,32.94709,1007000,2842,37777481
2010-01-07,32.95585,32.95585,32.48255,32.57896,472900,1397,17650730
2010-01-08,32.5176,32.78055,32.26342,32.60526,384300,1238,14285539
2010-01-11,32.8945,33.23632,32.21083,32.42996,419000,1249,15505805
2010-01-12,32.15825,32.28096,31.60606,31.90407,791600,1745,28750037
2010-01-13,32.20207,32.20207,31.46583,31.86024,728200,1766,26324295
2010-01-14,31.55347,32.03554,31.37817,32.03554,527700,1472,19158004
2010-01-15,31.55347,31.55347,30.41404,30.72081,1648600,2802,57964074
2010-01-18,30.79093,31.0977,30.15986,30.17739,899800,2301,31384908
2010-01-19,29.94074,30.41404,29.59014,29.59014,1186800,2695,40485773
2010-01-20,29.37102,29.61644,28.10888,28.5296,2093800,4624,68351182
2010-01-21,28.57342,28.74872,27.58299,28.17901,1072100,2911,34505869
2010-01-22,28.17901,28.92402,28.04753,28.92402,1581500,3204,51552069
2010-01-26,29.05549,29.25708,28.43318,29.09931,800200,1695,26434976
2010-01-27,28.97661,29.18696,28.5296,29.18696,838400,1734,27600321
2010-01-28,29.26585,29.98456,28.98537,29.98456,1357600,3019,45719341
2010-01-29,29.8005,30.09851,29.31844,29.44991,1043400,2068,35338370
2010-02-01,29.59014,29.83556,29.02043,29.79174,551700,1148,18638921
2010-02-02,29.84433,29.88815,28.75749,29.01166,1079800,1823,35881315
2010-02-03,28.88019,29.53756,28.88019,29.09931,850800,1634,28333915
2010-02-04,28.91525,28.91525,27.60929,27.87223,1517400,2238,48729485
2010-02-05,27.86347,27.86347,27.17105,27.34634,1158500,2374,36226148
2010-02-08,27.67941,28.01247,27.34634,27.83717,1064800,2520,33776852
2010-02-09,28.23159,29.09931,28.02124,28.91525,907000,2525,29664997
2010-02-10,29.08178,29.23079,28.25789,28.51207,877500,2030,28701907
2010-02-11,28.66983,28.91525,28.31924,28.66983,557800,1303,18232630
2010-02-12,28.74872,29.02043,28.34554,28.61725,521000,1195,17091504
2010-02-17,28.73119,28.73119,27.95112,28.30171,1055600,3095,34007344
2010-02-18,28.08259,28.24912,27.89853,27.95988,483800,1209,15462894
2010-02-19,27.96865,28.31924,27.74076,27.96865,446900,1298,14313227
2010-02-22,28.14395,28.38936,27.88976,28.12642,655300,1866,21039687
2010-02-23,27.92482,28.17901,27.13599,27.32005,1462100,1991,45648252
2010-02-24,27.34634,27.60052,26.93439,27.60052,692700,1580,21652569
2010-02-25,27.20611,27.60052,26.81169,27.57423,725000,1574,22511244
2010-02-26,27.3814,27.65311,27.0834,27.43399,675500,1528,21035961
2010-03-01,27.60929,27.71447,27.22363,27.32881,666200,1371,20849555
2010-03-02,27.35511,27.47782,27.03957,27.03957,727700,1526,22548968
2010-03-03,27.15352,27.67064,26.94316,27.47782,782100,1782,24495570
2010-03-04,27.58299,27.67064,26.80292,27.00451,1050900,1906,32413307
2010-03-05,27.17105,27.25869,26.89057,27.0834,797900,1805,24637715
2010-03-08,27.16228,27.25869,26.82922,27.0834,828800,1621,25612970
2010-03-09,27.11846,27.90729,26.92563,27.76706,1156600,2715,36326996
2010-03-10,27.95988,29.12561,27.94235,29.01166,1561000,4211,50856015
2010-03-11,29.01166,29.08178,28.66107,28.83637,603000,1197,19882098
2010-03-12,29.09931,29.1782,28.75749,29.04672,571300,1557,18912398
2010-03-15,29.27461,29.6252,29.05549,29.31844,718100,1658,23931797
2010-03-16,29.08178,29.53756,29.08178,29.53756,989700,1933,33073092
2010-03-17,29.71286,29.71286,29.30091,29.61644,909300,2610,30535842
2010-03-18,29.4762,29.88815,29.22202,29.44991,768900,1526,25940533
2010-03-19,29.3272,29.6515,28.48577,28.74872,942300,1850,31061916
2010-03-22,28.29295,28.99414,28.13518,28.57342,621400,1200,20278555
2010-03-23,28.62601,28.64354,27.44276,27.92482,2158400,2543,68533271
2010-03-24,27.65311,28.00371,27.44276,27.95988,1747100,2500,55269871
2010-03-25,27.96865,27.96865,27.44276,27.45152,1451800,2420,45881046
2010-03-26,27.43399,27.67941,27.02204,27.34634,457200,1290,14224709
2010-03-29,27.4077,27.74076,27.17981,27.67064,481400,1384,15142185
2010-03-30,27.78459,27.78459,27.47782,27.69694,668000,1418,21043122
2010-03-31,27.69694,27.81964,27.29375,27.61805,1009600,2344,31750588
2010-04-01,27.66188,27.81964,27.17105,27.2324,858200,2441,26826289
2010-04-05,27.43399,27.86347,27.31128,27.732,1360700,2277,43018559
2010-04-06,28.00371,28.66983,27.91606,28.48577,1495900,2489,48527935
2010-04-07,28.64354,28.92402,28.57342,28.59972,1259000,2431,41300024
2010-04-08,28.61725,28.90649,28.23159,28.55589,1241700,2915,40616022
2010-04-09,28.66107,29.14314,28.49454,29.13437,1454700,2502,48072214
2010-04-12,29.08178,29.30091,28.72243,28.84513,1011600,2063,33422881
2010-04-13,28.98537,29.11685,28.71366,28.92402,1184800,2495,39019794
2010-04-14,29.02919,29.09931,28.75749,28.79254,1259400,2124,41517139
2010-04-15,28.8276,28.92402,28.58219,28.74872,1362900,2874,44683558
2010-04-16,28.66107,28.89772,28.37183,28.52083,2305900,2388,75048129
2010-04-19,28.41423,28.41423,27.37622,27.84187,1864600,4119,53234565
2010-04-20,27.79336,28.01649,27.38592,27.69635,1031700,2443,29329535
2010-04-22,27.1919,27.63815,26.87177,27.42473,1659300,3753,46714498
2010-04-23,27.31802,27.53144,27.07549,27.08519,927700,2521,26026631
2010-04-26,27.09489,27.32772,26.11509,26.11509,1130400,2123,31014042
2010-04-27,25.97928,26.06659,25.2226,25.2226,2169400,3899,56831581
2010-04-28,25.55243,25.55243,24.59204,24.73755,1642900,3456,42257412
2010-04-29,24.95097,24.95097,24.34951,24.34951,1629800,2904,41257244
2010-04-30,24.39801,25.45542,24.39801,25.45542,2830300,3186,72909760
2010-05-03,25.70765,25.70765,25.05768,25.31961,1886200,2393,49397283
2010-05-04,25.05768,25.05768,24.07788,24.68904,1822700,3165,46221871
2010-05-05,24.35921,25.16439,24.15549,24.97037,1336400,2800,34206148
2010-05-06,24.77635,25.09649,23.75775,24.73755,1674300,4309,42451561
2010-05-07,24.73755,24.81516,23.76745,24.55323,1952600,3452,48741147
2010-05-10,25.2323,25.31961,24.2525,24.2525,879200,1579,22324382
2010-05-11,24.00998,25.32931,23.96147,24.93157,1832500,3628,47281903
2010-05-12,24.93157,25.2323,24.49502,24.73755,1026500,1893,26297541
2010-05-13,24.73755,26.1733,24.58233,26.09569,2492100,3802,66216213
2010-05-14,26.09569,26.98818,25.78526,26.84267,3079700,4712,84409478
2010-05-17,26.87177,26.87177,26.06659,26.71655,1393900,2428,37964424
2010-05-18,26.66805,26.92027,26.1927,26.27031,1063600,3035,29041927
2010-05-19,26.12479,26.71655,26.09569,26.2024,1011300,2642,27443582
2010-05-20,26.03748,26.44493,25.80466,26.06659,1645800,3696,44322106
2010-05-21,26.28001,26.66805,25.95017,26.37702,1137000,2484,30924921
2010-05-24,26.08599,27.25981,26.08599,26.87177,1461400,2672,40596764
2010-05-25,25.99868,26.86207,25.99868,26.44493,1504500,3092,41099358
2010-05-26,26.67775,26.95908,25.96958,25.96958,2045000,3796,55697763
2010-05-27,26.45463,27.10459,26.44493,26.92027,1620700,2783,44872931
2010-05-28,26.69715,27.48293,26.51283,27.48293,1221800,2480,34229727
2010-05-31,27.72546,28.98659,27.66725,28.87988,1170100,2461,34464237
2010-06-01,28.28811,28.60825,27.93888,28.0941,2025600,4407,58967252
2010-06-02,28.1426,28.88958,28.03589,28.67616,1846500,4185,54127243
2010-06-04,28.1814,28.32692,27.64785,27.74486,869300,2331,25035463
2010-06-07,27.70605,28.20081,27.53144,27.76426,790400,2178,22723165
2010-06-08,27.80307,28.1135,27.64785,27.84187,1386500,2943,39786797
2010-06-09,28.1038,28.1038,27.69635,27.69635,1318700,2482,37784748
2010-06-10,27.70605,28.42393,27.66725,28.21051,764300,1813,22236085
2010-06-11,27.94858,28.21051,27.51204,28.1038,958000,1879,27640151
2010-06-14,28.41423,28.73436,28.04559,28.40453,578800,1330,16988358
2010-06-15,28.42393,29.48134,28.42393,29.1321,556400,1839,16725546
2010-06-16,28.95749,29.0836,27.64785,27.80307,2011700,4255,58027875
2010-06-17,27.92918,28.01649,27.25981,27.46353,1601100,3537,45395565
2010-06-18,27.30831,27.55084,27.1628,27.36652,838700,2025,23641939
2010-06-21,27.74486,27.83217,27.25981,27.48293,679600,2028,19233747
2010-06-22,27.48293,28.51124,27.37622,28.20081,1161200,3227,33763274
2010-06-23,28.32692,28.40453,27.65755,27.70605,1001100,2143,28757505
2010-06-24,27.82247,28.22991,27.1143,27.1143,1556200,2375,43989716
2010-06-25,27.1628,27.60905,27.1143,27.30831,636600,1350,17991477
2010-06-28,27.30831,27.59935,27.00758,27.00758,604600,1601,16986578
2010-06-29,26.87177,27.06579,26.40612,26.40612,853800,2046,23551701
2010-06-30,26.42552,26.81356,26.1927,26.1927,620500,1634,16912079
2010-07-01,26.58074,26.59044,25.79496,26.08599,757300,1694,20350838
2010-07-02,26.08599,26.47403,25.90167,25.98898,293200,944,7888082
2010-07-05,26.10539,26.77476,25.70765,25.76586,424600,705,11475563
2010-07-06,26.28001,26.69715,25.90167,26.28971,472300,1509,12785849
2010-07-07,26.50313,26.92027,26.29941,26.92027,669800,1317,18414815
2010-07-08,26.88147,27.25981,26.32851,26.68745,799300,2250,21893243
2010-07-12,27.00758,27.1628,26.42552,26.42552,610400,1214,16807785
2010-07-13,26.96878,27.30831,26.58074,27.25011,913500,2002,25480282
2010-07-14,27.06579,27.25981,26.75536,27.00758,574500,1852,16027469
2010-07-15,27.28891,27.28891,26.51283,26.58074,545700,1540,15018093
2010-07-16,26.67775,26.71655,25.66884,25.66884,760200,1710,20377274
2010-07-19,25.71735,26.29941,25.71735,26.29941,651000,1837,17482292
2010-07-20,26.28971,26.98818,25.96958,26.83297,932800,2125,25650403
2010-07-21,26.96878,27.59935,26.59044,27.1628,1191600,2398,33531549
2010-07-22,27.62845,28.27841,27.26951,27.74486,927000,2158,26606755
2010-07-23,27.50233,27.98738,27.30831,27.60905,593600,1482,16873445
2010-07-26,27.81277,28.88958,27.36652,28.86047,1474800,2864,43085521
2010-07-27,28.90898,29.86938,28.89928,29.68506,1743400,3410,53078840
2010-07-28,29.54924,29.57835,26.29941,26.35762,11875300,11634,335938284
2010-07-29,26.60984,26.66805,24.76665,25.06738,7830500,10910,204293376
2010-07-30,25.12559,25.77556,24.91217,24.98007,4399800,7048,114640019
2010-08-02,25.31961,25.47482,24.93157,25.10619,1623800,3235,42032405
2010-08-03,25.07709,25.10619,24.82486,24.82486,1649700,3012,42477393
2010-08-04,24.94127,25.11589,24.31071,24.44652,2707600,4282,68518180
2010-08-05,24.50473,24.92187,24.36891,24.44652,1481400,2669,37500097
2010-08-06,24.53383,24.63084,24.06818,24.34951,1828600,3199,45805172
2010-08-09,24.45622,24.54353,24.10699,24.11669,926200,2054,23153732
2010-08-10,24.03908,24.49502,23.91296,24.2525,1940000,4013,48635064
2010-08-11,24.15549,24.42712,24.05848,24.14579,1290900,2100,32223634
2010-08-12,24.12639,25.00918,23.98087,24.92187,1852900,3388,47140991
2010-08-13,24.93157,25.16439,24.55323,24.59204,1610000,3457,41292971
2010-08-16,24.60174,24.64054,24.16519,24.2622,1303400,2154,32644462
2010-08-17,24.39801,24.73755,24.36891,24.64054,763400,1873,19328815
2010-08-18,24.66964,25.05768,24.49502,24.87336,1482500,3533,37968518
2010-08-19,24.85396,24.98007,24.44652,24.57263,865900,2607,21996539
2010-08-20,24.49502,24.61144,24.19429,24.2525,1200900,2085,30093777
2010-08-23,24.52413,24.55323,23.91296,23.93237,1186200,2377,29421990
2010-08-24,23.79655,23.82565,23.3115,23.36001,1305700,2724,31615349
2010-08-25,23.2824,23.44732,22.91376,23.04958,1405800,2249,33449291
2010-08-26,23.21449,23.2339,22.56453,22.60333,1448800,2916,34056154
2010-08-27,22.78765,23.48612,22.63243,23.3309,774700,1851,18450194
2010-08-30,23.2339,23.39881,22.90406,23.11748,649100,1840,15546856
2010-08-31,23.09808,23.36971,22.94286,23.18539,850400,1909,20323496
2010-09-01,23.36971,24.00027,23.22419,23.78685,976000,2101,23896895
2010-09-02,23.76745,24.05848,23.61223,23.88386,936100,1756,23034841
2010-09-03,24.05848,24.08758,23.2921,23.3018,828600,1470,20077934
2010-09-06,23.40851,23.56373,23.22419,23.44732,236400,536,5689963
2010-09-08,23.19509,23.52493,23.08838,23.2824,1162200,1673,27920703
2010-09-09,23.37941,23.48612,23.18539,23.41821,921900,1699,22224704
2010-09-10,23.47642,23.72865,23.2533,23.72865,607400,1339,14750933
2010-09-13,23.79655,23.94207,23.71894,23.73835,1003900,2132,24676293
2010-09-14,23.72865,23.84506,23.37941,23.47642,1013000,2084,24663494
2010-09-15,23.47642,23.62193,23.2824,23.60253,1005400,1811,24270238
2010-09-16,23.57343,23.71894,23.41821,23.53463,634800,1477,15410603
2010-09-17,23.46672,23.52493,23.2339,23.2339,631800,1824,15194072
2010-09-20,23.3115,23.62193,23.263,23.62193,1483400,2265,35879553
2010-09-21,23.54433,23.68984,23.37941,23.46672,928100,1734,22488458
2010-09-22,23.46672,23.68984,23.3309,23.51522,1136900,3705,27581708
2010-09-23,23.38911,23.87416,23.32121,23.68984,1630200,4626,39813967
2010-09-24,23.85476,23.89356,23.52493,23.52493,1615200,3641,39460302
2010-09-27,23.52493,23.76745,23.41821,23.47642,657100,1822,15942084
2010-09-28,23.66074,23.74805,23.48612,23.57343,877400,2408,21351804
2010-09-29,23.62193,23.84506,23.48612,23.48612,1713600,2982,41743370
2010-09-30,23.65104,23.71894,23.22419,23.47642,1563400,3590,37727481
2010-10-01,23.47642,23.47642,23.11748,23.12718,2022000,4067,48395940
2010-10-04,23.18539,23.2921,22.93316,23.03017,1537300,4075,36522283
2010-10-05,23.13688,24.05848,23.12718,23.95177,3252700,8173,79361056
2010-10-06,24.10699,24.56293,24.00998,24.32041,1831600,4318,45987865
2010-10-07,24.2622,24.46592,23.86446,23.96147,840700,1695,20889218
2010-10-08,23.91296,24.36891,23.89356,24.35921,800300,1851,19888373
2010-10-11,24.14579,24.36891,24.05848,24.15549,516400,1323,12866983
2010-10-13,24.2525,24.47562,24.06818,24.15549,1423300,4011,35611300
2010-10-14,24.15549,24.88306,24.15549,24.57263,1382800,3237,35103512
2010-10-15,24.77635,24.82486,24.46592,24.73755,753300,1672,19144346
2010-10-18,24.73755,24.84426,24.59204,24.73755,661600,1807,16866824
2010-10-19,24.39801,24.72785,24.2525,24.54353,1064200,2615,26892361
2010-10-20,24.49502,25.16439,24.36891,25.14499,1442100,2402,37069000
2010-10-21,25.14499,25.2226,24.70845,24.93157,1116700,2398,28708882
2010-10-22,24.97037,25.12559,24.59204,25.01888,712300,2769,18264163
2010-10-25,24.98007,25.39722,24.93157,25.1935,781500,2164,20275158
2010-10-26,25.12559,25.39722,25.08679,25.36811,907000,2223,23652403
2010-10-27,25.31961,25.51363,25.12559,25.2323,827600,1860,21597778
2010-10-28,25.51363,25.70765,25.2323,25.57184,1173400,2546,30792634
2010-10-29,25.70765,25.70765,24.88306,25.2711,1716100,3355,44737586
2010-11-01,25.2614,25.90167,25.18379,25.65915,1143400,3031,30203084
2010-11-03,25.61064,25.65915,25.07709,25.18379,1437100,4214,37313411
2010-11-04,25.37782,25.38752,24.73755,25.02858,1145200,2211,29636578
2010-11-05,24.98007,25.14499,24.64054,24.68904,952800,2398,24361165
2010-11-08,24.68904,25.16439,24.52413,24.88306,1031600,2398,26385512
2010-11-09,25.11589,25.37782,24.83456,24.98007,841300,2091,21819068
2010-11-10,24.98007,25.30991,24.98007,25.2226,830200,2330,21546023
2010-11-11,25.12559,25.18379,24.75695,24.75695,613400,2488,15739413
2010-11-12,24.74725,25.10619,24.59204,24.67934,764400,2302,19506442
2010-11-16,24.10699,24.2428,23.76745,23.81595,1871900,5816,46227801
2010-11-17,23.93237,24.20399,23.76745,24.20399,1035900,3540,25661923
2010-11-18,24.33981,24.58233,24.2331,24.2913,1340500,3574,33776642
2010-11-19,24.2913,24.62114,24.17489,24.56293,579400,1824,14568649
2010-11-22,24.49502,24.53383,23.77715,23.86446,2491600,5762,61915537
2010-11-23,23.67044,23.72865,23.19509,23.3115,1484800,3279,35863415
2010-11-24,23.71894,24.49502,23.47642,24.39801,1336800,3173,33269632
2010-11-25,24.39801,24.70845,24.39801,24.52413,335400,921,8483015
2010-11-26,24.2525,24.45622,23.88386,23.88386,644600,1484,16048406
2010-11-29,23.86446,24.07788,23.42791,23.62193,877000,2750,21401230
2010-11-30,23.58313,23.75775,23.18539,23.18539,1485100,3194,35899024
2010-12-01,23.55403,24.02938,23.52493,23.99057,783000,2645,19216629
2010-12-02,24.00027,24.19429,23.87416,24.14579,519000,1882,12887341
2010-12-03,24.15549,24.37861,23.94207,24.301,540500,1851,13483061
2010-12-06,24.34951,24.34951,23.88386,24.00027,708500,1589,17589006
2010-12-07,24.2719,24.2719,23.60253,23.60253,890300,2414,21861746
2010-12-08,23.60253,23.68014,23.12718,23.21449,812700,2721,19532445
2010-12-09,23.2824,23.68984,23.18539,23.68984,1008200,3126,24451438
2010-12-10,23.62193,23.95177,23.42791,23.91296,795000,1804,19505342
2010-12-13,24.13609,24.2331,23.95177,24.17489,772500,1842,19221578
2010-12-14,24.01968,24.15549,23.83536,24.04878,951800,1805,23530673
2010-12-15,23.96147,23.96147,23.47642,23.54433,958600,2732,23355904
2010-12-16,23.76745,23.76745,23.32121,23.42791,1150000,2746,27759046
2010-12-17,23.44732,23.54433,22.78765,22.89436,2442800,3490,58086861
2010-12-20,23.17569,23.17569,22.65183,22.92346,1085100,2265,25600255
2010-12-21,23.03988,23.73835,22.98167,23.70924,981800,1840,23760223
2010-12-22,23.58313,23.89356,23.3309,23.76745,628700,1465,15298703
2010-12-23,23.57343,23.68984,23.43762,23.59283,364300,1148,8825043
2010-12-27,23.32121,23.43762,23.19509,23.2533,379000,829,9112497
2010-12-28,23.2339,23.45702,23.19509,23.2436,679200,980,16329513
2010-12-29,23.2824,23.56373,23.17569,23.20479,573800,1292,13770837
2010-12-30,23.37941,23.71894,23.22419,23.56373,914700,2206,22144706
2011-01-03,23.91296,24.12639,23.58313,24.10699,1071400,2698,26405085
2011-01-04,24.09728,24.2331,23.78685,24.2331,1047500,2564,25921873
2011-01-05,24.10699,25.07709,23.99057,25.07709,1802000,3333,45898461
2011-01-06,25.10619,25.14499,24.65024,24.93157,1943200,4000,49942813
2011-01-07,24.92187,25.07709,24.72785,24.94127,755800,1910,19407812
2011-01-10,24.88306,25.31961,24.78605,25.2032,1098600,1881,28458063
2011-01-11,25.242,25.29051,24.84426,24.97037,1516600,2854,39106189
2011-01-12,25.07709,25.36811,25.03828,25.2323,1469600,4333,38164257
2011-01-13,25.2323,25.85316,25.11589,25.53303,2049600,4896,54091798
2011-01-14,25.50393,26.30911,25.2711,26.1927,1924900,3960,51615971
2011-01-17,25.81436,26.04719,25.62034,25.73675,587300,1384,15633713
2011-01-18,25.84346,26.38672,25.65915,26.04719,1407500,3454,37897184
2011-01-19,26.15389,26.38672,25.94047,26.13449,914400,2186,24642368
2011-01-20,26.00838,26.27031,25.67855,26.13449,1734200,4423,46622303
2011-01-21,26.06659,26.47403,25.95017,26.08599,897900,2155,24283649
2011-01-24,26.1927,26.35762,26.04719,26.09569,814700,1565,21987995
2011-01-26,26.2412,26.37702,25.99868,26.04719,1172900,3216,31574320
2011-01-27,26.02778,26.45463,25.98898,26.33821,864900,2051,23457121
2011-01-28,26.38672,26.38672,25.90167,26.11509,1654400,3781,44515869
2011-01-31,26.07629,26.2218,25.75615,25.78526,975000,3097,26082968
2011-02-01,25.79496,25.95017,25.30991,25.68825,1191500,2574,31306938
2011-02-02,25.52333,25.68825,24.98978,25.12559,1476700,3938,38347410
2011-02-03,25.16439,25.60094,24.95097,25.45542,836900,2826,21856668
2011-02-04,25.32931,25.50393,24.65994,25.02858,875700,2421,22551542
2011-02-07,25.06738,25.56214,24.73755,25.31961,699200,1557,18252688
2011-02-08,25.30991,25.50393,24.99948,25.2517,662600,2391,17238914
2011-02-09,25.00918,25.2614,24.90247,25.02858,1277400,3112,32996862
2011-02-10,24.83456,25.46512,24.79576,25.2711,942000,2646,24528415
2011-02-11,25.12559,25.50393,24.93157,25.35841,1089500,2368,28380234
2011-02-14,25.2226,25.42632,24.94127,25.36811,570300,1921,14863813
2011-02-15,25.2226,25.61064,24.98978,25.41662,683600,2392,17898697
2011-02-16,25.61064,25.88227,25.30991,25.57184,1479300,3484,38901247
2011-02-17,25.61064,25.94047,25.41662,25.85316,557600,2069,14798128
2011-02-18,25.59124,26.41582,25.59124,26.1927,1186500,2928,31893281
2011-02-21,26.00838,26.41582,25.95017,26.1927,493900,1079,13320481
2011-02-22,26.09569,26.41582,25.85316,26.09569,1028800,2755,27713045
2011-02-23,26.03748,26.27031,25.63004,25.80466,947700,4117,25298701
2011-02-24,25.72705,25.89197,25.1741,25.61064,1043200,3864,27389162
2011-02-25,25.64944,25.77556,25.2711,25.36811,1080200,2756,28415213
2011-02-28,25.242,25.36811,25.01888,25.1741,1747400,4310,45342831
2011-03-01,25.242,25.49423,25.05768,25.2226,990700,2367,25721612
2011-03-02,25.1741,25.44572,25.07709,25.40692,752500,2462,19624386
2011-03-03,25.32931,25.51363,25.2032,25.51363,723900,1843,18924115
2011-03-04,25.36811,25.36811,24.78605,25.06738,1293800,3097,33405970
2011-03-09,25.2711,25.30021,24.94127,25.1741,572400,1883,14849565
2011-03-10,25.02858,25.35841,24.98007,25.06738,983800,1896,25487468
2011-03-11,25.1935,25.28081,25.08679,25.2711,501600,1758,13036211
2011-03-14,25.02858,25.36811,24.88306,25.31961,387300,1395,10029490
2011-03-15,24.90247,25.77556,24.75695,25.77556,2328100,3607,61093176
2011-03-16,25.76586,25.95017,24.84426,25.2226,1183500,3663,30778514
2011-03-17,25.44572,25.67855,25.03828,25.1741,759300,2196,19744266
2011-03-18,25.35841,25.80466,25.29051,25.64944,920000,2475,24275458
2011-03-21,25.78526,25.91137,25.52333,25.80466,529600,2185,14054372
2011-03-22,25.74645,26.28971,25.66884,26.28971,610300,1855,16408139
2011-03-23,26.09569,26.27031,25.81436,26.2121,971100,2520,26067823
2011-03-24,26.02778,26.75536,26.02778,26.75536,912400,1772,24851526
2011-03-25,26.68745,27.90978,26.59044,27.89038,1839500,4406,51956900
2011-03-28,27.65755,27.90008,27.34712,27.64785,1323300,4446,37714277
2011-03-29,27.64785,27.84187,27.2113,27.68666,1520700,3624,43147126
2011-03-30,27.68666,27.73516,27.09489,27.51204,999900,2451,28264189
2011-03-31,27.63815,27.74486,27.2113,27.25981,820900,2249,23218042
2011-04-01,27.43443,27.74486,27.26951,27.74486,1054500,3406,29956820
2011-04-04,27.57024,28.07469,27.57024,27.93888,1042400,3030,29949486
2011-04-05,27.93888,28.1232,27.59935,27.93888,1731700,4253,49754229
2011-04-06,27.89038,27.99709,27.52174,27.84187,1263100,3176,36138673
2011-04-07,27.83217,27.96798,27.41503,27.84187,1043400,2523,29850121
2011-04-08,27.93888,28.03589,27.51204,27.88067,676800,1899,19381261
2011-04-11,27.80307,28.65675,27.80307,28.54034,1568100,3403,45991909
2011-04-12,28.61795,28.61795,27.87097,28.28811,1240400,3232,36087074
2011-04-13,28.45303,28.57915,28.22991,28.46273,1123300,3973,32963436
2011-04-14,28.54034,28.83137,28.1426,28.61795,1547900,2701,45660959
2011-04-15,28.61795,28.91868,28.43363,28.71496,1096000,3339,32421326
2011-04-18,28.71496,28.90898,28.0941,28.70526,881700,2491,25890065
2011-04-19,28.69556,29.27762,28.48214,29.27762,706400,2740,21096601
2011-04-20,29.25821,29.32612,27.70605,27.70605,2778000,8075,80229796
2011-04-25,27.57024,27.87097,27.26951,27.55084,1182800,4317,33628151
2011-04-26,27.71576,27.83217,27.1628,27.23071,945200,3493,26789008
2011-04-27,27.42473,27.44413,26.57104,26.79416,1576700,5117,43482367
2011-04-28,26.48373,26.91057,26.31881,26.66805,1486900,4095,40690717
2011-04-29,26.15,26.51,25.85,26.27,3119000,5174,81624901
2011-05-02,26.49,26.66,26.12,26.26,1251300,2911,32933273
2011-05-03,26.03,26.5,26.03,26.15,761800,1630,20041059
2011-05-04,26.3,26.72,26.21,26.6,1174200,2671,31182933
2011-05-05,26.57,26.81,26.38,26.38,1197000,3450,31853972
2011-05-06,26.65,26.8,26.42,26.8,921500,1960,24535389
2011-05-09,26.79,26.8,26.4,26.4,428900,1511,11365162
2011-05-10,26.4,26.84,26.2,26.53,683400,1911,18219854
2011-05-11,26.36,26.52,26.04,26.3,897000,2885,23601854
2011-05-12,26.28,26.48,26.09,26.12,840900,2402,22066350
2011-05-13,26.15,26.18,25.47,25.53,1335700,4144,34356598
2011-05-16,25.41,26.05,24.78,25.72,979000,2538,25255214
2011-05-17,25.85,26.33,25.5,26.33,631000,2417,16398915
2011-05-18,26.4,26.4,26.0,26.0,881200,2469,23023907
2011-05-19,26.15,26.51,26.01,26.23,913100,2023,23983108
2011-05-20,26.4,26.88,26.17,26.65,1217800,2398,32468851
2011-05-23,26.49,26.68,26.25,26.4,740200,2096,19621481
2011-05-24,28.15,30.52,28.0,29.9,7869500,14230,235087553
2011-05-25,29.49,29.5,28.72,28.88,3852600,4552,111906723
2011-05-26,29.02,29.02,28.49,28.6,1783100,3462,51014366
2011-05-27,28.4,28.59,28.03,28.25,1006400,1985,28414218
2011-05-30,28.4,28.4,27.58,27.75,548500,839,15263261
2011-05-31,28.1,28.18,27.65,27.65,1106200,2433,30724404
2011-06-01,27.39,27.74,27.31,27.5,1313800,2670,36117673
2011-06-02,27.6,27.83,27.05,27.31,1257300,3945,34307989
2011-06-03,27.24,27.8,27.12,27.3,744100,2106,20494179
2011-06-06,27.49,27.63,26.46,26.65,1164500,3368,31081805
2011-06-07,26.56,27.03,26.56,26.85,820800,2443,22031026
2011-06-08,26.84,26.84,26.16,26.54,556300,1177,14688320
2011-06-09,26.4,26.87,26.2,26.3,579700,1495,15355244
2011-06-10,26.21,26.55,25.72,25.81,1077800,2264,27861022
2011-06-13,26.0,26.0,25.6,25.75,564000,1694,14517894
2011-06-14,25.8,25.97,25.3,25.49,635500,1565,16207404
2011-06-15,25.32,25.37,25.03,25.04,1104600,2841,27808994
2011-06-16,25.29,25.45,24.31,24.42,1034200,2759,25497090
2011-06-17,24.45,24.68,24.02,24.68,960800,2333,23456533
2011-06-20,24.8,25.0,24.4,24.7,777300,1965,19188677
2011-06-21,24.74,25.04,24.51,24.7,1044200,2139,25900495
2011-06-22,24.68,24.68,24.2,24.2,894300,2950,21744373
2011-06-24,24.11,24.46,24.1,24.41,616800,1438,14996117
2011-06-27,24.41,24.8,24.1,24.1,662000,1677,16094138
2011-06-28,24.16,24.28,23.6,23.8,1110000,3460,26430931
2011-06-29,23.95,24.06,23.73,23.86,585600,1420,13976360
2011-06-30,23.94,24.11,23.8,23.95,803800,1763,19252570
2011-07-01,24.1,24.42,23.8,24.15,1864300,2493,45136116
2011-07-04,24.3,24.36,24.04,24.05,301500,658,7282767
2011-07-05,24.13,24.26,23.55,23.55,1192300,2722,28317217
2011-07-06,23.41,24.03,23.33,23.95,1096800,2243,26150506
2011-07-07,24.19,24.28,23.82,23.82,931100,3049,22353008
2011-07-08,23.8,23.98,23.21,23.43,760900,2459,17830653
2011-07-11,23.16,23.23,22.65,23.0,894400,2855,20432077
2011-07-12,22.8,23.25,22.7,23.07,656600,1803,15148842
2011-07-13,22.98,23.45,22.98,23.15,505800,1246,11719210
2011-07-14,23.26,23.26,22.51,22.51,794900,2000,18099706
2011-07-15,22.51,22.84,22.42,22.84,669500,2009,15195766
2011-07-18,22.51,22.99,22.5,22.6,600600,1692,13635834
2011-07-19,22.69,22.7,22.16,22.25,513300,1912,11451771
2011-07-20,22.3,22.45,21.88,21.91,1439800,3048,31807781
2011-07-21,22.0,22.2,21.85,22.01,833400,2100,18370128
2011-07-22,22.11,22.15,21.35,21.5,1662600,4127,35838047
2011-07-25,21.45,21.8,20.94,21.75,958900,3231,20678987
2011-07-26,21.86,22.08,21.52,21.66,810800,2254,17570885
2011-07-27,21.63,21.65,20.95,20.95,936600,3126,19849911
2011-07-28,21.01,21.3,20.81,21.04,1093400,2087,23020500
2011-07-29,20.88,21.5,20.7,21.49,834900,2037,17699809
2011-08-01,21.6,22.04,21.32,21.9,1651100,4414,35986336
2011-08-02,21.8,22.2,21.26,21.3,957300,2403,20706571
2011-08-03,21.14,21.2,20.6,21.09,1414800,3069,29584775
2011-08-04,20.97,20.97,20.03,20.15,1147200,4093,23341015
2011-08-05,20.15,21.05,20.01,20.77,1484400,4962,30496788
2011-08-08,20.5,20.5,18.48,19.25,1271800,5452,24772684
2011-08-09,19.05,19.59,18.7,19.59,1550700,5947,29982035
2011-08-10,19.56,20.2,18.81,20.2,1394200,5300,27362710
2011-08-11,20.0,20.97,19.88,20.7,1191100,4982,24556583
2011-08-12,20.7,21.5,20.25,21.38,1650400,4987,34406684
2011-08-15,21.62,21.8,21.22,21.8,870500,2993,18747209
2011-08-16,21.49,21.98,21.34,21.63,1053200,3074,22735242
2011-08-17,21.47,21.75,20.95,21.2,1699500,7063,36144332
2011-08-18,20.4,20.88,20.31,20.49,952800,3261,19538050
2011-08-19,20.48,20.61,19.96,19.96,841100,2971,17009479
2011-08-22,20.19,20.25,19.66,19.66,676100,2167,13418110
2011-08-23,19.66,20.3,19.29,20.3,727000,2484,14349469
2011-08-24,20.24,20.3,19.63,20.07,698600,2870,13942361
2011-08-25,20.07,20.1,19.2,19.38,1152800,3594,22385386
2011-08-26,19.39,19.57,18.97,19.27,652700,2240,12599800
2011-08-29,19.4,20.1,19.31,20.0,712300,2814,14136473
2011-08-30,19.88,20.35,19.61,20.28,760900,2448,15234033
2011-08-31,20.35,20.58,20.19,20.58,1352200,3108,27542291
2011-09-01,20.79,20.99,20.58,20.82,1027900,3400,21331217
2011-09-02,20.6,20.76,19.89,20.0,813300,2386,16458574
2011-09-05,19.79,19.79,19.31,19.35,495200,1630,9616791
2011-09-06,19.15,19.89,18.98,19.75,1025500,3290,20072437
2011-09-08,19.85,20.09,19.57,19.67,1110900,2756,21908756
2011-09-09,19.71,19.78,18.86,18.96,939100,3313,17962174
2011-09-12,18.89,19.35,18.53,19.35,702500,2697,13310647
2011-09-13,19.55,19.55,18.83,18.93,938100,2273,17820770
2011-09-14,19.0,19.73,18.88,19.48,865400,3194,16738881
2011-09-15,19.7,19.7,19.23,19.25,488400,2100,9471060
2011-09-16,19.2,19.71,19.06,19.71,903000,2253,17492159
2011-09-19,19.26,19.74,19.26,19.74,769700,2836,15099104
2011-09-20,19.8,19.85,19.15,19.2,875800,2574,16949883
2011-09-21,19.37,19.66,19.11,19.19,868200,3794,16843032
2011-09-22,18.89,18.95,18.36,18.92,1374000,5816,25676856
2011-09-23,18.6,18.99,18.51,18.66,666300,3063,12438541
2011-09-26,18.79,18.8,18.17,18.73,572100,2633,10595508
2011-09-27,19.1,19.1,18.36,18.39,868500,2943,16247891
2011-09-28,18.27,18.75,18.11,18.22,877900,2964,16184157
2011-09-29,18.5,18.73,18.24,18.4,679300,2031,12575220
2011-09-30,18.21,18.45,17.67,17.8,1008600,2793,18141339
2011-10-03,17.78,17.9,17.09,17.09,1075400,3827,18774695
2011-10-04,17.0,17.25,16.37,16.9,1263500,3735,21244859
2011-10-05,16.8,17.62,16.63,17.6,915100,2465,15696023
2011-10-06,17.91,17.95,17.07,17.07,1104900,2775,19191427
2011-10-07,17.3,17.33,16.43,16.5,1003900,2763,16908336
2011-10-10,16.61,17.13,16.53,17.04,852800,3163,14443407
2011-10-11,17.03,17.15,16.7,16.82,1065500,3311,18001215
2011-10-13,16.84,16.9,16.43,16.72,1529700,4932,25439187
2011-10-14,16.93,17.05,16.58,16.9,455200,1820,7661524
2011-10-17,16.7,17.44,16.7,17.44,650600,2105,11080854
2011-10-18,17.25,18.45,17.25,18.31,2193800,4630,39819934
2011-10-19,18.3,18.44,17.7,17.75,1505500,4637,27080762
2011-10-20,17.68,18.1,17.54,17.86,1369600,3860,24488538
2011-10-21,18.05,18.25,18.03,18.06,712900,2459,12921784
2011-10-24,18.25,18.64,18.16,18.39,1252300,3699,23128103
2011-10-25,18.39,18.53,17.88,18.45,744300,2648,13532998
2011-10-26,18.54,18.75,18.12,18.62,684000,2441,12664723
2011-10-27,18.9,19.58,18.71,19.4,1950100,5451,37543497
2011-10-28,19.17,19.48,18.75,18.75,1017800,3031,19286549
2011-10-31,18.7,18.7,18.35,18.52,575100,2092,10667699
2011-11-01,17.76,18.34,17.75,18.3,938600,3115,16945548
2011-11-03,18.49,18.51,18.01,18.05,922200,3111,16737853
2011-11-04,18.05,18.35,17.61,18.35,754700,2098,13555097
2011-11-07,18.15,18.49,18.15,18.41,710700,2257,13049348
2011-11-08,18.42,18.5,18.1,18.35,692500,2024,12657531
2011-11-09,18.21,18.21,17.7,18.0,1055400,3128,18930494
2011-11-10,18.25,18.25,17.9,17.95,710900,1633,12774044
2011-11-11,17.91,18.11,17.8,18.03,577600,2114,10361935
2011-11-14,17.86,18.0,17.8,17.81,472400,1222,8440236
2011-11-16,17.51,17.81,17.38,17.57,966600,3164,16969375
2011-11-17,17.3,17.62,16.95,17.1,918500,3424,15783103
2011-11-18,17.1,17.17,16.8,16.85,789500,2415,13338848
2011-11-21,16.67,16.94,16.52,16.92,822600,2612,13787901
2011-11-22,16.9,16.96,16.38,16.49,1076400,2825,17903368
2011-11-23,16.34,16.6,16.02,16.15,936500,2044,15188700
2011-11-24,16.22,16.37,15.9,16.36,224400,882,3625576
2011-11-25,16.12,16.58,16.0,16.41,458300,1504,7460176
2011-11-28,16.55,17.06,16.55,16.97,472100,1752,7933363
2011-11-29,16.85,17.1,16.5,16.55,671900,2141,11241741
2011-11-30,16.81,17.4,16.3,16.81,1310200,5404,22280670
2011-12-01,17.02,17.16,16.82,16.96,1132400,2772,19197843
2011-12-02,17.02,17.35,17.02,17.27,1045900,3030,17979975
2011-12-05,17.49,17.71,17.3,17.71,1054900,3626,18535536
2011-12-06,17.48,17.9,17.45,17.78,725600,2767,12773176
2011-12-07,17.56,17.92,17.26,17.29,1029500,4122,17981839
2011-12-08,17.35,17.36,16.64,16.71,1012100,2823,17009432
2011-12-09,16.98,16.98,16.65,16.8,495600,1493,8346987
2011-12-12,16.79,16.9,16.32,16.68,462600,1727,7651159
2011-12-13,16.88,17.0,16.52,16.72,1564500,4296,26189672
2011-12-14,16.64,16.94,16.51,16.71,1868300,6409,31238575
2011-12-15,16.79,16.8,16.43,16.43,1687900,3757,28050954
2011-12-16,16.52,16.7,16.2,16.22,722300,2294,11861725
2011-12-19,16.21,16.49,16.1,16.15,590800,2101,9610707
2011-12-20,16.43,16.96,16.27,16.88,881800,2986,14756019
2011-12-21,16.7,17.41,16.68,17.34,1147400,3958,19765857
2011-12-22,17.45,17.57,17.17,17.52,581500,2737,10145575
2011-12-23,17.43,17.65,17.2,17.59,423200,1382,7385120
2011-12-26,17.48,17.78,17.48,17.75,196300,695,3468425
2011-12-27,17.77,17.85,17.62,17.84,912000,1150,16223201
2011-12-28,17.85,17.87,17.2,17.33,520600,2153,9064345
2011-12-29,17.45,17.6,17.3,17.56,758000,1451,13285462
2012-01-02,17.88,18.2,17.56,18.2,469100,1402,8406727
2012-01-03,18.25,18.4,18.0,18.32,1664500,3580,30442921
2012-01-04,18.2,18.32,18.03,18.21,855100,3295,15536043
2012-01-05,18.15,18.4,17.75,17.85,1133800,2464,20318172
2012-01-06,17.85,18.15,17.8,18.0,884200,2483,15900838
2012-01-09,18.18,18.27,17.88,18.02,770500,2261,13889424
2012-01-10,18.22,18.38,17.97,18.1,1216000,2250,22042047
2012-01-11,18.15,18.15,17.49,17.5,936100,2377,16491894
2012-01-12,17.56,17.7,17.22,17.26,912100,2315,15829219
2012-01-13,17.2,17.28,16.65,16.86,874700,2274,14769914
2012-01-16,16.76,17.13,16.72,16.9,478900,1251,8092911
2012-01-17,16.9,17.21,16.86,17.1,880500,1848,15027349
2012-01-18,17.17,17.42,17.0,17.38,1135700,3554,19618101
2012-01-19,17.35,17.44,16.94,16.98,1193000,2892,20395976
2012-01-20,17.05,17.09,16.7,16.73,1231400,3008,20738739
2012-01-23,16.83,17.02,16.8,16.8,1245000,3217,21030270
2012-01-24,16.81,16.89,16.38,16.43,1888000,3860,31216490
2012-01-26,16.66,17.1,16.66,16.87,2516200,5839,42649712
2012-01-27,17.07,17.38,16.9,16.97,2172000,5863,37102225
2012-01-30,16.85,17.13,16.72,17.05,1037100,4417,17550561
2012-01-31,17.13,17.29,16.71,16.8,2635300,6932,44504752
2012-02-01,16.75,16.94,16.6,16.74,2100500,5869,35202468
2012-02-02,16.78,17.05,16.7,16.93,1151000,4642,19450852
2012-02-03,16.95,17.27,16.86,17.08,1744700,4467,29831700
2012-02-06,17.05,17.19,16.86,16.97,1051000,2292,17842390
2012-02-07,16.91,17.15,16.87,17.12,1102500,2824,18763262
2012-02-08,17.24,17.38,17.04,17.19,1490700,4472,25627892
2012-02-09,17.12,17.54,17.05,17.1,2041200,6592,35206491
2012-02-10,16.99,17.05,16.86,16.9,1596300,4040,27007868
2012-02-13,17.1,17.2,16.9,16.91,1935200,4982,32834629
2012-02-14,17.02,17.1,16.76,16.85,1508000,3755,25403436
2012-02-15,16.97,17.07,16.88,16.97,1427300,5624,24182616
2012-02-16,16.9,17.07,16.75,16.84,2151500,4990,36261921
2012-02-17,16.87,16.93,16.7,16.72,1117300,4382,18741024
2012-02-22,16.71,16.81,16.57,16.67,1132900,2090,18925042
2012-02-23,16.67,17.65,16.66,17.65,5479300,9350,93996712
2012-02-24,18.2,18.59,17.62,17.66,8100600,12005,146586792
2012-02-27,17.8,18.45,17.53,17.74,4739300,9371,85376293
2012-02-28,17.81,18.23,17.61,17.88,3178000,6635,56802418
2012-02-29,17.98,18.88,17.88,18.64,4599400,8804,84675574
2012-03-01,18.78,19.05,18.6,19.05,3522100,6337,66513191
2012-03-02,19.1,19.45,18.86,19.12,2240600,5522,43074893
2012-03-05,19.12,19.13,18.6,18.85,1128300,3399,21171940
2012-03-06,18.65,18.94,18.42,18.74,1780400,5031,33274707
2012-03-07,18.95,19.09,18.83,18.95,1763800,4753,33419585
2012-03-08,19.21,19.3,18.55,18.58,2352300,5039,44160320
2012-03-09,18.68,18.75,18.46,18.6,862500,3099,16044985
2012-03-12,18.45,18.64,18.24,18.3,900800,3596,16544784
2012-03-13,18.4,19.08,18.4,19.08,2244200,6940,42202997
2012-03-14,19.09,19.19,18.9,19.05,1075900,3180,20454812
2012-03-15,18.9,19.35,18.85,19.27,1672400,3901,32083197
2012-03-16,19.45,19.9,19.15,19.8,3150200,7036,62027883
2012-03-19,19.83,20.4,19.76,20.23,3195400,6350,64479796
2012-03-20,20.12,20.28,19.83,20.12,2658200,5366,53529360
2012-03-21,20.2,21.29,20.11,21.15,6047600,10525,126443395
2012-03-22,21.19,21.25,20.92,21.21,3176500,5816,66972636
2012-03-23,21.27,21.85,21.24,21.7,2557700,6325,55334318
2012-03-26,21.76,21.89,21.48,21.75,1474000,3068,31876431
2012-03-27,21.59,21.98,21.05,21.1,1925700,4106,40996992
2012-03-28,20.9,21.24,20.38,21.16,2372000,6794,49576105
2012-03-29,20.83,21.35,20.58,21.35,2317400,4539,48663159
2012-03-30,21.4,21.64,20.65,20.84,3238200,7632,68331971
2012-04-02,20.8,21.18,20.73,20.99,1603100,4345,33668554
2012-04-03,21.07,21.09,20.65,20.75,1474100,4599,30644947
2012-04-04,20.69,20.8,20.31,20.4,1352900,4310,27684302
2012-04-05,19.99,20.89,19.99,20.36,3217500,5279,65756405
