Date,Open,High,Low,Close,Volume,Neg,Fin
2010-01-04,15.59418,16.02168,15.59418,15.9731,76900,269,1252444
2010-01-05,15.7885,17.003,15.5456,16.71152,463300,647,7622102
2010-01-06,16.21601,16.71152,16.06055,16.22572,303600,508,5093527
2010-01-07,16.0314,16.22572,15.93424,16.22572,80000,245,1316201
2010-01-08,16.0314,16.12856,15.5456,15.93424,96500,331,1584445
2010-01-11,16.21601,16.22572,15.93424,16.0314,169200,89,2804196
2010-01-12,16.0314,16.21601,15.93424,15.93424,82100,104,1353611
2010-01-13,15.99253,16.50748,15.59418,16.41032,56300,204,931194
2010-01-14,16.32288,16.5172,16.32288,16.42004,127700,61,2158090
2010-01-15,16.11884,16.42004,16.07998,16.07998,17400,103,292013
2010-01-18,16.32288,16.32288,16.10913,16.22572,9400,8,157002
2010-01-19,16.22572,16.42004,16.0314,16.0314,32900,180,550832
2010-01-20,16.0314,16.20629,15.93424,16.0314,73800,42,1218527
2010-01-21,15.93424,15.98282,15.5456,15.82736,59100,42,967064
2010-01-22,15.51645,15.64276,15.51645,15.59418,110600,56,1774052
2010-01-26,15.5456,15.83708,15.5456,15.62333,116600,45,1869779
2010-01-27,15.5456,15.64276,14.72946,15.37071,116800,79,1864511
2010-01-28,15.5456,15.82736,15.35128,15.5456,172000,178,2756472
2010-01-29,15.83708,15.83708,14.85576,14.96264,36100,66,562006
2010-02-01,14.47684,14.86548,14.47684,14.67116,84400,61,1279994
2010-02-02,14.86548,15.05008,14.68088,15.0015,128800,88,1967306
2010-02-03,14.76832,14.96264,14.76832,14.86548,11300,55,173724
2010-02-04,15.0598,15.21526,14.574,15.15696,162400,79,2498005
2010-02-05,15.25412,15.25412,14.76832,14.8169,23600,48,360522
2010-02-08,14.76832,14.86548,14.37968,14.8169,110100,18,1682451
2010-02-09,14.8169,14.8169,14.62258,14.8169,131700,90,2007766
2010-02-10,14.86548,14.86548,14.71974,14.86548,51500,14,787800
2010-02-11,14.76832,15.33185,14.71974,15.33185,35700,10,546012
2010-02-12,15.33185,15.53588,15.33185,15.33185,22600,26,357189
2010-02-17,15.34156,15.34156,15.33185,15.33185,4800,8,75781
2010-02-18,15.0598,15.20554,15.0598,15.20554,1600,6,24844
2010-02-19,15.0598,16.0314,14.86548,15.55532,358100,85,5856144
2010-02-22,15.57475,15.57475,15.56503,15.56503,2700,6,43256
2010-02-23,15.5456,15.57475,15.35128,15.35128,46400,15,738347
2010-02-24,15.44844,15.44844,15.42901,15.42901,1300,5,20650
2010-02-25,15.35128,15.64276,15.3027,15.5456,6800,13,107567
2010-02-26,15.56503,15.72049,15.361,15.5456,57100,33,913634
2010-03-01,15.64276,15.69134,15.361,15.45816,60000,44,957873
2010-03-02,15.45816,15.73992,15.45816,15.5456,3800,18,60867
2010-03-03,15.56503,15.7302,15.55532,15.56503,18000,22,288677
2010-03-04,15.59418,15.59418,15.44844,15.44844,11800,13,188667
2010-03-05,15.44844,15.44844,15.25412,15.25412,59100,14,939117
2010-03-08,14.86548,15.01122,14.71974,14.71974,99500,27,1517362
2010-03-09,14.71974,14.71974,14.40883,14.67116,26600,23,401093
2010-03-10,14.71974,14.76832,14.64201,14.64201,114500,184,1739892
2010-03-11,14.47684,14.5157,14.47684,14.47684,7900,6,118011
2010-03-12,14.40883,14.40883,13.98132,13.99104,41300,30,596583
2010-03-15,14.03962,14.03962,14.01047,14.03962,58100,34,839463
2010-03-16,14.28252,14.47684,13.9036,14.18536,26400,84,385207
2010-03-17,14.37968,14.574,14.19508,14.574,26600,155,394581
2010-03-18,14.67116,15.46787,14.67116,15.35128,42400,161,660463
2010-03-19,15.35128,16.42004,15.35128,16.32288,270000,113,4371022
2010-03-22,16.5172,17.83858,16.5172,17.29448,462200,337,8261480
2010-03-23,17.10016,17.10016,16.52692,16.80868,108200,52,1872315
2010-03-24,16.70181,17.44022,16.61436,17.34306,557200,123,9808503
2010-03-25,17.4888,18.13977,17.4888,18.13977,188900,125,3464721
2010-03-26,18.06204,18.41182,18.06204,18.25636,98700,86,1857874
2010-03-29,18.43125,18.44097,17.81914,18.07176,22000,37,407306
2010-03-30,18.16892,18.16892,17.84829,17.86772,108200,75,2001556
2010-03-31,17.78028,17.78028,17.29448,17.29448,14400,34,258556
2010-04-01,18.16892,18.16892,17.10988,17.4888,26900,37,492831
2010-04-05,17.4888,17.4888,17.34306,17.34306,6400,22,114913
2010-04-06,17.29448,17.87744,17.003,17.1876,200100,87,3566192
2010-04-07,17.003,17.003,16.82811,17.003,72600,26,1266385
2010-04-08,17.4888,17.9746,17.44022,17.78028,149700,142,2714892
2010-04-09,18.1,18.3,17.78,17.87,175700,157,3164276
2010-04-12,18.0,18.51,18.0,18.2,64900,86,1185374
2010-04-13,18.04,18.3,18.0,18.05,142000,85,2568136
2010-04-14,18.3,18.3,17.95,18.0,93800,41,1695449
2010-04-15,17.9,17.9,17.31,17.6,57100,31,1012995
2010-04-16,17.2,17.81,16.76,17.6,41600,61,720879
2010-04-19,17.25,17.42,16.8,17.42,142800,164,2470108
2010-04-20,17.41,17.92,17.1,17.1,110800,102,1915633
2010-04-22,17.05,17.84,16.95,17.3,375300,416,6464660
2010-04-23,17.35,17.7,17.17,17.7,259000,65,4481756
2010-04-26,17.55,17.84,17.41,17.5,36100,59,632918
2010-04-27,17.49,17.49,17.12,17.4,10300,23,178704
2010-04-28,17.2,17.2,16.9,16.9,37200,116,631422
2010-04-29,16.89,17.7,16.89,17.55,89700,113,1534612
2010-04-30,17.37,17.68,17.0,17.68,46500,179,810345
2010-05-03,17.4,17.4,17.02,17.17,27700,72,475527
2010-05-04,17.01,17.01,16.19,16.35,51200,72,836810
2010-05-05,16.35,16.98,15.8,16.2,127600,58,2064940
2010-05-06,16.5,17.0,15.7,17.0,82200,73,1374944
2010-05-07,16.99,16.99,16.3,16.5,148100,89,2431855
2010-05-10,18.08,18.13,17.6,17.65,222200,147,3927642
2010-05-11,17.5,17.9,17.5,17.7,1113900,113,19707237
2010-05-12,17.65,17.68,17.49,17.51,194200,175,3405754
2010-05-13,17.6,17.7,17.43,17.7,213100,245,3754444
2010-05-14,17.56,17.7,17.5,17.65,620000,206,10936665
2010-05-17,17.56,17.7,17.55,17.66,20100,17,354302
2010-05-18,17.7,17.7,17.59,17.6,2319000,301,40819378
2010-05-19,17.6,17.62,17.5,17.5,935200,75,16449527
2010-05-20,17.45,17.55,17.45,17.54,824900,324,14407627
2010-05-21,17.5,17.52,17.3,17.3,579400,513,10109600
2010-05-24,17.45,17.52,17.32,17.47,1076100,946,18821094
2010-05-25,17.33,17.5,17.33,17.35,68800,19,1195463
2010-05-26,17.33,17.5,17.33,17.49,1659900,156,28816150
2010-05-27,17.4,17.67,17.37,17.6,1086800,30,19021041
2010-05-28,17.7,17.7,17.5,17.68,20800,20,367837
2010-06-01,17.68,17.68,17.5,17.6,5700,6,100686
2010-06-02,17.57,17.69,17.57,17.68,1200,6,21131
2010-06-04,17.67,17.7,17.64,17.69,4700,9,83020
2010-06-07,17.59,17.6,17.49,17.49,179300,64,3140289
2010-06-08,17.7,17.9,17.6,17.87,2254600,52,40020684
2010-06-09,17.9,17.9,17.85,17.85,133200,6,2377770
2010-06-10,17.96,17.96,17.9,17.9,255800,30,4580352
2010-06-11,17.9,17.95,17.9,17.94,160400,18,2872442
2010-06-14,17.9,17.9,17.9,17.9,183900,14,3291810
2010-06-15,17.98,17.98,17.92,17.98,106000,33,1902027
2010-06-16,18.0,18.08,17.94,18.0,31900,30,572845
2010-06-17,18.04,18.04,18.0,18.0,2600,11,46811
2010-06-18,17.95,18.0,17.95,18.0,30500,18,550209
2010-06-21,18.0,18.09,18.0,18.0,343800,67,6188696
2010-06-22,18.0,18.03,18.0,18.03,14500,13,261085
2010-06-23,18.08,18.08,18.01,18.03,13300,14,239675
2010-06-24,18.02,18.1,17.95,18.1,272000,180,4897192
2010-06-28,18.03,18.11,18.03,18.1,34900,15,631491
2010-06-29,18.11,18.12,18.05,18.1,61900,49,1120607
2010-06-30,18.06,18.14,18.06,18.1,124500,28,2254563
2010-07-01,18.18,18.18,18.0,18.12,300600,27,5433083
2010-07-02,18.04,18.1,18.04,18.1,1200,2,21714
2010-07-05,18.11,18.13,18.1,18.13,2000,6,36213
2010-07-06,18.11,18.13,18.11,18.11,4300,5,77875
2010-07-07,18.11,18.15,18.11,18.15,50200,7,911105
2010-07-08,18.11,18.18,18.1,18.18,279600,12,5063503
2010-07-12,18.17,18.17,18.11,18.15,13600,4,246846
2010-07-13,18.15,18.19,18.15,18.15,433900,54,7888103
2010-07-14,18.16,18.16,18.15,18.16,412300,8,7487099
2010-07-15,18.23,18.23,18.16,18.17,313700,11,5696992
2010-07-16,18.16,18.19,18.12,18.19,472700,11,8583769
2010-07-19,18.15,18.2,18.14,18.14,529700,16,9613836
2010-07-20,18.16,18.18,18.15,18.18,938600,18,17044806
2010-07-21,18.17,18.26,18.17,18.22,392000,19,7122706
2010-07-22,18.16,18.19,18.16,18.17,59900,15,1088434
2010-07-23,18.18,18.18,18.18,18.18,48200,13,876276
2010-07-26,18.2,18.25,18.2,18.25,64500,8,1174325
2010-07-27,18.25,18.27,18.25,18.26,10700,8,195393
2010-07-28,18.26,18.32,18.22,18.29,583900,19,10644630
2010-07-29,18.3,18.3,18.18,18.27,2101200,12,38273950
2010-07-30,18.23,18.3,18.2,18.3,1526500,14,27812631
2010-08-02,18.22,18.29,18.22,18.29,1127400,12,20570136
2010-08-03,18.24,18.3,18.24,18.3,136200,3,2484354
2010-08-04,18.3,18.32,18.3,18.32,5700,11,104417
2010-08-05,18.25,18.35,18.25,18.3,45400,12,832770
2010-08-06,18.3,18.34,18.3,18.34,6900,6,126542
2010-08-09,18.3,18.35,18.3,18.35,203500,6,3724185
2010-08-10,18.37,18.37,18.36,18.37,3400,6,62455
2010-08-11,18.29,18.37,18.29,18.37,2000,7,36672
2010-08-12,18.31,18.38,18.31,18.38,84900,3,1554582
2010-08-13,18.39,18.39,18.35,18.39,1200,3,22028
2010-08-17,18.4,18.4,18.4,18.4,900,1,16560
2010-08-18,18.35,18.4,18.35,18.4,10100,4,185340
2010-08-19,18.36,18.4,18.36,18.4,3300,5,60665
2010-08-20,18.4,18.45,18.4,18.41,34300,14,632320
2010-08-23,18.4,18.45,18.4,18.42,5000,6,92154
2010-08-24,18.42,18.45,18.42,18.45,52800,5,974154
2010-08-25,18.4,18.47,18.4,18.47,37600,12,692752
2010-08-26,18.43,18.48,18.43,18.48,8800,3,162434
2010-08-27,18.48,18.48,18.43,18.45,32800,8,604929
2010-08-30,18.43,18.49,18.43,18.48,16800,9,310491
2010-08-31,18.49,18.49,18.45,18.49,26100,9,481781
2010-09-01,18.4,18.49,18.4,18.48,43200,12,798265
2010-09-02,18.47,18.5,18.47,18.5,1000,3,18494
2010-09-03,18.48,18.48,18.45,18.48,657700,8,12154287
2010-09-08,18.47,18.49,18.45,18.49,163100,8,3009213
2010-09-09,18.49,18.52,18.49,18.52,3800,6,70350
2010-09-10,18.45,18.48,18.45,18.48,8000,7,147797
2010-09-13,18.41,18.52,18.41,18.52,6300,9,116494
2010-09-14,18.52,18.53,18.52,18.53,4400,3,81530
2010-09-15,18.56,18.56,18.56,18.56,400,3,7424
2010-09-16,18.47,18.56,18.47,18.56,850000,3,15758995
2010-09-17,18.57,18.58,18.52,18.57,11000,8,204286
2010-09-20,18.56,18.56,18.56,18.56,255300,1,4738368
2010-09-21,18.59,18.6,18.59,18.59,9900,28,184061
2010-09-22,18.6,18.6,18.6,18.6,1600,2,29760
2010-09-23,18.6,18.6,18.59,18.59,82500,8,1533677
2010-09-24,18.56,18.62,18.56,18.62,24200,94,450570
2010-09-27,18.62,18.62,18.62,18.62,6400,3,119168
2010-09-28,18.63,18.63,18.57,18.62,11000,4,204531
2010-09-29,18.58,18.62,18.58,18.62,200,2,3720
2010-09-30,18.57,18.63,18.57,18.63,17400,10,323397
2010-10-01,18.55,18.63,18.55,18.63,10700,33,199222
2010-10-05,18.63,18.64,18.63,18.64,49700,8,926407
2010-10-06,18.61,18.66,18.61,18.66,5900,10,110074
2010-10-07,18.69,18.69,18.6,18.69,16200,8,302727
2010-10-08,18.69,18.69,18.64,18.68,11800,8,220100
2010-10-11,18.69,18.76,18.69,18.74,100000,155,1871169
2010-10-13,18.74,18.74,18.73,18.74,36800,18,689630
2010-10-14,18.74,18.75,18.74,18.75,6300,9,118122
2010-10-15,18.78,18.78,18.7,18.75,400,4,7498
2010-10-18,18.75,18.75,18.7,18.75,10500,8,196865
2010-10-19,18.76,18.76,18.73,18.75,4900,6,91844
2010-10-20,18.73,18.76,18.71,18.76,17700,8,331817
2010-10-21,18.75,18.76,18.75,18.76,37800,8,708794
2010-10-22,18.75,18.75,18.72,18.75,19300,9,361845
2010-10-25,18.75,18.75,18.71,18.75,170000,8,3185182
2010-10-26,18.75,18.76,18.72,18.76,501900,38,9400588
2010-10-27,18.75,18.75,18.75,18.75,32600,20,611250
2010-10-28,18.75,18.75,18.75,18.75,100,1,1875
2010-10-29,18.75,18.75,18.75,18.75,11000,12,206286
2010-11-01,18.75,18.79,18.7,18.79,258200,21,4843365
2010-11-03,18.75,18.81,18.75,18.81,7900,3,148575
2010-11-04,18.75,18.81,18.75,18.81,4600,5,86503
2010-11-05,18.81,18.81,18.77,18.81,1400,4,26323
2010-11-08,18.81,18.81,18.79,18.81,4800,15,90286
2010-11-09,18.81,18.81,18.81,18.81,3800,2,71478
2010-11-10,18.78,18.81,18.78,18.81,1100,2,20661
2010-11-11,18.85,18.85,18.85,18.85,1500,3,28275
2010-11-12,18.78,18.84,18.78,18.84,1600,4,30078
2010-11-16,18.84,18.87,18.79,18.87,202800,9,3824540
2010-11-17,18.89,18.89,18.89,18.89,1400,1,26446
2010-11-18,18.81,18.9,18.81,18.89,146000,16,2758760
2010-11-19,18.9,18.91,18.9,18.91,2700,5,51054
2010-11-23,18.91,18.93,18.91,18.93,2100,5,39729
2010-11-24,18.94,18.95,18.94,18.95,198600,11,3761550
2010-11-25,18.96,18.96,18.94,18.94,53900,9,1020890
2010-11-26,18.95,18.96,18.94,18.96,64300,5,1218064
2010-11-29,18.91,18.95,18.91,18.95,2200,3,41642
2010-11-30,18.94,18.97,18.94,18.97,115700,16,2192042
2010-12-01,18.97,18.98,18.94,18.98,4100,7,77808
2010-12-02,18.95,18.95,18.95,18.95,20200,4,382790
2010-12-03,18.98,18.98,18.98,18.98,2600,3,49348
2010-12-06,18.96,19.0,18.96,19.0,8300,8,157695
2010-12-07,19.0,19.02,18.98,19.01,19100,73,362912
2010-12-08,19.01,19.02,19.01,19.02,7100,4,135032
2010-12-09,19.0,19.04,19.0,19.03,12500,9,237538
2010-12-10,19.0,19.03,19.0,19.03,65400,6,1242681
2010-12-13,19.03,19.05,19.02,19.05,127800,4,2431442
2010-12-14,18.91,19.02,18.9,19.02,10000,4,189610
2010-12-15,19.1,19.1,19.1,19.1,23200,7,443120
2010-12-16,18.56,19.04,18.51,19.04,16700,29,314076
2010-12-17,19.0,19.1,18.81,19.1,1400,4,26523
2010-12-20,19.13,20.7,19.13,20.5,1100,3,22102
2010-12-21,21.11,21.11,19.0,19.0,29400,11,560505
2010-12-22,19.0,19.1,19.0,19.0,2500,4,47540
2010-12-23,19.13,19.16,19.0,19.08,252300,9,4817765
2010-12-28,19.08,19.16,19.08,19.16,18700,3,356806
2010-12-30,19.08,19.08,19.0,19.0,200,2,3808
2011-01-03,19.2,19.2,19.2,19.2,100,1,1920
2011-01-05,18.9,19.2,18.9,19.2,1200,3,22810
2011-01-11,19.01,19.24,19.01,19.24,33500,4,636972
2011-01-12,19.26,19.3,19.26,19.3,223900,10,4315155
