Date,Open,High,Low,Close,Volume,Neg,Fin
2010-01-04,9.42638,9.62589,9.18698,9.28673,232700,157,2193898
2010-01-05,9.37651,9.37651,9.20693,9.33661,59100,52,551574
2010-01-06,9.33661,9.35656,9.22688,9.31666,64400,77,601892
2010-01-07,9.37651,9.37651,9.27676,9.31666,109300,90,1023918
2010-01-08,9.47626,10.27426,9.36654,10.23436,782800,723,7702598
2010-01-11,10.32414,10.32414,9.86528,10.02489,302400,338,3055623
2010-01-12,9.91516,9.92514,9.77551,9.91516,61400,60,603935
2010-01-13,9.76553,10.12463,9.76553,9.82539,25100,51,246956
2010-01-14,9.82539,10.01491,9.74559,9.84533,30400,49,298868
2010-01-15,9.64583,9.97501,9.43636,9.81541,77200,117,746347
2010-01-18,9.86528,10.06479,9.68573,9.76553,54800,57,536964
2010-01-19,9.91516,9.91516,9.68573,9.72563,61200,34,599743
2010-01-20,9.71566,9.72563,9.47626,9.47626,121600,52,1160145
2010-01-21,9.42638,9.62589,8.97751,9.26678,74700,110,692347
2010-01-22,9.17701,9.28673,9.02738,9.14708,27300,41,250195
2010-01-26,9.14708,9.17701,8.78798,9.02738,125100,177,1121912
2010-01-27,8.97751,9.14708,8.85781,9.03736,38300,52,344433
2010-01-28,9.08723,9.08723,8.77801,8.97751,77100,75,687313
2010-01-29,9.10718,9.17701,8.98748,9.17701,40900,53,373400
2010-02-01,8.97751,9.14708,8.97751,9.14708,11400,25,104010
2010-02-02,9.17701,9.22688,8.98748,9.21691,31500,60,287893
2010-02-03,9.23686,9.23686,9.03736,9.07726,41600,48,381023
2010-02-04,8.98748,9.17701,8.77801,8.92763,23600,65,210962
2010-02-05,8.74808,8.85781,8.38898,8.58848,81600,94,703704
2010-02-08,8.84783,8.85781,8.67826,8.76803,19500,20,171873
2010-02-09,8.76803,8.97751,8.71816,8.86778,48200,61,425908
2010-02-10,9.00743,9.00743,8.67826,8.87776,12600,24,110572
2010-02-11,8.87776,9.12713,8.81791,9.12713,30100,48,271738
2010-02-12,9.17701,9.17701,8.91766,9.09721,31900,24,287927
2010-02-17,9.21691,9.22688,8.98748,9.18698,12400,14,113642
2010-02-18,9.18698,9.47626,9.17701,9.42638,104300,51,981888
2010-02-19,9.27676,9.71566,9.27676,9.47626,86800,79,829378
2010-02-22,9.47626,9.61591,9.19696,9.47626,39800,99,375139
2010-02-23,9.32663,9.51616,9.31666,9.47626,16600,33,155908
2010-02-24,9.46628,9.46628,9.23686,9.32663,53000,108,495227
2010-02-25,9.34658,9.77551,9.12713,9.77551,67800,56,651396
2010-02-26,9.85531,9.91516,9.49621,9.91516,61400,54,605389
2010-03-01,9.87526,9.87526,9.68573,9.68573,11900,30,117135
2010-03-02,9.68573,9.85531,9.57601,9.57601,16400,20,159720
2010-03-03,9.50618,9.70568,9.37651,9.67576,13400,29,127854
2010-03-04,9.67576,9.67576,9.27676,9.50618,28300,23,269511
2010-03-05,9.47626,9.58598,9.13711,9.56604,22700,35,215750
2010-03-08,9.62589,9.69571,9.43636,9.52613,8800,18,84959
2010-03-09,9.37651,9.67576,9.37651,9.67576,10800,20,104426
2010-03-10,9.68573,9.80543,9.54608,9.80543,23400,38,227572
2010-03-11,9.76553,9.76553,9.42638,9.57601,8000,15,76815
2010-03-12,9.81541,9.82539,9.41641,9.71566,51200,39,497470
2010-03-15,9.66578,9.71566,9.47626,9.71566,31500,27,304973
2010-03-16,9.40644,9.74559,9.40644,9.61591,352800,23,3401485
2010-03-17,9.71566,9.72563,9.57601,9.62589,9800,25,94558
2010-03-18,9.57601,9.73561,9.51616,9.60594,9000,17,86558
2010-03-19,9.52613,9.57601,9.39646,9.53611,15400,24,146745
2010-03-22,9.54608,9.56604,9.33661,9.51616,13800,24,131479
2010-03-23,9.52613,9.52613,9.39646,9.47626,9000,15,85418
2010-03-24,9.51616,9.51616,9.43636,9.47626,1600,6,15189
2010-03-25,9.55606,9.55606,9.40644,9.55606,18100,16,172905
2010-03-26,9.67576,10.02489,9.57601,9.97501,351900,434,3466911
2010-03-29,9.97501,10.11466,9.90519,10.02489,34400,65,345126
2010-03-30,10.02489,10.05481,9.92514,9.97501,17200,68,171986
2010-03-31,9.99496,10.37401,9.83536,10.37401,92800,105,945139
2010-04-01,10.32414,10.47376,10.03486,10.07476,23600,42,240886
2010-04-05,10.31416,10.31416,10.04484,10.06479,23900,34,241403
2010-04-06,10.31416,10.34409,9.97501,9.97501,11100,16,112251
2010-04-07,10.25431,10.25431,9.68573,9.97501,48700,74,485637
2010-04-08,10.05481,10.05481,9.72563,9.95506,92500,52,911024
2010-04-09,10.00494,10.07476,9.77551,10.07476,46300,38,462705
2010-04-12,9.95506,10.08473,9.80543,10.06479,8200,21,81564
2010-04-13,9.87526,10.05481,9.74559,10.05481,34400,46,344482
2010-04-14,10.07476,10.31416,9.94509,10.05481,764200,125,7705549
2010-04-15,10.34409,10.34409,9.92514,10.21441,27300,37,278480
2010-04-16,10.27426,10.36404,10.07476,10.22439,3100,9,31639
2010-04-19,10.27426,10.27426,9.92514,10.17451,41100,45,413569
2010-04-20,10.20443,10.20443,9.86528,9.86528,36500,33,363339
2010-04-22,9.86528,9.97501,9.86528,9.88523,22100,39,219575
2010-04-23,10.10468,10.10468,9.96504,9.96504,10500,21,105525
2010-04-26,10.04484,10.04484,9.82539,9.82539,14100,28,139831
2010-04-27,9.82539,9.82539,9.48623,9.48623,15700,24,151010
2010-04-28,9.84508,9.84508,9.24537,9.49525,8500,21,80219
2010-04-29,9.42529,10.005,9.24537,10.005,38800,58,372519
2010-04-30,9.97501,9.995,9.69515,9.97501,59700,32,594693
2010-05-03,9.94502,9.94502,9.65517,9.91504,14200,15,140780
2010-05-04,9.62519,9.71514,9.43528,9.54523,40000,61,380899
2010-05-05,9.32533,9.75512,9.31534,9.75512,23000,65,220461
2010-05-06,9.87506,9.87506,9.1954,9.57521,12600,23,120464
2010-05-07,9.73513,9.73513,9.31534,9.5952,21200,18,201118
2010-05-10,9.70514,9.76511,9.53523,9.56521,13600,19,130805
2010-05-11,9.70514,9.70514,9.49525,9.5952,24200,20,233720
2010-05-12,9.49525,9.94502,9.44527,9.7951,21200,25,206643
2010-05-13,9.73513,10.09495,9.61519,10.09495,45600,38,456978
2010-05-14,9.80509,9.94502,9.48525,9.76511,46800,137,454361
2010-05-17,9.57521,9.64517,9.3953,9.45527,47900,38,456083
2010-05-18,9.3953,9.52523,9.3953,9.44527,12800,11,120872
2010-05-19,9.26537,9.31534,9.04548,9.31534,29100,56,269531
2010-05-20,9.09545,9.09545,8.89555,9.09545,34700,33,313344
2010-05-21,9.3953,9.49525,9.33533,9.34533,9500,19,89018
2010-05-24,9.10544,9.34533,9.05547,9.33533,17000,41,155051
2010-05-25,9.1954,9.32533,9.17541,9.32533,13200,12,122554
2010-05-26,9.44527,9.44527,8.54572,8.54572,67200,91,591507
2010-05-27,8.95552,9.06546,8.7856,8.9855,62200,76,554421
2010-05-28,8.9855,9.14542,8.9855,9.14542,13200,13,120415
2010-05-31,9.1954,9.29535,8.9955,9.28535,34900,39,320179
2010-06-01,9.29535,9.29535,8.89555,8.89555,15200,22,136837
2010-06-02,8.97551,9.14542,8.81559,8.81559,27700,38,247442
2010-06-04,8.83558,8.94552,8.75562,8.94552,8400,19,74722
2010-06-07,8.84558,8.88556,8.76562,8.76562,8600,15,75639
2010-06-08,8.75562,8.9955,8.71564,8.71564,20600,42,180125
2010-06-09,8.8056,8.89555,8.7956,8.7956,3000,9,26502
2010-06-10,8.94552,9.24537,8.94552,9.09545,7100,30,64707
2010-06-11,9.24537,9.24537,9.1954,9.1954,2900,2,26685
2010-06-14,9.0055,9.16541,8.9955,9.16541,15300,29,139640
2010-06-15,9.1854,9.1854,9.01549,9.17541,7000,33,63796
2010-06-16,9.22538,9.22538,9.07546,9.20539,20000,11,182972
2010-06-17,9.23538,9.23538,9.05547,9.1954,7900,12,72072
2010-06-18,9.21539,9.21539,9.07546,9.1954,8900,14,81359
2010-06-21,9.25537,9.25537,8.89555,8.94552,52000,70,468168
2010-06-22,8.85557,8.9955,8.76562,8.95552,31800,40,283479
2010-06-23,8.91554,8.9955,8.7856,8.89555,35600,46,315763
2010-06-24,8.96552,8.96552,8.68565,8.7956,30600,59,269012
2010-06-25,8.7956,8.89555,8.71564,8.83558,20500,35,180576
2010-06-28,8.83558,8.86556,8.69565,8.84558,26600,54,233697
2010-06-29,8.74562,8.74562,8.61569,8.71564,13500,40,117265
2010-06-30,8.69565,9.1954,8.69565,9.1854,88600,73,801145
2010-07-01,8.92554,9.06546,8.84558,9.04548,23900,20,214477
2010-07-02,8.8056,9.09545,8.8056,9.09545,5800,9,52602
2010-07-05,8.9955,9.09545,8.9955,9.07546,9100,6,82590
2010-07-06,9.24537,9.24537,8.86556,8.88556,68200,53,609954
2010-07-07,9.08545,9.08545,8.88556,8.94552,19400,23,173252
2010-07-08,8.86556,9.08545,8.86556,9.03548,9700,36,87172
2010-07-12,9.15542,9.15542,8.92554,8.92554,10000,69,90035
2010-07-13,9.08545,9.08545,8.73563,8.75562,72100,90,638221
2010-07-14,8.84558,8.97551,8.83558,8.97551,10100,49,90006
2010-07-15,8.94552,8.9955,8.8056,8.8056,8300,42,73648
2010-07-16,8.89555,8.89555,8.73563,8.88556,107300,22,954384
2010-07-19,8.74562,8.84558,8.74562,8.75562,270700,26,2383705
2010-07-20,8.7956,8.7956,8.71564,8.71564,147000,23,1292508
2010-07-21,8.71564,8.87556,8.67566,8.73563,44100,92,384933
2010-07-22,8.74562,8.82558,8.71564,8.71564,14700,40,128984
2010-07-23,8.84558,8.87556,8.68565,8.7956,89000,101,779205
2010-07-26,8.82558,8.9955,8.82558,8.87556,33300,61,296214
2010-07-27,8.86556,8.97551,8.7956,8.89555,32600,96,288238
2010-07-28,8.89555,8.97551,8.7856,8.96552,13600,33,120698
2010-07-29,8.89555,8.97551,8.88556,8.95552,27100,95,241895
2010-07-30,9.03548,9.13543,8.81559,9.13543,101600,367,920604
2010-08-02,9.05547,9.61519,9.04548,9.54523,177100,199,1645691
2010-08-03,9.51524,9.61519,9.49525,9.5952,31700,47,303411
2010-08-04,9.5952,9.7851,9.46527,9.50525,20400,72,197176
2010-08-05,9.69515,9.89505,9.65517,9.72513,22400,45,217645
2010-08-06,9.93503,9.97501,9.68515,9.68515,15400,28,149669
2010-08-09,9.69515,9.69515,9.52523,9.65517,17100,13,165595
2010-08-10,9.50525,9.63518,9.46527,9.46527,12900,14,123200
2010-08-11,9.46527,9.56521,9.1954,9.35532,15600,18,144849
2010-08-12,9.35532,9.49525,9.17541,9.46527,18400,43,173841
2010-08-13,9.3953,9.74512,9.30535,9.30535,370400,100,3543583
2010-08-16,9.69515,9.69515,9.1954,9.43528,28600,40,266988
2010-08-17,9.49525,9.71514,9.37531,9.54523,51000,115,484879
2010-08-18,9.5952,9.94502,9.5952,9.89505,60300,60,587760
2010-08-19,9.70514,9.91504,9.64517,9.89505,43900,34,430622
2010-08-20,9.75512,9.89505,9.73513,9.89505,39600,38,390386
2010-08-23,9.77511,9.90504,9.74512,9.77511,26200,22,256096
2010-08-24,9.64517,9.64517,9.49525,9.54523,45600,49,435256
2010-08-25,9.54523,9.82508,9.44527,9.5952,77800,135,746776
2010-08-26,9.68515,9.86506,9.49525,9.49525,20000,21,191266
2010-08-27,9.74512,9.87506,9.69515,9.82508,12300,39,119863
2010-08-30,9.58521,9.82508,9.58521,9.69515,5700,11,55453
2010-08-31,9.84508,9.84508,9.47526,9.68515,37700,52,362926
2010-09-01,9.51524,9.77511,9.51524,9.77511,4000,10,39043
2010-09-02,9.52523,9.73513,9.52523,9.73513,4400,12,42580
2010-09-03,9.73513,9.73513,9.55522,9.69515,7300,12,70590
2010-09-06,9.70514,9.83508,9.70514,9.83508,400,3,3897
2010-09-08,9.65517,9.73513,9.5952,9.69515,30300,27,293291
2010-09-09,9.5952,9.69515,9.54523,9.68515,8400,10,81035
2010-09-10,9.67516,9.84508,9.40529,9.40529,36000,30,343361
2010-09-13,9.5952,9.77511,9.57521,9.57521,13000,18,124903
2010-09-14,9.61519,9.62519,9.30535,9.30535,10400,28,97874
2010-09-15,9.30535,9.56521,9.30535,9.56521,1900,12,17997
2010-09-16,9.5952,9.60519,9.34533,9.52523,3700,23,35124
2010-09-17,9.5952,9.5952,9.49525,9.49525,1900,8,18071
2010-09-20,9.52523,9.54523,9.42529,9.42529,6100,10,57789
2010-09-21,9.52523,9.52523,9.33533,9.52523,8800,20,83626
2010-09-22,9.42529,9.69515,9.42529,9.54523,4300,14,41309
2010-09-23,9.49525,9.54523,9.3953,9.54523,11700,21,110859
2010-09-24,9.54523,9.84508,9.50525,9.57521,38200,98,369469
2010-09-27,9.60519,9.72513,9.50525,9.72513,8100,15,77427
2010-09-28,9.69515,9.69515,9.63518,9.67516,6600,8,63947
2010-09-29,9.71514,9.74512,9.52523,9.69515,23400,23,226219
2010-09-30,9.68515,9.84508,9.57521,9.69515,8500,17,82840
2010-10-01,9.69515,9.84508,9.37531,9.56521,46800,78,445974
2010-10-04,9.52523,9.7851,9.52523,9.73513,9400,19,90321
2010-10-05,9.73513,10.08496,9.70514,9.86506,89900,68,890314
2010-10-06,9.69515,9.89505,9.68515,9.7851,19200,43,187912
2010-10-07,9.88506,9.88506,9.68515,9.76511,69200,72,673066
2010-10-08,9.76511,9.88506,9.73513,9.7951,5300,19,52005
2010-10-11,9.69515,9.7951,9.64517,9.74512,16100,82,156477
2010-10-13,9.74512,10.24487,9.69515,9.69515,103900,76,1018877
2010-10-14,9.65517,9.70514,9.50525,9.69515,670000,88,6432226
2010-10-15,9.76511,10.24487,9.76511,10.005,116200,192,1168603
2010-10-18,10.04498,10.24487,9.80509,9.985,65700,22,646549
2010-10-19,9.995,10.15492,9.90504,9.995,16400,26,163996
2010-10-20,9.90504,9.995,9.89505,9.89505,34000,25,337527
2010-10-21,9.81509,9.985,9.7951,9.93503,9800,67,96951
2010-10-22,9.985,10.09495,9.80509,9.985,21400,87,212342
2010-10-25,9.985,10.005,9.85507,9.85507,31900,41,315957
2010-10-26,9.84508,10.08496,9.81509,9.84508,62900,34,619727
2010-10-27,10.04498,10.04498,9.83508,9.985,3300,4,33018
2010-10-28,9.985,10.07496,9.93503,9.995,14000,23,139722
2010-10-29,9.86506,10.3848,9.7951,10.1949,183100,75,1846370
2010-11-01,10.24487,10.24487,10.04498,10.1949,119500,33,1218387
2010-11-03,10.09495,10.25487,10.02498,10.15492,17400,34,176857
2010-11-04,10.15492,10.37481,10.11494,10.37481,39100,36,401042
2010-11-05,10.07496,10.74463,10.07496,10.69465,21900,69,228707
2010-11-08,10.69465,10.69465,10.09495,10.25487,120400,83,1229626
2010-11-09,10.29485,10.47476,10.29485,10.44477,301600,6,3106738
2010-11-10,10.5947,10.5947,10.29485,10.44477,63400,18,657172
2010-11-11,10.44477,10.54473,10.44477,10.48475,2500,4,26191
2010-11-12,10.49475,10.69465,10.36481,10.58471,61300,85,645481
2010-11-16,10.64467,10.69465,10.1949,10.55472,29700,36,310760
2010-11-17,10.65467,10.67466,10.3948,10.67466,20000,22,211591
2010-11-18,10.70465,11.13443,10.70465,11.07446,104100,62,1142151
2010-11-19,11.10444,11.10444,10.7946,10.89455,18900,42,209135
2010-11-22,10.9945,10.9945,10.69465,10.84457,120100,56,1300525
2010-11-23,10.74463,10.84457,10.47476,10.83458,18400,25,196296
2010-11-24,11.08445,11.10444,10.72463,11.08445,34800,33,382461
2010-11-25,10.97451,10.97451,10.60469,10.95452,29300,27,316377
2010-11-26,10.89455,10.89455,10.67466,10.7946,9200,20,98997
2010-11-29,10.84457,10.84457,10.84457,10.84457,5200,3,56420
2010-11-30,10.7946,11.08445,10.70465,10.93453,26400,24,288415
2010-12-01,10.93453,11.1844,10.93453,11.09445,34700,39,384524
2010-12-02,11.1944,11.44427,11.07446,11.3943,43500,106,493231
2010-12-03,11.46426,11.64417,11.3943,11.48425,12500,45,143296
2010-12-06,11.5942,11.994,11.5942,11.96402,135900,91,1610386
2010-12-07,11.77411,11.97401,11.69415,11.89405,67600,44,803944
2010-12-08,11.93403,11.94402,11.5842,11.88406,58500,68,685006
2010-12-09,11.64417,11.67416,11.63418,11.64417,17800,20,207514
2010-12-10,11.74412,11.86406,11.49425,11.49425,13200,28,152792
2010-12-13,11.73413,11.88406,11.5942,11.83408,78700,41,918755
2010-12-14,11.89405,12.9835,11.89405,12.44377,228800,133,2791150
2010-12-15,12.64367,12.9835,12.49375,12.9835,118600,121,1500958
2010-12-16,12.61369,12.70364,12.24387,12.63368,103600,62,1307573
2010-12-17,12.7936,12.86356,12.54373,12.74362,136700,43,1736024
2010-12-20,12.69365,12.89355,12.53373,12.5837,51700,125,658425
2010-12-21,12.85357,12.88356,12.69365,12.88356,96700,51,1241624
2010-12-22,12.89355,12.91354,12.71364,12.71364,25900,22,331412
2010-12-23,12.82358,12.82358,12.55372,12.71364,73900,63,941978
2010-12-27,12.81359,12.82358,12.61369,12.81359,16100,33,205764
2010-12-28,12.7936,12.81359,12.74362,12.74362,60400,15,772979
2010-12-29,12.74362,12.86356,12.74362,12.7836,58200,48,744481
2010-12-30,12.89355,13.48325,12.7836,13.26336,234300,118,3106244
2011-01-03,13.32333,13.67316,13.1934,13.51324,280500,66,3771260
2011-01-04,13.49325,13.64317,13.47326,13.64317,589100,96,7963358
2011-01-05,13.64317,13.89305,13.64317,13.66317,113300,81,1562217
2011-01-06,13.70315,13.80309,13.65317,13.73313,244800,155,3357869
2011-01-07,13.7931,13.7931,13.64317,13.69315,114000,61,1561129
2011-01-10,13.52323,13.83308,13.52323,13.83308,176600,35,2418709
2011-01-11,13.84307,14.65267,13.84307,14.23288,54300,77,770428
2011-01-12,14.01299,14.57271,14.00299,14.41279,121200,72,1750597
2011-01-13,14.53273,14.5827,14.00299,14.44277,55800,44,805761
2011-01-14,14.42278,14.90254,14.42278,14.74262,185000,78,2718699
2011-01-17,14.97251,14.9925,14.85257,14.89255,22600,52,337570
2011-01-18,14.9825,15.09245,14.62268,14.77261,62800,64,926481
2011-01-19,14.61269,14.64267,14.31284,14.43278,87200,55,1254955
2011-01-20,14.69265,14.69265,14.3828,14.67266,56600,17,821038
2011-01-21,14.42278,14.54272,14.33283,14.54272,19600,44,282861
2011-01-24,14.54272,14.73263,14.36281,14.69265,145700,43,2116461
2011-01-26,14.69265,14.9925,14.49275,14.9925,454100,118,6765007
2011-01-27,15.23238,15.35232,15.06246,15.13243,42500,89,644761
2011-01-28,15.1824,15.1924,14.84258,14.89255,187000,197,2797967
2011-01-31,14.9925,15.04247,14.49275,14.49275,224900,71,3344503
2011-02-01,14.3928,14.92253,14.3928,14.74262,557500,33,8249435
2011-02-02,14.69265,14.69265,14.5927,14.5927,288900,47,4218000
2011-02-03,14.53273,14.77261,14.49275,14.69265,152900,93,2241794
2011-02-04,14.3828,14.7826,14.3828,14.66266,318900,144,4666485
2011-02-07,14.69265,14.7926,14.69265,14.7926,37300,14,551790
2011-02-08,14.7926,14.7926,14.5927,14.5927,43400,38,636867
2011-02-09,14.5927,14.84258,14.40279,14.73263,5000,16,72582
2011-02-10,14.65267,14.73263,14.44277,14.48275,1238500,29,18082622
2011-02-11,14.5827,14.5827,14.1829,14.29285,158700,39,2276110
2011-02-14,14.56271,14.75262,14.3928,14.53273,378200,32,5447111
2011-02-15,14.5927,14.5927,14.3928,14.49275,109600,24,1579604
2011-02-16,14.44277,14.5827,14.44277,14.45277,277600,16,4017561
2011-02-17,14.5927,14.5927,14.3928,14.50274,100100,40,1451730
2011-02-18,14.50274,14.89255,14.50274,14.85257,121900,241,1792148
2011-02-21,14.53273,14.94252,14.53273,14.82258,8800,15,129900
2011-02-22,14.74262,14.9825,14.63268,14.90254,74100,356,1103013
2011-02-23,14.91254,15.89205,14.81259,15.85207,170500,226,2608020
2011-02-24,15.992,15.992,15.5822,15.84208,45300,297,717470
2011-02-25,15.88206,15.88206,15.56221,15.69215,56300,217,883117
2011-02-28,15.56221,15.87206,15.29235,15.64217,270700,76,4194632
2011-03-01,15.69215,15.69215,15.16241,15.37231,264400,65,4087810
2011-03-02,15.29235,15.5922,15.29235,15.48225,81000,95,1242147
2011-03-03,15.84208,15.84208,15.5922,15.75212,15200,113,239332
2011-03-04,15.77211,15.88206,15.1924,15.1924,37400,60,580423
2011-03-09,15.48225,15.88206,15.48225,15.83208,10000,46,157989
2011-03-10,15.7921,15.7921,15.44227,15.7921,12400,38,195406
2011-03-14,15.38231,15.7821,15.38231,15.7821,5100,33,80173
2011-03-15,15.74212,15.74212,15.20239,15.74212,8700,22,135209
2011-03-16,15.52223,15.69215,15.49225,15.66216,8500,18,132431
2011-03-17,15.51224,15.76212,15.49225,15.64217,8600,14,133963
2011-03-18,15.76212,15.87206,15.72213,15.87206,587100,29,9248307
2011-03-21,15.86206,16.1919,15.84208,16.08195,29300,53,468474
2011-03-22,16.08195,16.14192,15.84208,16.14192,25400,59,406156
2011-03-23,15.992,15.992,15.48225,15.96202,46400,130,732910
2011-03-24,15.52223,15.7821,15.49225,15.69215,28600,24,447628
2011-03-25,15.67216,15.68215,15.01249,15.01249,95100,146,1440854
2011-03-28,14.9925,15.24237,14.3828,15.00249,115800,81,1738294
2011-03-29,15.1824,15.22238,14.9925,15.22238,29100,14,437008
2011-03-30,15.09245,15.27236,15.09245,15.27236,14600,36,221919
2011-03-31,15.27236,15.92204,15.27236,15.68215,49800,155,776075
2011-04-01,15.92204,16.97151,15.68215,16.69165,214100,305,3459669
2011-04-04,16.73163,17.44127,16.40179,17.08146,74200,326,1271278
2011-04-05,17.14142,17.14142,16.52174,17.08146,7100,30,120139
2011-04-06,16.74162,17.03148,16.74162,16.7916,18200,69,306214
2011-04-07,17.08146,17.08146,16.31184,16.34183,139600,211,2303645
2011-04-08,16.49175,16.90154,16.49175,16.72163,30000,64,499296
2011-04-11,16.72163,16.88155,16.72163,16.82158,18800,23,316872
2011-04-12,16.85157,16.89155,16.7916,16.80159,6100,15,102629
2011-04-13,16.65167,16.89155,16.24187,16.89155,13600,24,227026
2011-04-14,16.87156,16.88155,16.64167,16.83158,7700,11,129074
2011-04-15,16.57171,17.34133,16.57171,17.04147,34900,168,595827
2011-04-18,16.65167,16.7916,16.3918,16.75162,16700,27,277562
2011-04-19,16.7916,16.9915,16.7916,16.96151,2000,10,33907
2011-04-20,16.9915,17.24137,16.65167,16.94152,8900,44,150613
2011-04-25,16.9815,16.9815,16.64167,16.89155,1700,12,28692
2011-04-26,16.85157,16.85157,16.85157,16.85157,700,1,11802
2011-04-27,16.7916,16.7916,16.50175,16.5917,10000,17,166050
2011-04-28,16.73163,16.88155,16.36182,16.88155,42600,94,708562
2011-04-29,16.9915,17.73113,16.62168,17.5912,81600,284,1409834
2011-05-02,17.5,18.11,17.5,17.85,43200,19,774402
2011-05-03,17.8,17.9,17.5,17.83,20500,26,363782
2011-05-04,17.83,17.83,17.47,17.78,13100,58,232086
2011-05-05,17.63,18.0,17.6,18.0,33600,55,598892
2011-05-06,17.82,17.97,17.62,17.95,15500,45,276066
2011-05-09,17.95,18.0,17.78,18.0,15200,24,273435
2011-05-10,17.99,18.0,17.99,18.0,9100,8,163790
2011-05-11,18.0,19.0,17.1,17.37,101600,135,1777597
2011-05-12,17.11,17.68,17.11,17.46,11300,19,196591
2011-05-13,17.6,17.81,17.17,17.3,15400,51,267742
2011-05-16,17.41,17.41,16.98,16.99,33200,47,565654
2011-05-17,16.81,17.3,16.7,16.87,85200,39,1429979
2011-05-18,17.0,17.0,16.1,16.1,120700,145,1968229
2011-05-19,15.92,16.3,15.8,16.25,57300,190,918658
2011-05-20,16.25,16.25,15.8,16.25,76500,65,1219235
2011-05-23,16.59,16.6,15.91,16.25,9700,19,157754
2011-05-24,16.49,16.5,16.24,16.24,26500,6,430464
2011-05-25,16.24,16.64,16.05,16.2,133800,28,2170725
2011-05-26,16.2,16.25,16.0,16.25,25700,38,413054
2011-05-27,16.23,16.24,16.07,16.24,1500,11,24322
2011-05-30,16.24,16.25,16.24,16.25,900,2,14624
2011-05-31,16.25,16.25,16.03,16.25,45900,23,745613
2011-06-01,16.25,16.25,16.0,16.25,47000,24,760554
2011-06-02,16.25,16.25,16.2,16.25,10000,12,162430
2011-06-03,16.24,16.39,16.18,16.39,13000,10,211308
2011-06-06,16.31,16.31,16.1,16.25,5100,11,82496
2011-06-07,16.2,16.25,16.06,16.25,65500,58,1060055
2011-06-08,16.25,16.25,16.11,16.18,20800,20,336411
2011-06-09,16.07,16.25,15.92,16.25,15600,30,251204
2011-06-10,15.91,16.19,15.82,16.17,45500,41,725509
2011-06-13,16.17,16.21,15.81,16.1,69500,87,1112676
2011-06-14,16.05,16.23,16.0,16.22,34600,18,555522
2011-06-15,15.9,16.13,15.9,16.13,5700,14,91393
2011-06-16,15.88,16.14,15.7,15.73,24300,51,383943
2011-06-17,16.12,16.12,15.16,15.79,48500,92,755580
2011-06-20,15.5,16.15,15.5,16.14,27900,93,443854
2011-06-21,15.69,16.14,15.64,16.05,22900,105,364863
2011-06-22,16.22,16.25,15.94,16.21,5800,26,93692
2011-06-24,15.86,16.14,15.85,15.85,47700,65,758740
2011-06-27,16.19,16.19,15.63,16.03,8300,37,132023
2011-06-28,16.24,16.25,16.0,16.12,9300,46,150000
2011-06-29,16.39,16.4,16.0,16.0,64600,108,1036959
2011-06-30,16.21,16.25,16.15,16.25,103100,39,1673374
2011-07-01,16.09,16.25,16.05,16.24,62400,171,1013400
2011-07-04,16.03,16.16,16.03,16.15,8000,14,128829
2011-07-05,15.96,16.22,15.92,16.08,25700,49,410952
2011-07-06,16.09,16.18,16.09,16.15,4600,9,74192
2011-07-07,16.18,16.18,15.9,16.03,27300,35,437453
2011-07-08,15.93,15.94,15.71,15.78,28400,45,448266
2011-07-11,15.31,15.99,15.31,15.87,2700,8,42328
2011-07-12,15.71,15.92,15.63,15.9,6400,18,101167
2011-07-13,15.9,16.13,15.61,15.61,55700,83,878853
2011-07-14,16.03,16.03,15.02,16.0,42100,84,655970
2011-07-15,15.75,15.9,15.65,15.9,10000,19,158233
2011-07-18,15.7,15.85,15.63,15.85,16600,23,262083
2011-07-19,16.09,16.09,15.75,16.07,34800,23,548873
2011-07-20,16.2,16.2,15.82,16.15,51000,47,822472
2011-07-21,16.0,16.22,16.0,16.22,40100,56,646573
2011-07-22,16.24,16.25,16.0,16.0,662900,73,10619067
2011-07-25,16.39,16.39,15.9,16.2,307100,41,4916155
2011-07-26,16.2,16.93,16.2,16.51,52300,143,861108
2011-07-27,16.85,17.5,16.5,16.99,374000,231,6298830
2011-07-28,16.95,17.89,16.69,17.5,315100,170,5322820
2011-07-29,17.49,17.9,16.87,17.65,100200,179,1743721
2011-08-01,17.7,17.79,17.32,17.71,55000,174,973003
2011-08-02,17.89,18.0,17.29,17.42,63800,166,1124344
2011-08-03,17.6,17.79,17.17,17.49,90100,157,1575328
2011-08-04,17.49,17.62,17.08,17.62,42100,70,729700
2011-08-05,17.1,17.49,17.0,17.1,114300,259,1954051
2011-08-08,16.9,17.49,16.51,16.98,277500,198,4674367
2011-08-09,17.0,17.0,16.7,16.78,54800,44,927984
2011-08-10,16.8,16.94,16.69,16.8,38200,50,641364
2011-08-11,16.9,16.9,16.6,16.6,24200,31,404042
2011-08-12,16.5,16.77,16.5,16.65,6700,25,111436
2011-08-15,16.89,16.89,16.79,16.84,79500,67,1339336
2011-08-16,16.83,16.85,16.75,16.85,10500,13,176773
2011-08-17,16.84,16.84,16.65,16.65,19200,21,320647
2011-08-18,16.6,16.85,16.02,16.85,6900,29,115068
2011-08-19,16.35,17.49,16.33,16.94,32000,58,540551
2011-08-22,16.99,16.99,16.63,16.98,59900,42,1013996
2011-08-23,16.95,16.95,16.65,16.8,20100,82,337844
2011-08-24,16.64,16.68,16.24,16.6,22500,140,371456
2011-08-25,16.9,16.9,16.6,16.7,35700,8,596164
2011-08-26,16.51,16.88,16.51,16.8,11200,57,187640
2011-08-29,16.55,16.84,16.55,16.76,2100,17,35085
2011-08-30,16.74,16.74,16.6,16.74,3100,13,51811
2011-08-31,16.89,17.2,16.89,17.05,323800,170,5545215
2011-09-01,17.1,17.1,17.0,17.05,18300,86,312000
2011-09-02,17.1,17.11,16.9,17.11,24800,14,424023
2011-09-05,17.1,17.15,17.0,17.05,9700,26,165241
2011-09-06,17.0,17.1,16.95,17.05,13300,17,226273
2011-09-08,17.0,17.1,17.0,17.05,338800,35,5761853
2011-09-09,17.0,17.05,16.86,17.05,12600,65,213818
2011-09-12,16.9,17.04,16.8,17.04,5300,26,89643
2011-09-13,16.81,17.13,16.81,17.13,98400,35,1673472
2011-09-14,16.93,17.14,16.9,17.14,24800,16,420007
2011-09-15,17.2,18.0,16.95,17.7,77000,61,1313772
2011-09-16,17.99,17.99,17.0,17.4,26400,46,457135
2011-09-19,17.3,17.8,17.3,17.8,155100,6,2683484
2011-09-20,17.85,17.85,17.7,17.84,700,6,12474
2011-09-21,17.84,17.84,17.5,17.75,10900,18,192872
2011-09-22,17.3,17.64,17.22,17.6,5000,16,86971
2011-09-23,17.2,17.79,17.11,17.79,20800,73,360014
2011-09-26,17.68,17.69,17.22,17.55,10500,59,182997
2011-09-27,17.4,17.65,17.3,17.65,6700,17,117082
2011-09-29,17.41,17.66,17.2,17.65,51500,68,897440
2011-09-30,17.41,17.69,16.88,17.69,79000,145,1372016
2011-10-03,17.59,17.6,17.25,17.3,23700,73,411130
2011-10-04,17.3,17.4,17.07,17.3,35600,114,612344
2011-10-05,17.54,17.54,17.35,17.5,13600,32,236045
2011-10-06,17.35,17.48,16.86,17.28,102900,258,1760639
2011-10-07,17.11,17.15,17.1,17.15,45600,29,779856
2011-10-10,18.69,18.77,18.67,18.68,1562500,425,29210382
2011-10-11,18.67,18.77,18.6,18.6,367800,50,6866741
2011-10-13,18.84,18.84,18.66,18.73,13600,65,254022
2011-10-14,18.81,18.81,18.61,18.72,78300,16,1465598
2011-10-17,18.75,18.76,18.65,18.73,129800,64,2427885
2011-10-18,18.75,18.85,18.56,18.85,39700,53,742108
2011-10-19,18.8,18.9,18.7,18.89,77800,67,1459843
2011-10-20,18.72,18.94,18.7,18.89,246000,66,4640911
2011-10-21,18.84,18.92,18.69,18.92,240700,148,4545210
2011-10-24,18.92,18.95,18.75,18.85,141800,218,2672450
2011-10-25,18.85,18.9,18.84,18.9,34800,93,655896
2011-10-26,18.95,18.95,18.83,18.9,14700,59,277514
2011-10-27,18.98,18.98,18.85,18.95,216500,177,4081797
2011-10-28,18.86,18.95,18.83,18.95,22400,25,422930
2011-10-31,18.86,18.94,18.45,18.9,108300,374,2028249
2011-11-01,18.75,18.93,18.56,18.85,111800,168,2094222
2011-11-03,18.9,18.95,18.7,18.95,43600,119,819014
2011-11-04,18.5,19.09,18.5,18.96,30700,55,581383
2011-11-07,18.8,18.94,18.79,18.92,9800,45,184938
2011-11-08,18.83,19.0,18.83,18.9,24100,100,455317
2011-11-09,18.86,18.96,18.85,18.9,15600,83,294819
2011-11-10,18.91,19.18,18.9,18.94,12900,48,244320
2011-11-11,19.0,19.0,18.82,18.99,93700,22,1766792
2011-11-14,18.91,18.96,18.8,18.95,78000,67,1474170
2011-11-16,18.85,19.15,18.85,19.1,18000,32,342286
2011-11-17,19.1,19.11,18.85,19.11,29400,32,561063
2011-11-18,19.0,19.1,18.91,19.1,16000,62,304167
2011-11-21,19.1,19.1,19.05,19.1,1600,5,30540
2011-11-22,19.11,19.25,19.05,19.1,9400,49,179539
2011-11-23,19.22,19.22,18.95,19.05,52400,37,997073
2011-11-24,19.1,19.2,19.06,19.06,6100,9,116731
2011-11-25,19.15,19.15,19.1,19.15,10900,4,208495
2011-11-28,19.1,19.25,19.05,19.15,202100,58,3868256
2011-11-29,19.21,19.24,19.14,19.17,165800,95,3179095
2011-11-30,19.16,19.26,19.08,19.26,33700,49,645810
2011-12-01,19.16,19.25,19.15,19.24,22200,50,425848
2011-12-02,19.11,19.25,19.1,19.25,29900,22,572940
2011-12-06,19.13,19.21,19.13,19.21,9500,12,182468
2011-12-07,19.25,19.25,19.08,19.23,151900,35,2913310
2011-12-08,19.16,19.24,19.16,19.23,7800,56,149652
2011-12-09,19.25,19.6,19.15,19.25,56600,102,1091184
2011-12-12,19.25,19.36,19.2,19.35,161400,100,3115221
2011-12-13,19.34,19.34,19.27,19.29,45200,9,872240
2011-12-14,19.29,19.35,19.29,19.34,50500,45,976440
2011-12-15,19.33,19.34,19.31,19.34,27400,35,529814
2011-12-16,19.34,19.91,19.33,19.38,13700,33,265072
2011-12-19,19.37,19.37,19.3,19.36,30600,51,591394
2011-12-20,19.32,19.35,19.31,19.35,43900,91,848211
2011-12-21,19.29,19.39,19.29,19.39,14900,25,288233
2011-12-22,19.35,19.41,19.33,19.41,12900,10,249516
2011-12-23,19.39,19.42,19.36,19.4,17200,42,333685
2011-12-26,19.35,19.39,19.3,19.39,12000,4,232153
2011-12-27,19.1,19.39,19.1,19.39,3100,11,59970
2011-12-28,19.3,19.36,19.25,19.35,6100,12,117951
2011-12-29,19.37,19.5,19.37,19.4,12600,13,244354
2012-01-02,19.25,19.4,19.25,19.4,4600,13,89025
2012-01-03,19.24,19.98,19.24,19.41,5700,17,110776
2012-01-04,19.59,19.59,19.46,19.5,10400,47,202606
2012-01-05,19.5,19.52,19.47,19.52,300,3,5849
2012-01-09,19.5,19.52,19.48,19.48,2300,5,44884
2012-01-10,19.66,19.66,19.48,19.5,3500,5,68204
2012-01-11,19.48,19.64,19.48,19.64,4400,22,85814
2012-01-12,19.64,19.64,19.5,19.54,1300,8,25371
2012-01-13,19.5,19.52,19.46,19.52,28600,7,557700
2012-01-16,19.5,19.63,19.5,19.6,82800,4,1614623
2012-01-17,19.5,19.65,19.5,19.65,15600,21,304613
2012-01-18,19.8,19.8,19.51,19.62,700,7,13721
