Date,Open,High,Low,Close,Volume,Neg,Fin
2012-04-11,4.57163,4.57163,4.57163,4.57163,200,1,4002
2012-04-17,4.56935,4.56935,4.56935,4.56935,5000,1,100000
2012-04-20,4.59219,4.59219,4.59219,4.59219,2400,1,48240
2012-04-23,4.56935,4.56935,4.56935,4.56935,95100,3,1902000
2012-04-24,4.56935,4.56935,4.56935,4.56935,1000,1,20000
2012-05-02,5.02628,5.02628,5.02628,5.02628,1000,2,22000
2012-05-07,4.79781,4.79781,4.79781,4.79781,2700,1,56700
2012-05-09,4.56935,4.56935,4.56935,4.56935,8900,10,178000
2012-05-14,4.56935,4.56935,4.56935,4.56935,3100,3,62000
2012-05-15,4.56935,4.56935,4.56935,4.56935,1500,1,30000
2012-05-16,4.57163,4.57163,4.57163,4.57163,200,1,4002
2012-05-17,4.56935,4.56935,4.56935,4.56935,37300,3,746000
2012-05-18,4.56935,4.56935,4.56935,4.56935,400,1,8000
2012-05-23,4.63789,4.63789,4.38657,4.38657,55100,4,1101950
2012-05-29,4.34545,4.34545,4.34088,4.34088,800,3,15206
2012-06-01,4.34088,4.34088,4.34088,4.34088,10000,4,190000
2012-06-06,4.34088,4.34088,4.34088,4.34088,39700,1,754300
2012-06-08,4.34088,4.34088,4.34088,4.34088,100,1,1900
2012-06-15,4.13069,4.13069,4.13069,4.13069,100,1,1808
2012-06-18,4.11241,4.11241,4.11241,4.11241,100,1,1800
2012-06-27,4.14668,4.14668,4.14668,4.14668,700,3,12705
2012-06-28,4.11241,4.11241,4.11241,4.11241,255000,6,4590000
2012-07-05,3.65776,4.1581,3.65776,4.1581,200,2,3421
2012-07-11,4.1581,4.1581,4.1581,4.1581,400,2,7280
2012-07-18,4.1581,4.1581,4.1581,4.1581,100,1,1820
2012-08-09,4.34088,4.34088,4.34088,4.34088,100,1,1900
2012-08-10,4.40942,4.40942,4.40942,4.40942,100,1,1930
2012-08-20,4.13983,4.13983,4.13983,4.13983,100,1,1812
2012-09-03,4.06672,4.06672,4.06672,4.06672,100,1,1780
2012-09-06,4.10099,4.10099,4.10099,4.10099,100,1,1795
2012-09-10,3.93192,3.93192,3.93192,3.93192,100,1,1721
2012-09-11,4.11241,4.11241,4.11241,4.11241,100,1,1800
2012-09-12,4.13526,4.13526,4.13526,4.13526,200,2,3620
2012-09-14,4.11241,4.11241,4.11241,4.11241,100,1,1800
2012-10-15,3.88394,3.88394,3.88394,3.88394,5100,5,86700
2012-10-16,3.88394,3.88394,3.88394,3.88394,300,1,5100
2012-10-22,3.88623,3.88623,3.88623,3.88623,1300,3,22113
2012-10-23,3.88623,3.88623,3.88623,3.88623,11800,4,200718
2012-10-24,3.88623,3.88623,3.88623,3.88623,4800,2,81648
2012-10-25,3.88623,3.88623,3.88623,3.88623,4500,3,76545
2012-10-29,3.88394,3.88394,3.88394,3.88394,18200,2,309400
2012-11-06,3.76971,3.76971,3.76971,3.76971,1200,1,19800
2012-11-14,4.08956,4.08956,4.08956,4.08956,100,1,1790
2012-11-19,4.08956,4.08956,4.08956,4.08956,100,1,1790
2012-11-27,4.11241,4.1147,4.11241,4.1147,4100,3,73801
2012-11-28,4.11241,4.11241,4.11241,4.11241,21600,4,388800
2012-12-10,4.11241,4.11241,4.11241,4.11241,700,1,12600
2012-12-13,4.11241,4.11241,4.11241,4.11241,2000,1,36000
2012-12-18,4.11241,4.11241,4.11241,4.11241,4900,1,88200
2012-12-19,4.11241,4.11241,4.11241,4.11241,5700,1,102600
2012-12-20,4.11241,4.11241,4.11241,4.11241,6700,1,120600
2012-12-21,4.1147,4.1147,4.1147,4.1147,3500,3,63035
2012-12-26,4.11241,4.11241,4.11241,4.11241,100,1,1800
2012-12-27,4.11241,4.11241,4.11241,4.11241,400,1,7200
2012-12-28,4.11241,4.11241,4.11241,4.11241,1700,3,30600
2013-01-03,4.11241,4.11241,4.11241,4.11241,100,1,1800
2013-01-04,4.11241,4.11241,4.11241,4.11241,600,2,10800
2013-01-08,4.11241,4.11241,4.11241,4.11241,5800,1,104400
2013-01-17,4.11241,4.11241,4.11241,4.11241,100,1,1800
2013-02-18,4.1147,4.11698,4.1147,4.11698,8700,2,156772
2013-02-26,5.12909,5.12909,5.12909,5.12909,1100,4,24695
2013-02-27,5.14051,5.14051,5.14051,5.14051,21000,5,472500
2013-03-06,5.14051,5.14051,5.14051,5.14051,100,1,2250
2013-03-12,5.36898,5.36898,5.25475,5.25475,500,4,11700
2013-03-27,5.25475,5.25475,5.25475,5.25475,2400,1,55200
2013-04-01,4.79781,5.25475,4.79781,5.25475,1400,2,30800
2013-04-02,5.48321,5.48321,5.48321,5.48321,300,1,7200
2013-04-03,5.36898,5.36898,5.36898,5.36898,50600,2,1189100
2013-04-05,5.39183,5.39183,5.39183,5.39183,9900,1,233640
2013-04-24,5.39614,5.39614,5.39614,5.39614,12700,1,299720
2013-05-07,4.84281,5.60193,4.84281,5.25896,1500,5,34018
2013-05-13,5.71626,5.71626,5.71626,5.71626,400,2,10000
2013-05-14,6.17356,6.17356,6.17356,6.17356,8300,1,224100
2013-05-15,6.05923,6.05923,6.05923,6.05923,100,1,2650
2013-05-23,6.05923,6.05923,6.05923,6.05923,100,1,2650
2013-06-05,5.71626,5.71626,5.71626,5.71626,500,1,12500
2013-06-10,5.73912,5.73912,5.73912,5.73912,100,1,2510
2013-06-25,5.73912,5.73912,5.73912,5.73912,4300,1,107930
2013-06-28,5.37328,5.37328,5.28182,5.28182,700,2,16250
2013-07-01,5.25896,5.25896,5.25896,5.25896,100,1,2300
2013-07-02,5.25896,5.25896,5.25896,5.25896,5400,3,124200
2013-07-03,5.25896,5.25896,5.25896,5.25896,5500,1,126500
2013-07-04,5.25896,5.25896,5.25896,5.25896,8700,1,200100
2013-07-08,5.0303,5.0303,4.80165,4.80165,700,3,14868
2013-07-15,5.25896,5.25896,5.21094,5.21094,14200,2,323639
2013-07-22,5.00287,5.00287,5.00287,5.00287,100,1,2188
2013-07-23,5.00287,5.00287,5.00287,5.00287,1800,1,39384
2013-07-24,5.25896,5.26353,5.25896,5.26353,2200,2,50640
2013-07-25,5.26581,5.26581,5.26581,5.26581,1900,1,43757
2013-07-26,5.26581,5.26581,5.26581,5.26581,2000,1,46060
2013-07-29,5.26581,5.26581,5.26581,5.26581,1700,1,39151
2013-07-30,5.27267,5.27267,5.27267,5.27267,2200,1,50732
2013-07-31,5.27039,5.28411,5.27039,5.28411,2300,3,53141
2013-08-01,5.29554,5.29554,5.29554,5.29554,1900,1,44004
2013-08-02,5.30697,5.30697,5.30697,5.30697,2200,1,51062
2013-08-20,5.25896,5.48761,5.25896,5.48761,1100,3,26300
2013-09-04,5.48761,5.71626,5.48761,5.71626,1400,3,34000
2013-09-10,5.71626,5.71626,5.71626,5.71626,1100,7,27500
2013-09-16,5.94491,5.94491,5.94491,5.94491,1000,1,26000
2013-09-18,5.71626,5.71626,5.71626,5.71626,1000,1,25000
2013-09-19,5.71626,5.71626,5.71626,5.71626,1000,1,25000
2013-09-20,5.71626,5.71626,5.71626,5.71626,100,1,2500
2013-09-26,5.25896,5.25896,5.25896,5.25896,400,1,9200
2013-09-27,5.64685,5.64685,5.64685,5.64685,800,2,19200
2013-10-02,6.58799,6.58799,6.58799,6.58799,100,1,2800
2013-10-10,5.99977,5.99977,5.99977,5.99977,1000,2,25500
2013-10-17,6.49387,6.49387,6.49387,6.49387,100,1,2760
2013-10-18,6.58799,6.70563,6.58799,6.70563,4400,5,125350
2013-10-21,6.71043,6.71043,6.71043,6.71043,1400,3,39130
2013-10-28,6.69843,6.96252,6.69843,6.96252,1200,2,34470
2013-10-31,7.20261,7.20261,7.20261,7.20261,2500,3,75000
2013-11-01,7.20261,7.20261,7.20261,7.20261,2600,2,78000
2013-11-05,7.20021,7.20261,7.20021,7.20261,500,3,14998
2013-11-07,7.56274,7.56274,7.56274,7.56274,500,2,15750
2013-11-08,7.32265,7.32265,7.32265,7.32265,3600,3,109800
2013-11-11,7.4427,7.4427,7.20261,7.20261,1000,4,30500
2013-11-14,7.20261,7.20261,7.20261,7.20261,1600,4,48000
2013-11-18,7.4427,7.4427,7.4427,7.4427,1500,2,46500
2013-11-19,7.4427,7.4427,7.4427,7.4427,1500,1,46500
2013-11-21,7.4427,7.4427,7.20261,7.4427,4100,9,127000
2013-11-22,7.4427,7.4427,7.4427,7.4427,4000,3,124000
2013-11-28,8.63353,8.63353,8.63353,8.63353,100,1,899
2013-11-29,8.59511,8.64313,8.59511,8.61432,15400,10,138418
2013-12-06,8.64313,8.64313,8.64313,8.64313,900,3,8100
2013-12-09,9.12331,9.12331,9.12331,9.12331,1200,2,11400
2013-12-10,9.59388,9.59388,9.59388,9.59388,300,3,2997
2013-12-11,9.59388,9.59388,9.59388,9.59388,300,1,2997
2013-12-12,9.78594,9.78594,9.60348,9.60348,1000,6,10114
2013-12-13,9.12331,9.13291,9.12331,9.13291,1900,6,18052
2013-12-16,7.9997,8.64313,7.9997,8.64313,19000,9,158881
2013-12-17,8.64313,8.64313,8.64313,8.64313,200,1,1800
2013-12-19,7.9997,8.07653,7.9997,8.07653,2800,3,23538
2013-12-23,7.9997,7.9997,7.21221,7.21221,2900,9,22367
2014-01-08,6.98173,6.98173,6.98173,6.98173,700,2,5089
2014-01-16,8.16296,8.16296,8.16296,8.16296,2400,2,20400
2014-01-24,6.72244,6.72244,6.01178,6.01178,4600,21,31005
2014-01-27,6.59759,6.59759,6.59759,6.59759,100,1,687
2014-01-28,6.59759,6.59759,6.59759,6.59759,100,1,687
2014-01-29,6.59759,6.59759,6.59759,6.59759,600,1,4122
2014-01-30,7.20261,7.20261,7.20261,7.20261,500,1,3750
2014-01-31,7.20261,8.09573,6.31909,6.45354,4600,35,34115
2014-02-03,6.14623,6.43433,6.14623,6.43433,200,2,1310
2014-02-10,5.95416,5.97336,5.95416,5.97336,200,2,1242
2014-02-13,6.71283,7.15459,6.09821,6.09821,1000,9,6880
2014-02-18,6.3383,6.3383,6.3383,6.3383,100,1,660
2014-02-20,6.14623,6.14623,6.14623,6.14623,300,2,1920
2014-02-21,6.14623,6.14623,6.14623,6.14623,400,1,2560
2014-02-24,5.76209,5.76209,5.76209,5.76209,600,2,3600
2014-02-26,5.88693,5.88693,5.88693,5.88693,100,1,613
2014-03-07,5.87733,5.87733,5.76209,5.76209,400,4,2432
2014-03-12,5.76209,5.76209,5.76209,5.76209,11000,6,66000
2014-03-13,4.59046,4.59046,4.59046,4.59046,1800,5,8604
2014-03-14,5.28191,7.20261,5.28191,7.20261,2000,9,13149
2014-03-17,7.67318,7.67318,6.77045,6.77045,200,2,1504
2014-03-18,6.19424,6.19424,6.19424,6.19424,100,1,645
2014-03-19,6.25187,6.25187,6.25187,6.25187,100,1,651
2014-03-21,6.25187,6.25187,6.24226,6.24226,400,2,2602
2014-03-24,6.18464,6.42473,6.18464,6.42473,21700,9,141512
2014-03-25,6.25187,6.25187,6.25187,6.25187,13900,5,90489
2014-03-26,6.18464,6.18464,6.18464,6.18464,200,1,1288
2014-03-28,6.3575,6.36711,6.3575,6.36711,4700,3,31155
2014-04-02,6.46314,6.46314,6.46314,6.46314,100,1,673
2014-04-04,6.81847,6.81847,6.81847,6.81847,300,2,2130
2014-04-07,6.81847,6.91451,6.81847,6.91451,1100,3,7910
2014-04-09,6.96252,6.96252,6.96252,6.96252,200,2,1450
2014-04-11,6.079,6.72244,6.079,6.57838,24600,12,169987
2014-04-15,6.24226,6.24226,6.24226,6.24226,500,1,3250
2014-04-23,6.92411,6.92411,6.92411,6.92411,100,1,721
2014-04-25,6.71283,6.71283,6.71283,6.71283,400,1,2796
2014-04-29,6.079,7.30825,6.079,7.29864,1200,6,8793
2014-05-07,6.91451,7.29864,6.91451,7.29864,200,2,1480
2014-05-12,7.29864,7.58675,7.29864,7.58675,200,2,1550
2014-05-13,7.20261,7.58675,7.20261,7.22182,6900,12,53178
2014-05-14,7.22182,7.87485,7.20261,7.87485,7700,8,61788
2014-05-15,8.09573,8.09573,7.68278,7.68278,700,3,5683
2014-05-16,7.68278,7.68278,7.49071,7.49071,7000,2,55280
2014-05-19,7.21221,7.21221,7.21221,7.21221,200,1,1502
2014-05-20,7.21221,7.39468,7.21221,7.39468,1100,2,8432
2014-05-23,6.81847,6.81847,6.81847,6.81847,300,3,2130
2014-05-27,7.68278,7.68278,7.68278,7.68278,300,1,2400
2014-06-02,7.49071,8.08613,7.49071,8.08613,2400,2,20146
2014-06-03,7.77882,7.77882,7.21221,7.21221,400,2,3181
2014-06-04,7.58675,7.58675,7.58675,7.58675,800,3,6320
2014-06-05,7.58675,7.58675,7.58675,7.58675,2700,3,21330
2014-06-11,7.49071,7.68278,7.49071,7.68278,1100,2,8780
2014-06-13,7.68278,7.68278,7.68278,7.68278,1100,2,8800
2014-06-24,7.68278,8.11494,7.68278,8.11494,1100,2,8845
2014-06-30,6.25187,7.12578,6.25187,6.92411,600,6,4249
2014-07-01,7.29864,7.48111,7.29864,7.29864,4400,4,34010
2014-07-04,7.29864,7.29864,7.29864,7.29864,100,1,760
2014-07-07,7.29864,7.29864,7.29864,7.29864,100,1,760
2014-07-10,7.27944,7.27944,7.27944,7.27944,1000,1,7580
2014-07-11,7.20261,7.20261,7.20261,7.20261,6100,2,45750
2014-07-18,7.66358,7.66358,7.66358,7.66358,500,2,3990
2014-07-21,7.25063,7.25063,7.25063,7.25063,100,1,755
2014-07-22,7.21221,7.21221,5.96376,5.96376,1700,7,11077
2014-07-23,7.28904,8.16296,7.28904,7.29864,4600,19,37332
2014-07-24,7.39468,7.39468,7.29864,7.29864,800,3,6130
2014-07-28,6.91451,6.91451,6.91451,6.91451,100,1,720
2014-07-29,7.20261,7.20261,6.82807,6.82807,400,3,2922
2014-08-07,6.81847,6.81847,6.81847,6.81847,200,2,1420
2014-08-14,6.91451,6.91451,6.91451,6.91451,600,2,4320
2014-08-21,6.91451,6.91451,6.45354,6.45354,1200,4,8112
2014-08-25,6.45354,6.45354,6.45354,6.45354,200,1,1344
2014-08-26,7.20261,7.20261,7.20261,7.20261,400,2,3000
2014-09-04,7.76922,7.76922,7.76922,7.76922,300,2,2427
2014-09-09,7.76922,7.76922,7.76922,7.76922,200,1,1618
2014-09-10,6.82807,6.82807,6.82807,6.82807,100,1,711
2014-09-23,8.11494,8.16296,8.11494,8.16296,1100,5,9310
2014-09-24,7.68278,7.68278,7.68278,7.68278,300,2,2400
2014-09-25,7.77882,7.77882,7.68278,7.68278,800,5,6434
2014-09-26,7.68278,7.68278,6.72244,6.72244,1200,6,9043
2014-10-07,7.20261,7.20261,7.20261,7.20261,300,1,2250
2014-11-05,7.20261,7.20261,7.20261,7.20261,300,1,2250
2014-11-21,7.20261,7.20261,7.20261,7.20261,100,1,750
2014-12-09,6.72244,6.72244,6.72244,6.72244,100,1,700
2014-12-10,5.87733,6.24226,5.87733,6.24226,400,4,2486
2014-12-11,5.90614,5.90614,5.90614,5.90614,100,1,615
2014-12-12,5.76209,5.76209,5.76209,5.76209,100,1,600
2014-12-15,5.66605,5.66605,4.92659,4.92659,400,3,2206
2014-12-16,5.37795,5.37795,5.37795,5.37795,100,1,560
2014-12-26,6.53037,6.53037,6.53037,6.53037,100,1,680
2015-01-07,7.06816,7.06816,7.06816,7.06816,1000,3,7360
2015-01-13,7.08737,7.08737,7.08737,7.08737,1100,1,8118
2015-01-14,7.58675,7.58675,7.58675,7.58675,100,1,790
2015-02-11,7.39468,7.39468,7.39468,7.39468,100,1,770
2015-02-18,7.39468,7.39468,7.39468,7.39468,100,1,770
2015-04-06,5.76209,5.76209,5.76209,5.76209,200,2,1200
2015-04-15,5.28191,5.28191,5.15707,5.16667,700,4,3825
2015-04-16,5.28191,5.28191,5.28191,5.28191,300,1,1650
2015-04-30,5.46047,5.46047,5.46047,5.46047,100,1,550
2015-05-05,5.36119,5.36119,5.36119,5.36119,300,1,1620
2015-05-08,5.38105,5.95688,5.38105,5.95688,1300,5,7684
2015-05-15,5.46047,5.46047,5.46047,5.46047,100,1,550
2015-05-18,5.95688,5.95688,5.95688,5.95688,100,1,600
2015-05-21,5.60939,5.74839,5.36119,5.74839,6800,19,37497
2015-05-22,5.75832,5.95688,5.55975,5.75832,2500,5,14600
2015-05-25,5.95688,5.95688,5.95688,5.95688,200,1,1200
2015-05-26,6.15544,6.354,6.15544,6.354,500,2,3120
2015-05-27,6.354,6.354,6.354,6.354,100,1,640
2015-06-10,6.40364,6.40364,6.40364,6.40364,100,1,645
2015-06-17,6.45328,6.94969,6.45328,6.94969,400,2,2650
2015-06-24,5.75832,5.75832,5.75832,5.75832,100,1,580
2015-06-29,6.83055,6.83055,6.83055,6.83055,16900,3,116272
2015-07-03,5.95688,7.91272,5.95688,7.64466,3500,12,24233
2015-07-27,7.64466,7.64466,7.64466,7.64466,5700,5,43890
2015-08-04,7.63473,7.63473,7.63473,7.63473,500,1,3845
2015-08-11,7.23761,7.64466,7.23761,7.64466,9200,5,70734
2015-08-12,7.64466,7.64466,7.59502,7.59502,12500,4,96190
2015-08-18,7.64466,7.64466,7.64466,7.64466,13900,3,107030
2015-08-20,7.64466,7.65459,7.64466,7.65459,13200,4,101650
2015-08-24,7.64466,7.64466,7.54538,7.54538,10300,2,79260
2015-08-25,7.54538,7.54538,7.54538,7.54538,1000,2,7600
2015-08-27,7.64466,7.64466,7.64466,7.64466,14400,2,110880
2015-08-28,7.64466,7.64466,7.64466,7.64466,3100,1,23870
2015-08-31,7.64466,7.64466,7.64466,7.64466,9800,1,75460
2015-09-08,5.36119,5.36119,4.47759,4.9045,6500,13,31190
2015-09-09,5.77817,5.77817,4.2691,4.74565,6200,11,33558
2015-09-10,4.35845,4.42795,4.35845,4.42795,400,3,1769
2015-09-11,4.46766,4.46766,3.47485,3.47485,9800,18,40022
2015-09-14,3.57413,3.57413,3.47485,3.47485,400,3,1410
2015-09-15,3.39542,3.6337,3.01815,3.04794,5000,16,15651
2015-09-16,3.46492,3.46492,3.46492,3.46492,100,1,349
2015-09-17,3.30607,3.30607,3.30607,3.30607,200,1,666
2015-09-18,3.32592,3.32592,3.27628,3.27628,500,4,1660
2015-09-21,3.11743,3.27628,2.77988,3.27628,6800,22,20193
2015-09-22,2.68059,2.70045,2.38275,2.70045,10300,32,26535
2015-09-23,2.77988,2.77988,2.77988,2.77988,1200,3,3360
2015-09-25,2.77988,2.77988,2.77988,2.77988,700,2,1960
2015-09-29,2.43239,2.70045,2.43239,2.70045,10700,13,26933
2015-09-30,2.70045,2.70045,2.70045,2.70045,200,1,544
2015-10-01,2.68059,2.79973,2.68059,2.79973,3800,4,10602
2015-10-02,2.8593,2.8593,2.39268,2.44232,8000,29,20018
2015-10-05,2.58131,2.7898,2.30333,2.7898,2100,8,5528
2015-10-06,2.79973,2.93873,2.79973,2.9288,2300,6,6700
2015-10-07,2.91887,3.45499,2.91887,3.45499,8200,6,24551
2015-10-09,3.54434,3.54434,2.97844,2.98837,8300,9,25734
2015-10-13,3.37556,3.37556,3.37556,3.37556,100,1,340
2015-10-15,3.16707,3.177,3.16707,3.177,1200,2,3830
2015-10-16,3.02808,3.02808,3.02808,3.02808,300,1,915
2015-10-22,2.86923,3.30607,2.86923,3.30607,3800,6,11506
2015-10-28,2.79973,2.79973,2.79973,2.79973,600,5,1692
2015-10-29,2.38275,2.4721,2.38275,2.4721,1400,7,3393
2015-10-30,2.77988,2.97844,2.66074,2.87916,1500,10,4194
2015-11-03,2.87916,3.177,2.87916,3.177,8700,12,26979
2015-11-04,3.12736,3.12736,3.12736,3.12736,1000,1,3150
2015-11-05,2.73024,2.95858,2.73024,2.74016,1600,7,4428
2015-11-06,2.97844,2.97844,2.97844,2.97844,100,1,300
2015-11-09,2.73024,2.73024,2.73024,2.73024,400,1,1100
2015-11-10,2.74016,2.74016,2.73024,2.73024,7200,3,19804
2015-11-16,2.28347,2.38275,2.28347,2.33311,11400,16,26590
2015-11-17,2.58131,2.58131,2.58131,2.58131,2800,8,7280
2015-11-18,2.66074,2.87916,2.66074,2.87916,2600,9,7174
2015-11-19,2.95858,2.96851,2.95858,2.96851,1000,4,2981
2015-11-23,2.96851,2.96851,2.96851,2.96851,200,1,598
2015-11-25,2.95858,2.95858,2.95858,2.95858,200,1,596
2015-11-30,2.87916,2.87916,2.87916,2.87916,100,1,290
2015-12-01,2.38275,2.55153,2.18419,2.55153,19600,27,43979
2015-12-02,2.55153,2.55153,2.21397,2.21397,47600,22,106232
2015-12-03,2.45225,2.45225,2.21397,2.21397,34600,23,77239
2015-12-04,2.23383,2.23383,2.21397,2.21397,5100,3,11383
2015-12-07,2.2239,2.58131,2.2239,2.48203,11500,17,28141
2015-12-08,2.48203,2.48203,2.48203,2.48203,100,1,250
2015-12-09,2.28347,2.28347,2.2239,2.24376,5700,14,12917
2015-12-10,2.21397,2.21397,2.13455,2.13455,17000,10,36620
2015-12-11,2.08491,2.08491,1.93599,1.93599,3000,7,6015
2015-12-14,1.86649,1.86649,1.86649,1.86649,2800,6,5264
2015-12-15,2.02534,2.02534,2.02534,2.02534,100,1,204
2015-12-16,1.98563,1.98563,1.98563,1.98563,200,1,400
2015-12-18,1.93599,1.93599,1.86649,1.86649,2500,2,4735
2015-12-21,1.88634,1.88634,1.86649,1.86649,10000,5,18806
2015-12-22,1.76721,1.76721,1.31051,1.31051,4500,16,6323
2015-12-23,1.66793,1.66793,1.48922,1.50908,1400,6,2188
2015-12-28,1.54879,1.9757,1.54879,1.78706,800,5,1371
2015-12-29,1.43958,1.56864,1.43958,1.48922,25800,16,37675
2015-12-30,1.43958,1.43958,1.43958,1.43958,100,1,145
2016-01-04,1.41972,1.55872,1.19138,1.19138,17800,34,23228
2016-01-05,1.21123,1.45944,1.14173,1.24102,21900,17,26228
2016-01-06,1.24102,1.24102,1.19138,1.24102,20100,5,24515
2016-01-07,1.18145,1.18145,1.17152,1.17152,1600,5,1893
2016-01-08,1.17152,1.17152,1.17152,1.17152,3500,5,4130
2016-01-11,1.09209,1.09209,1.09209,1.09209,4000,6,4400
2016-01-12,1.09209,1.09209,1.07224,1.07224,20600,4,22588
2016-01-13,1.04245,1.04245,1.04245,1.04245,200,1,210
2016-01-14,1.18145,1.18145,1.18145,1.18145,300,2,357
2016-01-15,1.17152,1.18145,1.17152,1.17152,4400,5,5206
2016-01-18,1.19138,1.19138,1.09209,1.11195,1500,9,1711
2016-01-19,1.18145,1.18145,1.18145,1.18145,100,1,119
2016-01-20,1.2013,1.2013,1.19138,1.19138,500,3,604
2016-01-21,1.12188,1.12188,1.12188,1.12188,100,1,113
2016-01-26,1.11195,1.11195,1.11195,1.11195,400,2,448
2016-01-27,1.11195,1.11195,1.11195,1.11195,300,2,336
2016-01-28,1.11195,1.23109,1.11195,1.23109,1400,5,1712
2016-01-29,1.22116,1.22116,1.22116,1.22116,100,1,123
2016-02-01,1.33037,1.33037,1.33037,1.33037,200,2,268
2016-02-02,1.33037,1.3403,1.29066,1.30058,3200,6,4192
2016-02-03,1.26087,1.42965,1.26087,1.42965,1400,6,1953
2016-02-04,1.42965,1.48922,1.42965,1.48922,7300,13,10759
2016-02-05,1.48922,1.5885,1.42965,1.57857,9000,20,13675
2016-02-10,1.55872,1.55872,1.55872,1.55872,3000,3,4710
2016-02-11,1.53886,1.53886,1.53886,1.53886,100,1,155
2016-02-15,1.62821,1.62821,1.53886,1.5885,4800,7,7706
2016-02-16,1.61829,1.74735,1.61829,1.72749,14300,31,24120
2016-02-17,1.72749,1.86649,1.72749,1.86649,43400,44,79590
2016-02-18,1.8367,1.95584,1.8367,1.95584,300,3,579
2016-02-19,1.95584,1.98563,1.95584,1.98563,3600,6,7136
2016-02-22,1.9757,1.98563,1.8367,1.93599,25900,6,49573
2016-02-23,1.93599,1.93599,1.88634,1.88634,4400,3,8555
2016-02-24,1.88634,1.88634,1.8367,1.8367,1500,5,2825
2016-02-25,2.06505,2.06505,2.03527,2.03527,500,3,1034
2016-02-26,2.09484,2.14448,2.09484,2.13455,12600,12,27019
2016-02-29,2.1544,2.23383,2.13455,2.23383,4800,6,10369
2016-03-01,2.23383,2.23383,2.23383,2.23383,200,1,450
2016-03-02,2.19412,2.19412,2.19412,2.19412,400,2,884
2016-03-03,2.19412,2.27354,1.96577,1.9757,5900,13,12762
2016-03-04,2.28347,2.39268,2.25369,2.25369,23600,21,55465
2016-03-07,2.23383,2.41254,2.23383,2.41254,3800,6,9051
2016-03-08,2.41254,2.41254,2.2934,2.2934,1000,4,2322
2016-03-09,2.23383,2.23383,2.23383,2.23383,500,1,1125
2016-03-10,2.40261,2.40261,2.39268,2.39268,600,2,1447
2016-03-14,2.10476,2.35297,2.10476,2.35297,3300,13,7429
2016-03-15,2.35297,2.35297,2.35297,2.35297,200,2,474
2016-03-17,2.40261,2.42246,2.28347,2.28347,7800,19,18669
2016-03-18,2.43239,2.43239,2.40261,2.40261,5200,12,12734
2016-03-21,2.40261,2.41254,2.40261,2.41254,41500,5,100780
2016-03-22,2.37282,2.37282,2.37282,2.37282,400,1,956
2016-03-23,2.37282,2.42246,2.37282,2.37282,700,3,1678
2016-03-30,2.09484,2.40261,2.09484,2.40261,6900,10,14743
2016-04-01,2.09484,2.37282,2.09484,2.37282,800,5,1728
2016-04-04,2.38275,2.38275,2.37282,2.37282,6000,5,14399
2016-04-11,2.36289,2.36289,2.36289,2.36289,100,1,238
2016-04-12,2.33311,2.36289,2.18419,2.36289,8800,8,20660
2016-04-13,2.41254,2.73024,2.41254,2.73024,21700,16,55735
2016-04-14,2.73024,2.97844,2.39268,2.39268,3300,7,9198
2016-04-15,2.39268,2.39268,2.39268,2.39268,400,2,964
2016-04-19,2.40261,2.45225,2.39268,2.45225,2100,7,5102
2016-04-26,2.58131,2.58131,2.48203,2.57139,20500,7,51298
2016-04-27,2.60113,2.60113,2.60113,2.60113,400,1,1044
2016-04-28,2.64099,2.64099,2.59116,2.59116,2100,3,5512
2016-04-29,2.9599,2.9599,2.9599,2.9599,2800,8,8316
2016-05-02,2.9599,2.9599,2.79048,2.79048,3400,5,9967
2016-05-03,2.79048,2.79048,2.79048,2.79048,200,2,560
2016-05-06,2.70079,2.70079,2.70079,2.70079,100,1,271
2016-05-09,2.4915,2.69082,2.4915,2.69082,10200,4,25520
2016-05-10,2.87021,2.87021,2.87021,2.87021,100,1,288
2016-05-11,2.69082,2.96987,2.69082,2.81041,4200,31,11754
2016-05-12,2.96987,3.08946,2.89014,3.08946,6600,46,20057
2016-05-13,2.96987,3.06953,2.96987,3.06953,2800,3,8594
2016-05-16,3.43827,3.43827,3.41834,3.41834,2500,6,8616
2016-05-17,3.4283,3.4283,3.08946,3.08946,800,8,2623
2016-05-18,2.9898,2.9898,2.9898,2.9898,600,6,1800
2016-05-19,2.9898,2.9898,2.79048,2.79048,400,4,1160
2016-05-20,2.93997,2.93997,2.79048,2.79048,3300,31,9332
2016-05-25,2.79048,2.79048,2.79048,2.79048,1000,3,2800
2016-05-27,2.51143,2.69082,2.51143,2.69082,400,3,1062
2016-05-30,2.69082,2.69082,2.69082,2.69082,400,1,1080
2016-05-31,2.59116,2.59116,2.59116,2.59116,500,1,1300
2016-06-01,2.4915,2.4915,2.4915,2.4915,600,1,1500
2016-06-02,2.59116,2.59116,2.59116,2.59116,900,9,2340
2016-06-07,2.59116,2.59116,2.59116,2.59116,700,1,1820
2016-06-09,2.59116,2.60113,2.59116,2.60113,200,2,521
2016-06-13,2.4915,2.51143,2.4915,2.51143,3700,4,9320
2016-06-15,2.50147,2.50147,2.50147,2.50147,200,1,502
2016-06-16,2.4915,2.4915,2.4915,2.4915,100,1,250
2016-06-17,2.59116,2.62106,2.59116,2.59116,600,6,1563
2016-06-20,3.18912,3.21902,3.18912,3.18912,9400,53,30135
2016-06-21,3.18912,3.18912,3.18912,3.18912,4300,7,13760
2016-06-22,3.10939,3.10939,3.10939,3.10939,100,1,312
2016-06-23,3.18912,3.43827,3.0197,3.43827,2800,26,9392
2016-06-24,3.28878,3.28878,2.99977,2.99977,5300,32,17214
2016-06-27,2.78051,2.88017,2.78051,2.88017,400,3,1136
2016-06-28,3.13929,3.13929,2.91007,2.91007,300,3,921
2016-06-29,2.61109,2.61109,2.61109,2.61109,600,2,1572
2016-06-30,2.9898,3.08946,2.9898,3.08946,6200,22,19150
2016-07-01,3.09943,3.09943,3.09943,3.09943,200,1,622
2016-07-05,3.13929,3.13929,3.13929,3.13929,200,2,630
2016-07-06,3.14926,3.14926,2.90011,2.90011,600,4,1808
2016-07-07,3.0197,3.0197,2.99977,2.99977,200,2,604
2016-07-08,3.02966,3.02966,2.9898,2.9898,200,2,604
2016-07-11,3.16919,3.57779,3.16919,3.38844,2300,13,7838
2016-07-12,3.40837,3.40837,2.9898,2.9898,7200,18,23671
2016-07-13,3.27881,3.68742,3.20905,3.29875,8000,29,27137
2016-07-14,3.30871,3.44824,3.30871,3.37847,14100,28,47150
2016-07-15,3.43827,3.43827,3.30871,3.30871,4100,7,13776
2016-07-18,3.29875,3.53793,3.29875,3.52796,4000,28,13673
2016-07-19,3.52796,3.52796,3.52796,3.52796,1000,1,3540
2016-07-20,3.4881,3.4881,3.20905,3.4881,1500,8,4989
2016-07-21,3.58776,3.58776,3.44824,3.4881,1800,4,6446
2016-07-22,3.43827,3.4881,3.43827,3.4881,1500,3,5225
2016-07-25,3.43827,3.4881,3.43827,3.4881,2300,10,7980
2016-07-26,3.4881,3.4881,3.4881,3.4881,600,3,2100
2016-07-27,3.18912,3.18912,2.9898,2.99977,7200,55,22092
2016-07-28,2.9898,2.9898,2.70079,2.86024,15600,145,44448
2016-07-29,2.85028,2.89014,2.60113,2.89014,12000,47,33775
2016-08-01,2.93997,3.05956,2.93997,2.93997,18300,34,55431
2016-08-02,2.93997,2.94994,2.93997,2.93997,2000,20,5903
2016-08-03,2.89014,2.9599,2.79048,2.9599,3400,16,9664
2016-08-04,2.9599,2.9599,2.80045,2.82038,2000,7,5786
2016-08-05,2.79048,2.79048,2.70079,2.79048,700,5,1942
2016-08-09,2.93997,2.94994,2.93997,2.94994,15400,83,45495
2016-08-10,2.90011,2.90011,2.89014,2.90011,4600,26,13377
2016-08-11,2.89014,3.05956,2.89014,3.05956,17600,26,51967
2016-08-12,3.16919,3.16919,3.16919,3.16919,500,3,1590
2016-08-15,3.13929,3.13929,3.13929,3.13929,1100,3,3465
2016-08-16,3.08946,3.08946,2.94994,2.9898,3800,14,11410
2016-08-17,3.03963,3.03963,3.03963,3.03963,1000,1,3050
2016-08-18,3.05956,3.08946,2.92004,2.92004,1200,6,3637
2016-08-19,2.92004,2.9898,2.92004,2.9898,600,4,1772
2016-08-22,2.90011,2.94994,2.90011,2.93997,600,5,1760
2016-08-23,2.93997,2.96987,2.93997,2.96987,4500,11,13404
2016-08-24,2.93997,2.9898,2.93997,2.9599,3700,9,10928
2016-08-25,2.9898,2.9898,2.9599,2.9599,2900,6,8655
2016-08-26,2.9898,2.9898,2.9599,2.9599,9100,15,27042
2016-08-29,2.9599,2.9599,2.9599,2.9599,1800,1,5346
2016-08-30,2.90011,2.9898,2.79048,2.93997,7100,21,21017
2016-08-31,2.92004,2.92004,2.88017,2.88017,500,3,1458
2016-09-01,2.88017,2.89014,2.88017,2.88017,500,4,1446
2016-09-02,2.71075,3.03963,2.71075,3.03963,3500,8,10372
2016-09-05,2.9898,2.9898,2.9898,2.9898,400,2,1200
2016-09-06,2.96987,2.9898,2.96987,2.9898,1500,2,4490
2016-09-09,2.93997,2.93997,2.93997,2.93997,100,1,295
2016-09-12,2.87021,2.91007,2.85028,2.91007,700,5,2012
2016-09-14,3.01,3.02,3.0,3.02,8300,5,24983
2016-09-15,2.75,2.75,2.75,2.75,300,2,825
2016-09-16,2.78,2.78,2.78,2.78,300,2,834
2016-09-19,2.99,2.99,2.99,2.99,600,4,1794
2016-09-21,2.99,3.1,2.99,3.1,300,3,908
2016-09-22,3.03,3.03,2.95,2.95,200,2,598
2016-09-23,2.88,3.0,2.8,2.8,800,6,2321
2016-09-26,2.8,2.9,2.8,2.8,1200,3,3460
2016-09-27,2.81,2.81,2.81,2.81,700,1,1967
2016-09-29,3.0,3.1,3.0,3.09,700,6,2154
2016-09-30,3.09,3.09,3.09,3.09,700,2,2163
2016-10-03,3.0,3.11,2.98,3.11,5800,28,17816
2016-10-04,3.12,3.12,3.12,3.12,100,1,312
2016-10-05,3.09,3.09,3.0,3.09,1000,7,3063
2016-10-06,3.09,3.19,3.09,3.19,11500,29,36373
2016-10-07,3.25,3.43,3.25,3.4,3400,21,11383
2016-10-10,3.41,3.42,3.41,3.42,300,2,1025
2016-10-11,3.4,3.4,3.4,3.4,100,1,340
2016-10-13,3.16,3.21,3.15,3.18,2000,7,6348
2016-10-14,3.21,3.82,3.21,3.68,12900,41,44332
2016-10-17,3.65,3.9,3.52,3.9,14100,40,51587
2016-10-18,4.37,4.37,3.6,3.6,70900,197,270896
2016-10-19,3.6,3.6,3.25,3.26,81300,163,271519
2016-10-20,3.4,3.4,3.25,3.25,16600,64,55054
2016-10-21,3.4,3.48,3.27,3.32,47600,82,158718
2016-10-24,3.32,3.46,3.17,3.2,36200,69,117239
2016-10-25,3.2,3.29,3.17,3.29,14300,39,45965
2016-10-26,3.24,3.24,3.14,3.16,9600,33,30520
2016-10-27,3.13,3.45,3.13,3.43,43300,110,146790
2016-10-28,3.4,3.64,3.4,3.64,25900,77,92136
2016-10-31,3.78,3.89,3.75,3.75,25000,55,94629
2016-11-01,3.8,3.88,3.5,3.5,26400,63,99478
2016-11-03,3.55,3.84,3.44,3.56,19200,77,69199
2016-11-04,3.74,3.79,3.62,3.68,19600,61,72394
2016-11-07,3.66,3.95,3.66,3.94,19000,60,73310
2016-11-08,3.72,4.39,3.71,4.14,35800,109,142144
2016-11-09,3.81,4.12,3.81,4.12,10100,35,40330
2016-11-10,4.11,4.4,3.75,4.09,9500,47,38862
2016-11-11,3.9,4.28,3.35,3.42,17900,70,66587
2016-11-14,3.42,3.77,3.2,3.77,7900,36,27257
2016-11-16,3.77,3.77,3.5,3.77,2200,13,7983
2016-11-17,3.57,3.74,3.55,3.59,2800,8,10038
2016-11-18,3.7,3.85,3.6,3.67,4800,21,17854
2016-11-21,3.64,3.64,3.5,3.5,2300,15,8332
2016-11-22,3.47,3.8,3.47,3.57,10500,45,38036
2016-11-23,3.57,3.79,3.57,3.75,3600,16,12918
2016-11-24,3.79,3.99,3.65,3.78,66600,187,255115
2016-11-25,3.6,3.7,3.4,3.41,31700,109,112344
2016-11-28,3.6,3.6,3.42,3.52,20500,47,71613
2016-11-29,3.55,3.59,3.31,3.52,12600,34,43747
2016-11-30,3.63,3.65,3.48,3.63,31300,109,112541
2016-12-01,3.63,3.75,3.29,3.35,16900,65,57545
2016-12-02,3.45,3.54,3.35,3.35,15600,49,52940
2016-12-05,3.45,3.54,3.45,3.52,5400,21,19053
2016-12-06,3.56,3.59,3.5,3.5,28300,95,100242
2016-12-07,3.5,3.69,3.41,3.5,12400,33,43621
2016-12-08,3.51,3.51,3.39,3.39,16100,48,55421
2016-12-09,3.4,3.5,3.4,3.45,4300,18,14862
2016-12-12,3.39,3.45,3.22,3.22,7600,20,25503
2016-12-13,3.4,3.44,3.3,3.41,8000,28,26962
2016-12-14,3.55,3.65,3.33,3.6,37400,101,132472
2016-12-15,3.67,3.68,3.37,3.49,30500,89,106726
2016-12-16,3.53,3.59,3.42,3.5,19100,38,67505
2016-12-19,3.64,3.69,3.5,3.55,46000,136,166161
2016-12-20,3.68,3.7,3.49,3.49,12300,53,43603
2016-12-21,3.44,3.65,3.44,3.5,22500,45,79660
2016-12-22,3.53,3.63,3.5,3.57,11300,33,40298
2016-12-23,3.53,3.62,3.53,3.53,11000,28,39108
2016-12-26,3.56,3.59,3.51,3.51,900,8,3178
2016-12-27,3.51,3.51,3.5,3.51,2900,9,10166
2016-12-28,3.58,3.7,3.58,3.6,11900,22,43160
2016-12-29,3.68,3.7,3.59,3.6,5300,17,19219
2017-01-02,3.75,3.8,3.64,3.8,36000,79,135580
2017-01-03,3.8,3.97,3.7,3.72,31800,56,122189
2017-01-04,3.71,3.82,3.71,3.79,2700,13,10149
2017-01-05,3.75,3.8,3.7,3.8,10900,26,41029
2017-01-06,3.72,3.76,3.65,3.76,1400,10,5168
2017-01-09,3.8,3.8,3.71,3.75,2400,13,8998
2017-01-10,3.73,3.73,3.61,3.61,7400,25,27265
2017-01-11,3.7,3.7,3.49,3.5,12800,66,46181
2017-01-12,3.54,3.59,3.4,3.45,20100,54,70191
2017-01-13,3.44,3.5,3.25,3.28,51900,241,172184
2017-01-16,3.28,3.33,3.25,3.33,12600,39,41631
2017-01-17,3.45,3.55,3.33,3.33,15400,41,52795
2017-01-18,3.5,3.5,3.2,3.23,17800,71,58803
2017-01-19,3.21,3.23,3.14,3.21,15200,45,48472
2017-01-20,3.16,3.16,3.14,3.16,7500,27,23658
2017-01-23,3.17,3.4,3.14,3.14,19600,107,62112
2017-01-24,3.17,3.24,3.15,3.2,22400,84,71660
2017-01-26,3.3,3.35,3.17,3.17,19300,37,63649
2017-01-27,3.2,3.29,3.17,3.22,21400,45,69068
2017-01-30,3.21,3.21,3.13,3.2,18700,60,59133
2017-01-31,3.26,3.3,3.25,3.25,13300,38,43702
2017-02-01,3.25,3.29,3.18,3.29,12100,34,39303
2017-02-02,3.29,3.45,3.2,3.45,33400,75,112605
2017-02-03,3.45,3.59,3.27,3.28,51100,114,177161
2017-02-06,3.45,3.68,3.43,3.45,34600,73,122693
2017-02-07,3.45,3.45,3.36,3.44,20400,72,69721
2017-02-08,3.44,3.49,3.4,3.43,8800,20,30567
2017-02-09,3.52,3.74,3.45,3.6,19900,68,71642
2017-02-10,3.65,3.75,3.64,3.71,30800,95,113806
2017-02-13,3.7,3.76,3.4,3.75,25000,69,91194
2017-02-14,3.79,3.79,3.56,3.7,24700,49,89833
2017-02-15,3.76,3.76,3.56,3.62,27100,70,98493
2017-02-16,3.62,3.75,3.62,3.65,7000,21,25617
2017-02-17,3.69,3.69,3.6,3.66,9200,32,33604
2017-02-20,3.65,3.84,3.65,3.84,41000,81,153746
2017-02-21,3.84,4.15,3.84,4.02,8400,42,33407
2017-02-22,4.04,4.04,3.7,3.97,42300,99,162612
2017-02-23,3.98,4.04,3.84,3.96,18400,65,72869
2017-02-24,3.68,4.04,3.58,4.04,33300,108,128656
2017-03-01,4.07,4.15,4.04,4.15,6200,31,25423
2017-03-02,4.15,4.16,3.85,3.91,6100,38,24739
2017-03-03,3.93,4.0,3.85,3.89,38800,103,151567
2017-03-06,3.99,3.99,3.7,3.89,21800,78,83195
2017-03-07,3.87,4.0,3.75,3.88,7800,36,30269
2017-03-08,3.94,4.0,3.85,3.86,13900,49,53658
2017-03-09,3.89,3.89,3.75,3.8,2500,13,9526
2017-03-10,3.8,4.16,3.75,3.94,21600,95,84184
2017-03-13,4.16,4.2,4.1,4.2,27600,62,114556
2017-03-14,4.2,4.4,4.01,4.39,25400,82,108452
2017-03-15,4.17,4.28,4.0,4.15,24400,67,100268
2017-03-16,4.16,4.27,4.15,4.15,13800,55,57674
2017-03-17,4.22,4.27,4.02,4.02,10800,44,44389
2017-03-20,3.99,4.15,3.95,4.13,7700,24,31481
2017-03-21,4.13,4.15,3.96,3.98,10900,24,43831
2017-03-22,3.98,3.98,3.9,3.9,10800,40,42482
2017-03-23,3.9,4.04,3.8,4.04,3300,8,13175
2017-03-24,4.05,4.05,3.7,3.78,15000,60,56960
2017-03-27,3.99,3.99,3.59,3.6,19300,61,70235
2017-03-28,3.69,3.78,3.56,3.6,5200,26,19178
2017-03-29,3.61,3.72,3.55,3.72,26100,59,94983
2017-03-30,3.71,3.73,3.68,3.68,3300,15,12232
2017-03-31,3.63,3.64,3.63,3.64,400,3,1454
2017-04-03,3.64,3.81,3.64,3.81,5500,20,20637
2017-04-04,3.6,3.79,3.6,3.79,1000,4,3689
2017-04-05,3.75,3.75,3.65,3.65,1200,3,4480
2017-04-06,3.85,3.85,3.8,3.8,5600,8,21310
2017-04-07,3.8,3.8,3.71,3.75,2500,8,9442
2017-04-10,3.75,3.99,3.75,3.99,13500,53,51634
2017-04-11,4.0,4.0,3.77,4.0,9200,39,36084
2017-04-12,4.0,4.25,3.99,4.25,21400,87,88620
2017-04-13,4.1,4.33,4.1,4.25,11500,41,48593
2017-04-17,4.4,4.4,4.2,4.2,4000,20,17153
2017-04-18,4.4,4.4,4.23,4.39,17900,70,77979
2017-04-19,4.35,4.35,4.35,4.35,1100,3,4785
2017-04-20,4.1,4.4,4.09,4.3,8500,23,35783
2017-04-24,4.25,4.26,4.2,4.2,2200,13,9338
2017-04-25,4.2,4.2,4.2,4.2,100,1,420
2017-04-26,4.25,4.34,4.2,4.2,2300,8,9778
2017-04-27,4.41,4.5,4.23,4.34,8800,36,38498
2017-04-28,4.37,4.5,4.37,4.5,9400,49,42226
2017-05-02,4.6,5.0,4.6,4.97,47100,203,224954
2017-05-03,5.31,5.32,4.9,4.99,23000,76,116167
2017-05-04,4.94,4.98,4.71,4.74,4600,23,22351
2017-05-05,4.8,4.89,4.6,4.7,5300,29,25267
2017-05-08,4.85,5.19,4.84,5.09,10200,52,49934
2017-05-09,5.01,5.1,4.97,4.98,7700,39,38788
2017-05-10,5.15,5.15,5.0,5.0,9500,27,48390
2017-05-11,4.92,4.96,4.9,4.95,2400,12,11888
2017-05-12,5.04,5.04,4.75,4.75,4200,21,20226
2017-05-15,4.6,4.68,4.42,4.6,6500,30,29621
2017-05-16,4.6,4.72,4.53,4.54,3900,12,17831
2017-05-17,4.51,4.51,4.4,4.41,4200,19,18782
2017-05-18,4.15,4.2,3.9,4.0,25700,75,105006
2017-05-19,4.18,4.2,4.08,4.12,3700,19,15349
2017-05-22,4.12,4.12,4.0,4.0,11500,41,47134
2017-05-23,4.0,4.0,3.85,3.85,6100,26,23874
2017-05-24,3.81,3.87,3.81,3.86,2700,11,10416
2017-05-25,3.86,3.88,3.75,3.82,5700,26,21851
2017-05-26,3.83,3.84,3.82,3.84,5300,22,20268
2017-05-29,3.86,3.87,3.84,3.87,400,4,1542
2017-05-30,3.87,3.87,3.52,3.67,28500,119,104573
2017-05-31,3.8,3.8,3.6,3.69,3600,21,13260
2017-06-01,3.7,3.86,3.7,3.71,3500,11,13333
2017-06-02,3.85,3.89,3.82,3.82,6000,16,23118
2017-06-05,4.0,4.01,3.9,4.01,7400,25,29427
2017-06-06,4.11,4.17,4.0,4.07,7600,32,30870
2017-06-07,4.01,4.05,4.01,4.05,1600,6,6438
2017-06-08,3.85,3.87,3.82,3.87,2700,8,10387
2017-06-09,3.87,3.87,3.81,3.81,1400,3,5358
2017-06-12,3.81,4.09,3.81,4.04,12700,63,50800
2017-06-13,4.09,4.1,4.03,4.03,2200,10,8933
2017-06-14,3.96,4.1,3.88,4.1,5000,25,19969
2017-06-16,4.1,4.11,4.0,4.1,7200,34,29330
2017-06-19,3.85,4.18,3.85,4.15,3800,15,15059
2017-06-20,3.84,3.99,3.83,3.87,5200,25,20096
2017-06-21,3.88,3.88,3.8,3.8,8200,42,31529
2017-06-22,3.8,3.98,3.8,3.95,4100,13,15960
2017-06-23,3.89,3.97,3.89,3.97,1400,4,5534
2017-06-26,3.9,3.92,3.88,3.92,3800,10,14800
2017-06-27,3.98,3.98,3.88,3.9,3700,13,14564
2017-06-29,3.83,3.83,3.82,3.82,1600,7,6121
2017-06-30,3.89,4.02,3.89,4.02,6400,28,25331
2017-07-03,4.1,4.15,4.07,4.13,6100,26,25096
2017-07-04,4.15,4.2,4.13,4.2,13300,53,55201
2017-07-05,4.25,4.55,4.13,4.45,26400,95,114876
2017-07-06,4.45,4.7,4.45,4.53,19900,63,90737
2017-07-07,4.55,4.7,4.55,4.7,14700,90,67628
2017-07-10,4.7,4.83,4.68,4.83,6100,31,28585
2017-07-11,4.85,4.85,4.61,4.62,3400,20,15956
2017-07-12,4.7,4.71,4.46,4.5,23600,105,107374
2017-07-13,4.55,4.63,4.51,4.51,8400,25,38350
2017-07-14,4.52,4.52,4.45,4.45,3600,10,16197
2017-07-17,4.45,4.5,4.45,4.5,1100,3,4900
2017-07-18,4.5,4.5,4.46,4.5,2100,11,9430
2017-07-19,4.37,4.72,4.37,4.67,21100,95,97078
2017-07-20,4.8,5.2,4.8,5.04,42300,162,211026
2017-07-21,5.06,5.19,5.0,5.18,8500,43,43583
2017-07-24,5.1,5.1,4.95,5.1,6000,21,30371
2017-07-25,5.15,5.75,5.15,5.46,31300,127,172408
2017-07-26,5.46,5.85,5.25,5.8,13000,77,72408
2017-07-27,5.99,6.08,5.82,5.98,7800,27,46718
2017-07-28,5.97,6.18,5.8,6.1,6500,34,38946
2017-07-31,6.09,6.09,5.81,5.86,15700,48,92095
2017-08-01,5.81,5.81,5.7,5.7,9200,29,52919
2017-08-02,5.71,5.8,5.52,5.6,4700,18,26297
2017-08-03,5.8,5.8,5.6,5.7,16100,39,92804
2017-08-04,5.63,5.76,5.56,5.7,20000,72,112886
2017-08-07,5.65,6.14,5.63,6.13,9200,38,55260
2017-08-08,6.2,6.45,6.13,6.2,20500,94,128211
2017-08-09,6.1,6.14,5.93,6.08,9700,30,58908
2017-08-10,6.0,6.03,5.87,6.03,2300,12,13761
2017-08-11,6.03,6.11,6.03,6.1,1000,7,6083
2017-08-14,6.11,6.11,5.75,6.05,3600,20,21658
2017-08-15,6.05,6.2,5.81,6.15,14400,52,87585
2017-08-16,6.15,6.41,5.98,6.41,13300,69,82816
2017-08-17,6.4,6.4,5.97,6.14,20700,108,125971
2017-08-18,6.31,6.32,5.8,6.01,16800,52,102279
2017-08-21,6.01,6.01,5.86,5.89,2000,14,11848
2017-08-22,6.03,6.1,5.9,6.0,13800,24,82380
2017-08-23,5.9,6.0,5.81,5.85,18600,72,110260
2017-08-24,5.86,6.3,5.86,6.15,10000,28,61196
2017-08-25,6.5,6.6,6.28,6.31,27400,82,177493
2017-08-28,6.21,6.55,6.11,6.54,23000,104,146095
2017-08-29,6.55,6.8,6.34,6.7,17700,54,116364
2017-08-30,6.53,6.73,6.47,6.69,7200,30,47127
2017-08-31,6.75,6.85,6.65,6.7,3000,12,20235
2017-09-01,6.8,7.18,6.8,7.18,29100,83,202598
2017-09-04,7.21,7.66,7.03,7.2,33300,118,240482
2017-09-05,7.2,7.5,7.0,7.06,41700,190,302885
2017-09-06,7.06,7.45,7.06,7.41,49900,169,361794
2017-09-08,7.4,7.49,7.05,7.18,41500,200,300328
2017-09-11,7.08,7.2,7.0,7.0,53100,168,375865
2017-09-12,7.0,7.0,6.81,6.98,38500,179,264516
2017-09-13,6.97,7.25,6.76,7.23,41500,136,294915
2017-09-14,7.23,7.69,7.15,7.47,83600,286,623314
2017-09-15,7.51,7.91,7.28,7.58,82600,364,623656
2017-09-18,7.58,7.69,7.32,7.36,53300,208,397179
2017-09-19,7.5,7.65,7.35,7.51,19300,90,144364
2017-09-20,7.51,7.58,7.21,7.52,41500,185,310724
2017-09-21,7.54,7.6,7.41,7.6,64800,374,488504
2017-09-22,7.42,7.6,7.3,7.38,23600,111,175937
2017-09-25,7.4,7.4,7.05,7.17,16200,85,116611
2017-09-26,7.05,7.48,7.05,7.05,17700,60,126023
2017-09-27,7.21,7.29,6.7,6.89,16600,85,115455
2017-09-28,7.0,7.4,6.98,7.28,26000,104,186223
2017-09-29,7.27,7.89,7.27,7.84,71100,224,547706
2017-10-02,7.89,8.0,7.81,7.99,34100,128,269559
2017-10-03,8.0,8.36,8.0,8.19,56400,188,465753
2017-10-04,8.13,8.42,8.01,8.35,47800,256,393899
2017-10-05,8.35,8.6,8.05,8.05,46900,238,390059
2017-10-06,8.0,8.3,7.79,8.18,22100,94,178743
2017-10-09,8.2,8.35,7.85,8.02,22400,117,181474
2017-10-10,8.3,8.35,7.98,8.21,18700,128,152976
2017-10-11,8.05,8.1,7.87,8.03,18600,124,149156
2017-10-13,7.88,7.88,7.2,7.56,75600,229,573107
2017-10-16,7.63,7.63,7.24,7.3,47200,245,348968
2017-10-17,7.45,7.6,7.15,7.15,26100,79,192426
2017-10-18,7.3,7.68,7.3,7.67,44700,215,337920
2017-10-19,7.75,7.95,7.6,7.82,43700,163,341306
2017-10-20,7.93,7.97,7.51,7.65,34300,198,266850
2017-10-23,7.51,7.89,7.35,7.52,45300,176,340744
2017-10-24,7.67,7.82,7.56,7.7,35500,131,273312
2017-10-25,7.82,8.0,7.82,8.0,33700,188,267581
2017-10-26,8.24,8.24,7.7,7.78,39000,280,307456
2017-10-27,7.78,7.86,7.35,7.4,55600,432,416256
2017-10-30,7.4,7.59,7.35,7.39,29900,168,222339
2017-10-31,7.58,7.61,7.41,7.6,12400,118,93490
2017-11-01,7.78,7.8,7.35,7.35,13500,61,104216
2017-11-03,7.36,7.55,7.35,7.4,15300,63,113515
2017-11-06,7.6,7.75,7.35,7.35,11800,82,88284
2017-11-07,7.48,7.5,7.0,7.24,53100,372,378503
2017-11-08,7.24,7.3,7.1,7.3,12400,61,89843
2017-11-09,7.2,7.2,7.0,7.03,8200,67,57613
2017-11-10,6.98,7.19,6.33,6.52,33800,215,233407
2017-11-13,6.21,7.05,6.21,6.89,11300,81,77376
2017-11-14,6.9,7.3,6.88,7.25,11400,84,80150
2017-11-16,7.04,7.5,6.94,7.5,20000,113,146733
2017-11-17,7.69,7.9,7.4,7.87,30400,205,233592
2017-11-21,7.87,8.02,7.48,7.5,17900,104,138838
2017-11-22,7.89,7.89,7.5,7.61,22500,141,171728
2017-11-23,7.5,7.59,7.48,7.48,4600,29,34509
2017-11-24,7.67,7.79,7.6,7.7,15000,119,116200
2017-11-27,7.8,7.8,7.7,7.77,15100,70,116792
2017-11-28,7.8,7.94,7.6,7.6,17400,73,134982
2017-11-29,7.7,7.79,7.47,7.55,11400,70,86190
2017-11-30,7.48,7.57,7.04,7.36,11500,84,83575
2017-12-01,7.5,7.63,7.03,7.45,6100,38,45502
2017-12-04,7.39,7.39,7.15,7.15,8100,56,58094
2017-12-05,7.1,7.58,7.08,7.45,20200,117,147751
2017-12-06,7.24,7.59,7.12,7.56,17000,78,127081
2017-12-07,7.4,7.89,7.35,7.46,34700,97,264597
2017-12-08,7.63,7.8,7.56,7.78,39800,170,307494
2017-12-11,7.78,7.94,7.6,7.78,33500,106,260732
2017-12-12,7.51,7.85,7.43,7.47,5500,42,41656
2017-12-13,7.84,7.84,7.42,7.42,2700,16,20630
2017-12-14,7.41,7.7,7.26,7.47,25400,79,187755
2017-12-15,7.6,7.84,7.6,7.83,14900,88,116246
2017-12-18,7.9,7.9,7.75,7.75,17500,54,136862
2017-12-19,7.89,7.92,7.5,7.53,8900,65,68926
2017-12-20,7.69,7.69,7.57,7.57,7200,16,54969
2017-12-21,7.7,7.7,7.64,7.7,2600,16,19895
2017-12-22,7.8,7.8,7.5,7.74,5300,35,40875
2017-12-26,7.75,7.85,7.44,7.81,7200,33,55725
2017-12-27,7.88,7.9,7.79,7.85,22000,80,172896
2017-12-28,7.91,7.93,7.62,7.93,14500,72,114457
2018-01-02,7.93,8.04,7.71,7.71,19000,86,151082
2018-01-03,7.96,7.97,7.72,7.75,9700,39,76199
2018-01-04,7.91,7.91,7.75,7.81,10700,35,83796
2018-01-05,7.88,7.88,7.51,7.56,10000,53,76576
2018-01-08,7.78,7.78,7.58,7.69,3400,25,26062
2018-01-09,7.77,7.78,7.73,7.73,1000,10,7755
2018-01-10,7.78,7.87,7.53,7.53,9700,33,75127
2018-01-11,7.85,7.85,7.56,7.75,6100,17,47088
2018-01-12,7.74,7.75,7.68,7.75,8100,53,62682
2018-01-15,7.88,8.02,7.66,7.79,26900,86,211486
2018-01-16,7.73,7.73,7.62,7.63,1300,9,9969
2018-01-17,7.6,7.6,7.59,7.6,800,7,6075
2018-01-18,7.51,7.6,7.37,7.45,24300,49,180651
2018-01-19,7.57,7.78,7.5,7.75,7100,45,54103
2018-01-22,7.79,7.8,7.52,7.52,49400,122,381065
2018-01-23,7.8,7.89,7.59,7.71,8900,50,69075
2018-01-24,7.85,8.54,7.84,8.4,56100,314,453306
2018-01-26,8.49,8.87,8.28,8.65,39100,118,333475
2018-01-29,8.6,8.89,7.75,8.1,112800,197,907334
2018-01-30,8.1,8.31,8.02,8.04,27700,94,225531
2018-01-31,8.03,8.26,8.02,8.1,35300,129,288460
2018-02-01,8.28,8.35,8.15,8.25,18600,41,154154
2018-02-02,8.27,8.27,7.95,7.99,16600,42,134291
2018-02-05,7.97,8.0,7.8,7.86,16600,89,130584
2018-02-06,7.71,7.88,7.65,7.85,11100,66,86456
2018-02-07,7.85,7.85,7.62,7.81,10600,51,81850
2018-02-08,7.94,7.94,7.65,7.7,7700,25,59398
2018-02-09,7.59,7.62,7.35,7.36,18000,87,134903
2018-02-14,7.48,7.99,7.38,7.99,22100,115,166286
2018-02-15,7.99,8.08,7.7,7.92,22800,58,181499
2018-02-16,7.85,8.04,7.8,7.8,11900,62,94063
2018-02-19,7.99,8.09,7.73,7.74,16800,78,133409
2018-02-20,7.73,8.0,7.41,7.61,15000,45,118070
2018-02-21,7.61,7.87,7.46,7.68,15300,78,117045
2018-02-22,7.75,8.1,7.75,8.1,31600,113,250671
2018-02-23,8.15,8.18,7.95,7.98,25500,90,205426
2018-02-26,8.09,8.19,7.99,7.99,22800,65,185612
2018-02-27,8.05,8.05,7.78,7.81,7500,39,59331
2018-02-28,7.81,8.02,7.79,7.88,4800,22,37696
2018-03-01,7.88,8.01,7.86,7.97,4200,28,33332
2018-03-02,7.9,8.3,7.7,7.95,12800,89,102407
2018-03-05,7.82,8.1,7.82,7.95,5600,33,44400
2018-03-06,8.01,8.01,7.7,7.7,15800,59,123617
2018-03-07,7.62,7.68,7.44,7.6,11900,40,90086
2018-03-08,7.55,7.7,7.5,7.5,11200,33,85143
2018-03-09,7.43,7.89,7.43,7.66,9100,34,69203
2018-03-12,7.7,7.99,7.67,7.71,6800,21,53304
2018-03-13,7.96,7.99,7.73,7.77,4400,30,34282
2018-03-14,7.75,7.75,7.52,7.52,10000,49,76547
2018-03-15,7.89,7.89,7.6,7.89,6700,45,52099
2018-03-16,7.65,8.02,7.65,7.97,9600,39,75765
2018-03-19,7.67,7.94,7.67,7.91,3400,29,26686
2018-03-20,7.99,8.05,7.66,7.66,6100,37,48147
2018-03-21,7.71,7.78,7.71,7.78,400,4,3096
2018-03-22,7.7,8.04,7.7,7.85,22500,72,178544
2018-03-23,7.71,7.84,7.62,7.84,6100,26,47052
2018-03-26,7.91,8.0,7.75,7.99,16900,48,133996
2018-03-27,7.98,8.3,7.98,8.16,59900,177,490653
2018-03-28,8.32,8.59,8.12,8.27,41100,111,345496
2018-03-29,8.25,8.35,7.92,8.15,21800,98,177274
2018-04-02,8.21,8.57,8.09,8.3,21500,85,179139
2018-04-03,8.35,8.5,8.25,8.42,11700,38,98219
2018-04-04,8.15,8.29,8.12,8.19,9400,40,77037
2018-04-05,8.49,8.49,7.9,8.14,18300,70,148683
2018-04-06,8.12,8.14,8.1,8.14,5600,16,45532
2018-04-09,8.35,8.45,7.76,7.88,8800,50,71163
2018-04-10,8.25,8.25,7.65,7.75,31500,59,244344
2018-04-11,7.99,7.99,7.75,7.89,15300,94,119940
2018-04-12,7.89,8.09,7.87,8.0,35100,206,280579
2018-04-13,8.14,8.14,7.94,7.94,7300,41,58170
2018-04-16,8.0,8.16,7.71,7.88,66100,134,518937
2018-04-17,7.95,8.05,7.86,7.86,12800,30,102076
2018-04-18,7.86,8.14,7.8,7.99,25300,56,202569
2018-04-19,7.91,8.37,7.91,8.12,23200,152,189601
2018-04-20,8.25,8.6,8.15,8.6,43400,140,363343
2018-04-23,8.4,8.64,8.03,8.31,13100,73,109471
2018-04-24,8.32,8.65,8.32,8.64,24900,100,213087
2018-04-25,8.55,8.55,8.22,8.5,15800,69,133852
2018-04-26,8.7,8.7,8.02,8.08,22300,180,182053
2018-04-27,8.19,8.3,8.19,8.3,10700,62,87991
2018-04-30,8.5,8.54,8.11,8.11,3900,26,32486
2018-05-02,8.06,8.18,8.0,8.1,9700,84,78499
2018-05-03,8.18,8.18,7.4,7.61,36300,157,284479
2018-05-04,7.56,7.67,7.41,7.56,11800,90,88909
2018-05-07,7.86,7.86,7.51,7.6,5500,53,42274
2018-05-08,7.79,7.79,7.41,7.65,10100,99,75967
2018-05-09,7.69,7.96,7.69,7.9,8700,64,67922
2018-05-10,8.06,8.06,7.62,7.63,13400,43,103386
2018-05-11,7.83,7.83,7.43,7.5,16300,87,122330
2018-05-14,7.51,7.65,7.1,7.15,33900,174,245727
2018-05-15,7.24,7.25,6.92,7.2,12900,81,91423
2018-05-16,7.2,7.54,7.17,7.3,21400,158,156987
2018-05-17,7.31,7.47,6.7,7.19,31600,138,221362
2018-05-18,7.0,7.2,6.88,7.2,18300,169,129219
2018-05-21,6.92,7.37,6.91,7.0,11400,49,81497
2018-05-22,7.23,7.5,7.1,7.16,10500,71,76260
2018-05-23,7.01,7.04,6.84,6.84,3900,26,27073
2018-05-24,6.89,6.89,6.53,6.62,9800,62,65671
2018-05-25,6.73,6.8,6.73,6.75,4800,20,32414
2018-05-28,6.61,6.79,6.0,6.0,16000,95,103467
2018-05-29,6.14,6.39,6.12,6.27,21000,133,130691
2018-05-30,6.27,6.5,6.0,6.5,18900,63,116605
2018-06-01,6.68,6.93,6.59,6.75,24000,56,160114
2018-06-04,6.75,7.0,6.75,6.95,4000,10,27807
2018-06-05,7.16,7.16,6.8,6.89,3700,25,25372
2018-06-06,6.75,6.75,6.45,6.49,2600,20,17034
2018-06-07,6.11,6.29,5.72,6.0,16400,83,97082
2018-06-08,6.01,6.1,5.6,5.67,10900,84,63561
2018-06-11,5.99,5.99,5.7,5.87,7800,63,45209
2018-06-12,5.87,6.45,5.87,6.25,24700,92,153644
2018-06-13,6.38,6.7,6.1,6.2,19700,142,126504
2018-06-14,6.13,6.29,6.1,6.2,10200,61,63155
2018-06-15,6.09,6.27,5.81,5.81,10300,77,62306
2018-06-18,5.8,6.24,5.8,5.92,4600,41,27269
2018-06-19,6.45,6.45,5.8,6.09,6200,43,37327
2018-06-20,6.2,6.34,5.83,6.24,11400,71,70548
2018-06-21,5.99,6.1,5.85,5.92,3500,30,20846
2018-06-22,5.92,6.21,5.92,6.12,1900,19,11356
2018-06-25,5.89,6.04,5.89,5.9,3600,35,21387
2018-06-26,5.99,6.05,5.99,6.03,2400,24,14410
2018-06-27,6.0,6.0,5.84,5.84,900,8,5332
2018-06-28,5.88,5.99,5.86,5.86,1300,8,7644
2018-06-29,5.99,5.99,5.88,5.89,1800,18,10720
2018-07-02,5.71,5.89,5.7,5.84,1400,14,8105
2018-07-03,5.57,5.95,5.57,5.74,11700,60,67462
2018-07-04,5.7,5.85,5.7,5.72,3800,21,21933
2018-07-05,5.7,5.79,5.56,5.58,8100,39,45667
2018-07-06,5.56,5.78,5.48,5.48,25500,199,142373
2018-07-10,5.49,5.49,5.3,5.35,9400,49,51014
2018-07-11,5.38,5.65,5.26,5.65,8700,18,46674
2018-07-12,5.68,5.69,5.3,5.59,14800,95,81544
2018-07-13,5.45,5.83,5.42,5.8,17400,109,98698
2018-07-16,5.66,5.79,5.64,5.64,16200,98,91814
2018-07-17,5.79,5.82,5.7,5.82,15200,77,87987
2018-07-18,5.82,5.99,5.72,5.89,27400,68,159842
2018-07-19,5.91,5.91,5.73,5.86,5800,37,33603
2018-07-20,6.19,6.19,5.76,5.8,15200,49,89645
2018-07-23,5.86,6.0,5.65,5.9,20700,111,121114
2018-07-24,6.1,6.75,5.97,6.75,115900,400,745197
2018-07-25,6.79,7.28,6.68,6.94,82500,375,582935
2018-07-26,6.96,7.11,6.6,6.6,25500,139,178845
2018-07-27,7.08,7.08,6.6,6.6,27500,103,188676
2018-07-30,6.93,7.31,6.75,7.08,48600,156,339520
2018-07-31,7.3,7.3,6.93,7.15,41200,171,294120
2018-08-01,7.48,7.48,7.23,7.39,36100,117,264732
2018-08-02,7.25,7.4,7.18,7.4,20300,62,149190
2018-08-03,7.41,7.79,7.41,7.79,33200,132,252800
2018-08-06,7.84,8.14,7.84,8.12,41400,166,330796
2018-08-07,8.16,8.41,7.82,8.0,72300,218,583437
2018-08-08,7.52,8.0,7.35,7.4,98000,467,745111
2018-08-09,7.42,7.58,6.87,7.07,68300,356,489844
2018-08-10,6.96,7.07,6.62,6.68,35800,146,244499
2018-08-13,6.68,7.0,6.58,6.61,26100,110,175960
2018-08-14,6.84,7.16,6.84,7.08,24800,158,173959
2018-08-15,7.08,7.13,6.7,6.7,30700,138,211538
2018-08-16,7.05,7.06,6.56,6.56,17700,125,119578
2018-08-17,6.19,6.5,6.1,6.35,23300,137,147842
2018-08-20,6.5,6.6,6.38,6.53,12200,50,79305
2018-08-21,6.6,6.6,6.2,6.2,16500,65,105560
2018-08-22,6.1,6.28,6.06,6.15,6000,38,37109
2018-08-23,6.35,6.5,5.99,6.05,26900,107,165159
2018-08-24,6.27,6.3,5.92,6.14,31600,119,194019
2018-08-27,6.17,6.3,6.08,6.1,31100,90,191210
2018-08-28,6.12,6.13,5.94,6.0,26400,134,159209
2018-08-29,6.2,6.2,6.03,6.05,6200,36,37906
2018-08-30,6.03,6.04,5.88,6.0,8200,49,48964
2018-08-31,5.92,5.93,5.64,5.7,27400,127,157876
2018-09-03,6.0,6.0,5.42,5.51,23200,114,129601
2018-09-04,5.7,5.7,5.03,5.08,80500,426,419551
2018-09-05,5.12,5.17,4.85,4.95,37000,218,184201
2018-09-06,5.01,5.01,4.7,4.77,80400,481,389035
2018-09-10,4.77,4.9,4.69,4.7,18400,140,87778
2018-09-11,4.69,4.69,4.5,4.52,19900,77,90511
2018-09-12,4.69,4.86,4.29,4.52,57100,377,255113
2018-09-13,5.0,5.2,4.7,5.1,246100,1039,1225190
2018-09-14,5.2,5.7,4.94,4.96,383400,1265,2023915
2018-09-17,4.99,5.39,4.9,5.39,134300,718,700888
2018-09-18,5.45,5.89,5.45,5.89,218400,926,1244331
2018-09-19,5.9,5.9,5.33,5.35,333900,1316,1872234
2018-09-20,5.48,5.61,5.22,5.4,140000,746,756820
2018-09-21,5.59,5.6,5.4,5.5,115400,364,638154
2018-09-24,5.6,5.6,5.3,5.5,52100,207,283012
2018-09-25,5.44,5.54,5.3,5.54,42300,170,229777
2018-09-26,5.53,5.6,5.48,5.5,23300,109,129434
2018-09-27,5.48,5.7,5.48,5.57,49000,236,274627
2018-09-28,5.48,5.48,5.05,5.06,150200,782,789377
2018-10-01,5.15,5.15,4.26,4.28,450500,1537,2048934
2018-10-02,4.57,4.58,4.37,4.44,160900,608,722992
2018-10-03,4.63,4.79,4.51,4.78,149300,513,699780
2018-10-04,4.6,4.78,4.44,4.73,110700,407,507837
2018-10-05,4.75,4.78,4.49,4.67,83000,315,387974
2018-10-08,4.78,5.19,4.78,4.96,165300,588,819432
2018-10-09,5.02,5.28,4.87,5.08,139400,671,715037
2018-10-10,5.08,5.08,4.76,4.81,70600,408,345321
2018-10-11,4.96,5.01,4.68,4.75,93200,515,449189
2018-10-15,4.9,4.96,4.65,4.74,63200,410,300109
2018-10-16,4.87,4.88,4.7,4.79,53800,315,256174
2018-10-17,4.75,4.81,4.65,4.71,113500,419,534820
2018-10-18,4.72,4.73,4.49,4.5,184600,994,841489
2018-10-19,4.68,4.68,4.46,4.54,156200,710,705608
2018-10-22,4.6,4.9,4.56,4.84,221500,678,1049574
2018-10-23,4.82,5.35,4.73,5.35,313300,1047,1582532
2018-10-24,5.5,5.58,5.0,5.0,278400,1106,1486932
2018-10-25,5.1,5.46,4.86,5.3,280400,968,1453027
2018-10-26,5.34,5.47,5.11,5.38,172700,644,922172
2018-10-29,5.63,5.9,5.25,5.35,251200,921,1391093
2018-10-30,5.35,5.68,5.33,5.63,245500,681,1361766
2018-10-31,5.68,5.8,5.54,5.6,125900,472,714349
2018-11-01,5.61,5.7,5.45,5.55,107600,401,601041
2018-11-05,5.56,5.68,5.5,5.62,53100,231,296199
2018-11-06,5.65,5.66,5.41,5.48,77100,331,425803
2018-11-07,5.49,5.55,5.2,5.24,111400,415,592634
2018-11-08,5.31,5.4,5.06,5.14,115600,383,599394
2018-11-09,5.1,5.35,5.1,5.31,123200,400,648026
2018-11-12,5.4,5.52,5.38,5.38,122500,409,666485
2018-11-13,5.45,5.48,5.34,5.4,85800,332,464080
2018-11-14,5.45,5.45,5.28,5.33,87600,283,466150
2018-11-16,5.38,5.39,5.13,5.27,190200,640,991088
2018-11-19,5.3,5.31,5.11,5.16,118400,439,617284
2018-11-21,5.18,5.18,4.99,5.08,118800,460,601612
2018-11-22,5.05,5.06,4.9,4.92,171100,570,851020
2018-11-23,5.05,5.1,4.86,4.95,196800,647,971105
2018-11-26,5.15,5.3,4.89,4.95,7851400,11774,40023204
2018-11-27,5.05,5.09,4.76,4.95,7968200,13421,39108768
2018-11-28,5.0,5.03,4.88,4.95,5174600,10852,25666172
2018-11-29,4.91,5.11,4.91,5.04,7877100,12689,39697396
2018-11-30,5.06,5.18,5.05,5.18,6006800,9426,30800319
2018-12-03,5.21,5.29,5.1,5.12,7985300,18877,41227714
2018-12-04,5.18,5.24,5.09,5.15,6400000,12035,33027213
2018-12-05,5.18,5.24,5.15,5.2,5408800,12413,28106645
2018-12-06,5.15,5.2,5.1,5.18,2767500,6536,14295023
2018-12-07,5.19,5.22,4.99,5.04,6539300,11374,33504585
2018-12-10,5.07,5.11,4.85,4.87,4881800,10631,23978470
2018-12-11,4.96,5.05,4.83,4.95,4012900,8974,19802921
2018-12-12,4.99,5.02,4.76,4.78,9748000,18362,47245920
2018-12-13,4.85,4.85,4.6,4.7,12774000,14089,60139202
2018-12-14,4.65,4.69,4.33,4.35,13033700,17246,58433013
2018-12-17,4.38,4.48,4.31,4.36,6825100,10689,29830085
2018-12-18,4.39,4.66,4.35,4.58,10705800,14682,48561697
2018-12-19,4.66,4.78,4.62,4.66,12207900,22186,57428142
2018-12-20,4.7,4.8,4.48,4.58,9192300,11828,42690269
2018-12-21,4.62,4.64,4.52,4.56,3657000,9264,16713878
2018-12-26,4.22,4.46,4.14,4.3,11660000,11650,50558851
2018-12-27,4.31,4.45,4.26,4.32,61986400,17166,269625544
2018-12-28,4.35,4.49,4.35,4.39,6729600,18017,29610662
2019-01-02,4.4,4.48,4.35,4.38,9231200,25473,40736867
2019-01-03,4.39,4.4,4.16,4.31,8414100,13414,35954992
2019-01-04,4.31,4.37,4.21,4.27,5946200,11993,25533051
2019-01-07,4.3,4.37,4.19,4.24,5408700,10801,23015594
2019-01-08,4.27,4.27,4.0,4.04,11952000,15031,49275007
2019-01-09,4.08,4.09,3.86,4.01,18056100,30354,71682019
2019-01-10,4.0,4.42,3.95,4.42,30145000,42232,128288621
2019-01-11,4.5,4.55,4.33,4.51,23524800,34789,105113469
2019-01-14,4.51,4.88,4.45,4.82,18696600,33843,88269396
2019-01-15,4.87,5.18,4.86,4.98,32473600,39529,164051832
2019-01-16,5.05,5.19,5.03,5.05,17628600,22575,89758630
2019-01-17,5.09,5.1,4.88,4.93,19639200,30888,97177714
2019-01-18,4.97,5.05,4.79,4.88,16105200,15920,78754456
2019-01-21,4.88,4.96,4.74,4.8,10162500,14530,49145537
2019-01-22,4.76,5.04,4.7,4.93,21080700,23593,103538284
2019-01-23,5.0,5.17,4.98,5.16,24211400,25211,123770335
2019-01-24,5.2,5.52,5.17,5.49,30924100,30220,167126537
2019-01-28,5.39,5.72,5.3,5.35,31357500,52155,172274596
2019-01-29,5.46,5.67,5.42,5.67,23998500,37131,132849405
2019-01-30,5.78,5.87,5.65,5.77,29520300,61195,169980923
2019-01-31,5.8,6.03,5.7,6.0,29405100,56209,172128400
2019-02-01,6.0,6.16,5.93,5.96,21981300,24920,133066273
2019-02-04,5.98,6.06,5.83,5.99,15262300,20299,90916305
2019-02-05,5.99,6.04,5.64,5.64,22381800,38070,129881379
2019-02-06,5.54,5.55,5.24,5.29,27794100,38348,150314045
2019-02-07,5.33,5.63,5.25,5.45,21478700,29461,116811734
2019-02-08,5.49,5.68,5.41,5.56,19199300,26328,106898689
2019-02-11,5.62,5.65,5.42,5.52,12077300,14474,66622885
2019-02-12,5.61,5.64,5.53,5.56,10538200,16070,58825610
2019-02-13,5.61,5.62,5.37,5.45,14900700,26133,81804797
2019-02-14,5.5,5.52,5.16,5.45,22577100,23928,119876593
2019-02-15,5.43,5.48,5.25,5.28,9585600,12121,51390846
2019-02-18,5.27,5.47,5.17,5.47,9582700,16406,51087546
2019-02-19,5.49,5.51,5.26,5.28,15060700,21541,81102641
2019-02-20,5.1,5.36,5.0,5.21,40091400,38505,209636653
2019-02-21,5.05,5.06,4.67,4.67,46219800,40879,223894695
2019-02-22,4.67,4.84,4.36,4.72,28518300,27831,133354559
2019-02-25,4.74,5.04,4.65,4.97,63826400,23819,316839841
2019-02-26,4.95,5.01,4.75,4.77,21226300,37301,103248233
2019-02-27,4.8,4.83,4.64,4.64,26249100,22263,124634926
2019-02-28,4.68,4.77,4.56,4.58,23587100,22014,110175303
2019-03-01,4.64,4.68,4.46,4.54,11066500,18858,50406708
2019-03-06,4.54,4.56,4.39,4.39,8513200,19320,37841012
2019-03-07,4.38,4.54,4.33,4.41,16023200,30823,71298518
2019-03-08,4.4,4.68,4.39,4.68,15020100,23082,68979918
2019-03-11,4.69,4.85,4.68,4.76,10833900,12224,51538225
2019-03-12,4.76,4.88,4.74,4.84,10933300,12027,52722879
2019-03-13,4.82,4.84,4.61,4.62,14137600,17580,66354070
2019-03-14,4.66,4.71,4.57,4.64,8916700,15110,41607948
2019-03-15,4.67,4.69,4.54,4.54,8328500,9734,38211971
2019-03-18,4.57,4.59,4.53,4.59,6944000,10443,31676637
2019-03-19,4.61,4.68,4.59,4.64,7387800,8282,34301323
2019-03-20,4.66,4.67,4.58,4.58,5691700,8340,26265162
2019-03-21,4.59,4.61,4.39,4.55,12660800,17774,56918341
2019-03-22,4.45,4.48,4.32,4.33,13054200,19077,57360787
2019-03-25,4.34,4.38,4.23,4.33,8030400,11731,34684799
2019-03-26,4.38,4.43,4.33,4.36,6715800,11916,29386478
2019-03-27,4.33,4.33,4.03,4.11,18217500,24255,76033408
2019-03-28,4.15,4.24,4.01,4.18,13751800,20552,57235752
2019-03-29,4.25,4.29,4.18,4.22,11337300,11862,47845050
2019-04-01,4.29,4.32,4.23,4.27,4589100,6713,19594218
2019-04-02,4.29,4.62,4.21,4.55,14957300,20596,66415544
2019-04-03,4.65,4.68,4.38,4.38,18421000,28440,83880000
2019-04-04,4.4,4.45,4.26,4.38,10879000,11456,47589582
2019-04-05,4.41,4.57,4.35,4.53,10630600,17453,47661350
2019-04-08,4.57,4.6,4.37,4.37,9710600,14468,43259537
2019-04-09,4.39,4.41,4.31,4.34,5577000,9372,24230634
2019-04-10,4.39,4.39,4.28,4.31,5043200,8122,21830831
2019-04-11,4.33,4.34,4.24,4.29,7283600,10859,31221088
2019-04-12,4.24,4.27,4.12,4.16,10958200,12540,45922270
2019-04-15,4.2,4.23,4.12,4.15,6672300,10499,27745249
2019-04-16,4.15,4.17,3.99,4.01,20953600,22087,84651958
2019-04-17,4.04,4.11,3.89,3.92,25235500,25330,99860461
2019-04-18,3.96,3.99,3.9,3.95,16526400,13171,65199182
2019-04-22,3.95,3.98,3.8,3.84,11548700,12412,44887097
2019-04-23,3.87,4.03,3.87,3.93,19778900,19114,78036365
2019-04-24,3.89,4.06,3.86,3.93,17137100,17900,67497508
2019-04-25,3.97,4.11,3.97,4.02,23270000,19926,94303556
2019-04-26,4.04,4.08,3.99,4.03,12824000,10252,51676676
2019-04-29,4.09,4.16,4.05,4.12,11802800,13917,48519820
2019-04-30,4.15,4.21,4.06,4.1,12062900,18499,49698311
2019-05-02,4.07,4.14,4.03,4.14,8217800,8508,33513676
2019-05-03,4.43,4.55,4.37,4.52,36316100,37628,162701264
2019-05-06,4.44,4.68,4.41,4.56,23288600,20413,107066121
2019-05-07,4.62,4.72,4.6,4.72,23106900,22591,107925997
2019-05-08,4.79,4.92,4.51,4.53,35307500,39544,167145314
2019-05-09,4.45,4.75,4.33,4.74,32166700,30700,146484335
2019-05-10,4.77,4.8,4.55,4.61,25329400,22448,117239639
2019-05-13,4.51,4.76,4.46,4.73,34299200,28730,159659819
2019-05-14,4.83,4.85,4.55,4.55,23582500,27455,110608304
2019-05-15,4.51,4.52,4.3,4.3,19826700,20096,87340261
2019-05-16,4.28,4.36,4.06,4.09,23608200,37355,98981912
2019-05-17,4.09,4.17,3.97,4.03,19873900,18776,80910075
2019-05-20,4.05,4.2,4.0,4.11,12621500,13521,51719598
2019-05-21,4.14,4.32,4.12,4.31,15512800,13523,65941084
2019-05-22,4.35,4.42,4.23,4.32,15261100,10372,65982679
2019-05-23,4.26,4.3,4.18,4.2,10015900,10776,42380593
2019-05-24,4.26,4.28,4.16,4.2,6734000,7521,28372278
2019-05-27,4.24,4.32,4.24,4.26,5251900,5949,22470617
2019-05-28,4.29,4.41,4.27,4.41,10471200,13247,45757041
2019-05-29,4.45,4.59,4.44,4.58,17431100,19676,79130859
2019-05-30,4.68,4.92,4.63,4.8,32683700,29850,156529285
2019-05-31,4.74,4.83,4.65,4.7,16098400,23913,76398441
2019-06-03,4.9,4.96,4.76,4.96,23521300,30220,115003896
2019-06-04,5.14,5.22,4.86,4.86,28028800,27779,141505902
2019-06-05,4.78,4.84,4.62,4.65,18375000,18998,86870130
2019-06-06,5.01,5.03,4.72,4.95,36905900,41511,180076305
2019-06-07,4.97,5.03,4.88,5.0,16666300,22586,83059429
2019-06-10,4.95,5.08,4.91,5.06,14333300,16357,72088204
2019-06-11,5.1,5.11,4.97,5.0,15280300,13312,77111333
2019-06-12,4.81,4.94,4.78,4.84,54327400,35939,263064406
2019-06-13,4.87,5.08,4.83,5.04,42447100,31014,211646158
2019-06-14,4.97,5.15,4.9,4.97,539987500,26293,2653161237
2019-06-17,5.01,5.07,4.98,5.07,29082700,39890,146744359
2019-06-18,5.14,5.23,5.04,5.07,29776100,30745,152671220
2019-06-19,5.11,5.13,4.96,5.06,20698000,19539,104192639
2019-06-21,5.07,5.16,5.03,5.1,16586500,18928,84593607
2019-06-24,5.12,5.14,5.07,5.11,15109900,15971,77111302
2019-06-25,5.1,5.12,4.98,5.04,17019100,17852,85901792
2019-06-26,5.07,5.09,4.97,4.98,18839800,19625,94437423
2019-06-27,4.98,5.02,4.84,4.97,21062100,22212,103706326
2019-06-28,5.01,5.1,4.98,5.07,23778400,16468,119884196
2019-07-01,5.1,5.13,5.05,5.12,21690800,14758,110609698
2019-07-02,5.13,5.45,5.12,5.45,51057600,46034,272092044
2019-07-03,5.51,6.0,5.51,5.93,83319900,66883,485452696
2019-07-04,6.14,6.33,6.06,6.24,58703900,50542,364054984
2019-07-05,6.23,6.49,6.1,6.35,46130300,49024,292340776
2019-07-08,6.46,6.84,6.41,6.75,53524900,43330,355508699
2019-07-10,7.18,7.35,6.62,6.73,109849700,102043,777934151
2019-07-11,6.87,6.9,6.45,6.5,54869100,62257,361615994
2019-07-12,6.61,6.69,6.26,6.52,59647800,50420,388676166
2019-07-15,6.9,7.03,6.73,7.03,61194500,46940,421265064
2019-07-16,7.19,7.21,7.02,7.13,45063300,36490,320968371
2019-07-17,7.13,7.34,7.02,7.31,42031100,33254,303482189
2019-07-18,7.29,7.5,7.26,7.38,37408000,32923,276450922
2019-07-19,7.38,7.45,7.05,7.15,32609600,28396,235962402
2019-07-22,7.22,7.29,6.91,7.05,30519800,36731,215356195
2019-07-23,7.08,7.08,6.87,6.92,24877500,26229,172853691
2019-07-24,6.98,7.33,6.94,7.32,33622600,29889,240280518
2019-07-25,7.4,7.42,7.07,7.1,34809600,34166,250537978
2019-07-26,7.18,7.34,7.04,7.34,27220800,24746,196597501
2019-07-29,7.3,7.74,7.19,7.68,39433800,35256,296773274
2019-07-30,7.65,7.87,7.57,7.62,42615900,54684,329902968
2019-07-31,7.72,7.79,7.54,7.72,25982300,26599,199628873
2019-08-01,7.85,8.36,7.84,8.2,70451700,71371,575518909
2019-08-02,8.3,8.36,8.03,8.19,27122600,38010,221676488
2019-08-05,7.96,8.15,7.81,7.92,34085700,39900,271710508
2019-08-06,8.1,8.27,8.02,8.18,24707100,35100,201016463
2019-08-07,8.09,8.49,7.98,8.44,30036700,33353,248946924
2019-08-08,8.54,8.66,8.51,8.53,22325300,40689,191503786
2019-08-09,8.48,8.64,8.4,8.53,20572800,28302,176000549
2019-08-12,8.47,8.5,8.26,8.28,19298000,35620,161912938
2019-08-13,8.45,8.57,8.36,8.46,22581600,26432,191428145
2019-08-14,8.35,8.66,8.01,8.11,52919000,51391,442192227
2019-08-15,7.98,8.32,7.43,7.69,63912900,65880,499829872
2019-08-16,7.98,8.0,6.89,7.12,66811400,63689,486274580
2019-08-19,7.13,7.22,6.6,6.73,55458700,53812,382933445
2019-08-20,6.72,7.11,6.32,7.06,75498000,65940,499869923
2019-08-21,7.2,7.28,6.97,7.18,36021500,36110,257663045
2019-08-22,7.18,7.2,6.9,6.9,20433100,23701,143301807
2019-08-23,6.78,7.09,6.65,6.79,30192600,37663,206193784
2019-08-26,6.9,6.94,6.4,6.48,29214400,49562,192281196
2019-08-27,6.6,6.85,6.46,6.85,29658700,33366,197217140
2019-08-28,6.8,7.04,6.7,7.0,30916200,36426,212910444
2019-08-29,7.11,7.37,7.1,7.31,31122600,40633,225753997
2019-08-30,7.49,7.73,7.18,7.73,58372400,41803,441300064
2019-09-02,7.6,7.94,7.54,7.79,27002600,39289,209566470
2019-09-03,7.7,7.92,7.54,7.56,27491300,40681,211691953
2019-09-04,7.73,7.76,7.51,7.62,22874500,29016,174507447
2019-09-05,7.65,7.73,7.55,7.55,18518900,27008,141392922
2019-09-06,7.57,7.59,7.34,7.38,17817200,25771,132355524
2019-09-09,7.38,7.4,6.95,7.01,33957500,44968,241866214
2019-09-10,6.78,6.84,6.6,6.78,55287800,65251,370831735
2019-09-11,7.04,7.08,6.91,6.98,40243600,29224,280829604
2019-09-12,7.05,7.17,6.92,7.1,19292900,23502,135853973
2019-09-13,7.08,7.16,6.85,6.91,17988200,21087,125503179
2019-09-16,6.85,7.04,6.68,6.95,15281100,20940,105315425
2019-09-17,6.84,7.08,6.81,6.97,16928500,24751,118507588
2019-09-18,7.0,7.11,6.97,7.03,15941500,16923,112238139
2019-09-19,7.17,7.48,7.17,7.4,45657300,36972,335803866
2019-09-20,7.4,7.57,7.3,7.4,27833700,36770,206806769
2019-09-23,7.53,7.6,7.38,7.56,26725000,23534,200911916
2019-09-24,7.58,7.64,7.44,7.47,20040000,18011,150519904
2019-09-25,7.4,7.68,7.33,7.64,21035000,28269,158663123
2019-09-26,7.71,7.88,7.66,7.86,26681900,36010,207713951
2019-09-27,7.83,7.98,7.8,7.87,17672000,19440,139359065
2019-09-30,7.82,7.95,7.82,7.92,14564300,19816,115066104
2019-10-01,7.95,8.03,7.72,7.8,21825100,25102,171340498
2019-10-02,7.64,7.66,7.45,7.47,28963900,29621,217852261
2019-10-03,7.51,7.8,7.45,7.8,27004900,25081,205687343
2019-10-04,7.86,7.94,7.75,7.89,17243300,20222,135196629
2019-10-07,7.81,7.95,7.75,7.83,15519900,21997,122069864
2019-10-08,7.83,7.87,7.67,7.72,16492600,21139,128209743
2019-10-09,7.82,7.86,7.49,7.59,28908700,30799,221578418
2019-10-10,7.59,7.66,7.45,7.53,16689900,17717,126357410
2019-10-11,7.6,7.86,7.59,7.75,24091600,38340,186377636
2019-10-14,7.71,7.87,7.68,7.78,15773800,29036,122707906
2019-10-15,7.77,7.86,7.75,7.79,15894800,35276,123945682
2019-10-16,7.75,7.85,7.65,7.82,18777600,29268,145744672
2019-10-17,7.84,8.06,7.83,7.9,27232700,45604,216512952
2019-10-18,7.89,7.96,7.74,7.84,14080100,19637,110672176
2019-10-21,7.84,7.86,7.58,7.81,26677700,30535,206607261
2019-10-22,7.81,7.88,7.77,7.81,16996700,20451,133003181
2019-10-23,7.81,7.86,7.65,7.65,16088500,23904,124214900
2019-10-24,7.7,7.71,7.37,7.49,24756100,24728,186151569
2019-10-25,7.49,7.64,7.4,7.43,16706800,26382,124790509
2019-10-28,7.49,7.63,7.33,7.36,21949600,32408,163342602
2019-10-29,7.36,7.51,7.31,7.35,34990000,42594,259786267
2019-10-30,7.39,7.5,7.25,7.4,30029800,32614,221913854
2019-10-31,7.35,7.42,7.23,7.42,29020200,26348,212737329
2019-11-01,7.46,7.65,7.42,7.64,22052600,28487,166293834
2019-11-04,7.7,7.79,7.57,7.57,21545400,20129,164619421
2019-11-05,7.59,7.61,7.37,7.38,27783800,30279,206286331
2019-11-06,7.4,7.49,7.34,7.45,16260300,18780,120789872
2019-11-07,7.47,7.54,7.38,7.42,15936300,17464,118752973
2019-11-08,7.39,7.39,7.16,7.25,24006100,32966,174628459
2019-11-11,7.19,7.33,7.12,7.31,19932300,28788,144184495
2019-11-12,7.28,7.29,6.97,7.09,27108100,30631,192854455
2019-11-13,6.99,7.1,6.44,7.02,64321100,54159,441000608
2019-11-14,6.75,7.6,6.72,7.6,90136800,65520,654653980
2019-11-18,7.58,7.71,7.47,7.56,32832500,27644,248959557
2019-11-19,7.56,7.68,7.37,7.45,18812000,15777,141417010
2019-11-21,7.45,7.66,7.4,7.55,21160300,17804,159235931
2019-11-22,7.55,7.87,7.51,7.86,42070100,31325,325069160
2019-11-25,7.88,8.02,7.85,7.93,24343200,26914,193461203
2019-11-26,7.88,7.95,7.73,7.95,20007600,17696,156380237
2019-11-27,8.02,8.28,7.98,8.27,39870900,37355,324593854
2019-11-28,8.29,8.6,8.23,8.59,48091300,42200,408031579
2019-11-29,8.63,8.96,8.63,8.81,52108500,43457,459947709
2019-12-02,9.17,9.24,9.05,9.17,52096400,62795,476614141
2019-12-03,9.2,9.53,8.97,9.5,57716700,51115,537772235
2019-12-04,9.51,9.93,9.41,9.45,63212400,59701,611112253
2019-12-05,9.35,9.56,9.25,9.32,34166400,34944,321089245
2019-12-06,9.37,10.04,9.37,10.0,64419800,57035,632907017
2019-12-09,10.19,10.46,10.0,10.23,57259800,56918,585956873
2019-12-10,10.25,10.36,10.04,10.2,28542500,30784,291510557
2019-12-11,10.29,10.36,10.19,10.32,25792100,29308,265226236
2019-12-12,10.44,11.18,10.0,10.0,72722100,50336,773599915
2019-12-13,10.32,10.87,10.02,10.87,152822000,112559,1596461440
2019-12-16,11.5,11.6,11.23,11.25,72523700,64603,824842314
2019-12-17,11.44,11.56,10.78,10.99,75094300,69610,832828483
2019-12-18,11.06,11.28,10.93,11.26,40566500,48619,453416235
2019-12-19,11.2,11.27,11.1,11.24,24295200,36863,271990824
2019-12-20,11.24,11.37,10.85,11.37,43132000,44143,479591959
2019-12-23,11.45,11.76,11.33,11.67,34472600,37071,400758263
2019-12-26,11.78,12.03,11.71,11.8,32120200,39275,381767555
2019-12-27,11.9,11.96,11.43,11.5,36089000,38753,420219682
2019-12-30,11.6,11.67,11.1,11.17,32269200,34648,363641646
2020-01-02,11.33,11.76,11.23,11.73,40413200,77034,468686830
2020-01-03,11.47,12.0,11.47,11.48,59501300,48956,695592026
2020-01-06,11.45,11.68,11.2,11.48,35252200,50518,402978908
2020-01-07,11.5,11.65,11.42,11.65,28061600,34488,324436650
2020-01-08,11.61,11.83,11.45,11.6,31668200,38114,368810448
2020-01-09,11.68,11.79,11.58,11.66,28186700,27998,328916278
2020-01-10,11.73,11.76,11.61,11.7,25220900,20135,294593610
2020-01-13,11.77,12.7,11.75,12.7,63655600,63696,782992324
2020-01-14,12.7,13.36,12.61,13.35,62864700,62870,825276523
2020-01-15,13.27,13.56,13.1,13.55,46573300,49643,619856910
2020-01-16,13.7,14.03,13.38,13.59,68458000,59736,942710145
2020-01-17,13.78,13.87,13.21,13.73,38757600,39175,526586356
2020-01-20,13.77,14.25,13.65,14.01,51978100,41122,727715460
2020-01-21,13.83,14.37,13.78,14.32,35784700,47634,506945576
2020-01-22,14.6,15.03,14.5,15.0,50320000,50908,746128362
2020-01-23,14.93,15.19,14.8,15.16,51184100,57615,766553568
2020-01-24,15.25,15.43,14.5,15.0,49654600,49378,750059941
2020-01-27,14.37,14.6,13.86,13.9,54423200,74290,774424512
2020-01-28,14.18,14.7,14.17,14.64,50844800,51514,735748226
2020-01-29,14.93,15.05,14.31,14.45,42528800,46450,623297304
2020-01-30,13.95,14.65,13.68,14.65,53726100,56881,753660333
2020-01-31,14.29,14.81,14.0,14.0,49717200,60442,712329804
2020-02-03,14.25,14.58,14.03,14.49,29454900,42285,423491288
2020-02-04,15.0,15.04,14.82,14.95,36181300,36954,540397760
2020-02-05,15.2,15.32,14.98,15.14,28269200,32614,428718077
2020-02-06,15.3,15.34,14.68,14.85,31083700,44142,465056067
2020-02-07,14.65,14.8,14.26,14.32,30743600,41507,444939627
2020-02-10,14.33,14.76,13.56,13.79,46664200,63071,652277544
2020-02-11,14.1,14.62,13.89,14.62,32376200,39155,462260099
2020-02-12,14.76,15.08,14.62,14.99,44310800,65670,658404525
2020-02-13,14.5,15.06,14.3,15.01,35950900,42397,534123698
2020-02-14,15.05,15.26,14.56,14.73,32671800,39992,487138874
2020-02-17,14.9,15.24,14.81,15.1,28680500,38243,431807732
2020-02-18,14.9,15.13,14.78,14.97,21671300,30559,323891778
2020-02-19,15.04,16.05,14.92,15.9,54556200,63367,855412068
2020-02-20,16.13,16.44,15.77,15.95,46009600,56169,741261231
2020-02-21,15.7,16.64,15.57,16.64,52900600,58906,860972346
2020-02-26,15.7,15.95,14.98,15.0,51216300,81915,790950250
2020-02-27,14.7,15.2,13.8,14.08,76959900,113916,1117733243
2020-02-28,13.9,14.02,13.03,13.81,86209400,114585,1156119834
2020-03-02,14.0,14.67,13.94,14.34,64050300,95337,917166914
2020-03-03,14.45,15.14,14.1,14.37,63706800,89088,933479832
2020-03-04,15.0,15.01,14.38,14.98,37968200,51318,559553646
2020-03-05,14.6,14.74,13.43,13.96,53576100,85517,751186089
2020-03-06,12.65,12.84,11.39,11.56,131293300,155454,1594596516
2020-03-09,9.06,10.26,8.66,9.58,89246100,150930,850727761
2020-03-10,10.95,11.93,9.94,11.62,86457500,109299,937782375
2020-03-11,10.9,11.65,9.82,11.0,87963900,109309,939469327
2020-03-12,9.0,9.54,7.7,8.5,64761300,66090,557036077
2020-03-13,10.39,10.39,8.2,9.71,103372800,109917,974109852
2020-03-16,7.95,9.05,7.56,7.56,94080300,165233,777541296
2020-03-17,8.01,8.07,7.0,7.04,113804500,158712,851151893
2020-03-18,6.19,6.23,4.17,4.82,175974100,148041,890933452
2020-03-19,4.5,5.38,4.11,5.11,113412800,93034,550853690
2020-03-20,5.72,5.85,4.97,4.97,119230500,117743,650244662
2020-03-23,5.0,5.04,4.26,4.41,96348200,91102,435423282
2020-03-24,4.92,5.19,4.63,5.01,96097700,73070,475402015
2020-03-25,5.01,5.96,5.01,5.71,127670900,97775,707072477
2020-03-26,5.45,6.42,5.44,5.7,128792300,102685,772933861
2020-03-27,5.35,6.0,5.24,5.7,96226100,83808,548717720
2020-03-30,5.98,6.19,5.43,5.45,69774600,60593,397854919
2020-03-31,5.5,5.65,5.2,5.28,64283100,56073,349532031
2020-04-01,4.66,4.94,4.56,4.65,100418200,88222,473198217
2020-04-02,4.71,4.78,4.32,4.38,74757000,71503,339872085
2020-04-03,4.36,4.37,3.96,4.1,94686300,74562,385610701
2020-04-06,4.45,4.58,4.08,4.36,89393700,53030,387913599
2020-04-07,4.72,4.76,4.4,4.42,79731500,60163,367519322
2020-04-08,4.35,5.15,4.28,5.03,120215800,69883,569851604
2020-04-09,5.32,5.54,5.01,5.15,114671500,85355,605739905
2020-04-13,5.05,5.45,5.02,5.43,77796500,56860,412315475
2020-04-14,5.68,6.1,5.62,6.09,98924800,99998,582841238
2020-04-15,5.77,6.57,5.66,6.32,118257800,80403,735149069
2020-04-16,6.6,6.72,6.31,6.41,110060200,74227,719507305
2020-04-17,6.65,6.73,6.36,6.48,66235700,45959,432769421
2020-04-20,6.25,6.75,6.15,6.59,99660100,58343,650068218
2020-04-22,6.62,7.49,6.62,7.4,115694800,66321,815413175
2020-04-23,7.85,8.15,7.07,7.36,176874100,124131,1346528366
2020-04-24,7.17,7.28,6.04,6.38,208264300,171807,1377093003
2020-04-27,7.2,7.61,6.86,7.57,185849500,121861,1335773011
2020-04-28,8.29,9.57,8.22,9.04,308562800,198395,2721219639
2020-04-29,9.52,9.81,8.58,9.18,235755300,172249,2176790479
2020-04-30,8.77,9.32,8.66,9.18,157175600,102935,1434508297
2020-05-04,8.8,9.6,8.78,9.5,107827200,107242,983582933
2020-05-05,9.94,10.41,9.64,9.7,174285400,111098,1743705301
2020-05-06,10.05,10.23,9.84,10.01,148654000,94386,1497026846
2020-05-07,10.39,10.39,9.65,9.74,145624300,102902,1451576168
2020-05-08,9.18,9.62,8.35,8.85,243050300,166726,2170009613
2020-05-11,8.52,9.24,8.14,8.88,181400400,127860,1584704559
2020-05-12,9.27,9.34,8.55,8.55,127538500,91776,1140748789
2020-05-13,8.8,9.21,8.33,9.14,162115000,118735,1425591972
2020-05-14,9.4,9.49,8.85,9.02,173366200,127751,1586271950
2020-05-15,8.8,9.18,8.62,8.68,105629600,74983,935151745
2020-05-18,9.13,9.14,8.84,8.87,70247600,50446,628889660
2020-05-19,8.96,9.63,8.88,9.29,134614200,101250,1252205724
2020-05-20,9.37,9.49,9.05,9.16,80175200,76023,741749545
2020-05-21,9.2,9.58,9.15,9.49,75890600,64210,713116128
2020-05-22,9.37,9.85,9.26,9.7,101461700,79576,973560353
2020-05-25,10.09,11.29,10.06,11.21,160480600,136241,1733061123
2020-05-26,11.97,12.41,11.46,11.57,150667100,142498,1792383930
2020-05-27,11.9,12.32,11.64,12.18,114343300,101913,1370521974
2020-05-28,12.31,12.9,12.12,12.58,127948300,105226,1615604555
2020-05-29,12.45,12.7,11.87,12.4,101027800,102324,1252818357
2020-06-01,12.31,13.62,12.24,13.43,119321200,110828,1563197293
2020-06-02,13.87,14.24,13.05,13.28,127160500,126738,1756078578
2020-06-03,13.81,13.89,12.85,13.48,136975700,142195,1824400135
2020-06-04,13.0,14.04,12.75,13.95,124862900,124672,1713932272
2020-06-05,14.75,15.19,14.35,14.85,123519100,123936,1823389679
2020-06-08,15.3,15.53,14.93,15.5,83947300,91017,1277232927
2020-06-09,15.11,15.44,14.85,14.97,72709600,79538,1103698775
2020-06-10,15.27,15.72,14.83,14.95,92995000,106937,1413319531
2020-06-12,14.65,15.15,14.55,14.64,87992100,113912,1305212743
2020-06-15,14.36,15.79,14.2,15.62,116438400,110080,1752253374
2020-06-16,16.59,16.66,15.13,15.15,139741900,157887,2204711533
2020-06-17,15.2,15.55,14.42,15.14,148586900,153079,2245194874
2020-06-18,14.98,15.73,14.94,15.13,82450700,93963,1268980314
2020-06-19,15.6,15.72,15.07,15.18,93795500,78157,1440348477
2020-06-22,15.35,15.42,14.76,14.9,52952500,65206,798931827
2020-06-23,15.1,15.24,14.81,15.03,47754200,57754,716381859
2020-06-24,14.9,15.07,13.96,14.58,74483100,93270,1087697911
2020-06-25,14.7,14.82,14.26,14.55,57858000,61670,841586649
2020-06-26,14.5,14.78,14.06,14.29,62045500,56311,894470793
2020-06-29,14.41,15.45,13.99,15.38,115333400,102840,1707663916
2020-06-30,15.3,15.88,15.17,15.31,81006200,91142,1258546314
2020-07-01,15.65,16.05,15.4,15.99,80536600,78152,1275283852
2020-07-02,16.25,16.8,15.28,15.39,127300900,132274,2045738692
2020-07-03,15.42,15.71,15.11,15.55,52693100,50693,813812907
2020-07-06,16.0,16.1,15.72,15.96,44665700,54777,710511557
2020-07-07,15.83,16.04,15.62,15.86,47119400,50827,745473159
2020-07-08,16.22,16.56,16.15,16.37,70336900,72609,1151874418
2020-07-09,16.5,17.67,16.35,17.55,112337300,119821,1915295228
2020-07-10,17.65,18.06,17.5,17.62,71191100,87832,1264872989
2020-07-13,17.89,19.05,17.51,17.65,124617300,149638,2277319762
2020-07-14,17.82,18.54,17.57,17.75,107603400,132609,1931088270
2020-07-15,18.24,18.53,17.93,18.45,67767800,83366,1236573598
2020-07-16,18.29,19.0,18.29,19.0,63280900,73805,1177326093
2020-07-17,19.41,19.96,19.26,19.72,90605000,115569,1780917484
2020-07-20,19.94,21.28,19.9,21.17,115751100,143628,2407141915
2020-07-21,21.8,22.36,19.81,20.62,172402000,213938,3646488276
2020-07-22,21.11,21.47,20.77,21.29,93278400,121879,1974860127
2020-07-23,21.63,21.73,19.66,19.8,129720500,168918,2671143448
2020-07-24,19.59,19.84,18.51,19.54,144701500,178687,2786253408
2020-07-27,19.94,20.1,18.85,18.91,95925000,125354,1850526389
2020-07-28,18.9,20.66,18.61,20.41,116223900,128235,2301105673
2020-07-29,20.82,21.01,20.03,20.12,71987500,97359,1466913578
2020-07-30,19.7,20.44,19.51,20.2,62415700,85337,1251051850
2020-07-31,20.6,20.77,19.09,19.52,80557200,105754,1596974278
2020-08-03,19.89,20.28,18.81,20.11,83343400,129296,1641317249
2020-08-04,19.64,20.24,19.42,19.86,75470100,114277,1496560674
2020-08-05,20.21,20.64,19.86,20.0,76897400,103677,1561356501
2020-08-06,20.25,20.4,19.5,19.59,65015300,102901,1296344830
2020-08-07,19.48,19.91,18.88,19.03,86845100,120736,1679232269
2020-08-10,19.2,19.3,18.3,19.17,73935200,107813,1397218686
2020-08-11,19.25,19.54,18.64,18.74,78030500,117884,1489033589
2020-08-12,18.9,18.98,17.96,18.16,80840800,121754,1478768230
2020-08-13,19.1,19.86,18.62,18.78,182142100,208480,3517540683
2020-08-14,18.81,19.05,18.12,18.6,85913500,118966,1583737488
2020-08-17,18.41,18.65,17.34,17.54,103901500,122246,1859811048
2020-08-18,18.05,19.04,17.71,18.97,105825900,124051,1934648341
2020-08-19,18.97,19.75,18.72,19.28,102667700,130804,1977877746
2020-08-20,18.87,19.67,18.84,19.55,91398400,118533,1768125187
2020-08-21,19.49,20.18,19.34,19.74,68703300,93333,1362232218
2020-08-24,20.2,20.55,20.02,20.35,68538100,88629,1392703378
2020-08-25,20.68,20.8,20.46,20.7,59162400,85166,1220931562
2020-08-26,20.79,21.15,19.85,20.29,105365000,135318,2163783637
2020-08-27,20.32,20.65,19.92,20.36,62908100,81423,1275433895
2020-08-28,20.49,20.62,20.0,20.22,65760500,95330,1338814286
2020-08-31,20.08,20.65,20.01,20.5,210327600,109411,4299396733
2020-09-01,20.67,20.76,20.35,20.47,60773500,80660,1246822652
2020-09-02,20.56,20.67,20.32,20.61,42527000,53498,871639268
2020-09-03,20.62,20.7,19.19,19.19,130077200,167711,2560013978
2020-09-04,19.25,19.39,18.0,18.9,170088700,177455,3173096146
2020-09-08,18.5,18.74,18.09,18.15,87098700,120983,1601494121
2020-09-09,18.45,18.65,18.1,18.51,62333500,71876,1145294059
2020-09-10,18.6,18.89,17.87,18.02,60513500,84753,1115079577
2020-09-11,18.15,18.27,17.53,17.96,62784500,91386,1123505142
2020-09-14,18.22,18.59,18.02,18.37,50254100,63208,919799324
2020-09-15,18.58,18.72,18.21,18.55,49702900,63635,917966969
2020-09-16,18.63,18.66,18.16,18.16,33946400,42066,625272549
2020-09-17,17.92,18.2,17.75,18.08,41528400,52983,746728023
2020-09-18,18.02,18.27,17.11,17.43,68111900,80002,1202228500
2020-09-21,16.8,17.57,16.65,17.45,76191400,90078,1305995768
2020-09-22,17.56,17.81,17.33,17.58,43466400,60981,764149870
2020-09-23,17.57,17.72,16.91,16.93,41007800,54998,707308776
2020-09-24,16.96,17.32,16.73,17.04,44483800,60596,759820255
2020-09-25,16.91,17.83,16.73,17.72,54787600,67157,951509125
2020-09-28,18.07,18.19,17.11,17.29,54776300,74005,965388799
2020-09-29,17.2,17.46,16.85,16.97,44523200,62702,760667437
2020-09-30,17.14,17.62,16.9,17.35,50814100,58649,882091507
2020-10-01,17.4,18.1,17.35,17.87,47744600,60574,848728801
2020-10-02,17.62,17.9,17.2,17.31,36586700,48341,640865345
2020-10-05,17.64,17.92,17.24,17.87,41775600,54973,734574908
2020-10-06,18.03,18.58,17.97,18.17,71821300,94708,1314572906
2020-10-07,18.33,18.39,17.78,17.91,51063300,68234,918439377
2020-10-08,18.0,18.39,17.81,18.39,50973100,58007,926271173
2020-10-09,18.3,19.18,18.21,18.91,57814900,72499,1090626916
2020-10-13,19.18,19.57,19.11,19.44,52201100,71457,1009221859
2020-10-14,19.5,19.64,19.16,19.27,41891600,55906,811072778
2020-10-15,18.85,19.52,18.77,19.46,43750900,58693,842497137
2020-10-16,19.55,19.69,19.21,19.37,38645200,54366,751249096
2020-10-19,19.5,19.79,19.13,19.23,46179000,61922,898975579
2020-10-20,19.4,19.98,19.3,19.92,46825700,66217,921465181
2020-10-21,19.98,20.25,19.79,20.13,44828500,57329,898405215
2020-10-22,20.15,20.28,19.95,20.17,35088200,49152,705866342
2020-10-23,20.2,20.48,20.08,20.29,31666000,42710,640965045
2020-10-26,20.2,20.33,19.36,19.61,48493900,64998,957784274
2020-10-27,19.7,19.79,18.66,18.88,60634900,72367,1153711421
2020-10-28,18.15,18.29,17.3,17.49,92988300,101706,1651776258
2020-10-29,17.46,18.41,16.55,18.25,98659200,116651,1747741860
2020-10-30,18.11,18.25,16.96,17.16,78926700,102667,1371330629
2020-11-03,17.74,17.77,16.87,17.12,55817900,80413,963239959
2020-11-04,17.54,18.31,17.38,18.06,64637200,75988,1159344106
2020-11-05,18.62,19.12,18.52,19.12,59293300,78465,1117781291
2020-11-06,18.85,19.29,18.56,19.22,49130700,67518,929145759
2020-11-09,19.85,19.9,18.27,18.54,78466300,111652,1502422295
2020-11-10,18.25,18.87,17.73,17.84,83272400,114721,1515709019
2020-11-11,17.95,18.94,17.85,18.84,67003600,87691,1249488673
2020-11-12,19.13,19.25,17.6,17.76,113519100,133214,2082963573
2020-11-13,18.07,18.24,17.66,17.85,59377400,95006,1061127585
2020-11-16,18.04,18.18,17.65,17.82,53321500,69915,954075993
2020-11-17,17.76,18.23,17.68,17.87,44217600,55888,792956044
2020-11-18,17.92,17.99,17.51,17.62,38730500,50677,684768104
2020-11-19,17.62,18.05,17.27,17.94,45424800,66430,801252281
2020-11-20,18.07,18.11,17.73,17.89,28390700,47295,508029027
2020-11-23,18.03,18.07,17.64,17.8,28495900,42312,507865899
2020-11-24,17.79,18.87,17.45,18.44,54611600,73950,991112540
2020-11-25,18.35,18.83,18.35,18.7,31391400,53463,585640448
2020-11-26,18.78,19.25,18.63,19.21,33241000,44832,631857586
2020-11-27,19.35,19.49,18.36,18.49,67167100,79666,1266407708
2020-11-30,18.59,18.66,17.56,17.75,82339600,102804,1476227282
2020-12-01,18.0,18.04,17.13,17.15,67786900,101356,1177338893
2020-12-02,17.21,17.48,16.96,17.12,44684000,65549,766569405
2020-12-03,17.21,17.55,17.01,17.21,45142000,71965,779357282
2020-12-04,17.39,17.85,17.22,17.51,41766800,57410,733266926
2020-12-07,17.7,17.84,17.27,17.43,36992400,53148,651691167
2020-12-08,17.41,18.14,17.33,17.7,39730900,53577,707476831
2020-12-09,17.75,17.85,17.15,17.21,37509900,59336,650715172
2020-12-10,17.3,17.35,16.65,17.02,46566800,61608,790612715
2020-12-11,16.9,17.12,16.74,16.82,40625100,57088,686229515
2020-12-14,16.88,17.1,16.73,16.83,33155700,55030,560678927
2020-12-15,17.0,17.35,16.81,17.02,36732000,45674,627739720
2020-12-16,17.05,17.22,16.84,17.1,37941400,49470,646974274
2020-12-17,17.11,17.25,16.87,16.97,24000900,34126,408501156
2020-12-18,16.93,17.14,16.81,16.82,31547800,34006,533911223
2020-12-21,15.0,16.7,14.71,16.15,72304200,82346,1174309336
2020-12-22,16.35,16.45,15.86,15.94,39309400,52277,632349153
2020-12-23,15.85,16.58,15.71,16.13,39829300,47384,645990394
2020-12-28,16.4,16.7,16.0,16.59,35939400,40342,586737600
2020-12-29,16.64,16.84,16.48,16.58,29555500,67859,491886395
2020-12-30,16.61,16.78,16.16,16.16,36903300,44911,604521860
2021-01-04,16.49,16.77,15.96,16.17,44372400,63580,726275235
2021-01-05,16.01,16.35,15.65,16.22,41436700,54815,662760864
2021-01-06,16.1,16.14,15.4,15.51,49797300,63692,787643535
2021-01-07,15.7,15.81,14.92,15.08,70842700,100436,1086690826
2021-01-08,15.12,15.82,15.08,15.53,58505800,58911,905701412
2021-01-11,15.25,15.45,14.98,15.12,36385200,47846,550570663
2021-01-12,15.18,15.31,15.01,15.17,39396500,54129,597202707
2021-01-13,15.1,15.2,14.8,14.85,40716600,39140,608224018
2021-01-14,14.92,15.0,14.67,14.9,41191200,42945,610452196
2021-01-15,14.72,14.86,14.53,14.58,41681000,52636,610746266
2021-01-18,14.69,15.0,14.41,14.54,44490700,37125,652243084
2021-01-19,14.64,14.77,14.24,14.32,29221200,37294,421140951
2021-01-20,14.38,15.04,14.34,14.57,64048300,57466,942889975
2021-01-21,14.7,14.77,13.92,14.26,56266300,63384,799941896
2021-01-22,14.03,14.43,13.88,14.19,42074100,49581,597377845
2021-01-26,14.22,14.89,14.2,14.52,49850500,56663,729921914
2021-01-27,14.53,14.67,14.08,14.17,52955000,55232,760162527
2021-01-28,14.23,15.34,14.0,15.29,76742400,75423,1132552488
2021-01-29,15.1,15.22,14.52,14.69,52117200,62236,770198002
2021-02-01,14.95,14.97,14.33,14.38,43615800,47302,633401650
2021-02-02,14.5,15.39,14.5,15.28,66421100,74353,1001370728
2021-02-03,15.4,15.48,14.94,15.08,43533700,49974,658452110
2021-02-04,15.1,15.45,14.87,15.0,38573500,47708,582402937
2021-02-05,15.12,15.2,14.9,15.08,28331300,32064,426272766
2021-02-08,15.15,15.31,14.97,15.22,29991600,34093,453377056
2021-02-09,15.16,15.47,14.88,14.93,32861700,35159,494715135
2021-02-10,14.94,14.97,14.29,14.35,44553700,48015,647293004
2021-02-11,14.51,14.79,14.38,14.6,34604100,31560,505588829
2021-02-12,14.46,14.62,14.28,14.48,23298500,30460,336710870
2021-02-17,14.4,14.72,14.31,14.62,22681900,29679,329718115
2021-02-18,14.52,14.85,14.31,14.49,30153100,37347,436896382
2021-02-19,14.44,14.62,14.0,14.0,41836400,57590,592414789
2021-02-22,13.3,13.52,12.91,12.94,82960100,94008,1089123979
2021-02-23,13.13,13.54,13.07,13.19,44204000,50514,585502865
2021-02-24,13.3,13.4,13.01,13.27,31119300,37222,411078422
2021-02-25,13.25,13.63,12.54,12.63,46153100,49247,603292367
2021-02-26,12.83,13.12,11.75,11.87,84955900,78885,1040454423
2021-03-01,12.06,12.59,11.98,12.11,54354500,56000,668979019
2021-03-02,11.95,12.15,11.19,12.02,90248200,79973,1047466562
2021-03-03,12.32,12.35,11.32,11.92,100482300,110393,1180247700
2021-03-04,12.0,12.6,11.92,12.11,71643500,80640,879053818
2021-03-05,12.09,12.24,11.69,12.03,48767200,53222,584779567
2021-03-08,11.77,12.2,11.42,11.54,53512000,57999,635271683
2021-03-09,11.67,11.72,10.95,10.98,57537700,55506,651829984
2021-03-10,11.16,12.19,11.1,12.11,83404300,66496,967760086
2021-03-11,12.25,12.43,11.86,12.32,61901300,59426,753016445
2021-03-12,12.07,12.2,11.76,11.8,44522300,40859,532544994
2021-03-15,11.82,12.37,11.74,12.24,49170700,52127,596202042
2021-03-16,12.16,12.37,11.79,12.0,39226400,41773,470372069
2021-03-17,11.88,12.22,11.77,12.19,35344300,39068,424067727
2021-03-18,12.04,12.1,11.57,11.61,43101000,40244,510676850
2021-03-19,11.7,12.23,11.69,12.16,56012400,55240,675032606
2021-03-22,12.07,12.44,11.83,12.08,41359500,43905,500629602
2021-03-23,12.01,12.22,11.77,12.11,35429000,34337,426671204
2021-03-24,12.18,12.21,11.4,11.44,52821600,42339,622197141
2021-03-25,11.5,12.04,11.32,12.04,52518100,42173,621846001
2021-03-26,12.02,12.13,11.74,11.97,37612300,40246,449384186
2021-03-29,11.95,12.07,11.72,11.81,33548900,35733,397804844
2021-03-30,11.83,12.45,11.79,12.34,49654600,43681,606476675
2021-03-31,12.32,12.49,12.01,12.07,36317300,33799,441524898
2021-04-01,12.1,12.52,12.07,12.25,40294400,39648,496845823
2021-04-05,12.5,12.67,12.35,12.52,31041400,36363,387440987
2021-04-06,12.56,12.66,12.28,12.36,32542700,32475,404038084
2021-04-07,12.31,12.42,12.07,12.31,31742600,29667,388519004
2021-04-08,12.33,13.04,12.28,12.92,52506500,46135,670063499
2021-04-09,12.8,12.82,12.4,12.47,51000000,42622,639239241
2021-04-12,12.57,12.69,12.36,12.57,30344100,29391,380834645
2021-04-13,12.59,12.83,12.5,12.61,40659300,37678,514013396
2021-04-14,12.68,12.93,12.54,12.78,40757900,41900,518126413
2021-04-15,12.88,13.03,12.71,12.83,37052900,44033,477357106
2021-04-16,12.8,12.89,12.58,12.75,35421000,41464,450726014
2021-04-19,12.8,12.95,12.65,12.8,42285500,34923,540736284
2021-04-20,12.78,12.83,12.5,12.67,31459600,28578,397790019
2021-04-22,12.76,13.27,12.59,12.63,46846200,46441,604934547
2021-04-23,12.85,13.16,12.69,13.12,49600800,47497,644720658
2021-04-26,13.35,13.45,12.74,12.85,59503000,67342,777578146
2021-04-27,12.9,12.93,12.11,12.16,84091000,82410,1041212526
2021-04-28,12.28,12.41,11.96,12.22,42704800,47746,520840946
2021-04-29,12.23,12.3,11.97,12.1,33054900,41881,399761480
2021-04-30,12.0,12.26,11.83,11.83,33895200,40527,406567116
2021-05-03,11.95,12.08,11.76,11.87,25067200,30102,298465587
2021-05-04,11.89,11.95,11.72,11.94,26617500,36379,315518141
2021-05-05,11.91,12.18,11.88,12.1,22849100,27976,275381221
2021-05-06,12.03,12.17,11.8,11.96,30082800,52869,359755415
2021-05-07,12.08,12.31,12.0,12.16,26117700,29486,317358164
2021-05-10,12.15,12.35,11.9,12.03,24504200,28546,295123707
2021-05-11,11.86,12.12,11.71,12.12,32172200,38705,381991887
2021-05-12,11.95,12.16,11.61,11.7,33483500,40927,396607410
2021-05-13,12.0,12.28,11.92,12.22,62872600,63288,764330956
2021-05-14,12.3,12.42,12.06,12.13,28251300,32376,344370024
2021-05-17,12.09,12.2,11.89,11.98,26709600,40071,320745980
2021-05-18,11.96,12.15,11.92,11.99,28033100,45221,337164734
2021-05-19,11.87,12.07,11.81,12.05,36219900,49983,432895851
2021-05-20,12.05,12.13,11.91,11.91,24596100,27923,294542411
2021-05-21,11.92,12.14,11.73,11.87,49077000,37439,584028054
2021-05-24,11.95,12.56,11.95,12.46,61580300,57311,761135647
2021-05-25,12.55,12.63,12.37,12.43,30386800,33152,379967530
2021-05-26,12.51,12.81,12.44,12.51,30290700,32639,381032522
2021-05-27,12.51,12.72,12.44,12.72,34926100,33609,440969032
2021-05-28,12.72,12.87,12.5,12.72,33474900,37511,424157580
2021-05-31,12.75,13.07,12.65,12.98,40973200,44143,527719932
2021-06-01,13.15,13.97,13.09,13.84,79602100,88617,1084603651
2021-06-02,13.83,14.59,13.68,14.35,76835900,92434,1095916463
2021-06-04,14.38,14.77,14.21,14.55,47634100,60552,695045540
2021-06-07,14.61,15.02,14.61,14.65,52167800,56074,773462637
2021-06-08,14.99,15.29,14.9,15.29,59887700,69955,905926760
2021-06-09,15.27,15.35,14.97,15.08,40675100,42279,613488375
2021-06-10,15.14,15.18,14.54,14.56,50598200,51629,745995419
2021-06-11,14.53,14.62,14.15,14.6,40408000,39783,580168334
2021-06-14,14.87,15.21,14.72,14.8,42934200,45004,639176201
2021-06-15,14.83,14.94,14.66,14.76,27056600,42602,399968260
2021-06-16,14.76,15.03,14.58,14.68,41460500,43892,612226842
2021-06-17,14.68,15.12,14.48,15.06,44473700,38687,662740019
2021-06-18,15.0,15.26,14.92,15.17,61912600,48350,934155750
2021-06-21,15.25,15.79,15.18,15.75,48006100,56497,742661379
2021-06-22,15.64,16.07,15.48,15.93,36109300,55343,569304233
2021-06-23,16.07,16.19,15.76,15.8,39672500,49259,632956772
2021-06-24,16.0,16.13,15.74,15.77,33208100,49042,528632839
2021-06-25,15.95,16.01,15.43,15.72,33701800,39338,529206000
2021-06-28,15.61,16.15,15.61,16.03,33639500,42460,537688418
2021-06-29,16.06,16.07,15.67,16.02,23966900,33609,379735769
2021-06-30,15.84,15.98,15.71,15.79,32576400,37969,515350256
2021-07-01,15.89,15.93,15.3,15.46,34679800,45919,541558200
2021-07-02,15.54,15.76,15.37,15.6,27251400,41763,425094589
2021-07-05,15.66,15.69,15.25,15.48,23920600,29764,369476083
2021-07-06,15.4,15.46,14.98,15.0,31966900,43839,484355735
2021-07-07,15.16,15.27,14.87,15.15,33334400,44242,502989776
2021-07-08,14.76,14.9,14.53,14.85,31540500,37373,464706696
2021-07-12,15.03,15.05,14.67,14.73,20389800,32779,301813697
2021-07-13,14.64,15.0,14.52,14.86,25289100,55718,373001765
2021-07-14,15.0,15.12,14.81,14.86,21295400,41191,318213115
2021-07-15,14.81,15.3,14.67,14.73,35309200,43743,528332588
2021-07-16,14.81,14.95,14.58,14.6,27743300,42126,409097508
2021-07-19,14.23,14.53,13.9,14.05,38587600,66130,545696444
2021-07-20,14.06,14.23,13.87,14.03,27216800,35562,381370684
2021-07-21,14.16,14.22,13.94,14.15,21316700,30683,299876469
2021-07-22,14.13,14.32,14.05,14.28,18823200,34757,266978587
2021-07-23,14.25,14.29,13.91,14.09,24156000,51186,339242300
2021-07-26,14.04,14.12,13.7,13.74,22366000,36052,311301034
2021-07-27,13.74,13.83,13.07,13.25,42806000,47914,570830898
2021-07-28,13.35,13.42,12.91,13.27,42467800,47671,559908050
2021-07-29,13.26,13.38,13.0,13.2,32091600,50378,422706162
2021-07-30,13.03,13.12,12.56,12.59,43533600,44455,554826258
2021-08-02,12.87,13.01,12.73,12.73,34521800,62075,443668826
2021-08-03,12.66,12.67,12.12,12.56,50656600,60597,626816159
2021-08-04,12.51,12.57,12.17,12.25,24355700,37405,300047150
2021-08-05,12.31,12.78,12.16,12.16,39830800,69995,494192443
2021-08-06,12.3,12.4,12.14,12.35,26778300,46134,328574509
2021-08-09,12.28,12.75,12.26,12.71,26977400,44841,338441425
2021-08-10,12.76,13.06,12.69,12.8,28385400,44830,365164053
2021-08-11,12.88,13.02,12.45,13.02,31666700,50510,403733670
2021-08-12,12.5,12.52,11.91,12.07,101028200,113088,1232386698
2021-08-13,12.18,12.23,11.25,11.3,65670600,95520,762964250
2021-08-16,11.17,11.28,10.47,10.61,42824400,73677,458850500
2021-08-17,10.47,10.75,10.19,10.6,44172000,54483,464224936
2021-08-18,10.72,11.3,10.47,10.75,42768300,62007,463878427
2021-08-19,10.51,11.2,10.47,11.2,36307900,48006,396170130
2021-08-20,11.06,11.48,10.95,11.27,28233000,45453,318235026
2021-08-23,11.35,11.42,10.8,10.8,21806000,32679,240123057
2021-08-24,10.88,11.43,10.88,11.3,26117200,30862,292038352
2021-08-25,11.19,11.46,11.05,11.27,19201100,27156,214950265
2021-08-26,11.2,11.4,10.89,10.89,28285000,43169,312966343
2021-08-27,10.95,11.07,10.78,10.87,19068500,28359,207936102
2021-08-30,10.9,10.97,10.67,10.76,25805700,39661,278888647
2021-08-31,10.74,10.96,10.27,10.39,34221200,42902,360420179
2021-09-01,10.45,10.55,10.2,10.27,36158800,50099,373309506
2021-09-02,10.29,10.32,9.64,9.64,47651800,80986,470674114
2021-09-03,9.76,9.85,9.32,9.62,44302800,51681,424052094
2021-09-06,9.55,9.95,9.45,9.95,17723300,26551,173363657
2021-09-08,9.83,9.85,9.01,9.02,39752400,59500,369840724
2021-09-09,9.09,9.55,8.66,9.5,60402200,78139,546456098
2021-09-10,9.77,9.87,9.02,9.02,40617300,61296,379976710
2021-09-13,9.23,9.4,9.13,9.2,25554600,31991,236811201
2021-09-14,9.28,9.44,9.03,9.05,25167300,47466,230886651
2021-09-15,9.09,9.13,8.74,8.78,25409000,54473,224614386
2021-09-16,8.68,8.87,8.48,8.69,31132100,46560,270226571
2021-09-17,8.65,8.69,8.27,8.46,46625800,61882,392825214
2021-09-20,8.23,8.38,7.78,7.89,47833200,53697,381219189
2021-09-21,8.08,8.88,8.0,8.78,68174300,76644,577000747
2021-09-22,9.0,9.04,8.4,8.57,58093600,60195,499146567
2021-09-23,8.58,8.83,8.5,8.59,32344900,46680,279485124
2021-09-24,8.42,8.51,8.29,8.5,21296900,34747,179100059
2021-09-27,8.52,8.57,8.06,8.1,30954500,39461,254439030
2021-09-28,8.0,8.12,7.8,7.91,36026000,40359,285486030
2021-09-29,8.08,8.25,7.86,7.86,30155400,36732,242394308
2021-09-30,7.95,8.02,7.61,7.71,45379300,54080,352673636
2021-10-01,7.75,8.45,7.62,8.29,46349200,43804,370828847
2021-10-04,8.13,8.13,7.7,7.7,32981500,43344,258069644
2021-10-05,7.77,8.1,7.65,7.85,27657900,32129,217702657
2021-10-06,7.61,8.13,7.43,8.12,50481900,52787,392722213
2021-10-07,8.15,8.27,7.79,7.79,29142200,31570,231895315
2021-10-08,7.87,8.34,7.85,8.06,40514900,44371,329854510
2021-10-11,8.06,8.16,7.88,7.91,25340400,29760,202694537
2021-10-13,7.96,8.27,7.89,8.21,32522100,58051,265542562
2021-10-14,8.32,8.37,7.94,8.0,31792900,66556,256693203
2021-10-15,8.01,8.18,7.95,8.14,37409800,31121,303032855
2021-10-18,8.03,8.31,7.79,8.18,39365400,64214,317213593
2021-10-19,8.1,8.13,7.7,7.8,47656900,67297,374539400
2021-10-20,7.88,7.93,7.39,7.49,45057300,73546,342880459
2021-10-21,7.34,7.41,6.87,6.92,50421800,63342,358545810
2021-10-22,6.86,7.15,6.3,6.97,87038300,75083,586994165
2021-10-25,7.14,7.23,6.82,7.09,47848900,56568,337135228
2021-10-26,6.95,7.0,6.66,6.66,39203500,40658,266496743
2021-10-27,6.7,6.99,6.59,6.62,35709000,40687,242370378
2021-10-28,6.53,6.74,6.36,6.37,54444500,51895,356604609
2021-10-29,6.45,6.5,6.15,6.15,37584300,35198,236122237
2021-11-01,6.28,6.69,6.25,6.65,37646600,36443,245805701
2021-11-03,6.64,6.99,6.49,6.9,43319000,44496,294181803
2021-11-04,6.79,7.02,6.54,6.58,35991000,38723,243244262
2021-11-05,6.75,7.32,6.73,7.29,53926700,65183,382476502
2021-11-08,7.14,7.4,7.02,7.06,41181200,40335,294111079
2021-11-09,7.06,7.7,7.06,7.54,49652000,68628,371915128
2021-11-10,7.5,7.66,7.05,7.05,54911500,45169,401854207
2021-11-11,5.8,6.45,5.76,6.17,169410000,117720,1047068780
2021-11-12,6.2,6.5,6.13,6.21,64161900,70576,403715276
2021-11-16,6.22,6.31,5.72,5.73,55845900,50343,328780299
2021-11-17,5.77,5.88,5.5,5.56,53555400,45543,302056428
2021-11-18,5.6,5.75,5.47,5.58,34960300,32260,195727067
2021-11-19,5.6,6.06,5.55,5.72,47654800,33532,276517328
2021-11-22,5.79,5.97,5.61,5.71,36943300,33356,213809257
2021-11-23,5.8,5.94,5.61,5.92,32150600,34110,185433772
2021-11-24,5.84,6.03,5.72,5.87,36266200,44904,214259996
2021-11-25,5.92,6.11,5.86,5.95,31195700,46204,186244149
2021-11-26,5.72,5.83,5.6,5.68,33201800,34646,189533978
2021-11-29,5.79,5.93,5.65,5.85,35452700,33326,206968490
2021-11-30,5.79,5.88,5.55,5.67,43418900,29456,247164658
2021-12-01,5.81,5.85,5.2,5.2,37623200,32993,206734772
2021-12-02,5.26,5.44,4.98,5.15,51116600,45289,263383636
2021-12-03,5.17,5.45,5.15,5.36,39282700,38470,209590062
2021-12-06,5.43,5.63,5.36,5.61,24893700,26429,137505357
2021-12-07,5.8,5.91,5.6,5.8,33513500,30409,193687349
2021-12-08,5.79,5.89,5.43,5.77,49965100,35412,284183113
2021-12-09,5.64,5.77,5.3,5.36,35259800,27054,192895470
2021-12-10,5.52,5.75,5.41,5.48,32262400,27191,179295916
2021-12-13,5.51,5.68,5.31,5.31,25039100,21945,136836063
2021-12-14,5.37,5.46,4.92,4.96,42962100,36416,219170295
2021-12-15,4.98,5.24,4.82,5.2,35996400,30722,180621102
2021-12-16,5.25,5.31,4.87,4.91,72816800,52787,363526964
2021-12-17,4.9,4.98,4.71,4.85,54126900,34521,262121875
2021-12-20,4.71,4.93,4.67,4.74,42570600,32716,203985586
2021-12-21,4.86,4.87,4.61,4.61,30450000,25892,142330562
2021-12-22,4.64,4.68,4.5,4.5,27359900,24939,124810013
2021-12-23,4.51,4.58,4.4,4.5,30613400,34299,137424204
2021-12-27,4.53,4.89,4.52,4.86,35550300,24296,168687015
2021-12-28,4.86,5.05,4.78,4.95,25433400,23367,124905085
2021-12-29,4.98,5.05,4.86,5.02,22334300,18411,111211921
2021-12-30,5.04,5.32,5.02,5.25,58310400,45154,304323216
