Date,Open,High,Low,Close,Volume,Neg,Fin
2019-10-10,24.3144455216003,24.35367080476055,23.549720891342528,23.63795796770402,18371000,34328,449138696
2019-10-11,23.824238441217062,23.892862875998432,23.255590699887865,23.265397020677927,7077400,11269,169245602
2019-10-14,23.265397020677927,23.35363409703942,22.64772758077295,23.04970749016923,4214500,8676,98522698
2019-10-15,23.13794456653072,23.17715994431644,22.794792676500283,23.088922867954945,1133500,2752,26579973
2019-10-16,23.088922867954945,23.62815164691396,22.853620695866123,23.62815164691396,1946600,4661,46227272
2019-10-17,23.530108249762403,23.72619504406552,23.383053059409605,23.72619504406552,904400,2009,21771548
2019-10-18,23.63795796770402,23.67717334548973,23.34382777624936,23.67717334548973,1051300,3513,25247022
2019-10-21,23.67717334548973,23.765410421851225,23.50069919276675,23.539914570552465,3309600,3740,79549655
2019-10-22,23.55952721213259,23.62815164691396,23.24579428447234,23.383053059409605,928900,3154,22165499
2019-10-23,23.441871173400912,23.441871173400912,22.853620695866123,23.059503905584755,1482200,4243,34849227
2019-10-24,23.039901169379167,23.147750887320782,22.54969408899593,22.54969408899593,2568000,5145,59481407
2019-10-25,22.598715787571702,22.83401795966053,22.304585596117047,22.67714654314313,1225500,3990,28162269
2019-10-28,22.69674927934873,22.932051451437548,22.54969408899593,22.932051451437548,1950600,3337,45164174
2019-10-29,22.863427016656185,22.892836073651832,22.54969408899593,22.69674927934873,1277000,4931,29532181
2019-10-30,22.755577298714567,23.42226843719532,22.43203805026425,23.42226843719532,1086200,2899,25355909
2019-10-31,23.23598796368228,23.765410421851225,22.863427016656185,23.765410421851225,554600,1703,13321936
2019-11-01,23.64776428849408,23.657570609284143,23.441871173400912,23.48109645656116,740500,2682,17751352
2019-11-04,23.490892871976687,23.72619504406552,23.23598796368228,23.72619504406552,2002400,2926,47921946
2019-11-05,23.62815164691396,23.824238441217062,23.29481598304812,23.824238441217062,2102900,3303,50397561
2019-11-06,23.824238441217062,23.94188457457421,23.530108249762403,23.530108249762403,809000,2266,19481840
2019-11-07,23.58893626912824,23.608548910708368,23.314418719253705,23.383053059409605,641700,1816,15309046
2019-11-08,23.35363409703942,23.35363409703942,22.67714654314313,23.28500966225805,1346600,3072,31698223
2019-11-11,22.99087947080339,23.530108249762403,22.99087947080339,23.530108249762403,717400,1836,17062819
2019-11-12,23.50069919276675,23.50069919276675,22.53988776820587,22.95166409301768,1578700,2263,36968328
2019-11-13,22.932051451437548,22.932051451437548,22.186939462759906,22.43203805026425,1400300,3898,32029381
2019-11-14,22.54969408899593,23.28500966225805,22.353607294692825,23.28500966225805,1359400,2732,31680661
2019-11-18,23.29481598304812,23.51050551355681,22.95166409301768,23.46148381498104,523400,2312,12458487
2019-11-19,23.51050551355681,23.62815164691396,23.13794456653072,23.36344041782948,1162900,5915,27763106
2019-11-21,23.490892871976687,23.56933353292265,23.039901169379167,23.1869662651065,1121600,3336,26657023
2019-11-22,23.36344041782948,23.432074757985383,22.71636192092885,22.843814375076057,1810700,3960,42342972
2019-11-25,22.932051451437548,23.314418719253705,22.62812484456736,23.314418719253705,2173000,4919,50745486
2019-11-26,23.265397020677927,23.265397020677927,22.78499626108476,22.99087947080339,1173300,3496,27498858
2019-11-27,23.01048220700898,23.10853550953507,22.69674927934873,22.69674927934873,1619200,2842,37737666
2019-11-28,22.814405318080407,23.27520334146799,22.69674927934873,23.039901169379167,581800,3068,13581023
2019-11-29,22.91244871523196,23.314418719253705,22.80459899729034,23.314418719253705,599200,1498,14122812
2019-12-02,23.314418719253705,23.314418719253705,23.00068579159345,23.030094848589105,516500,2280,12171631
2019-12-03,23.030094848589105,23.16735362352637,22.74578088329904,22.892836073651832,608900,2019,14212968
2019-12-04,22.863427016656185,23.1869662651065,22.863427016656185,23.07911654716488,1803800,3478,42415607
2019-12-05,23.07911654716488,23.48109645656116,22.70655560013879,23.46148381498104,1835400,3965,43462297
2019-12-06,23.50069919276675,25.58899977919597,23.50069919276675,25.39291298489286,8249700,16030,208367498
2019-12-09,25.353697607107147,26.61843563853822,24.834071564353724,26.559617524546912,2077700,6238,55338915
2019-12-10,26.47138044818542,27.56945064768357,26.11842223736492,26.27529365388231,2767000,8079,75265939
2019-12-11,26.50078950518107,26.81452243284133,25.990969783217714,26.079206859579205,1527800,5428,40795202
2019-12-12,26.481176863600947,27.451794608951893,26.01058242479784,27.451794608951893,2905500,5002,78483378
2019-12-13,27.441988288161827,27.74592480040656,26.92237215078294,27.74592480040656,1395200,4431,39110777
2019-12-16,27.834161876768047,28.138088483638235,27.3635575325904,27.647881403255,2099900,5448,59443439
2019-12-17,27.598859704679224,27.912592632339475,27.05963092572021,27.157674322871767,1300800,5805,36183319
2019-12-18,27.157674322871767,27.696903101830777,27.157674322871767,27.647881403255,1181100,4708,33167138
2019-12-19,27.726312158826428,27.95180801012519,27.46160092974195,27.647881403255,677100,1427,19151451
2019-12-20,27.74592480040656,28.33417527794134,27.451794608951893,28.23613188078979,960600,3857,27492594
2019-12-23,28.285153579365566,29.08910349278359,28.285153579365566,28.598886507025817,893300,3764,26140234
2019-12-26,28.853801320694764,29.334202080287938,28.628305469396004,28.80477962211899,955400,4240,28183061
2019-12-27,28.94203839705626,29.187146889935143,28.15770112521836,28.42241235430284,963000,3030,27954459
2019-12-30,28.51498798471084,28.790872476271264,28.298208863003243,28.692343715767475,983000,2747,28534963
2020-01-02,28.85984359916137,29.135728090721795,28.51498798471084,28.75145899099484,778100,2669,22733905
2020-01-03,28.574103259938205,28.820430113884942,27.71688224226872,28.574103259938205,1128400,3660,32572599
2020-01-06,28.534689774661786,28.534689774661786,27.94349740088997,28.071593704381986,445400,1949,12741695
2020-01-07,28.140564827272087,28.37703583355609,27.174959201436067,27.49025717827292,1259500,4275,35218445
2020-01-08,27.49025717827292,27.874526277999863,26.85966122459922,27.53952651121208,1739100,4910,48304126
2020-01-09,27.569084148825763,28.455862804108936,27.569084148825763,27.9829108861664,1769000,5157,50397034
2020-01-10,28.00262258149188,28.524833926999044,28.00262258149188,28.524833926999044,1402200,2938,40203143
2020-01-13,28.662776172779257,30.04221844133045,28.59380504988915,29.55941067572517,2538500,6150,74879723
2020-01-14,29.55941067572517,29.99294910839129,29.460881915221385,29.85500686261108,723900,2709,21818794
2020-01-15,29.78603573972097,31.20489149354859,29.510151248160547,31.18517979822311,1889600,5571,58728344
2020-01-16,31.15562216060943,32.081814301169025,30.997968219503736,31.59901644093829,1262700,5877,40386363
2020-01-17,31.82564150493408,32.278881727551145,31.244304978825014,31.934026113100607,1385800,5934,44506244
2020-01-20,32.022699025941655,32.022699025941655,31.490631832771754,31.608872288601024,528200,2301,17015330
2020-01-21,31.628574078551967,31.75667038204397,30.49546856932205,30.65311260505321,1246300,6874,39123153
2020-01-22,30.751641365557,31.15562216060943,29.90427619555024,30.29840114293993,1068100,5815,32949632
2020-01-23,30.150603049496983,30.82062239382164,29.78603573972097,30.82062239382164,1247300,4533,38660365
2020-01-24,31.18517979822311,31.4413624998326,30.40678575110646,30.93885294427637,978300,3038,30688238
2020-01-27,30.0520742889932,30.396929903443723,29.06675696783169,30.0520742889932,1743500,3647,52878291
2020-01-28,30.002804956054028,30.919151154325423,29.55941067572517,30.919151154325423,2119400,4097,65625987
2020-01-29,31.13592037065848,31.92417026543788,30.761497213219734,31.530045318048177,1290000,5941,40993539
2020-01-30,31.03738170478016,31.874900932498708,29.825449224997392,31.72710283905576,1060800,4625,33161350
2020-01-31,31.234449131162272,31.480775985109016,30.396929903443723,31.007824067166474,1130900,5260,35402444
2020-02-03,30.9782664295528,33.008016347103165,30.67282430037868,32.19019890933556,2072000,8841,67892022
2020-02-04,32.505506791546935,32.90948758659937,31.74681453438124,32.22961239461198,2096800,7291,68856423
2020-02-05,32.44638161094504,32.73213185554274,30.88959351671174,31.126064522995744,2205100,7085,70230917
2020-02-06,31.126064522995744,31.4413624998326,29.618535856327075,30.0520742889932,4008000,6732,124118851
2020-02-07,30.04221844133045,30.04221844133045,28.65293023049105,29.37220900238033,3765500,7856,111455531
2020-02-10,29.06675696783169,29.16528572833548,27.588785938776702,28.48542044172262,1474300,6098,42230978
2020-02-11,28.49527628938536,29.598824161001595,28.03218021910556,29.460881915221385,1581700,5076,46976257
2020-02-12,29.99294910839129,30.04221844133045,28.830285961547688,29.549564733436966,1697300,6450,50821231
2020-02-13,28.771160780945785,30.14074720183424,28.37703583355609,30.14074720183424,1241900,2895,37242089
2020-02-14,30.14074720183424,30.49546856932205,29.273670336502008,30.0520742889932,912400,4302,27749796
2020-02-17,29.9535455284894,30.98812227721553,29.63823764627801,30.93885294427637,467300,2610,14516042
2020-02-18,30.3575164181673,31.08665103771932,29.973247318440347,31.08665103771932,1121500,5164,34913882
2020-02-19,31.11620867533301,31.32313194937786,30.682670242666887,30.84032418377258,723000,3930,22708588
2020-02-20,30.65311260505321,30.82062239382164,30.24913181000077,30.544727996886675,884200,4488,27436241
2020-02-21,30.0520742889932,30.879737669049003,29.53970888577423,30.544727996886675,843900,4036,26054788
2020-02-26,28.85984359916137,28.94851651200242,27.9829108861664,28.72190135338116,1328900,4946,38396120
2020-02-27,28.140564827272087,28.54454562232452,27.21437268671249,28.37703583355609,1043900,5316,29658685
2020-02-28,27.854824488048926,27.854824488048926,25.696988172381083,27.67746875699229,2372900,8962,64415644
2020-03-02,27.2931897518908,27.736584032219657,27.00744941266764,27.352314932492703,2727300,7844,75496898
2020-03-03,27.835112792723443,28.140564827272087,26.85966122459922,27.04686289794406,1967700,7838,54749819
2020-03-04,27.5198148158866,28.771160780945785,27.125689868496902,28.771160780945785,1152200,2973,32681725
2020-03-05,28.37703583355609,28.49527628938536,25.85463220811224,26.061555482157093,2079800,6689,56723975
2020-03-06,25.026968828056425,25.253593892052223,23.588411284277864,24.583584453102105,5887000,11228,145103769
2020-03-09,22.12029610288562,22.42573823205973,20.277757764054623,21.676901822556765,3647700,9364,79751744
2020-03-10,23.35194027799386,24.2288630856143,21.88381519122708,23.125315213998064,2038000,8529,47001752
2020-03-11,22.80016138949848,22.81986317944942,20.327027096993785,21.479844301549186,1408200,6293,30715886
2020-03-12,15.863556372215148,19.98216157716872,15.31177748371976,18.819498430325115,3374500,7046,58296275
2020-03-13,20.307315401668305,21.33204620810623,17.735652348659826,21.18424811466328,7039400,16859,136424386
2020-03-16,17.361229191221078,18.37610414999626,15.41030624422355,15.469431424825451,3420300,11333,57735586
2020-03-17,15.99164277033262,16.19855613900294,14.395431285448364,15.51869085239008,3479200,12806,53518537
2020-03-18,13.863364092278458,14.277200734993633,9.17326830350402,10.562566419717957,3994000,11213,41982537
2020-03-19,10.345797203384898,13.341152746771291,9.6560760691093,13.341152746771291,7784800,7213,82663288
2020-03-20,13.794392969388351,15.755171764048615,13.597335448380774,15.755171764048615,4777400,15209,71944289
2020-03-23,15.21324872321597,15.272363998443335,12.641575764832954,13.794392969388351,1044300,4394,14450442
2020-03-24,14.779710290549854,15.469431424825451,13.528354420116132,14.533383436603112,3456300,10526,50286385
2020-03-25,14.237787249717208,19.607748325104502,13.991460395770469,18.908171343166167,1209000,4949,20546792
2020-03-26,18.228306056553308,19.50921956460072,17.834181109163612,19.11509461721102,2254600,8503,43008850
2020-03-27,17.824325261500874,18.59287336632932,17.105046489611595,17.735652348659826,1378300,5954,25008904
2020-03-30,17.233142793103603,18.326834817057097,16.760190875161065,16.848863788002113,1181300,4037,20409953
2020-03-31,16.986806033782326,17.134604127225277,15.292075693768815,15.538402547715558,1259600,4914,20180766
2020-04-01,15.20339287555323,15.292075693768815,13.015998922271704,13.242614080892968,2267400,7575,31626174
2020-04-02,13.794392969388351,13.991460395770469,12.907614314105174,13.981604548107727,2636100,6966,35768687
2020-04-03,13.92248927288036,14.277200734993633,12.749960372999483,13.745123636449188,2075200,8957,28067740
2020-04-06,14.48411410366395,14.976767811557432,13.942191062831304,14.58264286416774,2204200,8082,32507312
2020-04-07,15.56796018532924,16.139440863775572,14.996479506882912,15.469431424825451,1305600,4720,20338797
2020-04-08,15.469431424825451,15.656633098170293,14.710739167659748,15.61721961289387,1782500,6960,27586146
2020-04-09,15.636931308219348,16.11973907382463,15.21324872321597,15.814287039275984,5056200,5995,80722786
2020-04-13,15.814287039275984,15.922671647442511,15.173835237939548,15.173835237939548,1287900,4942,20032267
2020-04-14,15.804431191613244,16.523709963502526,15.183691085602288,16.237969624279362,5420700,8974,86705299
2020-04-15,15.765017706336822,16.435037050661474,15.469431424825451,15.765017706336822,1485900,5725,24071360
2020-04-16,16.208411986665677,16.208411986665677,14.809267928163536,15.3216333313825,3178600,8753,49132139
2020-04-17,15.735460068723135,15.99164277033262,14.8585372611027,15.173835237939548,3708800,9902,56653902
2020-04-20,14.907796688667329,15.7256042210604,14.58264286416774,15.56796018532924,1191200,4905,18575586
2020-04-22,15.646787155882087,17.24298873539181,15.548248490003765,16.750335027498323,2916000,9414,49183670
2020-04-23,17.14445997488802,18.08050796311036,16.021200407946303,16.021200407946303,2809900,10614,47582023
2020-04-24,15.765017706336822,15.853700524552409,14.395431285448364,15.469431424825451,905700,4248,13981289
2020-04-27,15.902959952117032,17.223286945440865,15.341335121333444,17.223286945440865,1099600,4846,18350578
2020-04-28,17.53858492227771,18.908171343166167,17.134604127225277,18.72095976444679,2159200,9389,39551746
2020-04-29,19.01655595133269,19.174209892438387,18.23816190421605,18.51404639577647,1921700,7539,36345576
2020-04-30,18.36624830233352,18.819498430325115,17.814469413838133,18.25786369416699,3051000,11035,56869343
2020-05-04,17.725796500997088,18.08050796311036,16.79959445506295,17.361229191221078,1661100,8833,29208317
2020-05-05,17.745498290948028,18.29727717944341,17.124758184937075,17.607556045167815,1180300,4780,21051584
2020-05-06,17.755354138610766,17.932709869667402,17.036075366721487,17.24298873539181,872400,3451,15294203
2020-05-07,17.53858492227771,17.66668122576972,16.11973907382463,16.770036817449267,1104800,5390,18960701
2020-05-08,16.82916199805117,17.233142793103603,16.03105625560904,17.134604127225277,1248800,5721,21015881
2020-05-11,17.124758184937075,17.124758184937075,16.090171530836407,16.159142653726516,1679900,8284,27909656
2020-05-12,16.287238957218523,16.405469507673256,15.272363998443335,15.272363998443335,2058100,9552,33300728
2020-05-13,15.636931308219348,15.843844676889669,14.48411410366395,14.94721017394375,2093600,8402,31605878
2020-05-14,14.562941074216797,15.370892758947129,14.208229612103525,15.3216333313825,1612600,8453,24101740
2020-05-15,15.272363998443335,15.833988829226929,14.493969951326688,14.789566138212594,1353400,7422,20622851
2020-05-18,15.173835237939548,17.124758184937075,15.065450629773018,16.91783491089222,3866000,8354,62891057
2020-05-19,16.848863788002113,17.233142793103603,16.35621008010863,16.91783491089222,1836500,6614,31531363
2020-05-20,16.91783491089222,17.52872907461497,16.91783491089222,17.38093098117202,1491300,5272,26194040
2020-05-21,17.38093098117202,18.03123863017119,17.24298873539181,18.03123863017119,1949100,5594,34750491
2020-05-22,17.735652348659826,18.26771954182973,17.44005616177392,17.91300807971646,2123900,8321,38689276
2020-05-25,18.228306056553308,18.8490560679388,18.12977729604952,18.642132793893943,1629600,6077,30663700
2020-05-26,18.908171343166167,19.371267413445967,18.188892571276885,18.21845020889057,1845500,7823,34991404
2020-05-27,18.51404639577647,19.70627708560829,18.00168099255751,19.70627708560829,2199800,8735,42053467
2020-05-28,19.607748325104502,19.617594267392708,18.94758482844259,19.11509461721102,2182800,6431,42445032
2020-05-29,18.967286618393533,19.331853928169544,18.484488758162787,18.898315495503425,3327500,7244,63798719
2020-06-01,18.967286618393533,19.99201742483146,18.967286618393533,19.50921956460072,2465800,8356,48410672
2020-06-02,19.80480584611208,20.18908485121357,19.588036629779022,19.7752482084984,1898600,8331,38268836
2020-06-03,20.198930793501777,21.154690477049595,19.92304630194135,20.543796313326844,3291000,11021,68541689
2020-06-04,20.543796313326844,20.66203676915612,19.80480584611208,20.0018732724942,1670100,8334,34269080
2020-06-05,20.691594406769795,21.88381519122708,20.593055740891472,21.627642394992137,3626500,12521,78662135
2020-06-08,21.972498009442667,22.435594079722467,21.322190360443493,21.57837306205297,2478400,9702,54456426
2020-06-09,21.263075085216126,21.40101733099634,20.031430910107883,20.90836362310285,1752200,6765,37262117
2020-06-10,21.174392267000545,21.479844301549186,19.50921956460072,19.67671944799461,2654000,9653,53927838
2020-06-12,18.73081561210953,19.80480584611208,18.37610414999626,19.34170977583228,2432500,10313,47828597
2020-06-15,19.00670010366996,19.95260393955504,18.25786369416699,19.70627708560829,1760900,8067,34183395
2020-06-16,20.494526980387683,20.86895013782643,19.657017658043667,20.05114260543336,2649300,9527,54291352
2020-06-17,20.218642488827257,20.66203676915612,19.92304630194135,20.43541170516032,1091500,5671,22552550
2020-06-18,20.346728886944728,21.49954609150013,20.070844395384302,20.691594406769795,2623100,12408,56164922
2020-06-19,20.997036535943906,21.676901822556765,20.997036535943906,21.263075085216126,5416500,11739,116982938
2020-06-22,21.4502866639355,21.87396924893888,20.799979014936326,20.81968080488727,1025800,4921,22108209
2020-06-23,20.89850777544012,21.33204620810623,20.701440349058,20.9280654130538,949500,5690,20216736
2020-06-24,20.701440349058,21.322190360443493,19.80480584611208,20.583209798603267,1087400,4062,22587987
2020-06-25,20.395998219883893,20.691594406769795,20.031430910107883,20.691594406769795,846400,4094,17540215
2020-06-26,20.593055740891472,20.64232507383064,19.89348866432767,19.89348866432767,1028300,3791,20930710
2020-06-29,19.913190454278613,20.198930793501777,19.23332516766576,20.031430910107883,1645900,5385,33054700
2020-06-30,19.99201742483146,20.93792126071654,19.745690570884715,20.75070968199716,1260700,4837,26224765
2020-07-01,20.57335395094053,21.075863506496752,20.57335395094053,20.740853834334423,691200,3266,14590344
2020-07-02,20.987180688281164,21.41087317865908,20.73100789204621,20.86895013782643,1184800,5520,25294328
2020-07-03,20.83939250021275,21.06600765883401,20.41570000983484,20.543796313326844,998600,3263,20958961
2020-07-06,20.9280654130538,21.10542114411044,20.277757764054623,20.64232507383064,4549800,9472,95374931
2020-07-07,20.64232507383064,21.006892383606644,20.44526755282305,20.691594406769795,1973600,8267,41468426
2020-07-08,20.87879608011464,22.465151717336152,20.780267319610846,22.11044025522288,3489400,11021,76612379
2020-07-09,22.20897892110121,22.455305775047947,21.49954609150013,21.9133827342153,1601400,6939,35499431
2020-07-10,21.9133827342153,21.923228676503506,21.41087317865908,21.89367103888982,1037600,4670,22831314
2020-07-13,21.972498009442667,22.3173536238932,21.292632722829808,21.35174799805717,1075500,4141,23807368
2020-07-14,21.35174799805717,21.63748833728034,20.997036535943906,21.479844301549186,582100,2949,12655402
2020-07-15,21.775440488435088,22.12029610288562,21.52910372911381,21.82469991599972,878000,4256,19454981
2020-07-16,21.83455576366245,21.98235385710541,21.12513283943592,21.736027003158664,1051500,4772,22983186
2020-07-17,21.82469991599972,22.34692116688142,21.52910372911381,22.34692116688142,1239200,6584,27687667
2020-07-20,22.49471926032437,23.608113074228807,22.47500756499889,23.56870949432692,2793600,12131,65669882
2020-07-21,23.627824769554287,24.12047847744777,23.125315213998064,23.66723825483071,1828100,7955,43819723
2020-07-22,23.53915185671324,23.706651740107134,22.60310386849089,22.839574874774897,1944500,9347,45330222
2020-07-23,22.918401845327743,23.67709410249345,21.755728793109608,22.071026769946457,4004200,12612,93098458
2020-07-24,22.03161328467004,22.84943072243764,20.88865192777737,22.74104611427111,2630900,11318,58744048
2020-07-27,22.87898836005132,23.24355566982733,22.002055647056352,22.543978687889,2621000,12529,59873669
2020-07-28,22.465151717336152,22.51442105027532,21.82469991599972,22.01191149471909,1193800,5979,26731870
2020-07-29,22.002055647056352,22.465151717336152,21.88381519122708,22.149853740499303,977000,4371,21993273
2020-07-30,21.972498009442667,22.455305775047947,21.775440488435088,22.29765183394225,1101900,4718,24739507
2020-07-31,22.33706531921868,22.642507448392784,21.64734418494308,21.8444116113252,1082200,4872,24115774
2020-08-03,22.06117092228372,22.159709588162045,21.144834629386857,21.144834629386857,1387700,6849,30218398
2020-08-04,21.046305868883067,21.36160384571992,20.40584416217209,21.18424811466328,1463900,8719,31301133
2020-08-05,21.3911614833336,21.933084524166244,21.20395980998876,21.58822890971572,1004900,4709,22011537
2020-08-06,21.58822890971572,22.435594079722467,21.3911614833336,22.307507681605,1309100,6347,29177192
2020-08-07,22.28779598627952,22.701632628994687,21.942940371828985,22.396180594446044,1932500,5299,43953736
2020-08-10,22.396180594446044,22.396180594446044,21.59808475737845,22.04146913233277,855900,4316,19048288
2020-08-11,22.100594312934675,22.34692116688142,21.755728793109608,21.972498009442667,731500,3976,16339402
2020-08-12,21.972498009442667,22.169565435824783,21.58822890971572,21.82469991599972,857000,3993,18951819
2020-08-13,21.8542575536134,22.12029610288562,21.292632722829808,21.322190360443493,1351900,5545,29748348
2020-08-14,21.322190360443493,21.90352688655256,21.056161716545805,21.676901822556765,1102800,4623,24142917
2020-08-17,21.64734418494308,21.785286430723293,19.834363483725767,20.809834862599065,1669900,8014,35219255
2020-08-18,21.06600765883401,21.509401939162867,20.760565529659903,21.49954609150013,1173900,3751,25204622
2020-08-19,21.3911614833336,21.58822890971572,20.93792126071654,21.223661599939703,905000,3965,19480890
2020-08-20,20.83939250021275,21.35174799805717,20.50438282805042,21.18424811466328,1836100,5295,38936014
2020-08-21,21.223661599939703,22.071026769946457,21.046305868883067,21.775440488435088,1309100,7047,28822959
2020-08-24,21.89367103888982,22.22868071105215,21.37145969338265,21.90352688655256,1430300,5183,31468624
2020-08-25,22.071026769946457,22.888844207714065,21.755728793109608,22.888844207714065,1628100,7051,37124278
2020-08-26,23.05634409110796,23.20414218455091,21.90352688655256,22.49471926032437,2129900,8948,48770211
2020-08-27,23.10561342404712,23.54899779900144,22.258238348665834,22.701632628994687,2350400,9285,54402835
2020-08-28,22.69177678133195,22.92825769299049,22.42573823205973,22.85928657010038,1545000,5241,35783380
2020-08-31,22.169565435824783,23.361786220282067,22.06117092228372,23.22384397450185,2917000,10996,67304551
2020-09-01,23.834738138224605,25.88418984572592,23.35194027799386,25.480218956048024,5707300,24345,144984146
2020-09-02,25.68713232471834,26.061555482157093,25.17476692149938,25.79551693288488,2065500,8531,53842484
2020-09-03,25.815218722835816,26.061555482157093,25.036824675719167,25.61816120182824,1703200,8286,44159412
2020-09-04,25.64771883944192,25.815218722835816,24.69196906126864,25.14520928388569,1795000,6776,45623253
2020-09-08,25.60830535416549,25.61816120182824,24.81019961172337,25.253593892052223,1248900,5546,32013305
2020-09-09,25.33242086260507,25.578747716551813,24.938295915215377,25.42109377544612,1321000,6715,33890436
2020-09-10,25.53933423127539,26.05169963449435,24.485045787223783,24.760930278784205,1912900,9662,48671191
2020-09-11,24.90873827760169,25.19447861682486,24.12047847744777,24.879170734613474,1240800,6642,31209909
2020-09-14,25.026968828056425,25.460507260722544,24.800353669435165,25.214180406775803,1136200,4899,29018531
2020-09-15,25.19447861682486,25.36197850021876,24.74122848883326,25.115651646272013,961400,5478,24430279
2020-09-16,25.22403625443854,25.23389210210128,24.554016910113887,24.554016910113887,850700,4023,21423277
2020-09-17,24.455488149610098,24.563872757776625,23.54899779900144,23.81503634827366,1677100,7558,40625757
2020-09-18,23.81503634827366,24.0613632022204,22.869132512388585,23.174584546937226,1460500,7646,34554409
2020-09-21,22.76074790422205,22.98737296821785,22.071026769946457,22.268094196328573,1918600,9439,43586028
2020-09-22,22.3764788044951,23.75592107304629,22.0808826176092,23.647536464879764,1607900,7199,37512531
2020-09-23,23.54899779900144,23.5982671319406,22.57353632550268,22.57353632550268,2087300,5669,48859679
2020-09-24,22.57353632550268,23.53915185671324,22.3173536238932,23.381497915607543,1454500,7475,34058691
2020-09-25,23.253411517490072,23.529296009050498,22.78045959954753,23.529296009050498,1659900,5243,38832680
2020-09-28,23.93327680410293,24.37666117905725,23.420911400883966,23.489882523774074,1593300,7687,38568073
2020-09-29,23.53915185671324,24.0613632022204,23.066199938770698,23.647536464879764,2063000,9255,49326682
2020-09-30,23.647536464879764,23.92342095644019,22.938103635278686,23.35194027799386,1374800,6929,32552864
2020-10-01,23.470170828448595,23.74606522538356,23.03663239578248,23.74606522538356,1048600,5039,25025060
2020-10-02,23.53915185671324,23.57855543661512,23.154872851611746,23.57855543661512,795300,3726,18899297
2020-10-05,23.637680617217026,23.854449833550085,23.19428633688817,23.53915185671324,789500,4959,18844002
2020-10-06,23.637680617217026,23.893863318826508,23.361786220282067,23.480026676111333,753200,3734,18022583
2020-10-07,23.617968921891546,23.72635353005808,23.08590172872164,23.31252679271744,911200,5015,21576498
2020-10-08,23.420911400883966,23.716507587769872,23.20414218455091,23.56870949432692,406500,2417,9696466
2020-10-09,23.56870949432692,23.874151623501028,23.26325745977828,23.29281509739196,541000,3282,12921180
2020-10-13,23.46032488616039,24.583584453102105,23.3026709450547,24.485045787223783,1004000,5575,24616936
2020-10-14,24.60328624305305,24.938295915215377,24.159891962724192,24.337247693780828,1191500,4839,29558675
2020-10-15,24.0613632022204,24.632843880666734,23.706651740107134,24.514603424837464,1147000,4866,28360140
2020-10-16,24.563872757776625,24.652555575992213,24.25843062860252,24.652555575992213,716800,3147,17845709
2020-10-19,24.632843880666734,24.632843880666734,24.337247693780828,24.622988033003992,1116900,3716,27844307
2020-10-20,24.632843880666734,24.770786126446943,24.18944960033788,24.38651702671999,1239700,4309,30707793
2020-10-21,24.435786359659154,24.731372641170523,24.090920839834087,24.46534399727284,621200,3235,15423347
2020-10-22,24.563872757776625,24.632843880666734,24.36680533139452,24.455488149610098,792800,2642,19735613
2020-10-23,24.46534399727284,24.879170734613474,23.92342095644019,24.514603424837464,1048300,4690,25977941
2020-10-26,24.573728605439367,24.69196906126864,24.307690056167147,24.49490163488652,625800,3060,15558242
2020-10-27,24.554016910113887,24.800353669435165,24.39637287438273,24.44563230194736,1111200,4224,27665535
2020-10-28,23.74606522538356,23.74606522538356,22.76074790422205,23.29281509739196,1795600,8059,42308532
2020-10-29,23.04648824344521,23.55885364666418,22.179411378112988,23.10561342404712,1457000,7812,34099963
2020-10-30,22.908545997665005,23.09575757638438,21.20395980998876,21.479844301549186,2020100,9610,44783396
2020-11-03,21.33204620810623,22.06117092228372,21.026594173557587,21.6177865473294,3577600,12784,78253406
2020-11-04,21.726171155495926,22.80016138949848,21.33204620810623,22.65236329605553,1820300,7168,41115896
2020-11-05,22.938103635278686,23.40119970555849,22.622805658441845,23.174584546937226,1197100,5782,27994194
2020-11-06,22.81001723716122,23.5982671319406,22.484863412661632,23.391353763270285,615700,3499,14508970
2020-11-09,23.962834441716613,24.731372641170523,23.696795892444392,24.071219049883144,2657700,8867,65631272
2020-11-10,24.14019017277325,25.352122652556016,24.14019017277325,24.95799770516632,2468800,11914,62487307
2020-11-11,24.82991130704885,25.55904592660087,24.554016910113887,25.16492097921117,1813400,8206,46347627
2020-11-12,25.00726703810548,25.17476692149938,23.5982671319406,23.88400747116377,934300,4514,22980266
2020-11-13,23.952978594053874,25.54919007893813,23.952978594053874,25.4408054707716,3187800,8385,81107991
2020-11-16,25.52947838361265,25.696988172381083,24.938295915215377,25.19447861682486,987900,5414,25438619
2020-11-17,25.18462276916212,25.80537278054761,24.879170734613474,25.716689962332023,1311700,4948,33627587
2020-11-18,25.716689962332023,26.179786032611823,25.23389210210128,25.864488055774977,2279100,5240,59176744
2020-11-19,25.746247599945708,26.061555482157093,25.352122652556016,25.9039015410514,781800,3842,20500318
2020-11-20,25.815218722835816,26.08125727210804,25.52947838361265,25.9039015410514,653200,3874,17151148
2020-11-23,26.041843786831613,26.10095906205898,25.3127091672796,25.60830535416549,769100,3591,19983378
2020-11-24,25.499920745998967,25.972872663941505,25.15506513154844,25.65757468710466,509000,2996,13257938
2020-11-25,25.65757468710466,26.603468617615203,25.65757468710466,26.593622675327,1238000,5828,33093945
2020-11-26,26.53449749472509,26.593622675327,26.160084242660883,26.445824581884047,547400,2608,14667413
2020-11-27,26.524651552436893,26.56405513233878,25.864488055774977,26.12067075738446,418000,2437,11140984
2020-11-30,26.12067075738446,26.46552637183499,24.54417096782568,24.632843880666734,1366700,4404,34819677
2020-12-01,24.889026582276216,25.33242086260507,24.632843880666734,25.08609400865833,2100900,7551,53259517
2020-12-02,25.22403625443854,25.696988172381083,25.036824675719167,25.53933423127539,583200,3314,15073645
2020-12-03,25.815218722835816,26.061555482157093,25.45065141305981,25.99257445389245,865200,4656,22654316
2020-12-04,26.160084242660883,26.209343670225508,25.56889186888907,26.01228614921793,518000,2802,13559211
2020-12-07,26.01228614921793,26.1305266050472,25.22403625443854,26.01228614921793,838600,4031,21923295
2020-12-08,26.00243030155519,26.10095906205898,25.677276477055603,26.01228614921793,592200,3924,15582172
2020-12-09,26.061555482157093,26.061555482157093,25.22403625443854,25.283151529665908,683100,3328,17664433
2020-12-10,25.29300737732865,25.401391985495177,24.39637287438273,25.27329568200317,501000,2797,12715219
2020-12-11,24.92844006755264,25.54919007893813,24.70181500355684,25.47036310838528,261200,1677,6685728
2020-12-14,25.56889186888907,26.347295821380257,25.05652646567011,26.179786032611823,720600,4583,18917828
2020-12-15,26.179786032611823,26.357141763668466,25.7758052375594,25.972872663941505,453700,2783,12001071
2020-12-16,26.00243030155519,26.504939857111413,25.79551693288488,26.298026488441096,646700,3666,17220904
2020-12-17,26.28817064077836,27.5198148158866,26.25861300316468,27.5198148158866,842600,3953,22923689
2020-12-18,27.440987845333755,27.90408391561355,26.918776499826585,27.224218629000696,1105900,4652,30669910
2020-12-21,26.839949529273746,27.086276383220483,25.864488055774977,26.455680429546785,630500,3783,16952914
2020-12-22,26.692151435830787,27.18481504909881,26.504939857111413,26.85966122459922,576600,4152,15704422
2020-12-23,27.352314932492703,27.61834357639039,26.504939857111413,27.24393032432617,742900,3854,20410749
2020-12-28,27.470555388321973,27.67746875699229,26.790680196334577,27.470555388321973,654000,3570,18121230
2020-12-29,27.470555388321973,28.101151341995664,27.18481504909881,27.91393976327629,1076100,3521,30202038
2020-12-30,27.943566738511723,29.119820059217915,27.627258413472266,29.119820059217915,872600,3555,25240203
2021-01-04,29.119820059217915,29.119820059217915,27.39002469334904,28.101715948344182,1053500,5181,29895072
2021-01-05,28.072059256985145,28.15113386190138,26.648686652369378,26.787074640003684,1266200,6128,34431983
2021-01-06,26.530069792307764,26.549840919880456,25.19566726176911,25.946890866535107,2011600,7137,52418080
2021-01-07,25.95676652494692,26.49053744253692,25.48231889544953,26.016079907664995,1892500,8259,50142933
2021-01-08,26.075383385008536,26.59926873881219,25.808502878900804,26.19400024507015,884000,5056,23448346
2021-01-11,25.946890866535107,26.67834334372841,25.25497073911265,25.393348821372417,792900,4325,20750490
2021-01-12,25.56139350036576,27.2813033024483,25.30439855804438,26.91556715847711,1731300,6203,46443945
2021-01-13,26.816721425988188,26.87603480870626,25.946890866535107,26.19400024507015,550500,2773,14617447
2021-01-14,26.32250266891811,26.88592037249261,26.253303722413687,26.66845777994207,755300,3821,20313901
2021-01-15,26.29284597755907,26.579497611239493,25.818388442687148,26.29284597755907,1146400,5987,30447634
2021-01-18,26.29284597755907,26.79696020379003,26.065497821222188,26.58938317502584,558300,2786,15006199
2021-01-19,26.787074640003684,26.88592037249261,26.154457989924765,26.391691710048,512700,2294,13690057
2021-01-20,26.441109623605183,26.549840919880456,25.87769192003069,26.154457989924765,312700,1827,8290206
2021-01-21,25.93700530274876,26.23354250021553,25.067164837921148,25.6206969777093,915600,4095,23661462
2021-01-22,25.11658275147834,25.848045134046185,24.82993111779792,25.63058254149565,530800,2540,13598803
2021-01-26,25.6206969777093,25.749199401557263,24.889244500516,25.126468315264685,474300,2305,12139931
2021-01-27,25.04739371034846,25.35381647160157,24.909015628088685,25.20554292018092,836700,4094,21299169
2021-01-28,25.175896134196417,26.24341815862734,24.740980854469875,26.02596547145134,1744800,7000,45074580
2021-01-29,25.87769192003069,26.282960413772727,25.11658275147834,25.185781697982765,872100,5049,22443260
2021-02-01,25.56139350036576,25.966652088733262,25.33404534402888,25.45266220409049,1044300,7395,26981836
2021-02-02,25.58115472256392,26.24341815862734,25.007861360577607,25.54162237279307,1408300,5928,36433217
2021-02-03,25.68000045505284,26.441109623605183,25.4328910765178,25.89746304760338,1369600,6575,35776271
2021-02-04,26.095154512581225,26.846378117347225,25.95676652494692,26.41146283762069,780000,4641,20890805
2021-02-05,26.63880108858304,26.85626368113357,26.23354250021553,26.747532384858303,693800,3276,18680724
2021-02-08,26.737646821071955,26.826606989774533,26.075383385008536,26.391691710048,1394400,5121,37448626
2021-02-09,26.371920582475305,26.846378117347225,25.76896062375542,26.717885598873803,957300,4207,25524299
2021-02-10,26.579497611239493,26.816721425988188,25.571279064152108,26.095154512581225,1176700,6388,31091426
2021-02-11,26.371920582475305,26.371920582475305,25.2450851753263,25.373587599174265,859100,5119,22207243
2021-02-12,25.373587599174265,25.97653765251961,24.82993111779792,25.719542710198223,808300,5527,20835475
2021-02-17,25.946890866535107,25.946890866535107,25.48231889544953,25.52185124522038,300200,1731,7786244
2021-02-18,25.61081141392296,25.91723417517607,25.20554292018092,25.343930907815224,590700,3650,15274853
2021-02-19,25.22531404775361,25.76896062375542,25.22531404775361,25.58115472256392,553600,3335,14272674
2021-02-22,25.215428483967266,25.97653765251961,24.26651341422341,25.699771582625534,1480000,8963,37736411
2021-02-23,25.87769192003069,26.154457989924765,25.235199611539954,25.571279064152108,758800,4501,19657225
2021-02-24,25.531736809006723,25.778846187541767,25.19566726176911,25.264856302898995,586700,3870,15067869
2021-02-25,25.22531404775361,25.32415978024253,23.80194144313784,24.197324373093533,838500,4511,20852220
2021-02-26,24.20720993687988,24.80028433181341,23.13967800707442,23.47575745968657,1022900,5130,24471801
2021-03-01,23.426329640754844,23.96010055834484,22.922225319898416,23.57460319217549,1168300,6545,27735644
2021-03-02,23.43621520454119,23.98974734432934,22.53672795372908,23.48564302347292,1430800,8030,33504385
2021-03-03,23.13967800707442,23.406568418556684,21.44942489635092,22.14134502377338,1470000,6118,32939536
2021-03-04,22.19076293733057,22.724533854920573,21.52849950126715,21.69654418026049,1198600,6497,26726459
2021-03-05,21.874464517665647,23.94032943077215,21.380235855221034,23.841483698283227,2284600,6307,51981226
2021-03-08,23.1792202622198,23.673448924664417,22.60591699485896,22.73441941870692,1680600,5273,39135849
2021-03-09,22.615802558645303,23.228638175777,22.418111093667456,22.64545925000434,1265700,3567,29046281
2021-03-10,23.00129992481465,23.32748390826592,21.80526557116123,22.83326515119584,1284200,4284,29114490
2021-03-11,23.110031221089915,23.77229465715334,22.66522047220249,23.57460319217549,2008400,5495,47628645
2021-03-12,23.614135541946343,24.00951847190204,23.00129992481465,23.39668285477034,748600,4759,17786080
2021-03-15,23.406568418556684,24.18743880930719,23.25829486713604,23.969986122131186,500800,2984,12115727
2021-03-16,24.058946290833763,24.1182497681773,22.764066204691417,23.218762517365185,624200,3227,14639080
2021-03-17,23.198991389792493,23.53506093703011,22.60591699485896,23.376911727197648,714100,4755,16670061
2021-03-18,23.762409093367,24.06883185462011,22.83326515119584,23.02107105238733,1527100,6461,36366791
2021-03-19,23.07048896594453,23.564717628389147,22.70476272734788,23.169334698433456,1593400,6384,37162821
2021-03-22,23.060603402158183,24.404901401857725,23.03094671079915,24.355473582925995,2913300,7306,70293655
2021-03-23,24.18743880930719,25.284627430471687,23.920558303199453,24.22698106445257,2831900,10477,70536741
2021-03-24,24.26651341422341,24.57293617547653,23.57460319217549,23.633906669519035,1550100,7664,37750386
2021-03-25,23.663563360878072,24.58282173926288,22.94198654209657,24.029289599474723,1774000,10312,43070171
2021-03-26,24.06883185462011,24.25663775581161,23.05071783837184,23.426329640754844,1291300,5676,30909689
2021-03-29,23.31759834447957,23.31759834447957,22.101802768628,22.339036488751223,2284900,7851,51872417
2021-03-30,22.29949423360584,24.385130274285032,22.25007632004865,24.385130274285032,1408700,5270,33763829
2021-03-31,24.128135331963648,24.820055459386108,23.94032943077215,24.355473582925995,1238700,4813,30611933
2021-04-01,24.513632698132994,24.71132416311084,23.663563360878072,23.79205587935149,809500,4397,19741785
2021-04-05,23.96010055834484,24.839816681584267,23.73275240200796,24.80028433181341,851700,4047,20912930
2021-04-06,24.61247843062192,25.30439855804438,24.513632698132994,25.235199611539954,734100,4115,18567397
2021-04-07,25.096821529280184,25.36370203538792,24.71132416311084,25.077050401707496,648900,3359,16426461
2021-04-08,25.20554292018092,25.60092585013661,25.027622582775763,25.215428483967266,602300,3459,15420081
2021-04-09,25.007861360577607,25.4328910765178,24.89913006430234,25.4328910765178,389400,1640,9945649
2021-04-12,25.403234385158765,25.46254776787684,25.096821529280184,25.106697187692,424600,2088,10838075
2021-04-13,25.106697187692,25.25497073911265,24.87935893672965,25.126468315264685,313000,1871,7932433
2021-04-14,25.19566726176911,25.314274216456187,24.58282173926288,24.909015628088685,698900,2744,17607070
2021-04-15,24.909015628088685,25.58115472256392,24.75085651288169,24.80028433181341,1122600,4578,28429744
2021-04-16,24.73109529068353,25.36370203538792,24.71132416311084,25.36370203538792,598500,2262,15234618
2021-04-19,25.403234385158765,25.76896062375542,24.75085651288169,25.373587599174265,998400,3444,25665749
2021-04-20,25.373587599174265,25.38347316296061,24.33571236072784,24.533403825705683,666400,3038,16645154
2021-04-22,24.592707303049224,24.740980854469875,24.04906072704742,24.06883185462011,1422400,3906,34918506
2021-04-23,24.217095500666225,24.73109529068353,24.03917516326108,24.14790645953634,1091100,4795,26718850
2021-04-26,24.09847864060461,24.52351826191934,24.09847864060461,24.513632698132994,422300,2585,10425243
2021-04-27,24.513632698132994,24.553165047903843,24.088593076818263,24.464204879201265,435600,2394,10725830
2021-04-28,24.48397600677396,24.652010780392764,23.782180220939686,24.652010780392764,750400,2297,18480241
2021-04-29,24.652010780392764,25.106697187692,24.1182497681773,25.01773701898942,1108700,4032,27743705
2021-04-30,25.01773701898942,25.2450851753263,24.14790645953634,24.820055459386108,889000,3992,22298062
2021-05-03,25.01107070192708,25.18936744356458,24.347410608054165,24.604950345975,1760300,2701,43982082
2021-05-04,24.39693748073125,25.654920046729167,24.1889246154875,25.51624480323333,1769300,4434,44995186
2021-05-05,25.52615017776875,25.952081282791667,24.803057836683333,24.862490083895835,867500,3938,22077533
2021-05-06,24.94173308017917,25.199272818100003,24.50589660062084,25.199272818100003,657600,3020,16536456
2021-05-07,25.2587050653125,26.021418904539583,25.11012444728125,26.021418904539583,712600,3308,18481829
2021-05-10,26.219526395247915,26.318580140602084,25.456812556020832,25.872838286508333,1342100,6846,35019551
2021-05-11,25.704446919406248,26.22943176978333,25.199272818100003,26.22943176978333,840600,3938,21961850
2021-05-12,26.12047264989376,26.12047264989376,25.209178192635417,25.308231937989586,802600,4534,20627938
2021-05-13,25.34785343613125,25.75397379208333,24.96154382925,25.62520392312292,1130900,3798,29027864
2021-05-14,25.81340603929583,26.22943176978333,25.357758810666667,26.22943176978333,722100,3786,18885564
2021-05-17,26.17990489710625,26.86337574005,25.69454154487084,26.29876939153125,1558500,7246,41578549
2021-05-18,26.23933714431875,26.83365961644375,25.793595290225,26.47706613316875,1028200,4665,27438501
2021-05-19,26.269053267925,26.744511245625,26.01151353000417,26.39782313688541,795000,4275,21255897
2021-05-20,26.39782313688541,26.89309186365625,26.259147893389585,26.89309186365625,1105600,4213,29845347
2021-05-21,26.942618736333333,27.55675195752917,26.52659300584584,27.30911759414375,1408900,3816,38438342
2021-05-24,27.30911759414375,27.6359949538125,26.982240234475,27.6359949538125,853600,4472,23655153
2021-05-25,27.64590032834792,27.85391319359167,27.23977997239584,27.507225084852085,711500,3603,19816869
2021-05-26,27.6359949538125,28.269938924079167,27.40817133949792,28.08173680790625,1467200,5089,41339472
2021-05-27,28.091642182441667,29.409056995652083,27.9925884370875,29.21094950494375,1666700,7592,48771679
2021-05-28,29.22085487947917,30.3698783255875,28.87416677073958,30.3698783255875,3548500,7014,106601759
2021-05-31,30.32035145291041,30.33025682744584,29.37934087204584,29.825082726139584,1084300,6094,32474949
2021-06-01,30.63732343804375,31.885400629506247,30.043000965918747,30.80571480514584,4051600,12395,126942597
2021-06-02,31.01372767038958,31.825968382293752,31.01372767038958,31.598144767979164,2374700,9045,75584148
2021-06-04,31.499091022625,31.845779131364583,30.93448467410625,31.5585232698375,1004000,5705,31913405
2021-06-07,31.40994265180625,31.58823939344375,30.825525554216668,31.14249753935,1005300,3787,31679438
2021-06-08,30.9047685505,31.14249753935,30.61751268897292,31.063254543066662,1212600,5899,37856611
2021-06-09,31.073159917602084,31.9151167531125,30.974106172247915,31.360415779129166,997100,4515,31668979
2021-06-10,31.360415779129166,31.90521137857709,30.87505242689376,31.48918564808958,699100,3766,22184329
2021-06-11,31.56842864437292,31.657577015191663,30.310446078375,30.7264718088625,853800,4806,26457189
2021-06-14,30.80571480514584,32.568871472450006,30.80571480514584,32.46981772709584,1333100,6765,43207832
2021-06-15,32.47972310163125,32.55896609791458,31.94483287671875,32.24199411278125,824500,4973,26842097
2021-06-16,32.31133173452916,32.67783059233958,31.627860891585417,31.9151167531125,758400,4127,24592758
2021-06-17,32.28161561092292,32.856127333977085,31.99435974939583,32.73726283955208,1511200,6609,49735660
2021-06-18,32.87593808304791,34.2329743944,32.69764134141042,34.2329743944,1597800,5776,54086838
2021-06-21,34.74805387024166,34.74805387024166,33.282058439000004,33.64855729681042,1410300,5981,48029729
2021-06-22,33.62874654773959,33.8169486639125,33.1037616973625,33.72780029309375,547000,3238,18499978
2021-06-23,33.72780029309375,33.92590778380208,32.96508645386667,33.30186918807083,798300,5055,26863169
2021-06-24,33.440544431566664,33.66836804588125,32.984897202937496,33.2226261917875,917300,4483,30834508
2021-06-25,33.2226261917875,33.26224768992917,31.80615763322292,32.18256186556875,1155100,5855,37897998
2021-06-28,32.212277989175,32.83631658490625,32.12312961835625,32.47972310163125,1163900,5449,38240286
2021-06-29,32.46981772709584,32.65801984326875,31.657577015191663,32.59858759605625,1611300,6111,52408349
2021-06-30,32.63820909419792,32.786789712229165,31.9151167531125,32.588682221520834,1528200,5304,49904276
2021-07-01,31.548617895302083,32.24199411278125,31.4396587754125,31.6773877642625,1124300,5772,36007471
2021-07-02,31.578334018908333,32.360858607206254,31.499091022625,32.24199411278125,880200,4492,28530288
2021-07-05,32.24199411278125,32.529249974308335,31.617955517050003,31.617955517050003,1101800,5870,35662648
2021-07-06,31.3802265282,31.796252258687502,31.251456659239583,31.48918564808958,1125800,5631,35837815
2021-07-07,31.617955517050003,31.895306004041668,31.063254543066662,31.34060503005833,1353100,5423,42854991
2021-07-08,30.87505242689376,31.48918564808958,30.51845894361875,30.884957801429167,1646900,6060,51323674
2021-07-12,30.884957801429167,31.845779131364583,30.87505242689376,31.825968382293752,993700,4164,31642722
2021-07-13,31.697198513333333,31.9151167531125,31.27126740831042,31.707103887868747,734700,3948,23453455
2021-07-14,31.75663076054584,32.05379199660833,31.578334018908333,31.68729313879792,880400,4491,28200080
2021-07-15,31.598144767979164,32.04388662207292,31.45946952448333,31.5585232698375,728800,3870,23308254
2021-07-16,31.6773877642625,32.04388662207292,31.499091022625,31.697198513333333,731700,4189,23469221
2021-07-19,31.300983531916668,31.499091022625,30.81562017968125,31.34060503005833,772000,3472,24272956
2021-07-20,31.33069965552292,31.608050142514585,30.914673925035416,30.9642007977125,691100,2998,21747011
2021-07-21,30.9047685505,31.71700926240417,30.884957801429167,31.538712520766666,876300,4547,27767583
2021-07-22,31.538712520766666,32.3905747308125,31.51890177169584,31.81606300775833,981600,4148,31761591
2021-07-23,31.954738251254163,31.954738251254163,31.23164591016875,31.48918564808958,496100,2813,15757595
2021-07-26,31.479280273554167,31.479280273554167,30.92457929957084,30.954295423177083,447900,2758,14076009
2021-07-27,30.80571480514584,30.974106172247915,29.79536660253333,30.20148695848541,742400,4477,22655911
2021-07-28,30.310446078375,31.073159917602084,30.26091920569792,30.9047685505,805700,3295,24975808
2021-07-29,30.954295423177083,31.14249753935,30.597701939902084,30.9047685505,553900,2640,17292765
2021-07-30,30.51845894361875,32.40048010534792,30.439215947335416,30.9047685505,1996900,8361,63494376
2021-08-02,31.39013190273542,31.637766266120835,30.478837445477083,30.974106172247915,1268700,8553,39580206
2021-08-03,31.01372767038958,31.300983531916668,29.72602898078542,31.241551284704165,2457100,11070,76284287
2021-08-04,31.21183516109792,31.637766266120835,30.4293105728,30.75618793246875,907300,4529,28336808
2021-08-05,30.706661059791667,30.79580943061041,29.844893475210416,30.10243321313125,966400,5405,29520893
2021-08-06,30.122243962202084,30.558080441760417,29.72602898078542,30.4887428200125,792400,5357,24178073
2021-08-09,30.45902669640625,30.63732343804375,29.91423109695833,30.627418063508337,1314300,6057,40209057
2021-08-10,30.785904056075,30.8453363032875,29.9538525951,30.112338587666667,1025200,3520,31365876
2021-08-11,30.0132848423125,30.56798581629583,29.646785984502085,30.211392333020832,1902000,9153,57818945
2021-08-12,30.19158158395,30.44912132187083,29.636880609966667,29.815177351604166,489800,2145,14787439
2021-08-13,30.003379467777084,30.161865460343748,29.518016115541663,29.577448362754165,1254900,5597,37669431
2021-08-16,29.577448362754165,31.4396587754125,29.339719373904167,30.072717089525,3527900,15358,107586368
2021-08-17,30.0132848423125,30.0132848423125,28.279844298614584,29.52792149007708,2325200,11867,68206801
2021-08-18,29.52792149007708,30.419405198264585,28.90388289434584,29.72602898078542,1723000,6578,51282126
2021-08-19,29.25057100308542,31.102876041208333,28.923693643416662,30.884957801429167,1751000,7663,53986669
2021-08-20,31.063254543066662,31.56842864437292,30.60760731443749,31.44956414994792,1113100,5413,35288452
2021-08-23,31.598144767979164,31.87549525497084,31.152402913885417,31.40003727727084,1987600,5540,63109992
2021-08-24,31.6773877642625,32.1528457419625,31.3802265282,31.78634688415209,1724500,6142,55211183
2021-08-25,31.776441509616664,32.72735746501667,31.627860891585417,32.60849297059167,1145400,5359,37312672
2021-08-26,32.60849297059167,32.72735746501667,31.548617895302083,31.76653613508125,847800,4463,27298671
2021-08-27,31.736820011475,32.61839834512708,31.528807146231248,32.59858759605625,1133700,6554,36974354
2021-08-30,32.61839834512708,33.33158531167708,32.59858759605625,32.885843457583334,1996400,12155,66557802
2021-08-31,32.925464955725005,33.212720817252084,32.47972310163125,32.885843457583334,1366500,7064,45247436
2021-09-01,33.212720817252084,33.212720817252084,32.57877684698542,32.8066004613,811700,4511,26963539
2021-09-02,32.8066004613,32.8066004613,32.08350812021458,32.08350812021458,600700,4063,19633751
2021-09-03,32.232088738245835,32.3311424836,31.538712520766666,31.964643625789588,890900,4347,28699953
2021-09-06,31.895306004041668,32.162751116497915,31.508996397160416,31.92502212764792,544100,2596,17517631
2021-09-08,31.68729313879792,31.707103887868747,29.577448362754165,29.834988100675,2094000,8547,64147477
2021-09-09,29.72602898078542,30.60760731443749,29.4189623701875,30.2510138311625,956300,5998,28865206
2021-09-10,30.69675568525625,31.370321153664584,30.300540703839584,30.9047685505,1603100,7059,50031116
2021-09-13,31.29107815738125,32.162751116497915,30.87505242689376,31.74672538601041,1109800,5958,35489189
2021-09-14,31.75663076054584,32.53915534884375,31.548617895302083,31.657577015191663,571800,3201,18455002
2021-09-15,31.657577015191663,31.78634688415209,30.57789119083125,31.251456659239583,994400,5258,31323788
2021-09-16,31.063254543066662,31.499091022625,30.75618793246875,31.073159917602084,1323100,6820,41459103
2021-09-17,30.944390048641665,30.944390048641665,29.597259111825,30.280729954768752,1456500,6522,44476510
2021-09-20,29.4189623701875,29.577448362754165,28.69587002910208,29.50811074100625,812900,5327,23967666
2021-09-21,29.71612360625,30.63732343804375,29.488299991935417,30.4293105728,916200,5163,27927082
2021-09-22,30.79580943061041,31.845779131364583,30.4293105728,31.2019297865625,1369400,8613,43242895
2021-09-23,30.706661059791667,32.05379199660833,30.706661059791667,31.479280273554167,1197400,6187,38118914
2021-09-24,31.122686790279168,31.81606300775833,31.102876041208333,31.44956414994792,879100,4474,27934662
2021-09-27,31.48918564808958,31.697198513333333,30.974106172247915,31.419848026341665,686400,3923,21726011
2021-09-28,31.251456659239583,31.300983531916668,30.112338587666667,30.112338587666667,956000,6060,29492388
2021-09-29,30.29063532930417,30.558080441760417,29.71612360625,29.71612360625,1039400,5278,31575535
2021-09-30,29.934041846029167,30.9047685505,28.993031265164586,29.24066562855,941700,4992,28028248
2021-10-01,29.042558137841667,29.73593435532084,28.735491527243752,29.62697523543125,1027100,5148,30479500
2021-10-04,29.0623688869125,29.38924624658125,27.58646808113542,27.982683062552084,1176600,5021,33379048
2021-10-05,28.022304560693748,28.24022280047292,27.58646808113542,27.83410244452084,653500,3633,18424670
2021-10-06,27.53694120845833,27.7548594482375,26.328485515137498,27.7548594482375,2490200,12662,67878476
2021-10-07,28.12135830604792,28.517573287464582,27.824197069985416,28.31946579675625,1261800,8029,35917406
2021-10-08,28.567100160141667,29.339719373904167,28.46804641478749,29.13170650866041,1400600,4159,41024560
2021-10-11,29.022747388770835,29.32981399936875,28.53738403653541,28.636437781889583,791300,6068,23125598
2021-10-13,28.923693643416662,29.92413647149375,28.7057754036375,29.54773223914792,675900,4419,20148122
2021-10-14,29.56754298821875,29.864704224281247,28.95340976702292,29.3000978757625,533700,3608,15771071
2021-10-15,29.31000325029792,29.91423109695833,29.230760254014584,29.71612360625,489400,3307,14664744
2021-10-18,29.636880609966667,30.57789119083125,29.488299991935417,29.8944203478875,764500,4702,23247355
2021-10-19,29.636880609966667,29.864704224281247,28.60672165828333,28.804829148991665,1116800,6572,32960711
2021-10-20,28.943504392487498,29.15151725773125,27.883629317197915,28.012399186158333,1066600,6759,30398835
2021-10-21,27.546846582993748,27.824197069985416,26.17990489710625,26.744511245625,1120400,6752,30316381
2021-10-22,26.35820163874375,27.021861732616667,24.89220620750208,26.57611987852292,2336000,13834,61242315
2021-10-25,26.89309186365625,28.042115309764583,26.77422736923125,27.66571107741875,1008200,5683,28032626
2021-10-26,27.418076714033333,27.418076714033333,26.23933714431875,26.823754241908333,1077600,4960,28930343
2021-10-27,27.08129397982917,27.457698212175,26.635552125735416,26.89309186365625,1115300,5656,30390039
2021-10-28,26.6256467512,26.972334859939583,25.952081282791667,26.1501887735,604100,3607,16052886
2021-10-29,26.259147893389585,26.546403754916668,25.69454154487084,25.69454154487084,1297100,6235,34082994
2021-11-01,25.773784541154168,26.615741376664584,25.773784541154168,26.130378024429167,1313700,5598,34690646
2021-11-03,26.130378024429167,27.52703583392292,26.11056727535833,27.219969223325,1013100,6632,27625166
2021-11-04,27.23977997239584,28.022304560693748,26.58602525305833,26.942618736333333,728800,4850,19984570
2021-11-05,27.140726227041664,27.844007819056248,27.08129397982917,27.29921221960833,791300,4615,21901188
2021-11-08,27.319022968679164,27.319022968679164,26.58602525305833,26.99214560901041,422400,3121,11503514
2021-11-09,26.86337574005,28.3491819203625,26.77422736923125,27.3982659649625,781000,4779,21948032
2021-11-10,27.29921221960833,29.34962474843958,27.29921221960833,28.87416677073958,970400,6151,28179595
2021-11-11,29.4189623701875,30.0132848423125,28.814734523527083,28.983125890629168,1386300,8870,40943024
2021-11-12,28.923693643416662,29.9538525951,28.72558615270833,28.804829148991665,964700,5200,28484005
2021-11-16,29.07227426144792,29.07227426144792,27.437887463104165,27.437887463104165,810400,5304,22778746
2021-11-17,27.616184204741664,27.8737239426625,26.219526395247915,26.60583600212917,889600,5902,24014149
2021-11-18,26.6850789984125,27.13082085250625,26.10066190082292,26.6850789984125,1163500,8158,31194359
2021-11-19,26.823754241908333,27.517130459387506,26.328485515137498,26.47706613316875,801800,5167,21734798
2021-11-22,26.60583600212917,26.962429485404165,25.71435229394167,26.308674766066662,888100,5634,23579662
2021-11-23,26.29876939153125,26.308674766066662,25.07050294913958,25.7341630430125,939500,5828,24257057
2021-11-24,25.555866301375,26.04122965361041,25.16955669449375,25.545960926839584,507500,3377,13108642
2021-11-25,25.545960926839584,26.199715646177083,25.476623305091664,25.724257668477083,385600,2585,10050835
2021-11-26,25.11012444728125,25.476623305091664,24.664382593187497,25.43700180695,585400,3923,14877050
2021-11-29,25.82331141383125,25.82331141383125,25.05069220006875,25.11012444728125,477300,3393,12195829
2021-11-30,25.10021907274584,25.129935196352083,23.53516989615,24.278072986306253,1606700,8467,39217062
2021-12-01,24.46627510247917,25.001165327391664,24.04034399745625,24.0700601210625,843300,6112,20775908
2021-12-02,24.3077891099125,24.406842855266667,23.228103285552084,23.57479139429167,1427300,9228,34183715
2021-12-03,23.57479139429167,24.585139596904167,23.55498064522084,24.3077891099125,1286600,7962,31298413
2021-12-06,24.367221357125,25.26861043984792,24.367221357125,25.07050294913958,1200200,6707,30241896
2021-12-07,25.26861043984792,25.64501467219375,24.733720214935417,24.763436338541663,550100,3340,13927459
2021-12-08,24.773341713077084,25.952081282791667,24.61485572051042,25.952081282791667,822800,4136,21224897
2021-12-09,25.69454154487084,25.81340603929583,25.1398405708875,25.28842118891875,778000,4084,19963768
2021-12-10,25.407285683343748,26.64545750027084,25.248799690777084,25.6152985485875,1520600,7490,39953868
2021-12-13,25.60539317405209,25.8530275374375,25.2587050653125,25.52615017776875,776500,3887,20020227
2021-12-14,25.417191057879165,25.942175908256253,24.278072986306253,24.39693748073125,633600,4414,15787391
2021-12-15,24.357315982589583,24.81296321121875,23.39649465265417,24.81296321121875,1877300,7845,45696510
2021-12-16,24.92192233110833,25.278515814383333,23.9511956266375,24.525707349691668,1678500,7204,41203243
2021-12-17,24.367221357125,25.407285683343748,23.97100637570833,25.16955669449375,1206000,4552,30341640
2021-12-20,24.763436338541663,25.1398405708875,24.604950345975,24.67428796772292,959700,6113,24053167
2021-12-21,24.654477218652083,24.852584709360418,23.92147950303125,24.61485572051042,1333600,4370,32972605
2021-12-22,24.7238148404,24.87239545843125,23.92147950303125,24.406842855266667,962700,4055,23768112
2021-12-23,24.3077891099125,24.62476109504584,23.97100637570833,24.05024937199167,380300,2196,9283983
2021-12-27,24.08987087013333,24.763436338541663,24.08987087013333,24.48608585155,550800,3444,13675391
2021-12-28,24.48,25.05,24.48,24.75,521700,3837,12926366
2021-12-29,24.98,24.99,24.32,24.55,377800,2726,9292951
2021-12-30,24.55,25.78,24.52,25.44,1162600,5873,29471643
